time	position	state	ATP_bound
1.000000000000000000e+00 0.000000000000000000e+00 2.000000000000000000e+00 0.000000000000000000e+00
2.000000000000000000e+00 1.486072865409076016e+00 1.000000000000000000e+00 0.000000000000000000e+00
3.000000000000000000e+00 9.295998570742128875e-01 1.000000000000000000e+00 0.000000000000000000e+00
4.000000000000000000e+00 0.000000000000000000e+00 2.000000000000000000e+00 0.000000000000000000e+00
5.000000000000000000e+00 1.199118221516628946e+00 0.000000000000000000e+00 0.000000000000000000e+00
6.000000000000000000e+00 9.148075905250430129e-01 0.000000000000000000e+00 0.000000000000000000e+00
7.000000000000000000e+00 0.000000000000000000e+00 2.000000000000000000e+00 0.000000000000000000e+00
8.000000000000000000e+00 8.175440417143891025e-01 0.000000000000000000e+00 0.000000000000000000e+00
9.000000000000000000e+00 2.774230871112894459e+00 0.000000000000000000e+00 0.000000000000000000e+00
1.000000000000000000e+01 2.635322191902127908e+00 1.000000000000000000e+00 0.000000000000000000e+00
1.100000000000000000e+01 3.693494350666755910e+00 1.000000000000000000e+00 0.000000000000000000e+00
1.200000000000000000e+01 3.226522417260997866e+00 1.000000000000000000e+00 0.000000000000000000e+00
1.300000000000000000e+01 3.584410175776315821e+00 0.000000000000000000e+00 0.000000000000000000e+00
1.400000000000000000e+01 2.967750560169272411e+00 1.000000000000000000e+00 0.000000000000000000e+00
1.500000000000000000e+01 4.060940871240204864e+00 0.000000000000000000e+00 0.000000000000000000e+00
1.600000000000000000e+01 5.605442409663749181e+00 0.000000000000000000e+00 0.000000000000000000e+00
1.700000000000000000e+01 4.259471170575061194e+00 2.000000000000000000e+00 0.000000000000000000e+00
1.800000000000000000e+01 4.996300563945453632e+00 1.000000000000000000e+00 0.000000000000000000e+00
1.900000000000000000e+01 6.174855924221740011e+00 0.000000000000000000e+00 0.000000000000000000e+00
2.000000000000000000e+01 4.540499171882853346e+00 1.000000000000000000e+00 0.000000000000000000e+00
2.100000000000000000e+01 8.013345613085675723e+00 0.000000000000000000e+00 0.000000000000000000e+00
2.200000000000000000e+01 7.827069563451411582e+00 0.000000000000000000e+00 0.000000000000000000e+00
2.300000000000000000e+01 8.658137076384441855e+00 0.000000000000000000e+00 0.000000000000000000e+00
2.400000000000000000e+01 7.480753768569226914e+00 2.000000000000000000e+00 0.000000000000000000e+00
2.500000000000000000e+01 6.362088877663405029e+00 2.000000000000000000e+00 0.000000000000000000e+00
2.600000000000000000e+01 9.081244327776326841e+00 0.000000000000000000e+00 0.000000000000000000e+00
2.700000000000000000e+01 7.403388277951949092e+00 1.000000000000000000e+00 0.000000000000000000e+00
2.800000000000000000e+01 6.594748241000027100e+00 1.000000000000000000e+00 0.000000000000000000e+00
2.900000000000000000e+01 6.747998864790222484e+00 2.000000000000000000e+00 0.000000000000000000e+00
3.000000000000000000e+01 8.662479194498127200e+00 0.000000000000000000e+00 0.000000000000000000e+00
3.100000000000000000e+01 8.692696510244136476e+00 1.000000000000000000e+00 0.000000000000000000e+00
3.200000000000000000e+01 8.976530578974452723e+00 0.000000000000000000e+00 0.000000000000000000e+00
3.300000000000000000e+01 8.715306074055414243e+00 1.000000000000000000e+00 0.000000000000000000e+00
3.400000000000000000e+01 7.780415528713347406e+00 1.000000000000000000e+00 0.000000000000000000e+00
3.500000000000000000e+01 9.341674557606021168e+00 0.000000000000000000e+00 0.000000000000000000e+00
3.600000000000000000e+01 9.516143648731778981e+00 0.000000000000000000e+00 0.000000000000000000e+00
3.700000000000000000e+01 1.018348818183313220e+01 2.000000000000000000e+00 0.000000000000000000e+00
3.800000000000000000e+01 1.098852167483048348e+01 0.000000000000000000e+00 0.000000000000000000e+00
3.900000000000000000e+01 1.078055490545196093e+01 2.000000000000000000e+00 0.000000000000000000e+00
4.000000000000000000e+01 8.454638450476087641e+00 1.000000000000000000e+00 0.000000000000000000e+00
4.100000000000000000e+01 1.098132065860536954e+01 1.000000000000000000e+00 0.000000000000000000e+00
4.200000000000000000e+01 8.168679595132701365e+00 1.000000000000000000e+00 0.000000000000000000e+00
4.300000000000000000e+01 9.504534956092985709e+00 1.000000000000000000e+00 0.000000000000000000e+00
4.400000000000000000e+01 8.274133910910940415e+00 2.000000000000000000e+00 0.000000000000000000e+00
4.500000000000000000e+01 9.622358912495387884e+00 0.000000000000000000e+00 0.000000000000000000e+00
4.600000000000000000e+01 1.061793170064807512e+01 0.000000000000000000e+00 0.000000000000000000e+00
4.700000000000000000e+01 1.178298941194739591e+01 1.000000000000000000e+00 0.000000000000000000e+00
4.800000000000000000e+01 1.053011581805749763e+01 1.000000000000000000e+00 0.000000000000000000e+00
4.900000000000000000e+01 1.053257455653205810e+01 2.000000000000000000e+00 0.000000000000000000e+00
5.000000000000000000e+01 1.117435328001507422e+01 0.000000000000000000e+00 0.000000000000000000e+00
5.100000000000000000e+01 1.222009500571396146e+01 0.000000000000000000e+00 0.000000000000000000e+00
5.200000000000000000e+01 1.249007291986249157e+01 1.000000000000000000e+00 0.000000000000000000e+00
5.300000000000000000e+01 1.174815313395158789e+01 1.000000000000000000e+00 0.000000000000000000e+00
5.400000000000000000e+01 1.371857709371062306e+01 0.000000000000000000e+00 0.000000000000000000e+00
5.500000000000000000e+01 1.246920296926614213e+01 1.000000000000000000e+00 0.000000000000000000e+00
5.600000000000000000e+01 1.213136397882580653e+01 0.000000000000000000e+00 0.000000000000000000e+00
5.700000000000000000e+01 1.636472825877290305e+01 0.000000000000000000e+00 0.000000000000000000e+00
5.800000000000000000e+01 1.465067834653148715e+01 2.000000000000000000e+00 0.000000000000000000e+00
5.900000000000000000e+01 1.336218791729829292e+01 2.000000000000000000e+00 0.000000000000000000e+00
6.000000000000000000e+01 1.451229962771102144e+01 0.000000000000000000e+00 0.000000000000000000e+00
6.100000000000000000e+01 1.203076644218407942e+01 0.000000000000000000e+00 0.000000000000000000e+00
6.200000000000000000e+01 1.377955525505361223e+01 2.000000000000000000e+00 0.000000000000000000e+00
6.300000000000000000e+01 1.478319660128861557e+01 0.000000000000000000e+00 0.000000000000000000e+00
6.400000000000000000e+01 1.612862172962071838e+01 1.000000000000000000e+00 0.000000000000000000e+00
6.500000000000000000e+01 1.548215290114129594e+01 1.000000000000000000e+00 0.000000000000000000e+00
6.600000000000000000e+01 1.407028052396096207e+01 1.000000000000000000e+00 0.000000000000000000e+00
6.700000000000000000e+01 1.396106170366404520e+01 1.000000000000000000e+00 0.000000000000000000e+00
6.800000000000000000e+01 1.687321889181587053e+01 0.000000000000000000e+00 0.000000000000000000e+00
6.900000000000000000e+01 1.502534060442239827e+01 2.000000000000000000e+00 0.000000000000000000e+00
7.000000000000000000e+01 1.373876765230837194e+01 2.000000000000000000e+00 0.000000000000000000e+00
7.100000000000000000e+01 1.639471827049212393e+01 0.000000000000000000e+00 0.000000000000000000e+00
7.200000000000000000e+01 1.505269407246504620e+01 1.000000000000000000e+00 0.000000000000000000e+00
7.300000000000000000e+01 1.440664359778047476e+01 1.000000000000000000e+00 0.000000000000000000e+00
7.400000000000000000e+01 1.380216734441547644e+01 2.000000000000000000e+00 0.000000000000000000e+00
7.500000000000000000e+01 1.429409982370566823e+01 0.000000000000000000e+00 0.000000000000000000e+00
7.600000000000000000e+01 1.414345903529730109e+01 2.000000000000000000e+00 0.000000000000000000e+00
7.700000000000000000e+01 1.535120297399373968e+01 0.000000000000000000e+00 0.000000000000000000e+00
7.800000000000000000e+01 1.574165001970482436e+01 0.000000000000000000e+00 0.000000000000000000e+00
7.900000000000000000e+01 1.775480016460755905e+01 0.000000000000000000e+00 0.000000000000000000e+00
8.000000000000000000e+01 1.666000094563004197e+01 1.000000000000000000e+00 0.000000000000000000e+00
8.100000000000000000e+01 1.711045313002865953e+01 1.000000000000000000e+00 0.000000000000000000e+00
8.200000000000000000e+01 1.801072658861086140e+01 0.000000000000000000e+00 0.000000000000000000e+00
8.300000000000000000e+01 1.749221580368724105e+01 1.000000000000000000e+00 0.000000000000000000e+00
8.400000000000000000e+01 1.804231175530480513e+01 0.000000000000000000e+00 0.000000000000000000e+00
8.500000000000000000e+01 1.902030843946459271e+01 1.000000000000000000e+00 0.000000000000000000e+00
8.600000000000000000e+01 1.780951886512730198e+01 1.000000000000000000e+00 0.000000000000000000e+00
8.700000000000000000e+01 2.002131695684339974e+01 1.000000000000000000e+00 0.000000000000000000e+00
8.800000000000000000e+01 2.012550934756703214e+01 0.000000000000000000e+00 0.000000000000000000e+00
8.900000000000000000e+01 2.138113004962784913e+01 1.000000000000000000e+00 0.000000000000000000e+00
9.000000000000000000e+01 2.094852126287491956e+01 0.000000000000000000e+00 0.000000000000000000e+00
9.100000000000000000e+01 1.980668688306639780e+01 2.000000000000000000e+00 0.000000000000000000e+00
9.200000000000000000e+01 2.038264309788528550e+01 0.000000000000000000e+00 0.000000000000000000e+00
9.300000000000000000e+01 2.214848018240770600e+01 0.000000000000000000e+00 0.000000000000000000e+00
9.400000000000000000e+01 2.278963366631539245e+01 0.000000000000000000e+00 0.000000000000000000e+00
9.500000000000000000e+01 2.235855860958512764e+01 2.000000000000000000e+00 0.000000000000000000e+00
9.600000000000000000e+01 2.303863756336954438e+01 0.000000000000000000e+00 0.000000000000000000e+00
9.700000000000000000e+01 2.364388978207676217e+01 1.000000000000000000e+00 0.000000000000000000e+00
9.800000000000000000e+01 2.290638182085112362e+01 1.000000000000000000e+00 0.000000000000000000e+00
9.900000000000000000e+01 2.340602740554262695e+01 0.000000000000000000e+00 0.000000000000000000e+00
1.000000000000000000e+02 2.389778913952827466e+01 1.000000000000000000e+00 0.000000000000000000e+00
1.010000000000000000e+02 2.409162402144869120e+01 1.000000000000000000e+00 0.000000000000000000e+00
1.020000000000000000e+02 2.363427226148826321e+01 1.000000000000000000e+00 0.000000000000000000e+00
1.030000000000000000e+02 2.499865779102264085e+01 0.000000000000000000e+00 0.000000000000000000e+00
1.040000000000000000e+02 2.750368336645233569e+01 0.000000000000000000e+00 0.000000000000000000e+00
1.050000000000000000e+02 2.605113728300434772e+01 0.000000000000000000e+00 0.000000000000000000e+00
1.060000000000000000e+02 2.499019132618282768e+01 2.000000000000000000e+00 0.000000000000000000e+00
1.070000000000000000e+02 2.420004753203614811e+01 1.000000000000000000e+00 0.000000000000000000e+00
1.080000000000000000e+02 2.552806337569676032e+01 1.000000000000000000e+00 0.000000000000000000e+00
1.090000000000000000e+02 2.750973157870481245e+01 0.000000000000000000e+00 0.000000000000000000e+00
1.100000000000000000e+02 2.519911065003500639e+01 2.000000000000000000e+00 0.000000000000000000e+00
1.110000000000000000e+02 2.740911976515305071e+01 0.000000000000000000e+00 0.000000000000000000e+00
1.120000000000000000e+02 2.790526995400840704e+01 1.000000000000000000e+00 0.000000000000000000e+00
1.130000000000000000e+02 2.629317574610121966e+01 1.000000000000000000e+00 0.000000000000000000e+00
1.140000000000000000e+02 2.673729721982840957e+01 2.000000000000000000e+00 0.000000000000000000e+00
1.150000000000000000e+02 2.663647620397944138e+01 1.000000000000000000e+00 0.000000000000000000e+00
1.160000000000000000e+02 2.635079687460363473e+01 0.000000000000000000e+00 0.000000000000000000e+00
1.170000000000000000e+02 2.542685852848369521e+01 2.000000000000000000e+00 0.000000000000000000e+00
1.180000000000000000e+02 2.475749908601103044e+01 1.000000000000000000e+00 0.000000000000000000e+00
1.190000000000000000e+02 2.741819911334883741e+01 0.000000000000000000e+00 0.000000000000000000e+00
1.200000000000000000e+02 2.710057092459582151e+01 0.000000000000000000e+00 0.000000000000000000e+00
1.210000000000000000e+02 2.784193323141743193e+01 0.000000000000000000e+00 0.000000000000000000e+00
1.220000000000000000e+02 2.987145596740208475e+01 1.000000000000000000e+00 0.000000000000000000e+00
1.230000000000000000e+02 2.862739430586691114e+01 0.000000000000000000e+00 0.000000000000000000e+00
1.240000000000000000e+02 3.071630029675131368e+01 1.000000000000000000e+00 0.000000000000000000e+00
1.250000000000000000e+02 2.996292832730063793e+01 1.000000000000000000e+00 0.000000000000000000e+00
1.260000000000000000e+02 3.162691211237224920e+01 0.000000000000000000e+00 0.000000000000000000e+00
1.270000000000000000e+02 3.126167472138594050e+01 1.000000000000000000e+00 0.000000000000000000e+00
1.280000000000000000e+02 3.242880486849497856e+01 0.000000000000000000e+00 0.000000000000000000e+00
1.290000000000000000e+02 3.219289047655320246e+01 2.000000000000000000e+00 0.000000000000000000e+00
1.300000000000000000e+02 3.241142136882172053e+01 0.000000000000000000e+00 0.000000000000000000e+00
1.310000000000000000e+02 3.085482586803452065e+01 2.000000000000000000e+00 0.000000000000000000e+00
1.320000000000000000e+02 3.255397490619204603e+01 1.000000000000000000e+00 0.000000000000000000e+00
1.330000000000000000e+02 3.135812474139682848e+01 1.000000000000000000e+00 0.000000000000000000e+00
1.340000000000000000e+02 3.103981635964718322e+01 1.000000000000000000e+00 0.000000000000000000e+00
1.350000000000000000e+02 3.206180636091189484e+01 0.000000000000000000e+00 0.000000000000000000e+00
1.360000000000000000e+02 3.206252532456814919e+01 1.000000000000000000e+00 0.000000000000000000e+00
1.370000000000000000e+02 3.241191735437297439e+01 1.000000000000000000e+00 0.000000000000000000e+00
1.380000000000000000e+02 3.180327855462133257e+01 0.000000000000000000e+00 0.000000000000000000e+00
1.390000000000000000e+02 3.260550460504543935e+01 1.000000000000000000e+00 0.000000000000000000e+00
1.400000000000000000e+02 3.477659679719022279e+01 0.000000000000000000e+00 0.000000000000000000e+00
1.410000000000000000e+02 3.136537643811839615e+01 2.000000000000000000e+00 0.000000000000000000e+00
1.420000000000000000e+02 3.479455978355876766e+01 0.000000000000000000e+00 0.000000000000000000e+00
1.430000000000000000e+02 3.361051800293263625e+01 0.000000000000000000e+00 0.000000000000000000e+00
1.440000000000000000e+02 3.376164362230534977e+01 1.000000000000000000e+00 0.000000000000000000e+00
1.450000000000000000e+02 3.702108213162554051e+01 0.000000000000000000e+00 0.000000000000000000e+00
1.460000000000000000e+02 3.793412279330964765e+01 0.000000000000000000e+00 0.000000000000000000e+00
1.470000000000000000e+02 3.877990206973804987e+01 0.000000000000000000e+00 0.000000000000000000e+00
1.480000000000000000e+02 3.695816821357819748e+01 2.000000000000000000e+00 0.000000000000000000e+00
1.490000000000000000e+02 3.893545663477477348e+01 0.000000000000000000e+00 0.000000000000000000e+00
1.500000000000000000e+02 3.734308622585005111e+01 1.000000000000000000e+00 0.000000000000000000e+00
1.510000000000000000e+02 3.795244722741401944e+01 1.000000000000000000e+00 0.000000000000000000e+00
1.520000000000000000e+02 3.793697300885126822e+01 0.000000000000000000e+00 0.000000000000000000e+00
1.530000000000000000e+02 3.756324313124096648e+01 2.000000000000000000e+00 0.000000000000000000e+00
1.540000000000000000e+02 3.682738765033931827e+01 2.000000000000000000e+00 0.000000000000000000e+00
1.550000000000000000e+02 3.757809365163636528e+01 0.000000000000000000e+00 0.000000000000000000e+00
1.560000000000000000e+02 3.836337860060373117e+01 1.000000000000000000e+00 0.000000000000000000e+00
1.570000000000000000e+02 3.698870419714096158e+01 2.000000000000000000e+00 0.000000000000000000e+00
1.580000000000000000e+02 3.898439973326222940e+01 0.000000000000000000e+00 0.000000000000000000e+00
1.590000000000000000e+02 3.731081049812937778e+01 2.000000000000000000e+00 0.000000000000000000e+00
1.600000000000000000e+02 3.775155370679640754e+01 0.000000000000000000e+00 0.000000000000000000e+00
1.610000000000000000e+02 3.901942883350079683e+01 0.000000000000000000e+00 0.000000000000000000e+00
1.620000000000000000e+02 3.999184886814820317e+01 0.000000000000000000e+00 0.000000000000000000e+00
1.630000000000000000e+02 3.910931014893622404e+01 2.000000000000000000e+00 0.000000000000000000e+00
1.640000000000000000e+02 3.991815187808106913e+01 0.000000000000000000e+00 0.000000000000000000e+00
1.650000000000000000e+02 4.074198274115530438e+01 0.000000000000000000e+00 0.000000000000000000e+00
1.660000000000000000e+02 3.971962235273723252e+01 2.000000000000000000e+00 0.000000000000000000e+00
1.670000000000000000e+02 4.043190493505630911e+01 0.000000000000000000e+00 0.000000000000000000e+00
1.680000000000000000e+02 4.130154115829940054e+01 1.000000000000000000e+00 0.000000000000000000e+00
1.690000000000000000e+02 4.103020926698730619e+01 1.000000000000000000e+00 0.000000000000000000e+00
1.700000000000000000e+02 4.093245761051577603e+01 1.000000000000000000e+00 0.000000000000000000e+00
1.710000000000000000e+02 4.265239853188003138e+01 0.000000000000000000e+00 0.000000000000000000e+00
1.720000000000000000e+02 4.053085127941751864e+01 2.000000000000000000e+00 0.000000000000000000e+00
1.730000000000000000e+02 4.135412279593501950e+01 0.000000000000000000e+00 0.000000000000000000e+00
1.740000000000000000e+02 4.283645057768210762e+01 0.000000000000000000e+00 0.000000000000000000e+00
1.750000000000000000e+02 4.471606197630090662e+01 0.000000000000000000e+00 0.000000000000000000e+00
1.760000000000000000e+02 4.411256238357610471e+01 1.000000000000000000e+00 0.000000000000000000e+00
1.770000000000000000e+02 4.390307888436426254e+01 1.000000000000000000e+00 0.000000000000000000e+00
1.780000000000000000e+02 4.321301119841014327e+01 0.000000000000000000e+00 0.000000000000000000e+00
1.790000000000000000e+02 4.533637555165738320e+01 1.000000000000000000e+00 0.000000000000000000e+00
1.800000000000000000e+02 4.454710489074024338e+01 1.000000000000000000e+00 0.000000000000000000e+00
1.810000000000000000e+02 4.569621255236270230e+01 0.000000000000000000e+00 0.000000000000000000e+00
1.820000000000000000e+02 4.734041259358446041e+01 0.000000000000000000e+00 0.000000000000000000e+00
1.830000000000000000e+02 4.774556492486539838e+01 1.000000000000000000e+00 0.000000000000000000e+00
1.840000000000000000e+02 4.628684641176219827e+01 1.000000000000000000e+00 0.000000000000000000e+00
1.850000000000000000e+02 4.624472456493352013e+01 2.000000000000000000e+00 0.000000000000000000e+00
1.860000000000000000e+02 4.678222886356098797e+01 0.000000000000000000e+00 0.000000000000000000e+00
1.870000000000000000e+02 4.732889177647072643e+01 1.000000000000000000e+00 0.000000000000000000e+00
1.880000000000000000e+02 4.642201263879862694e+01 2.000000000000000000e+00 0.000000000000000000e+00
1.890000000000000000e+02 4.634062390969371847e+01 0.000000000000000000e+00 0.000000000000000000e+00
1.900000000000000000e+02 4.578641764646492618e+01 2.000000000000000000e+00 0.000000000000000000e+00
1.910000000000000000e+02 4.488804347768488867e+01 1.000000000000000000e+00 0.000000000000000000e+00
1.920000000000000000e+02 4.660910293063299292e+01 1.000000000000000000e+00 0.000000000000000000e+00
1.930000000000000000e+02 4.635308218778856570e+01 1.000000000000000000e+00 0.000000000000000000e+00
1.940000000000000000e+02 4.514901288783825350e+01 2.000000000000000000e+00 0.000000000000000000e+00
1.950000000000000000e+02 4.626634357390662444e+01 0.000000000000000000e+00 0.000000000000000000e+00
1.960000000000000000e+02 4.587511090182828610e+01 1.000000000000000000e+00 0.000000000000000000e+00
1.970000000000000000e+02 4.606865571536022230e+01 1.000000000000000000e+00 0.000000000000000000e+00
1.980000000000000000e+02 4.635052102009201747e+01 0.000000000000000000e+00 0.000000000000000000e+00
1.990000000000000000e+02 4.425247668057581052e+01 2.000000000000000000e+00 0.000000000000000000e+00
2.000000000000000000e+02 4.676983267391706534e+01 0.000000000000000000e+00 0.000000000000000000e+00
2.010000000000000000e+02 4.674534083818616637e+01 1.000000000000000000e+00 0.000000000000000000e+00
2.020000000000000000e+02 4.663080874531146947e+01 0.000000000000000000e+00 0.000000000000000000e+00
2.030000000000000000e+02 4.751292617341800906e+01 2.000000000000000000e+00 0.000000000000000000e+00
2.040000000000000000e+02 4.715576296932693623e+01 1.000000000000000000e+00 0.000000000000000000e+00
2.050000000000000000e+02 4.723571737370985346e+01 1.000000000000000000e+00 0.000000000000000000e+00
2.060000000000000000e+02 4.599218361806597954e+01 2.000000000000000000e+00 0.000000000000000000e+00
2.070000000000000000e+02 4.654884422656077447e+01 0.000000000000000000e+00 0.000000000000000000e+00
2.080000000000000000e+02 4.861833843420241408e+01 0.000000000000000000e+00 0.000000000000000000e+00
2.090000000000000000e+02 4.672020311572892126e+01 1.000000000000000000e+00 0.000000000000000000e+00
2.100000000000000000e+02 4.906078545688993131e+01 0.000000000000000000e+00 0.000000000000000000e+00
2.110000000000000000e+02 4.862474969748831199e+01 0.000000000000000000e+00 0.000000000000000000e+00
2.120000000000000000e+02 5.029921650637822239e+01 2.000000000000000000e+00 0.000000000000000000e+00
2.130000000000000000e+02 5.016678054627865180e+01 0.000000000000000000e+00 0.000000000000000000e+00
2.140000000000000000e+02 5.079776915614362309e+01 0.000000000000000000e+00 0.000000000000000000e+00
2.150000000000000000e+02 5.240425918634279867e+01 0.000000000000000000e+00 0.000000000000000000e+00
2.160000000000000000e+02 5.115273050193826521e+01 2.000000000000000000e+00 0.000000000000000000e+00
2.170000000000000000e+02 5.020692986200366903e+01 2.000000000000000000e+00 0.000000000000000000e+00
2.180000000000000000e+02 5.109340683549751105e+01 0.000000000000000000e+00 0.000000000000000000e+00
2.190000000000000000e+02 5.372387958491900406e+01 0.000000000000000000e+00 0.000000000000000000e+00
2.200000000000000000e+02 5.209137492972851646e+01 1.000000000000000000e+00 0.000000000000000000e+00
2.210000000000000000e+02 5.243008149685611130e+01 1.000000000000000000e+00 0.000000000000000000e+00
2.220000000000000000e+02 5.185213166812305019e+01 1.000000000000000000e+00 0.000000000000000000e+00
2.230000000000000000e+02 5.229366211954161514e+01 1.000000000000000000e+00 0.000000000000000000e+00
2.240000000000000000e+02 5.115869334454477269e+01 2.000000000000000000e+00 0.000000000000000000e+00
2.250000000000000000e+02 5.143470793941234120e+01 0.000000000000000000e+00 0.000000000000000000e+00
2.260000000000000000e+02 5.168956236017894668e+01 0.000000000000000000e+00 0.000000000000000000e+00
2.270000000000000000e+02 5.182417463220082965e+01 2.000000000000000000e+00 0.000000000000000000e+00
2.280000000000000000e+02 5.075846950211520436e+01 1.000000000000000000e+00 0.000000000000000000e+00
2.290000000000000000e+02 5.137621163215465714e+01 0.000000000000000000e+00 0.000000000000000000e+00
2.300000000000000000e+02 5.278999297442395999e+01 1.000000000000000000e+00 0.000000000000000000e+00
2.310000000000000000e+02 5.379297858627569440e+01 0.000000000000000000e+00 0.000000000000000000e+00
2.320000000000000000e+02 5.436045689858328700e+01 0.000000000000000000e+00 0.000000000000000000e+00
2.330000000000000000e+02 5.485055419487238737e+01 1.000000000000000000e+00 0.000000000000000000e+00
2.340000000000000000e+02 5.496153956707468069e+01 1.000000000000000000e+00 0.000000000000000000e+00
2.350000000000000000e+02 5.485028491537720186e+01 1.000000000000000000e+00 0.000000000000000000e+00
2.360000000000000000e+02 5.388830412694861849e+01 1.000000000000000000e+00 0.000000000000000000e+00
2.370000000000000000e+02 5.447781816889655460e+01 1.000000000000000000e+00 0.000000000000000000e+00
2.380000000000000000e+02 5.691158393131954796e+01 0.000000000000000000e+00 0.000000000000000000e+00
2.390000000000000000e+02 5.614072905645828371e+01 0.000000000000000000e+00 0.000000000000000000e+00
2.400000000000000000e+02 5.681846655425791681e+01 0.000000000000000000e+00 0.000000000000000000e+00
2.410000000000000000e+02 5.899881099205046553e+01 0.000000000000000000e+00 0.000000000000000000e+00
2.420000000000000000e+02 5.801168251747569826e+01 1.000000000000000000e+00 0.000000000000000000e+00
2.430000000000000000e+02 5.794959294219949442e+01 2.000000000000000000e+00 0.000000000000000000e+00
2.440000000000000000e+02 5.840811086054542045e+01 0.000000000000000000e+00 0.000000000000000000e+00
2.450000000000000000e+02 5.811115365066603289e+01 1.000000000000000000e+00 0.000000000000000000e+00
2.460000000000000000e+02 6.075723293839589445e+01 0.000000000000000000e+00 0.000000000000000000e+00
2.470000000000000000e+02 5.949829595892158096e+01 1.000000000000000000e+00 0.000000000000000000e+00
2.480000000000000000e+02 5.893051647044176633e+01 2.000000000000000000e+00 0.000000000000000000e+00
2.490000000000000000e+02 5.969199593765468848e+01 1.000000000000000000e+00 0.000000000000000000e+00
2.500000000000000000e+02 6.049401920203125371e+01 0.000000000000000000e+00 0.000000000000000000e+00
2.510000000000000000e+02 5.843919691982500098e+01 2.000000000000000000e+00 0.000000000000000000e+00
2.520000000000000000e+02 5.770004942610577103e+01 2.000000000000000000e+00 0.000000000000000000e+00
2.530000000000000000e+02 5.636515002743787761e+01 2.000000000000000000e+00 0.000000000000000000e+00
2.540000000000000000e+02 5.800888061035149690e+01 1.000000000000000000e+00 0.000000000000000000e+00
2.550000000000000000e+02 5.617726378083203542e+01 2.000000000000000000e+00 0.000000000000000000e+00
2.560000000000000000e+02 5.702643022948814178e+01 0.000000000000000000e+00 0.000000000000000000e+00
2.570000000000000000e+02 5.801961995702027508e+01 1.000000000000000000e+00 0.000000000000000000e+00
2.580000000000000000e+02 5.689175364170682769e+01 0.000000000000000000e+00 0.000000000000000000e+00
2.590000000000000000e+02 6.046986333027667371e+01 0.000000000000000000e+00 0.000000000000000000e+00
2.600000000000000000e+02 6.072945846990837282e+01 0.000000000000000000e+00 0.000000000000000000e+00
2.610000000000000000e+02 5.868670285329650937e+01 2.000000000000000000e+00 0.000000000000000000e+00
2.620000000000000000e+02 5.972130610809894335e+01 0.000000000000000000e+00 0.000000000000000000e+00
2.630000000000000000e+02 5.937189011310380238e+01 1.000000000000000000e+00 0.000000000000000000e+00
2.640000000000000000e+02 5.882959276233064827e+01 1.000000000000000000e+00 0.000000000000000000e+00
2.650000000000000000e+02 5.919422197721640089e+01 1.000000000000000000e+00 0.000000000000000000e+00
2.660000000000000000e+02 5.986271083544394855e+01 1.000000000000000000e+00 0.000000000000000000e+00
2.670000000000000000e+02 6.139944331448659653e+01 0.000000000000000000e+00 0.000000000000000000e+00
2.680000000000000000e+02 5.969205422967764463e+01 2.000000000000000000e+00 0.000000000000000000e+00
2.690000000000000000e+02 6.068141452784716705e+01 0.000000000000000000e+00 0.000000000000000000e+00
2.700000000000000000e+02 6.174866150899621431e+01 1.000000000000000000e+00 0.000000000000000000e+00
2.710000000000000000e+02 6.282421378085855679e+01 0.000000000000000000e+00 0.000000000000000000e+00
2.720000000000000000e+02 6.053111864276282006e+01 2.000000000000000000e+00 0.000000000000000000e+00
2.730000000000000000e+02 5.874367629357073639e+01 2.000000000000000000e+00 0.000000000000000000e+00
2.740000000000000000e+02 6.051666246808265726e+01 0.000000000000000000e+00 0.000000000000000000e+00
2.750000000000000000e+02 6.166848937992168800e+01 0.000000000000000000e+00 0.000000000000000000e+00
2.760000000000000000e+02 6.089802090392961276e+01 2.000000000000000000e+00 0.000000000000000000e+00
2.770000000000000000e+02 6.139849176178847756e+01 0.000000000000000000e+00 0.000000000000000000e+00
2.780000000000000000e+02 6.215203106058292093e+01 1.000000000000000000e+00 0.000000000000000000e+00
2.790000000000000000e+02 6.262048932320449524e+01 0.000000000000000000e+00 0.000000000000000000e+00
2.800000000000000000e+02 6.350101041241586586e+01 0.000000000000000000e+00 0.000000000000000000e+00
2.810000000000000000e+02 6.521195411075424886e+01 1.000000000000000000e+00 0.000000000000000000e+00
2.820000000000000000e+02 6.407096324160086454e+01 1.000000000000000000e+00 0.000000000000000000e+00
2.830000000000000000e+02 6.485465899993471339e+01 0.000000000000000000e+00 0.000000000000000000e+00
2.840000000000000000e+02 6.579359767301582451e+01 2.000000000000000000e+00 0.000000000000000000e+00
2.850000000000000000e+02 6.408849027341808835e+01 2.000000000000000000e+00 0.000000000000000000e+00
2.860000000000000000e+02 6.566972621750052497e+01 0.000000000000000000e+00 0.000000000000000000e+00
2.870000000000000000e+02 6.366344072320553238e+01 1.000000000000000000e+00 0.000000000000000000e+00
2.880000000000000000e+02 6.443240281248209556e+01 1.000000000000000000e+00 0.000000000000000000e+00
2.890000000000000000e+02 6.542592682907479684e+01 0.000000000000000000e+00 0.000000000000000000e+00
2.900000000000000000e+02 6.696123040439989893e+01 1.000000000000000000e+00 0.000000000000000000e+00
2.910000000000000000e+02 6.602048452396179812e+01 0.000000000000000000e+00 0.000000000000000000e+00
2.920000000000000000e+02 6.738594972905923441e+01 0.000000000000000000e+00 0.000000000000000000e+00
2.930000000000000000e+02 6.646682981800805123e+01 2.000000000000000000e+00 0.000000000000000000e+00
2.940000000000000000e+02 6.668809269513783988e+01 0.000000000000000000e+00 0.000000000000000000e+00
2.950000000000000000e+02 6.783588170154163777e+01 0.000000000000000000e+00 0.000000000000000000e+00
2.960000000000000000e+02 6.815456562807050034e+01 1.000000000000000000e+00 0.000000000000000000e+00
2.970000000000000000e+02 6.600024848126125221e+01 1.000000000000000000e+00 0.000000000000000000e+00
2.980000000000000000e+02 6.700647649207499512e+01 1.000000000000000000e+00 0.000000000000000000e+00
2.990000000000000000e+02 6.876534419753446059e+01 0.000000000000000000e+00 0.000000000000000000e+00
3.000000000000000000e+02 6.944936902865637762e+01 0.000000000000000000e+00 0.000000000000000000e+00
3.010000000000000000e+02 7.007691190650977831e+01 0.000000000000000000e+00 0.000000000000000000e+00
3.020000000000000000e+02 7.154991144020992522e+01 0.000000000000000000e+00 0.000000000000000000e+00
3.030000000000000000e+02 7.261474920020867785e+01 1.000000000000000000e+00 0.000000000000000000e+00
3.040000000000000000e+02 7.207629954530197836e+01 0.000000000000000000e+00 0.000000000000000000e+00
3.050000000000000000e+02 7.415193607273364762e+01 0.000000000000000000e+00 0.000000000000000000e+00
3.060000000000000000e+02 7.480963286785924993e+01 1.000000000000000000e+00 0.000000000000000000e+00
3.070000000000000000e+02 7.340279687416411036e+01 1.000000000000000000e+00 0.000000000000000000e+00
3.080000000000000000e+02 7.387866319033757634e+01 0.000000000000000000e+00 0.000000000000000000e+00
3.090000000000000000e+02 7.413549621448679261e+01 1.000000000000000000e+00 0.000000000000000000e+00
3.100000000000000000e+02 7.387678041755458480e+01 1.000000000000000000e+00 0.000000000000000000e+00
3.110000000000000000e+02 7.400428541669181470e+01 1.000000000000000000e+00 0.000000000000000000e+00
3.120000000000000000e+02 7.563281237208306607e+01 1.000000000000000000e+00 0.000000000000000000e+00
3.130000000000000000e+02 7.557331994308756862e+01 0.000000000000000000e+00 0.000000000000000000e+00
3.140000000000000000e+02 7.526231838854077694e+01 1.000000000000000000e+00 0.000000000000000000e+00
3.150000000000000000e+02 7.582510107584916170e+01 1.000000000000000000e+00 0.000000000000000000e+00
3.160000000000000000e+02 7.551260671291403526e+01 1.000000000000000000e+00 0.000000000000000000e+00
3.170000000000000000e+02 7.596024407776896226e+01 1.000000000000000000e+00 0.000000000000000000e+00
3.180000000000000000e+02 7.622375748631928616e+01 1.000000000000000000e+00 0.000000000000000000e+00
3.190000000000000000e+02 7.761948852083550321e+01 0.000000000000000000e+00 0.000000000000000000e+00
3.200000000000000000e+02 7.463305020586791727e+01 2.000000000000000000e+00 0.000000000000000000e+00
3.210000000000000000e+02 7.446132617803785081e+01 2.000000000000000000e+00 0.000000000000000000e+00
3.220000000000000000e+02 7.444521589017449514e+01 0.000000000000000000e+00 0.000000000000000000e+00
3.230000000000000000e+02 7.771662132384176402e+01 0.000000000000000000e+00 0.000000000000000000e+00
3.240000000000000000e+02 7.865115116789246485e+01 0.000000000000000000e+00 0.000000000000000000e+00
3.250000000000000000e+02 7.682217973801783728e+01 2.000000000000000000e+00 0.000000000000000000e+00
3.260000000000000000e+02 7.806256438895623262e+01 0.000000000000000000e+00 0.000000000000000000e+00
3.270000000000000000e+02 7.707836181024677558e+01 2.000000000000000000e+00 0.000000000000000000e+00
3.280000000000000000e+02 7.775169298506261839e+01 0.000000000000000000e+00 0.000000000000000000e+00
3.290000000000000000e+02 7.863196930913058225e+01 1.000000000000000000e+00 0.000000000000000000e+00
3.300000000000000000e+02 7.562754094384092696e+01 2.000000000000000000e+00 0.000000000000000000e+00
3.310000000000000000e+02 7.691185976088104326e+01 2.000000000000000000e+00 0.000000000000000000e+00
3.320000000000000000e+02 7.706676167896942786e+01 0.000000000000000000e+00 0.000000000000000000e+00
3.330000000000000000e+02 7.886320941397917750e+01 0.000000000000000000e+00 0.000000000000000000e+00
3.340000000000000000e+02 7.765985274186769516e+01 1.000000000000000000e+00 0.000000000000000000e+00
3.350000000000000000e+02 7.949398532107626636e+01 0.000000000000000000e+00 0.000000000000000000e+00
3.360000000000000000e+02 7.969323751764265751e+01 1.000000000000000000e+00 0.000000000000000000e+00
3.370000000000000000e+02 7.860708868511665059e+01 0.000000000000000000e+00 0.000000000000000000e+00
3.380000000000000000e+02 7.997937292527943498e+01 0.000000000000000000e+00 0.000000000000000000e+00
3.390000000000000000e+02 8.245145405577851250e+01 0.000000000000000000e+00 0.000000000000000000e+00
3.400000000000000000e+02 8.168618288289468410e+01 2.000000000000000000e+00 0.000000000000000000e+00
3.410000000000000000e+02 8.219639055675469308e+01 0.000000000000000000e+00 0.000000000000000000e+00
3.420000000000000000e+02 8.106120130103892052e+01 2.000000000000000000e+00 0.000000000000000000e+00
3.430000000000000000e+02 8.227701610722229475e+01 0.000000000000000000e+00 0.000000000000000000e+00
3.440000000000000000e+02 8.048452025755622685e+01 1.000000000000000000e+00 0.000000000000000000e+00
3.450000000000000000e+02 8.329524644628472174e+01 1.000000000000000000e+00 0.000000000000000000e+00
3.460000000000000000e+02 8.305816580514230907e+01 0.000000000000000000e+00 0.000000000000000000e+00
3.470000000000000000e+02 8.229197070219457544e+01 2.000000000000000000e+00 0.000000000000000000e+00
3.480000000000000000e+02 8.277159663844895476e+01 0.000000000000000000e+00 0.000000000000000000e+00
3.490000000000000000e+02 8.311213628342751747e+01 1.000000000000000000e+00 0.000000000000000000e+00
3.500000000000000000e+02 8.446245781580887524e+01 0.000000000000000000e+00 0.000000000000000000e+00
3.510000000000000000e+02 8.392179410414067320e+01 1.000000000000000000e+00 0.000000000000000000e+00
3.520000000000000000e+02 8.287404243121592629e+01 0.000000000000000000e+00 0.000000000000000000e+00
3.530000000000000000e+02 8.629950970060745874e+01 0.000000000000000000e+00 0.000000000000000000e+00
3.540000000000000000e+02 8.489512855165730798e+01 1.000000000000000000e+00 0.000000000000000000e+00
3.550000000000000000e+02 8.529695168158782792e+01 1.000000000000000000e+00 0.000000000000000000e+00
3.560000000000000000e+02 8.529777835060599500e+01 1.000000000000000000e+00 0.000000000000000000e+00
3.570000000000000000e+02 8.675212237869104115e+01 1.000000000000000000e+00 0.000000000000000000e+00
3.580000000000000000e+02 8.595413808548914858e+01 1.000000000000000000e+00 0.000000000000000000e+00
3.590000000000000000e+02 8.797402710429187778e+01 0.000000000000000000e+00 0.000000000000000000e+00
3.600000000000000000e+02 8.562898834544994031e+01 2.000000000000000000e+00 0.000000000000000000e+00
3.610000000000000000e+02 8.720417786795515269e+01 1.000000000000000000e+00 0.000000000000000000e+00
3.620000000000000000e+02 8.635040871944883634e+01 1.000000000000000000e+00 0.000000000000000000e+00
3.630000000000000000e+02 8.451820450229519111e+01 2.000000000000000000e+00 0.000000000000000000e+00
3.640000000000000000e+02 8.605639946608982882e+01 0.000000000000000000e+00 0.000000000000000000e+00
3.650000000000000000e+02 8.752016053525693451e+01 0.000000000000000000e+00 0.000000000000000000e+00
3.660000000000000000e+02 8.697720349534988316e+01 0.000000000000000000e+00 0.000000000000000000e+00
3.670000000000000000e+02 8.546826527468995494e+01 2.000000000000000000e+00 0.000000000000000000e+00
3.680000000000000000e+02 8.859409055951130085e+01 0.000000000000000000e+00 0.000000000000000000e+00
3.690000000000000000e+02 8.807507138698052529e+01 1.000000000000000000e+00 0.000000000000000000e+00
3.700000000000000000e+02 8.814771640979684264e+01 1.000000000000000000e+00 0.000000000000000000e+00
3.710000000000000000e+02 8.710286901277301297e+01 0.000000000000000000e+00 0.000000000000000000e+00
3.720000000000000000e+02 8.904610056581712740e+01 0.000000000000000000e+00 0.000000000000000000e+00
3.730000000000000000e+02 9.045295128488569958e+01 0.000000000000000000e+00 0.000000000000000000e+00
3.740000000000000000e+02 9.055294838198719276e+01 2.000000000000000000e+00 0.000000000000000000e+00
3.750000000000000000e+02 8.872576262670719416e+01 2.000000000000000000e+00 0.000000000000000000e+00
3.760000000000000000e+02 8.910756051652352028e+01 1.000000000000000000e+00 0.000000000000000000e+00
3.770000000000000000e+02 8.820675447911484923e+01 1.000000000000000000e+00 0.000000000000000000e+00
3.780000000000000000e+02 8.924960897567619611e+01 1.000000000000000000e+00 0.000000000000000000e+00
3.790000000000000000e+02 9.065805541813823254e+01 0.000000000000000000e+00 0.000000000000000000e+00
3.800000000000000000e+02 8.947987878685181329e+01 2.000000000000000000e+00 0.000000000000000000e+00
3.810000000000000000e+02 8.845744766327521802e+01 2.000000000000000000e+00 0.000000000000000000e+00
3.820000000000000000e+02 8.773576732629641128e+01 0.000000000000000000e+00 0.000000000000000000e+00
3.830000000000000000e+02 9.068601757883959635e+01 0.000000000000000000e+00 0.000000000000000000e+00
3.840000000000000000e+02 9.171663975175924577e+01 0.000000000000000000e+00 0.000000000000000000e+00
3.850000000000000000e+02 9.108988032687686598e+01 2.000000000000000000e+00 0.000000000000000000e+00
3.860000000000000000e+02 9.067341880309793112e+01 0.000000000000000000e+00 0.000000000000000000e+00
3.870000000000000000e+02 9.043518143252279629e+01 1.000000000000000000e+00 0.000000000000000000e+00
3.880000000000000000e+02 9.256502837145085039e+01 0.000000000000000000e+00 0.000000000000000000e+00
3.890000000000000000e+02 9.227293507871883094e+01 1.000000000000000000e+00 0.000000000000000000e+00
3.900000000000000000e+02 9.218878214091570555e+01 2.000000000000000000e+00 0.000000000000000000e+00
3.910000000000000000e+02 9.286398813148366571e+01 0.000000000000000000e+00 0.000000000000000000e+00
3.920000000000000000e+02 9.176235889971800930e+01 2.000000000000000000e+00 0.000000000000000000e+00
3.930000000000000000e+02 9.154180776777536721e+01 0.000000000000000000e+00 0.000000000000000000e+00
3.940000000000000000e+02 9.258806983444405603e+01 1.000000000000000000e+00 0.000000000000000000e+00
3.950000000000000000e+02 9.254152023334241051e+01 0.000000000000000000e+00 0.000000000000000000e+00
3.960000000000000000e+02 9.325705610128277101e+01 1.000000000000000000e+00 0.000000000000000000e+00
3.970000000000000000e+02 9.384961800910994612e+01 0.000000000000000000e+00 0.000000000000000000e+00
3.980000000000000000e+02 9.406379936310142398e+01 1.000000000000000000e+00 0.000000000000000000e+00
3.990000000000000000e+02 9.401120127188436015e+01 1.000000000000000000e+00 0.000000000000000000e+00
4.000000000000000000e+02 9.365596415848874301e+01 1.000000000000000000e+00 0.000000000000000000e+00
4.010000000000000000e+02 9.469488898325629123e+01 1.000000000000000000e+00 0.000000000000000000e+00
4.020000000000000000e+02 9.353377286695517512e+01 1.000000000000000000e+00 0.000000000000000000e+00
4.030000000000000000e+02 9.691436126371505111e+01 0.000000000000000000e+00 0.000000000000000000e+00
4.040000000000000000e+02 9.393970894847045372e+01 2.000000000000000000e+00 0.000000000000000000e+00
4.050000000000000000e+02 9.403734741007455966e+01 0.000000000000000000e+00 0.000000000000000000e+00
4.060000000000000000e+02 9.567284812847606190e+01 2.000000000000000000e+00 0.000000000000000000e+00
4.070000000000000000e+02 9.265890040111256098e+01 2.000000000000000000e+00 0.000000000000000000e+00
4.080000000000000000e+02 9.520876438537801789e+01 0.000000000000000000e+00 0.000000000000000000e+00
4.090000000000000000e+02 9.241484586966916481e+01 2.000000000000000000e+00 0.000000000000000000e+00
4.100000000000000000e+02 9.350395638606390492e+01 0.000000000000000000e+00 0.000000000000000000e+00
4.110000000000000000e+02 9.223849143191068833e+01 2.000000000000000000e+00 0.000000000000000000e+00
4.120000000000000000e+02 9.223476040232456796e+01 2.000000000000000000e+00 0.000000000000000000e+00
4.130000000000000000e+02 9.307707488779065841e+01 1.000000000000000000e+00 0.000000000000000000e+00
4.140000000000000000e+02 9.161881961532046148e+01 1.000000000000000000e+00 0.000000000000000000e+00
4.150000000000000000e+02 9.149293979327285342e+01 1.000000000000000000e+00 0.000000000000000000e+00
4.160000000000000000e+02 9.078410956286718658e+01 2.000000000000000000e+00 0.000000000000000000e+00
4.170000000000000000e+02 9.017192500315030657e+01 2.000000000000000000e+00 0.000000000000000000e+00
4.180000000000000000e+02 9.009168829277031421e+01 0.000000000000000000e+00 0.000000000000000000e+00
4.190000000000000000e+02 9.097759385094097695e+01 2.000000000000000000e+00 0.000000000000000000e+00
4.200000000000000000e+02 9.108355723673194859e+01 0.000000000000000000e+00 0.000000000000000000e+00
4.210000000000000000e+02 8.983258401722810049e+01 2.000000000000000000e+00 0.000000000000000000e+00
4.220000000000000000e+02 9.058510873403817243e+01 1.000000000000000000e+00 0.000000000000000000e+00
4.230000000000000000e+02 9.119091981182785389e+01 0.000000000000000000e+00 0.000000000000000000e+00
4.240000000000000000e+02 9.238053528420243765e+01 1.000000000000000000e+00 0.000000000000000000e+00
4.250000000000000000e+02 9.206680298759762593e+01 0.000000000000000000e+00 0.000000000000000000e+00
4.260000000000000000e+02 9.268449072364344943e+01 0.000000000000000000e+00 0.000000000000000000e+00
4.270000000000000000e+02 9.408604874876262159e+01 0.000000000000000000e+00 0.000000000000000000e+00
4.280000000000000000e+02 9.489141359278609400e+01 0.000000000000000000e+00 0.000000000000000000e+00
4.290000000000000000e+02 9.456313358204783981e+01 2.000000000000000000e+00 0.000000000000000000e+00
4.300000000000000000e+02 9.326950140100377951e+01 1.000000000000000000e+00 0.000000000000000000e+00
4.310000000000000000e+02 9.462434513251925239e+01 1.000000000000000000e+00 0.000000000000000000e+00
4.320000000000000000e+02 9.494367417621522520e+01 1.000000000000000000e+00 0.000000000000000000e+00
4.330000000000000000e+02 9.474087367583588559e+01 0.000000000000000000e+00 0.000000000000000000e+00
4.340000000000000000e+02 9.403577111171387060e+01 0.000000000000000000e+00 0.000000000000000000e+00
4.350000000000000000e+02 9.729662431912181830e+01 0.000000000000000000e+00 0.000000000000000000e+00
4.360000000000000000e+02 9.690904311102136148e+01 1.000000000000000000e+00 0.000000000000000000e+00
4.370000000000000000e+02 9.865973316817937189e+01 0.000000000000000000e+00 0.000000000000000000e+00
4.380000000000000000e+02 9.868442142963766628e+01 1.000000000000000000e+00 0.000000000000000000e+00
4.390000000000000000e+02 9.943638826405414477e+01 0.000000000000000000e+00 0.000000000000000000e+00
4.400000000000000000e+02 9.960526731682975310e+01 1.000000000000000000e+00 0.000000000000000000e+00
4.410000000000000000e+02 1.003311157192191843e+02 0.000000000000000000e+00 0.000000000000000000e+00
4.420000000000000000e+02 1.002689504503176323e+02 1.000000000000000000e+00 0.000000000000000000e+00
4.430000000000000000e+02 9.874631203838643501e+01 0.000000000000000000e+00 0.000000000000000000e+00
4.440000000000000000e+02 1.008012382197663896e+02 0.000000000000000000e+00 0.000000000000000000e+00
4.450000000000000000e+02 1.003274575588213082e+02 2.000000000000000000e+00 0.000000000000000000e+00
4.460000000000000000e+02 9.997253030631463844e+01 2.000000000000000000e+00 0.000000000000000000e+00
4.470000000000000000e+02 1.009603874707742648e+02 0.000000000000000000e+00 0.000000000000000000e+00
4.480000000000000000e+02 1.015667779572748941e+02 2.000000000000000000e+00 0.000000000000000000e+00
4.490000000000000000e+02 1.000652486360414173e+02 0.000000000000000000e+00 0.000000000000000000e+00
4.500000000000000000e+02 1.014046259018537057e+02 0.000000000000000000e+00 0.000000000000000000e+00
4.510000000000000000e+02 9.916116359763935861e+01 2.000000000000000000e+00 0.000000000000000000e+00
4.520000000000000000e+02 1.007383602149638477e+02 0.000000000000000000e+00 0.000000000000000000e+00
4.530000000000000000e+02 1.006071121423346852e+02 2.000000000000000000e+00 0.000000000000000000e+00
4.540000000000000000e+02 1.002422314976309252e+02 1.000000000000000000e+00 0.000000000000000000e+00
4.550000000000000000e+02 1.013670624133623619e+02 0.000000000000000000e+00 0.000000000000000000e+00
4.560000000000000000e+02 1.040840756326976617e+02 0.000000000000000000e+00 0.000000000000000000e+00
4.570000000000000000e+02 1.043228107701871039e+02 0.000000000000000000e+00 0.000000000000000000e+00
4.580000000000000000e+02 1.024898430647285892e+02 2.000000000000000000e+00 0.000000000000000000e+00
4.590000000000000000e+02 1.022009003866103427e+02 2.000000000000000000e+00 0.000000000000000000e+00
4.600000000000000000e+02 1.046543276236382951e+02 0.000000000000000000e+00 0.000000000000000000e+00
4.610000000000000000e+02 1.044016150778316074e+02 0.000000000000000000e+00 0.000000000000000000e+00
4.620000000000000000e+02 1.055393263817539520e+02 1.000000000000000000e+00 0.000000000000000000e+00
4.630000000000000000e+02 1.039220087358442441e+02 0.000000000000000000e+00 0.000000000000000000e+00
4.640000000000000000e+02 1.054346437924976954e+02 0.000000000000000000e+00 0.000000000000000000e+00
4.650000000000000000e+02 1.063024019731070666e+02 0.000000000000000000e+00 0.000000000000000000e+00
4.660000000000000000e+02 1.064246285942525532e+02 1.000000000000000000e+00 0.000000000000000000e+00
4.670000000000000000e+02 1.062430757211486707e+02 2.000000000000000000e+00 0.000000000000000000e+00
4.680000000000000000e+02 1.057850487210467065e+02 1.000000000000000000e+00 0.000000000000000000e+00
4.690000000000000000e+02 1.060665166618410211e+02 1.000000000000000000e+00 0.000000000000000000e+00
4.700000000000000000e+02 1.071974720618964767e+02 0.000000000000000000e+00 0.000000000000000000e+00
4.710000000000000000e+02 1.063158031089366631e+02 2.000000000000000000e+00 0.000000000000000000e+00
4.720000000000000000e+02 1.069860766322820780e+02 0.000000000000000000e+00 0.000000000000000000e+00
4.730000000000000000e+02 1.075572893756705923e+02 0.000000000000000000e+00 0.000000000000000000e+00
4.740000000000000000e+02 1.091219274106345125e+02 0.000000000000000000e+00 0.000000000000000000e+00
4.750000000000000000e+02 1.102414908131461004e+02 1.000000000000000000e+00 0.000000000000000000e+00
4.760000000000000000e+02 1.085948075560221042e+02 1.000000000000000000e+00 0.000000000000000000e+00
4.770000000000000000e+02 1.077684572711630722e+02 2.000000000000000000e+00 0.000000000000000000e+00
4.780000000000000000e+02 1.084270555651254568e+02 0.000000000000000000e+00 0.000000000000000000e+00
4.790000000000000000e+02 1.105991049587023127e+02 0.000000000000000000e+00 0.000000000000000000e+00
4.800000000000000000e+02 1.087841659257169198e+02 2.000000000000000000e+00 0.000000000000000000e+00
4.810000000000000000e+02 1.106144297433769026e+02 0.000000000000000000e+00 0.000000000000000000e+00
4.820000000000000000e+02 1.096511423692577409e+02 2.000000000000000000e+00 0.000000000000000000e+00
4.830000000000000000e+02 1.078051691436608195e+02 2.000000000000000000e+00 0.000000000000000000e+00
4.840000000000000000e+02 1.081503227023467701e+02 0.000000000000000000e+00 0.000000000000000000e+00
4.850000000000000000e+02 1.079380180264557652e+02 0.000000000000000000e+00 0.000000000000000000e+00
4.860000000000000000e+02 1.114055041800959600e+02 0.000000000000000000e+00 0.000000000000000000e+00
4.870000000000000000e+02 1.130243005897637971e+02 0.000000000000000000e+00 0.000000000000000000e+00
4.880000000000000000e+02 1.123844746552363034e+02 0.000000000000000000e+00 0.000000000000000000e+00
4.890000000000000000e+02 1.132486277895133640e+02 1.000000000000000000e+00 0.000000000000000000e+00
4.900000000000000000e+02 1.148591867723476980e+02 0.000000000000000000e+00 0.000000000000000000e+00
4.910000000000000000e+02 1.157519748809149434e+02 0.000000000000000000e+00 0.000000000000000000e+00
4.920000000000000000e+02 1.160864325580768792e+02 0.000000000000000000e+00 0.000000000000000000e+00
4.930000000000000000e+02 1.153011627789320386e+02 0.000000000000000000e+00 0.000000000000000000e+00
4.940000000000000000e+02 1.181808195506359027e+02 1.000000000000000000e+00 0.000000000000000000e+00
4.950000000000000000e+02 1.178794013786338439e+02 0.000000000000000000e+00 0.000000000000000000e+00
4.960000000000000000e+02 1.173106518654928152e+02 2.000000000000000000e+00 0.000000000000000000e+00
4.970000000000000000e+02 1.166588470024036184e+02 2.000000000000000000e+00 0.000000000000000000e+00
4.980000000000000000e+02 1.172466409078356833e+02 0.000000000000000000e+00 0.000000000000000000e+00
4.990000000000000000e+02 1.177806193877025578e+02 0.000000000000000000e+00 0.000000000000000000e+00
5.000000000000000000e+02 1.188248176560396274e+02 0.000000000000000000e+00 0.000000000000000000e+00
5.010000000000000000e+02 1.168011187432683613e+02 2.000000000000000000e+00 0.000000000000000000e+00
5.020000000000000000e+02 1.180533504701513152e+02 0.000000000000000000e+00 0.000000000000000000e+00
5.030000000000000000e+02 1.188765617820860712e+02 0.000000000000000000e+00 0.000000000000000000e+00
5.040000000000000000e+02 1.196952752046554451e+02 2.000000000000000000e+00 0.000000000000000000e+00
5.050000000000000000e+02 1.193502580985529846e+02 0.000000000000000000e+00 0.000000000000000000e+00
5.060000000000000000e+02 1.204747582607711962e+02 0.000000000000000000e+00 0.000000000000000000e+00
5.070000000000000000e+02 1.207304282035114937e+02 2.000000000000000000e+00 0.000000000000000000e+00
5.080000000000000000e+02 1.205686431750366836e+02 1.000000000000000000e+00 0.000000000000000000e+00
5.090000000000000000e+02 1.196079675190769933e+02 0.000000000000000000e+00 0.000000000000000000e+00
5.100000000000000000e+02 1.211063979207338832e+02 1.000000000000000000e+00 0.000000000000000000e+00
5.110000000000000000e+02 1.223406826699856254e+02 1.000000000000000000e+00 0.000000000000000000e+00
5.120000000000000000e+02 1.201486709694926418e+02 1.000000000000000000e+00 0.000000000000000000e+00
5.130000000000000000e+02 1.216080849446173460e+02 1.000000000000000000e+00 0.000000000000000000e+00
5.140000000000000000e+02 1.223345653762164034e+02 1.000000000000000000e+00 0.000000000000000000e+00
5.150000000000000000e+02 1.230068991957606102e+02 0.000000000000000000e+00 0.000000000000000000e+00
5.160000000000000000e+02 1.239080400885733724e+02 1.000000000000000000e+00 0.000000000000000000e+00
5.170000000000000000e+02 1.208414675339667355e+02 1.000000000000000000e+00 0.000000000000000000e+00
5.180000000000000000e+02 1.242074581403715001e+02 0.000000000000000000e+00 0.000000000000000000e+00
5.190000000000000000e+02 1.230789913644785827e+02 2.000000000000000000e+00 0.000000000000000000e+00
5.200000000000000000e+02 1.198466368942191878e+02 2.000000000000000000e+00 0.000000000000000000e+00
5.210000000000000000e+02 1.220116025334203016e+02 0.000000000000000000e+00 0.000000000000000000e+00
5.220000000000000000e+02 1.212037238204214731e+02 2.000000000000000000e+00 0.000000000000000000e+00
5.230000000000000000e+02 1.185917658830812655e+02 2.000000000000000000e+00 0.000000000000000000e+00
5.240000000000000000e+02 1.183338612158224237e+02 2.000000000000000000e+00 0.000000000000000000e+00
5.250000000000000000e+02 1.200535850816141021e+02 0.000000000000000000e+00 0.000000000000000000e+00
5.260000000000000000e+02 1.197046029636722437e+02 1.000000000000000000e+00 0.000000000000000000e+00
5.270000000000000000e+02 1.229608434295928845e+02 0.000000000000000000e+00 0.000000000000000000e+00
5.280000000000000000e+02 1.217822748304865570e+02 1.000000000000000000e+00 0.000000000000000000e+00
5.290000000000000000e+02 1.189262675262084770e+02 2.000000000000000000e+00 0.000000000000000000e+00
5.300000000000000000e+02 1.207830495116610763e+02 0.000000000000000000e+00 0.000000000000000000e+00
5.310000000000000000e+02 1.194891940831536914e+02 2.000000000000000000e+00 0.000000000000000000e+00
5.320000000000000000e+02 1.210673062162563269e+02 0.000000000000000000e+00 0.000000000000000000e+00
5.330000000000000000e+02 1.195651122024345625e+02 2.000000000000000000e+00 0.000000000000000000e+00
5.340000000000000000e+02 1.204738742329416112e+02 0.000000000000000000e+00 0.000000000000000000e+00
5.350000000000000000e+02 1.212684877369948850e+02 0.000000000000000000e+00 0.000000000000000000e+00
5.360000000000000000e+02 1.218580951828388379e+02 1.000000000000000000e+00 0.000000000000000000e+00
5.370000000000000000e+02 1.220026810348734188e+02 0.000000000000000000e+00 0.000000000000000000e+00
5.380000000000000000e+02 1.228630352798625864e+02 1.000000000000000000e+00 0.000000000000000000e+00
5.390000000000000000e+02 1.234441561525804474e+02 0.000000000000000000e+00 0.000000000000000000e+00
5.400000000000000000e+02 1.239210954249717673e+02 1.000000000000000000e+00 0.000000000000000000e+00
5.410000000000000000e+02 1.253423098050890587e+02 0.000000000000000000e+00 0.000000000000000000e+00
5.420000000000000000e+02 1.249898139872210407e+02 1.000000000000000000e+00 0.000000000000000000e+00
5.430000000000000000e+02 1.245347816789769837e+02 1.000000000000000000e+00 0.000000000000000000e+00
5.440000000000000000e+02 1.243734025271244406e+02 1.000000000000000000e+00 0.000000000000000000e+00
5.450000000000000000e+02 1.228316163658344351e+02 2.000000000000000000e+00 0.000000000000000000e+00
5.460000000000000000e+02 1.241152415366296538e+02 0.000000000000000000e+00 0.000000000000000000e+00
5.470000000000000000e+02 1.265263611049185357e+02 0.000000000000000000e+00 0.000000000000000000e+00
5.480000000000000000e+02 1.272182917111517071e+02 0.000000000000000000e+00 0.000000000000000000e+00
5.490000000000000000e+02 1.275532553652227676e+02 0.000000000000000000e+00 0.000000000000000000e+00
5.500000000000000000e+02 1.270454785153179529e+02 2.000000000000000000e+00 0.000000000000000000e+00
5.510000000000000000e+02 1.268306050095046089e+02 2.000000000000000000e+00 0.000000000000000000e+00
5.520000000000000000e+02 1.260409143426854683e+02 0.000000000000000000e+00 0.000000000000000000e+00
5.530000000000000000e+02 1.278612108297785426e+02 0.000000000000000000e+00 0.000000000000000000e+00
5.540000000000000000e+02 1.284075629484385388e+02 1.000000000000000000e+00 0.000000000000000000e+00
5.550000000000000000e+02 1.264709721462702987e+02 2.000000000000000000e+00 0.000000000000000000e+00
5.560000000000000000e+02 1.280728501104152315e+02 0.000000000000000000e+00 0.000000000000000000e+00
5.570000000000000000e+02 1.288327430373338416e+02 1.000000000000000000e+00 0.000000000000000000e+00
5.580000000000000000e+02 1.292212319324125929e+02 1.000000000000000000e+00 0.000000000000000000e+00
5.590000000000000000e+02 1.275641679632569492e+02 1.000000000000000000e+00 0.000000000000000000e+00
5.600000000000000000e+02 1.287927972573261286e+02 0.000000000000000000e+00 0.000000000000000000e+00
5.610000000000000000e+02 1.265097270316768459e+02 2.000000000000000000e+00 0.000000000000000000e+00
5.620000000000000000e+02 1.299647937635240567e+02 0.000000000000000000e+00 0.000000000000000000e+00
5.630000000000000000e+02 1.270868967274158763e+02 2.000000000000000000e+00 0.000000000000000000e+00
5.640000000000000000e+02 1.299091319965084494e+02 0.000000000000000000e+00 0.000000000000000000e+00
5.650000000000000000e+02 1.272530106264283631e+02 2.000000000000000000e+00 0.000000000000000000e+00
5.660000000000000000e+02 1.289712383319005085e+02 0.000000000000000000e+00 0.000000000000000000e+00
5.670000000000000000e+02 1.306064993052519583e+02 0.000000000000000000e+00 0.000000000000000000e+00
5.680000000000000000e+02 1.320180265094508627e+02 0.000000000000000000e+00 0.000000000000000000e+00
5.690000000000000000e+02 1.325572620804304051e+02 0.000000000000000000e+00 0.000000000000000000e+00
5.700000000000000000e+02 1.316382205203541957e+02 1.000000000000000000e+00 0.000000000000000000e+00
5.710000000000000000e+02 1.332356392677676240e+02 0.000000000000000000e+00 0.000000000000000000e+00
5.720000000000000000e+02 1.340905944744040710e+02 1.000000000000000000e+00 0.000000000000000000e+00
5.730000000000000000e+02 1.313154244272403446e+02 2.000000000000000000e+00 0.000000000000000000e+00
5.740000000000000000e+02 1.329348324434089932e+02 0.000000000000000000e+00 0.000000000000000000e+00
5.750000000000000000e+02 1.329247523311770465e+02 2.000000000000000000e+00 0.000000000000000000e+00
5.760000000000000000e+02 1.308791268631640605e+02 0.000000000000000000e+00 0.000000000000000000e+00
5.770000000000000000e+02 1.340965635567121410e+02 0.000000000000000000e+00 0.000000000000000000e+00
5.780000000000000000e+02 1.333215769679324865e+02 0.000000000000000000e+00 0.000000000000000000e+00
5.790000000000000000e+02 1.365825820149948413e+02 0.000000000000000000e+00 0.000000000000000000e+00
5.800000000000000000e+02 1.368933473833540972e+02 0.000000000000000000e+00 0.000000000000000000e+00
5.810000000000000000e+02 1.367187927960789580e+02 1.000000000000000000e+00 0.000000000000000000e+00
5.820000000000000000e+02 1.376762766977218178e+02 1.000000000000000000e+00 0.000000000000000000e+00
5.830000000000000000e+02 1.373365428089169029e+02 1.000000000000000000e+00 0.000000000000000000e+00
5.840000000000000000e+02 1.360186450362942026e+02 2.000000000000000000e+00 0.000000000000000000e+00
5.850000000000000000e+02 1.368606809018466777e+02 0.000000000000000000e+00 0.000000000000000000e+00
5.860000000000000000e+02 1.366701859773268950e+02 1.000000000000000000e+00 0.000000000000000000e+00
5.870000000000000000e+02 1.358663540754058374e+02 2.000000000000000000e+00 0.000000000000000000e+00
5.880000000000000000e+02 1.369996598029951826e+02 1.000000000000000000e+00 0.000000000000000000e+00
5.890000000000000000e+02 1.378352439565663303e+02 0.000000000000000000e+00 0.000000000000000000e+00
5.900000000000000000e+02 1.361718807783113334e+02 1.000000000000000000e+00 0.000000000000000000e+00
5.910000000000000000e+02 1.389868764454957955e+02 0.000000000000000000e+00 0.000000000000000000e+00
5.920000000000000000e+02 1.378735013682197632e+02 2.000000000000000000e+00 0.000000000000000000e+00
5.930000000000000000e+02 1.366509223326070241e+02 0.000000000000000000e+00 0.000000000000000000e+00
5.940000000000000000e+02 1.379281846423465083e+02 2.000000000000000000e+00 0.000000000000000000e+00
5.950000000000000000e+02 1.361310446696791701e+02 2.000000000000000000e+00 0.000000000000000000e+00
5.960000000000000000e+02 1.374051779538665983e+02 0.000000000000000000e+00 0.000000000000000000e+00
5.970000000000000000e+02 1.385851460528639336e+02 1.000000000000000000e+00 0.000000000000000000e+00
5.980000000000000000e+02 1.376306824179228840e+02 1.000000000000000000e+00 0.000000000000000000e+00
5.990000000000000000e+02 1.363363468983658890e+02 1.000000000000000000e+00 0.000000000000000000e+00
6.000000000000000000e+02 1.376399096965591298e+02 0.000000000000000000e+00 0.000000000000000000e+00
6.010000000000000000e+02 1.378674014782266397e+02 2.000000000000000000e+00 0.000000000000000000e+00
6.020000000000000000e+02 1.363168105733299171e+02 1.000000000000000000e+00 0.000000000000000000e+00
6.030000000000000000e+02 1.389657917568455616e+02 0.000000000000000000e+00 0.000000000000000000e+00
6.040000000000000000e+02 1.366643005354360412e+02 0.000000000000000000e+00 0.000000000000000000e+00
6.050000000000000000e+02 1.414910565320334399e+02 0.000000000000000000e+00 0.000000000000000000e+00
6.060000000000000000e+02 1.420508416917909642e+02 0.000000000000000000e+00 0.000000000000000000e+00
6.070000000000000000e+02 1.406343865324345188e+02 0.000000000000000000e+00 0.000000000000000000e+00
6.080000000000000000e+02 1.436690686711379499e+02 1.000000000000000000e+00 0.000000000000000000e+00
6.090000000000000000e+02 1.435619497305487471e+02 0.000000000000000000e+00 0.000000000000000000e+00
6.100000000000000000e+02 1.431436462714523543e+02 1.000000000000000000e+00 0.000000000000000000e+00
6.110000000000000000e+02 1.446058072182136129e+02 0.000000000000000000e+00 0.000000000000000000e+00
6.120000000000000000e+02 1.450806473242081154e+02 1.000000000000000000e+00 0.000000000000000000e+00
6.130000000000000000e+02 1.447192172731118660e+02 0.000000000000000000e+00 0.000000000000000000e+00
6.140000000000000000e+02 1.454905258513774413e+02 2.000000000000000000e+00 0.000000000000000000e+00
6.150000000000000000e+02 1.454438138057342655e+02 0.000000000000000000e+00 0.000000000000000000e+00
6.160000000000000000e+02 1.461925179369554542e+02 0.000000000000000000e+00 0.000000000000000000e+00
6.170000000000000000e+02 1.464688863619451809e+02 0.000000000000000000e+00 0.000000000000000000e+00
6.180000000000000000e+02 1.472021393475940272e+02 1.000000000000000000e+00 0.000000000000000000e+00
6.190000000000000000e+02 1.470651241516244454e+02 1.000000000000000000e+00 0.000000000000000000e+00
6.200000000000000000e+02 1.476604979972800891e+02 0.000000000000000000e+00 0.000000000000000000e+00
6.210000000000000000e+02 1.495121708159475986e+02 0.000000000000000000e+00 0.000000000000000000e+00
6.220000000000000000e+02 1.478583026473684754e+02 2.000000000000000000e+00 0.000000000000000000e+00
6.230000000000000000e+02 1.485306487155260129e+02 2.000000000000000000e+00 0.000000000000000000e+00
6.240000000000000000e+02 1.459535411848791853e+02 2.000000000000000000e+00 0.000000000000000000e+00
6.250000000000000000e+02 1.471533127656895203e+02 0.000000000000000000e+00 0.000000000000000000e+00
6.260000000000000000e+02 1.467732941784694560e+02 1.000000000000000000e+00 0.000000000000000000e+00
6.270000000000000000e+02 1.459134875293049731e+02 0.000000000000000000e+00 0.000000000000000000e+00
6.280000000000000000e+02 1.490799997915057133e+02 0.000000000000000000e+00 0.000000000000000000e+00
6.290000000000000000e+02 1.479617625164800927e+02 1.000000000000000000e+00 0.000000000000000000e+00
6.300000000000000000e+02 1.471041732799516240e+02 2.000000000000000000e+00 0.000000000000000000e+00
6.310000000000000000e+02 1.487925435857740126e+02 0.000000000000000000e+00 0.000000000000000000e+00
6.320000000000000000e+02 1.494487340424260537e+02 0.000000000000000000e+00 0.000000000000000000e+00
6.330000000000000000e+02 1.493064716003053150e+02 2.000000000000000000e+00 0.000000000000000000e+00
6.340000000000000000e+02 1.485819428541043692e+02 1.000000000000000000e+00 0.000000000000000000e+00
6.350000000000000000e+02 1.498933220945100402e+02 0.000000000000000000e+00 0.000000000000000000e+00
6.360000000000000000e+02 1.499736341772472201e+02 2.000000000000000000e+00 0.000000000000000000e+00
6.370000000000000000e+02 1.491932895096876734e+02 0.000000000000000000e+00 0.000000000000000000e+00
6.380000000000000000e+02 1.494428060529533298e+02 2.000000000000000000e+00 0.000000000000000000e+00
6.390000000000000000e+02 1.483391114594940632e+02 2.000000000000000000e+00 0.000000000000000000e+00
6.400000000000000000e+02 1.487465157835363812e+02 1.000000000000000000e+00 0.000000000000000000e+00
6.410000000000000000e+02 1.484733929290069057e+02 1.000000000000000000e+00 0.000000000000000000e+00
6.420000000000000000e+02 1.483257389357650595e+02 1.000000000000000000e+00 0.000000000000000000e+00
6.430000000000000000e+02 1.489792884645239326e+02 0.000000000000000000e+00 0.000000000000000000e+00
6.440000000000000000e+02 1.505202777665811027e+02 0.000000000000000000e+00 0.000000000000000000e+00
6.450000000000000000e+02 1.488829689961165741e+02 1.000000000000000000e+00 0.000000000000000000e+00
6.460000000000000000e+02 1.512910542285250983e+02 0.000000000000000000e+00 0.000000000000000000e+00
6.470000000000000000e+02 1.511436656792638189e+02 2.000000000000000000e+00 0.000000000000000000e+00
6.480000000000000000e+02 1.501413188455724423e+02 1.000000000000000000e+00 0.000000000000000000e+00
6.490000000000000000e+02 1.495553127639622915e+02 0.000000000000000000e+00 0.000000000000000000e+00
6.500000000000000000e+02 1.527015554618469082e+02 0.000000000000000000e+00 0.000000000000000000e+00
6.510000000000000000e+02 1.540875687867223576e+02 1.000000000000000000e+00 0.000000000000000000e+00
6.520000000000000000e+02 1.522812495489405364e+02 1.000000000000000000e+00 0.000000000000000000e+00
6.530000000000000000e+02 1.528485419457284991e+02 0.000000000000000000e+00 0.000000000000000000e+00
6.540000000000000000e+02 1.539190390673723812e+02 1.000000000000000000e+00 0.000000000000000000e+00
6.550000000000000000e+02 1.517032715479510045e+02 1.000000000000000000e+00 0.000000000000000000e+00
6.560000000000000000e+02 1.525686264696473700e+02 1.000000000000000000e+00 0.000000000000000000e+00
6.570000000000000000e+02 1.503574264356563219e+02 2.000000000000000000e+00 0.000000000000000000e+00
6.580000000000000000e+02 1.518486188900913589e+02 1.000000000000000000e+00 0.000000000000000000e+00
6.590000000000000000e+02 1.529405677927709633e+02 0.000000000000000000e+00 0.000000000000000000e+00
6.600000000000000000e+02 1.539148806552514372e+02 0.000000000000000000e+00 0.000000000000000000e+00
6.610000000000000000e+02 1.534772928916670480e+02 2.000000000000000000e+00 0.000000000000000000e+00
6.620000000000000000e+02 1.543614890702365017e+02 0.000000000000000000e+00 0.000000000000000000e+00
6.630000000000000000e+02 1.543686552594706995e+02 0.000000000000000000e+00 0.000000000000000000e+00
6.640000000000000000e+02 1.541673870097569079e+02 1.000000000000000000e+00 0.000000000000000000e+00
6.650000000000000000e+02 1.545224445953043073e+02 2.000000000000000000e+00 0.000000000000000000e+00
6.660000000000000000e+02 1.533574311995095059e+02 2.000000000000000000e+00 0.000000000000000000e+00
6.670000000000000000e+02 1.539922278338003423e+02 0.000000000000000000e+00 0.000000000000000000e+00
6.680000000000000000e+02 1.532335176184497527e+02 1.000000000000000000e+00 0.000000000000000000e+00
6.690000000000000000e+02 1.520377104695280082e+02 2.000000000000000000e+00 0.000000000000000000e+00
6.700000000000000000e+02 1.499940328593161496e+02 2.000000000000000000e+00 0.000000000000000000e+00
6.710000000000000000e+02 1.515426027069021586e+02 0.000000000000000000e+00 0.000000000000000000e+00
6.720000000000000000e+02 1.530998093458529468e+02 1.000000000000000000e+00 0.000000000000000000e+00
6.730000000000000000e+02 1.534890432617099805e+02 1.000000000000000000e+00 0.000000000000000000e+00
6.740000000000000000e+02 1.522082493999904500e+02 2.000000000000000000e+00 0.000000000000000000e+00
6.750000000000000000e+02 1.542554914557723293e+02 0.000000000000000000e+00 0.000000000000000000e+00
6.760000000000000000e+02 1.550034219677406213e+02 0.000000000000000000e+00 0.000000000000000000e+00
6.770000000000000000e+02 1.522493244935091923e+02 2.000000000000000000e+00 0.000000000000000000e+00
6.780000000000000000e+02 1.537672041346940830e+02 0.000000000000000000e+00 0.000000000000000000e+00
6.790000000000000000e+02 1.535949771186155317e+02 2.000000000000000000e+00 0.000000000000000000e+00
6.800000000000000000e+02 1.519339585367598602e+02 2.000000000000000000e+00 0.000000000000000000e+00
6.810000000000000000e+02 1.521830471636784523e+02 0.000000000000000000e+00 0.000000000000000000e+00
6.820000000000000000e+02 1.545864107350533061e+02 0.000000000000000000e+00 0.000000000000000000e+00
6.830000000000000000e+02 1.539471620908827560e+02 2.000000000000000000e+00 0.000000000000000000e+00
6.840000000000000000e+02 1.540260552808385910e+02 0.000000000000000000e+00 0.000000000000000000e+00
6.850000000000000000e+02 1.534954432204688999e+02 0.000000000000000000e+00 0.000000000000000000e+00
6.860000000000000000e+02 1.545125803583880497e+02 1.000000000000000000e+00 0.000000000000000000e+00
6.870000000000000000e+02 1.559137687642600554e+02 1.000000000000000000e+00 0.000000000000000000e+00
6.880000000000000000e+02 1.564743205814353075e+02 0.000000000000000000e+00 0.000000000000000000e+00
6.890000000000000000e+02 1.571843338506458281e+02 0.000000000000000000e+00 0.000000000000000000e+00
6.900000000000000000e+02 1.568281670713109861e+02 2.000000000000000000e+00 0.000000000000000000e+00
6.910000000000000000e+02 1.551488409235754773e+02 2.000000000000000000e+00 0.000000000000000000e+00
6.920000000000000000e+02 1.543231321682495718e+02 2.000000000000000000e+00 0.000000000000000000e+00
6.930000000000000000e+02 1.524476355662283993e+02 2.000000000000000000e+00 0.000000000000000000e+00
6.940000000000000000e+02 1.524392368988349631e+02 1.000000000000000000e+00 0.000000000000000000e+00
6.950000000000000000e+02 1.541886252297991007e+02 1.000000000000000000e+00 0.000000000000000000e+00
6.960000000000000000e+02 1.535121158671950354e+02 0.000000000000000000e+00 0.000000000000000000e+00
6.970000000000000000e+02 1.529254260479270329e+02 2.000000000000000000e+00 0.000000000000000000e+00
6.980000000000000000e+02 1.537885549946131789e+02 0.000000000000000000e+00 0.000000000000000000e+00
6.990000000000000000e+02 1.545676181003476017e+02 1.000000000000000000e+00 0.000000000000000000e+00
7.000000000000000000e+02 1.544892053786311124e+02 0.000000000000000000e+00 0.000000000000000000e+00
7.010000000000000000e+02 1.542326987090120838e+02 1.000000000000000000e+00 0.000000000000000000e+00
7.020000000000000000e+02 1.569663042185551660e+02 0.000000000000000000e+00 0.000000000000000000e+00
7.030000000000000000e+02 1.556010749427122448e+02 2.000000000000000000e+00 0.000000000000000000e+00
7.040000000000000000e+02 1.535086992047034187e+02 1.000000000000000000e+00 0.000000000000000000e+00
7.050000000000000000e+02 1.538555993772341139e+02 2.000000000000000000e+00 0.000000000000000000e+00
7.060000000000000000e+02 1.535619293686574736e+02 0.000000000000000000e+00 0.000000000000000000e+00
7.070000000000000000e+02 1.547862003034531142e+02 0.000000000000000000e+00 0.000000000000000000e+00
7.080000000000000000e+02 1.545908007493324874e+02 1.000000000000000000e+00 0.000000000000000000e+00
7.090000000000000000e+02 1.550345197017178975e+02 1.000000000000000000e+00 0.000000000000000000e+00
7.100000000000000000e+02 1.573298817505212810e+02 1.000000000000000000e+00 0.000000000000000000e+00
7.110000000000000000e+02 1.569041708843197682e+02 1.000000000000000000e+00 0.000000000000000000e+00
7.120000000000000000e+02 1.553643217160606298e+02 1.000000000000000000e+00 0.000000000000000000e+00
7.130000000000000000e+02 1.559401075692016434e+02 2.000000000000000000e+00 0.000000000000000000e+00
7.140000000000000000e+02 1.563537744763140154e+02 0.000000000000000000e+00 0.000000000000000000e+00
7.150000000000000000e+02 1.565438175221528354e+02 0.000000000000000000e+00 0.000000000000000000e+00
7.160000000000000000e+02 1.562575722358020016e+02 2.000000000000000000e+00 0.000000000000000000e+00
7.170000000000000000e+02 1.559053595784896231e+02 2.000000000000000000e+00 0.000000000000000000e+00
7.180000000000000000e+02 1.550325253970007395e+02 0.000000000000000000e+00 0.000000000000000000e+00
7.190000000000000000e+02 1.555580130279786317e+02 2.000000000000000000e+00 0.000000000000000000e+00
7.200000000000000000e+02 1.532016147641064947e+02 2.000000000000000000e+00 0.000000000000000000e+00
7.210000000000000000e+02 1.551673935720627924e+02 1.000000000000000000e+00 0.000000000000000000e+00
7.220000000000000000e+02 1.533620342211687557e+02 1.000000000000000000e+00 0.000000000000000000e+00
7.230000000000000000e+02 1.540752618628538357e+02 2.000000000000000000e+00 0.000000000000000000e+00
7.240000000000000000e+02 1.537117401390199802e+02 0.000000000000000000e+00 0.000000000000000000e+00
7.250000000000000000e+02 1.549803445213453585e+02 0.000000000000000000e+00 0.000000000000000000e+00
7.260000000000000000e+02 1.564142540767310834e+02 0.000000000000000000e+00 0.000000000000000000e+00
7.270000000000000000e+02 1.553225543004872122e+02 1.000000000000000000e+00 0.000000000000000000e+00
7.280000000000000000e+02 1.570712325686620261e+02 0.000000000000000000e+00 0.000000000000000000e+00
7.290000000000000000e+02 1.562958727999523774e+02 0.000000000000000000e+00 0.000000000000000000e+00
7.300000000000000000e+02 1.587281595433805705e+02 1.000000000000000000e+00 0.000000000000000000e+00
7.310000000000000000e+02 1.581418881456183101e+02 0.000000000000000000e+00 0.000000000000000000e+00
7.320000000000000000e+02 1.580851693401280045e+02 2.000000000000000000e+00 0.000000000000000000e+00
7.330000000000000000e+02 1.562633722082531733e+02 2.000000000000000000e+00 0.000000000000000000e+00
7.340000000000000000e+02 1.573901298803385771e+02 0.000000000000000000e+00 0.000000000000000000e+00
7.350000000000000000e+02 1.583294822664462913e+02 1.000000000000000000e+00 0.000000000000000000e+00
7.360000000000000000e+02 1.574596802652039571e+02 0.000000000000000000e+00 0.000000000000000000e+00
7.370000000000000000e+02 1.592971939741911456e+02 1.000000000000000000e+00 0.000000000000000000e+00
7.380000000000000000e+02 1.603616081021280877e+02 0.000000000000000000e+00 0.000000000000000000e+00
7.390000000000000000e+02 1.589990875721409509e+02 1.000000000000000000e+00 0.000000000000000000e+00
7.400000000000000000e+02 1.619161776278762375e+02 1.000000000000000000e+00 0.000000000000000000e+00
7.410000000000000000e+02 1.601712452520334011e+02 1.000000000000000000e+00 0.000000000000000000e+00
7.420000000000000000e+02 1.598611936896262478e+02 2.000000000000000000e+00 0.000000000000000000e+00
7.430000000000000000e+02 1.597584591677852472e+02 0.000000000000000000e+00 0.000000000000000000e+00
7.440000000000000000e+02 1.596755011274850915e+02 2.000000000000000000e+00 0.000000000000000000e+00
7.450000000000000000e+02 1.577414889348226268e+02 2.000000000000000000e+00 0.000000000000000000e+00
7.460000000000000000e+02 1.575547562467948808e+02 2.000000000000000000e+00 0.000000000000000000e+00
7.470000000000000000e+02 1.582340798893621638e+02 0.000000000000000000e+00 0.000000000000000000e+00
7.480000000000000000e+02 1.581003582758360153e+02 1.000000000000000000e+00 0.000000000000000000e+00
7.490000000000000000e+02 1.569894124710850747e+02 1.000000000000000000e+00 0.000000000000000000e+00
7.500000000000000000e+02 1.590607147112750965e+02 1.000000000000000000e+00 0.000000000000000000e+00
7.510000000000000000e+02 1.569427051461833855e+02 2.000000000000000000e+00 0.000000000000000000e+00
7.520000000000000000e+02 1.581312440314882224e+02 0.000000000000000000e+00 0.000000000000000000e+00
7.530000000000000000e+02 1.548774790129094754e+02 2.000000000000000000e+00 0.000000000000000000e+00
7.540000000000000000e+02 1.575290137479405530e+02 0.000000000000000000e+00 0.000000000000000000e+00
7.550000000000000000e+02 1.584737195847957310e+02 0.000000000000000000e+00 0.000000000000000000e+00
7.560000000000000000e+02 1.596049410657376768e+02 1.000000000000000000e+00 0.000000000000000000e+00
7.570000000000000000e+02 1.586185188500864172e+02 1.000000000000000000e+00 0.000000000000000000e+00
7.580000000000000000e+02 1.583940793490813519e+02 0.000000000000000000e+00 0.000000000000000000e+00
7.590000000000000000e+02 1.596394660127098462e+02 2.000000000000000000e+00 0.000000000000000000e+00
7.600000000000000000e+02 1.582391612531673672e+02 2.000000000000000000e+00 0.000000000000000000e+00
7.610000000000000000e+02 1.572930470917573302e+02 1.000000000000000000e+00 0.000000000000000000e+00
7.620000000000000000e+02 1.600770726481581221e+02 0.000000000000000000e+00 0.000000000000000000e+00
7.630000000000000000e+02 1.590289758945572771e+02 1.000000000000000000e+00 0.000000000000000000e+00
7.640000000000000000e+02 1.595324750281864112e+02 0.000000000000000000e+00 0.000000000000000000e+00
7.650000000000000000e+02 1.587026228559354877e+02 2.000000000000000000e+00 0.000000000000000000e+00
7.660000000000000000e+02 1.586091010251903413e+02 1.000000000000000000e+00 0.000000000000000000e+00
7.670000000000000000e+02 1.586390943100755067e+02 1.000000000000000000e+00 0.000000000000000000e+00
7.680000000000000000e+02 1.608767002056989099e+02 0.000000000000000000e+00 0.000000000000000000e+00
7.690000000000000000e+02 1.603395216571185244e+02 0.000000000000000000e+00 0.000000000000000000e+00
7.700000000000000000e+02 1.602940570554873432e+02 0.000000000000000000e+00 0.000000000000000000e+00
7.710000000000000000e+02 1.600630946887270056e+02 2.000000000000000000e+00 0.000000000000000000e+00
7.720000000000000000e+02 1.605426910172681119e+02 1.000000000000000000e+00 0.000000000000000000e+00
7.730000000000000000e+02 1.593868998143693716e+02 2.000000000000000000e+00 0.000000000000000000e+00
7.740000000000000000e+02 1.611004332391734977e+02 1.000000000000000000e+00 0.000000000000000000e+00
7.750000000000000000e+02 1.599024112720524329e+02 2.000000000000000000e+00 0.000000000000000000e+00
7.760000000000000000e+02 1.595079712439529658e+02 1.000000000000000000e+00 0.000000000000000000e+00
7.770000000000000000e+02 1.593471505887591775e+02 1.000000000000000000e+00 0.000000000000000000e+00
7.780000000000000000e+02 1.582523040160197354e+02 1.000000000000000000e+00 0.000000000000000000e+00
7.790000000000000000e+02 1.592516581655568189e+02 0.000000000000000000e+00 0.000000000000000000e+00
7.800000000000000000e+02 1.604060011283786196e+02 1.000000000000000000e+00 0.000000000000000000e+00
7.810000000000000000e+02 1.618725252876278944e+02 0.000000000000000000e+00 0.000000000000000000e+00
7.820000000000000000e+02 1.597820528960189108e+02 2.000000000000000000e+00 0.000000000000000000e+00
7.830000000000000000e+02 1.583685325878287244e+02 2.000000000000000000e+00 0.000000000000000000e+00
7.840000000000000000e+02 1.602713676241525889e+02 0.000000000000000000e+00 0.000000000000000000e+00
7.850000000000000000e+02 1.582237436530704429e+02 2.000000000000000000e+00 0.000000000000000000e+00
7.860000000000000000e+02 1.579598408758078563e+02 2.000000000000000000e+00 0.000000000000000000e+00
7.870000000000000000e+02 1.574923213169026042e+02 1.000000000000000000e+00 0.000000000000000000e+00
7.880000000000000000e+02 1.559711461808638830e+02 2.000000000000000000e+00 0.000000000000000000e+00
7.890000000000000000e+02 1.575556986106954014e+02 1.000000000000000000e+00 0.000000000000000000e+00
7.900000000000000000e+02 1.579070178823754986e+02 1.000000000000000000e+00 0.000000000000000000e+00
7.910000000000000000e+02 1.568120928989181664e+02 1.000000000000000000e+00 0.000000000000000000e+00
7.920000000000000000e+02 1.582049142600054665e+02 1.000000000000000000e+00 0.000000000000000000e+00
7.930000000000000000e+02 1.573072355535321663e+02 1.000000000000000000e+00 0.000000000000000000e+00
7.940000000000000000e+02 1.566321240459064654e+02 1.000000000000000000e+00 0.000000000000000000e+00
7.950000000000000000e+02 1.587302092346633060e+02 0.000000000000000000e+00 0.000000000000000000e+00
7.960000000000000000e+02 1.574876051918365363e+02 2.000000000000000000e+00 0.000000000000000000e+00
7.970000000000000000e+02 1.560302724755407269e+02 1.000000000000000000e+00 0.000000000000000000e+00
7.980000000000000000e+02 1.590896861517402101e+02 0.000000000000000000e+00 0.000000000000000000e+00
7.990000000000000000e+02 1.586235901099590819e+02 1.000000000000000000e+00 0.000000000000000000e+00
8.000000000000000000e+02 1.604858781275772230e+02 0.000000000000000000e+00 0.000000000000000000e+00
