time	position	state	ATP_bound
1.000000000000000000e+00 2.251789998424938766e+00 0.000000000000000000e+00 0.000000000000000000e+00
2.000000000000000000e+00 1.629491486018046276e+00 0.000000000000000000e+00 0.000000000000000000e+00
3.000000000000000000e+00 2.386028719806391418e+00 1.000000000000000000e+00 0.000000000000000000e+00
4.000000000000000000e+00 1.968009122280683920e+00 2.000000000000000000e+00 0.000000000000000000e+00
5.000000000000000000e+00 0.000000000000000000e+00 1.000000000000000000e+00 0.000000000000000000e+00
6.000000000000000000e+00 0.000000000000000000e+00 2.000000000000000000e+00 0.000000000000000000e+00
7.000000000000000000e+00 1.572580281980101802e+00 1.000000000000000000e+00 0.000000000000000000e+00
8.000000000000000000e+00 1.277612417172593773e+00 0.000000000000000000e+00 0.000000000000000000e+00
9.000000000000000000e+00 1.627520389070632900e+00 1.000000000000000000e+00 0.000000000000000000e+00
1.000000000000000000e+01 1.028369951584006126e+00 1.000000000000000000e+00 0.000000000000000000e+00
1.100000000000000000e+01 1.298065181581950167e+00 1.000000000000000000e+00 0.000000000000000000e+00
1.200000000000000000e+01 1.850066366848908350e+00 0.000000000000000000e+00 0.000000000000000000e+00
1.300000000000000000e+01 2.729724790139788748e+00 1.000000000000000000e+00 0.000000000000000000e+00
1.400000000000000000e+01 1.755096683874527219e+00 1.000000000000000000e+00 0.000000000000000000e+00
1.500000000000000000e+01 3.503487380983375754e+00 0.000000000000000000e+00 0.000000000000000000e+00
1.600000000000000000e+01 4.628796930550569400e+00 0.000000000000000000e+00 0.000000000000000000e+00
1.700000000000000000e+01 4.073965503445473146e+00 2.000000000000000000e+00 0.000000000000000000e+00
1.800000000000000000e+01 3.033350031236041744e+00 0.000000000000000000e+00 0.000000000000000000e+00
1.900000000000000000e+01 3.216027188380317980e+00 2.000000000000000000e+00 0.000000000000000000e+00
2.000000000000000000e+01 3.408954408262855562e+00 0.000000000000000000e+00 0.000000000000000000e+00
2.100000000000000000e+01 4.000131805554893560e+00 1.000000000000000000e+00 0.000000000000000000e+00
2.200000000000000000e+01 4.469543397168750154e+00 0.000000000000000000e+00 0.000000000000000000e+00
2.300000000000000000e+01 4.213277266175539992e+00 0.000000000000000000e+00 0.000000000000000000e+00
2.400000000000000000e+01 5.230013994412697542e+00 2.000000000000000000e+00 0.000000000000000000e+00
2.500000000000000000e+01 3.384435591339658878e+00 2.000000000000000000e+00 0.000000000000000000e+00
2.600000000000000000e+01 3.427916367290973376e+00 0.000000000000000000e+00 0.000000000000000000e+00
2.700000000000000000e+01 4.625544559798203892e+00 0.000000000000000000e+00 0.000000000000000000e+00
2.800000000000000000e+01 5.151691278519510142e+00 2.000000000000000000e+00 0.000000000000000000e+00
2.900000000000000000e+01 6.208470420898747122e+00 0.000000000000000000e+00 0.000000000000000000e+00
3.000000000000000000e+01 4.190574248912164457e+00 2.000000000000000000e+00 0.000000000000000000e+00
3.100000000000000000e+01 5.669179538036548394e+00 0.000000000000000000e+00 0.000000000000000000e+00
3.200000000000000000e+01 7.412816443172078884e+00 1.000000000000000000e+00 0.000000000000000000e+00
3.300000000000000000e+01 6.478430537695056834e+00 1.000000000000000000e+00 0.000000000000000000e+00
3.400000000000000000e+01 5.643540118586235721e+00 1.000000000000000000e+00 0.000000000000000000e+00
3.500000000000000000e+01 6.469425180747353288e+00 1.000000000000000000e+00 0.000000000000000000e+00
3.600000000000000000e+01 6.794409016375369426e+00 0.000000000000000000e+00 0.000000000000000000e+00
3.700000000000000000e+01 6.244662548545351299e+00 2.000000000000000000e+00 0.000000000000000000e+00
3.800000000000000000e+01 4.618872882643034750e+00 2.000000000000000000e+00 0.000000000000000000e+00
3.900000000000000000e+01 4.975018416112428454e+00 0.000000000000000000e+00 0.000000000000000000e+00
4.000000000000000000e+01 5.524222238737844570e+00 1.000000000000000000e+00 0.000000000000000000e+00
4.100000000000000000e+01 6.688331974943374725e+00 0.000000000000000000e+00 0.000000000000000000e+00
4.200000000000000000e+01 6.960603880043953140e+00 1.000000000000000000e+00 0.000000000000000000e+00
4.300000000000000000e+01 7.590010546570504779e+00 1.000000000000000000e+00 0.000000000000000000e+00
4.400000000000000000e+01 7.423279867330115245e+00 1.000000000000000000e+00 0.000000000000000000e+00
4.500000000000000000e+01 8.276786515424245039e+00 0.000000000000000000e+00 0.000000000000000000e+00
4.600000000000000000e+01 7.252534089953017293e+00 2.000000000000000000e+00 0.000000000000000000e+00
4.700000000000000000e+01 8.060631030388337948e+00 1.000000000000000000e+00 0.000000000000000000e+00
4.800000000000000000e+01 6.919420595892757930e+00 2.000000000000000000e+00 0.000000000000000000e+00
4.900000000000000000e+01 7.683516082854147555e+00 0.000000000000000000e+00 0.000000000000000000e+00
5.000000000000000000e+01 5.781459311693477154e+00 2.000000000000000000e+00 0.000000000000000000e+00
5.100000000000000000e+01 5.434552616193343511e+00 1.000000000000000000e+00 0.000000000000000000e+00
5.200000000000000000e+01 6.622792819669641950e+00 1.000000000000000000e+00 0.000000000000000000e+00
5.300000000000000000e+01 6.841727958064664605e+00 0.000000000000000000e+00 0.000000000000000000e+00
5.400000000000000000e+01 7.652601654745073034e+00 0.000000000000000000e+00 0.000000000000000000e+00
5.500000000000000000e+01 9.941011748582361918e+00 0.000000000000000000e+00 0.000000000000000000e+00
5.600000000000000000e+01 1.008092703092379061e+01 0.000000000000000000e+00 0.000000000000000000e+00
5.700000000000000000e+01 1.013207199633402311e+01 2.000000000000000000e+00 0.000000000000000000e+00
5.800000000000000000e+01 8.942363273085330633e+00 1.000000000000000000e+00 0.000000000000000000e+00
5.900000000000000000e+01 9.130603081970711798e+00 1.000000000000000000e+00 0.000000000000000000e+00
6.000000000000000000e+01 1.032806999105111956e+01 0.000000000000000000e+00 0.000000000000000000e+00
6.100000000000000000e+01 1.047053005816931126e+01 0.000000000000000000e+00 0.000000000000000000e+00
6.200000000000000000e+01 1.008009865073203670e+01 2.000000000000000000e+00 0.000000000000000000e+00
6.300000000000000000e+01 1.076053520964444310e+01 1.000000000000000000e+00 0.000000000000000000e+00
6.400000000000000000e+01 1.116233485160337580e+01 0.000000000000000000e+00 0.000000000000000000e+00
6.500000000000000000e+01 1.286305116025700102e+01 1.000000000000000000e+00 0.000000000000000000e+00
6.600000000000000000e+01 1.004606171392902070e+01 1.000000000000000000e+00 0.000000000000000000e+00
6.700000000000000000e+01 1.161340962571453517e+01 1.000000000000000000e+00 0.000000000000000000e+00
6.800000000000000000e+01 1.105256569112856724e+01 1.000000000000000000e+00 0.000000000000000000e+00
6.900000000000000000e+01 1.199989204545191335e+01 0.000000000000000000e+00 0.000000000000000000e+00
7.000000000000000000e+01 1.139008716393394494e+01 1.000000000000000000e+00 0.000000000000000000e+00
7.100000000000000000e+01 1.160317199075095473e+01 1.000000000000000000e+00 0.000000000000000000e+00
7.200000000000000000e+01 1.312181615768887788e+01 0.000000000000000000e+00 0.000000000000000000e+00
7.300000000000000000e+01 1.398313583140588356e+01 1.000000000000000000e+00 0.000000000000000000e+00
7.400000000000000000e+01 1.294811110277328936e+01 2.000000000000000000e+00 0.000000000000000000e+00
7.500000000000000000e+01 1.099514458026370889e+01 0.000000000000000000e+00 0.000000000000000000e+00
7.600000000000000000e+01 1.284127791630465687e+01 0.000000000000000000e+00 0.000000000000000000e+00
7.700000000000000000e+01 1.372793457899135916e+01 1.000000000000000000e+00 0.000000000000000000e+00
7.800000000000000000e+01 1.204817483062641692e+01 2.000000000000000000e+00 0.000000000000000000e+00
7.900000000000000000e+01 1.376312035137884138e+01 0.000000000000000000e+00 0.000000000000000000e+00
8.000000000000000000e+01 1.670394761668996608e+01 0.000000000000000000e+00 0.000000000000000000e+00
8.100000000000000000e+01 1.576526472520186140e+01 0.000000000000000000e+00 0.000000000000000000e+00
8.200000000000000000e+01 1.517730995591657717e+01 1.000000000000000000e+00 0.000000000000000000e+00
8.300000000000000000e+01 1.593006582319837250e+01 0.000000000000000000e+00 0.000000000000000000e+00
8.400000000000000000e+01 1.719385775603805655e+01 0.000000000000000000e+00 0.000000000000000000e+00
8.500000000000000000e+01 1.863801059281721351e+01 1.000000000000000000e+00 0.000000000000000000e+00
8.600000000000000000e+01 1.866762630899384234e+01 0.000000000000000000e+00 0.000000000000000000e+00
8.700000000000000000e+01 2.048210603370652194e+01 0.000000000000000000e+00 0.000000000000000000e+00
8.800000000000000000e+01 2.225756104632103671e+01 0.000000000000000000e+00 0.000000000000000000e+00
8.900000000000000000e+01 2.160516331435981030e+01 0.000000000000000000e+00 0.000000000000000000e+00
9.000000000000000000e+01 2.097900800846331038e+01 1.000000000000000000e+00 0.000000000000000000e+00
9.100000000000000000e+01 2.134628836665149265e+01 1.000000000000000000e+00 0.000000000000000000e+00
9.200000000000000000e+01 2.029540538239634984e+01 1.000000000000000000e+00 0.000000000000000000e+00
9.300000000000000000e+01 2.209775518817238549e+01 1.000000000000000000e+00 0.000000000000000000e+00
9.400000000000000000e+01 2.036276516849886420e+01 2.000000000000000000e+00 0.000000000000000000e+00
9.500000000000000000e+01 2.168645274294803471e+01 0.000000000000000000e+00 0.000000000000000000e+00
9.600000000000000000e+01 2.228995522462922096e+01 1.000000000000000000e+00 0.000000000000000000e+00
9.700000000000000000e+01 2.349894874068088413e+01 1.000000000000000000e+00 0.000000000000000000e+00
9.800000000000000000e+01 2.167634204959705713e+01 2.000000000000000000e+00 0.000000000000000000e+00
9.900000000000000000e+01 2.121367210340593701e+01 0.000000000000000000e+00 0.000000000000000000e+00
1.000000000000000000e+02 2.138003808709033748e+01 1.000000000000000000e+00 0.000000000000000000e+00
1.010000000000000000e+02 2.303841539662118265e+01 0.000000000000000000e+00 0.000000000000000000e+00
1.020000000000000000e+02 2.178277865691783077e+01 2.000000000000000000e+00 0.000000000000000000e+00
1.030000000000000000e+02 2.166165894360444000e+01 1.000000000000000000e+00 0.000000000000000000e+00
1.040000000000000000e+02 2.380150981178351088e+01 0.000000000000000000e+00 0.000000000000000000e+00
1.050000000000000000e+02 2.310912948295610647e+01 2.000000000000000000e+00 0.000000000000000000e+00
1.060000000000000000e+02 2.450511323494254867e+01 0.000000000000000000e+00 0.000000000000000000e+00
1.070000000000000000e+02 2.132790034616920138e+01 2.000000000000000000e+00 0.000000000000000000e+00
1.080000000000000000e+02 2.197102081350270808e+01 1.000000000000000000e+00 0.000000000000000000e+00
1.090000000000000000e+02 2.112979045143342560e+01 1.000000000000000000e+00 0.000000000000000000e+00
1.100000000000000000e+02 2.166186289525294129e+01 1.000000000000000000e+00 0.000000000000000000e+00
1.110000000000000000e+02 2.169045900851552489e+01 1.000000000000000000e+00 0.000000000000000000e+00
1.120000000000000000e+02 2.346335297031900424e+01 0.000000000000000000e+00 0.000000000000000000e+00
1.130000000000000000e+02 2.136398234948609698e+01 2.000000000000000000e+00 0.000000000000000000e+00
1.140000000000000000e+02 2.338772439840627015e+01 1.000000000000000000e+00 0.000000000000000000e+00
1.150000000000000000e+02 2.139878586026533114e+01 1.000000000000000000e+00 0.000000000000000000e+00
1.160000000000000000e+02 2.295111621421071746e+01 0.000000000000000000e+00 0.000000000000000000e+00
1.170000000000000000e+02 2.179086970820495850e+01 2.000000000000000000e+00 0.000000000000000000e+00
1.180000000000000000e+02 2.084379298235390365e+01 2.000000000000000000e+00 0.000000000000000000e+00
1.190000000000000000e+02 2.276937933461022467e+01 0.000000000000000000e+00 0.000000000000000000e+00
1.200000000000000000e+02 2.124391686305348159e+01 2.000000000000000000e+00 0.000000000000000000e+00
1.210000000000000000e+02 2.290941383821135346e+01 0.000000000000000000e+00 0.000000000000000000e+00
1.220000000000000000e+02 2.161771230882703065e+01 2.000000000000000000e+00 0.000000000000000000e+00
1.230000000000000000e+02 2.047516738934132263e+01 1.000000000000000000e+00 0.000000000000000000e+00
1.240000000000000000e+02 2.132949221047673660e+01 2.000000000000000000e+00 0.000000000000000000e+00
1.250000000000000000e+02 1.964216110471735277e+01 0.000000000000000000e+00 0.000000000000000000e+00
1.260000000000000000e+02 2.218409894134519789e+01 0.000000000000000000e+00 0.000000000000000000e+00
1.270000000000000000e+02 2.094659330344279624e+01 1.000000000000000000e+00 0.000000000000000000e+00
1.280000000000000000e+02 2.145860224193535259e+01 1.000000000000000000e+00 0.000000000000000000e+00
1.290000000000000000e+02 2.213057434583861394e+01 1.000000000000000000e+00 0.000000000000000000e+00
1.300000000000000000e+02 2.093114231078463305e+01 2.000000000000000000e+00 0.000000000000000000e+00
1.310000000000000000e+02 2.294909578417176377e+01 0.000000000000000000e+00 0.000000000000000000e+00
1.320000000000000000e+02 2.072218841103509845e+01 2.000000000000000000e+00 0.000000000000000000e+00
1.330000000000000000e+02 2.014557333824590302e+01 2.000000000000000000e+00 0.000000000000000000e+00
1.340000000000000000e+02 1.943463671002487558e+01 0.000000000000000000e+00 0.000000000000000000e+00
1.350000000000000000e+02 2.208617639737776628e+01 0.000000000000000000e+00 0.000000000000000000e+00
1.360000000000000000e+02 2.089589179073532677e+01 2.000000000000000000e+00 0.000000000000000000e+00
1.370000000000000000e+02 2.154422267042661332e+01 0.000000000000000000e+00 0.000000000000000000e+00
1.380000000000000000e+02 2.432027712728096347e+01 0.000000000000000000e+00 0.000000000000000000e+00
1.390000000000000000e+02 2.291891448671343312e+01 0.000000000000000000e+00 0.000000000000000000e+00
1.400000000000000000e+02 2.747373339362668787e+01 0.000000000000000000e+00 0.000000000000000000e+00
1.410000000000000000e+02 2.477398634400723765e+01 1.000000000000000000e+00 0.000000000000000000e+00
1.420000000000000000e+02 2.617820862882483368e+01 0.000000000000000000e+00 0.000000000000000000e+00
1.430000000000000000e+02 2.622078778619055583e+01 2.000000000000000000e+00 0.000000000000000000e+00
1.440000000000000000e+02 2.570390987861461696e+01 0.000000000000000000e+00 0.000000000000000000e+00
1.450000000000000000e+02 2.588868376562178497e+01 0.000000000000000000e+00 0.000000000000000000e+00
1.460000000000000000e+02 2.642006199241501818e+01 1.000000000000000000e+00 0.000000000000000000e+00
1.470000000000000000e+02 2.905381818266262073e+01 0.000000000000000000e+00 0.000000000000000000e+00
1.480000000000000000e+02 2.574246201200099904e+01 2.000000000000000000e+00 0.000000000000000000e+00
1.490000000000000000e+02 2.778194767860535208e+01 0.000000000000000000e+00 0.000000000000000000e+00
1.500000000000000000e+02 2.921116759650205097e+01 0.000000000000000000e+00 0.000000000000000000e+00
1.510000000000000000e+02 2.933210702116431889e+01 0.000000000000000000e+00 0.000000000000000000e+00
1.520000000000000000e+02 3.041081886392154132e+01 2.000000000000000000e+00 0.000000000000000000e+00
1.530000000000000000e+02 2.913423855686257724e+01 1.000000000000000000e+00 0.000000000000000000e+00
1.540000000000000000e+02 2.746323417636492081e+01 2.000000000000000000e+00 0.000000000000000000e+00
1.550000000000000000e+02 2.754073797930025336e+01 0.000000000000000000e+00 0.000000000000000000e+00
1.560000000000000000e+02 2.811121945281490042e+01 2.000000000000000000e+00 0.000000000000000000e+00
1.570000000000000000e+02 2.845829317827773153e+01 1.000000000000000000e+00 0.000000000000000000e+00
1.580000000000000000e+02 2.840228696719644574e+01 1.000000000000000000e+00 0.000000000000000000e+00
1.590000000000000000e+02 2.677526662245474398e+01 2.000000000000000000e+00 0.000000000000000000e+00
1.600000000000000000e+02 2.752370725992420830e+01 0.000000000000000000e+00 0.000000000000000000e+00
1.610000000000000000e+02 2.791600950046762719e+01 1.000000000000000000e+00 0.000000000000000000e+00
1.620000000000000000e+02 2.702072148281937913e+01 2.000000000000000000e+00 0.000000000000000000e+00
1.630000000000000000e+02 2.641063100000402386e+01 2.000000000000000000e+00 0.000000000000000000e+00
1.640000000000000000e+02 2.569042357524405062e+01 2.000000000000000000e+00 0.000000000000000000e+00
1.650000000000000000e+02 2.538511483106819355e+01 0.000000000000000000e+00 0.000000000000000000e+00
1.660000000000000000e+02 2.500317942476827326e+01 1.000000000000000000e+00 0.000000000000000000e+00
1.670000000000000000e+02 2.567771060830712315e+01 1.000000000000000000e+00 0.000000000000000000e+00
1.680000000000000000e+02 2.542366033463540020e+01 2.000000000000000000e+00 0.000000000000000000e+00
1.690000000000000000e+02 2.538166253061562116e+01 1.000000000000000000e+00 0.000000000000000000e+00
1.700000000000000000e+02 2.493591830695028477e+01 2.000000000000000000e+00 0.000000000000000000e+00
1.710000000000000000e+02 2.654457077153623246e+01 0.000000000000000000e+00 0.000000000000000000e+00
1.720000000000000000e+02 2.553323291609340728e+01 1.000000000000000000e+00 0.000000000000000000e+00
1.730000000000000000e+02 2.534926638462866322e+01 1.000000000000000000e+00 0.000000000000000000e+00
1.740000000000000000e+02 2.444408260216339812e+01 0.000000000000000000e+00 0.000000000000000000e+00
1.750000000000000000e+02 2.663258538115185203e+01 2.000000000000000000e+00 0.000000000000000000e+00
1.760000000000000000e+02 2.385120307460932665e+01 2.000000000000000000e+00 0.000000000000000000e+00
1.770000000000000000e+02 2.398004512138876265e+01 1.000000000000000000e+00 0.000000000000000000e+00
1.780000000000000000e+02 2.531287255406005343e+01 0.000000000000000000e+00 0.000000000000000000e+00
1.790000000000000000e+02 2.486078594190840363e+01 1.000000000000000000e+00 0.000000000000000000e+00
1.800000000000000000e+02 2.353104374530337495e+01 2.000000000000000000e+00 0.000000000000000000e+00
1.810000000000000000e+02 2.532799841771511495e+01 0.000000000000000000e+00 0.000000000000000000e+00
1.820000000000000000e+02 2.374982597254150818e+01 2.000000000000000000e+00 0.000000000000000000e+00
1.830000000000000000e+02 2.300187715579987469e+01 1.000000000000000000e+00 0.000000000000000000e+00
1.840000000000000000e+02 2.249684087941561828e+01 1.000000000000000000e+00 0.000000000000000000e+00
1.850000000000000000e+02 2.435336251753616210e+01 1.000000000000000000e+00 0.000000000000000000e+00
1.860000000000000000e+02 2.504083651333538185e+01 0.000000000000000000e+00 0.000000000000000000e+00
1.870000000000000000e+02 2.390755297706385107e+01 2.000000000000000000e+00 0.000000000000000000e+00
1.880000000000000000e+02 2.527611601286109178e+01 0.000000000000000000e+00 0.000000000000000000e+00
1.890000000000000000e+02 2.519183037137309000e+01 0.000000000000000000e+00 0.000000000000000000e+00
1.900000000000000000e+02 2.529750683388522958e+01 1.000000000000000000e+00 0.000000000000000000e+00
1.910000000000000000e+02 2.580341599195041624e+01 1.000000000000000000e+00 0.000000000000000000e+00
1.920000000000000000e+02 2.550040831116380247e+01 0.000000000000000000e+00 0.000000000000000000e+00
1.930000000000000000e+02 2.794260895676280398e+01 0.000000000000000000e+00 0.000000000000000000e+00
1.940000000000000000e+02 2.806898947968745972e+01 2.000000000000000000e+00 0.000000000000000000e+00
1.950000000000000000e+02 2.838452058866228001e+01 0.000000000000000000e+00 0.000000000000000000e+00
1.960000000000000000e+02 2.782231814217558608e+01 1.000000000000000000e+00 0.000000000000000000e+00
1.970000000000000000e+02 2.906939397713853523e+01 0.000000000000000000e+00 0.000000000000000000e+00
1.980000000000000000e+02 2.796296328086049243e+01 1.000000000000000000e+00 0.000000000000000000e+00
1.990000000000000000e+02 2.940839381276502351e+01 1.000000000000000000e+00 0.000000000000000000e+00
2.000000000000000000e+02 3.019718910769007536e+01 0.000000000000000000e+00 0.000000000000000000e+00
2.010000000000000000e+02 3.045438152849373026e+01 0.000000000000000000e+00 0.000000000000000000e+00
2.020000000000000000e+02 3.048283814166478223e+01 2.000000000000000000e+00 0.000000000000000000e+00
2.030000000000000000e+02 3.135497154387588381e+01 0.000000000000000000e+00 0.000000000000000000e+00
2.040000000000000000e+02 3.133306114792905106e+01 0.000000000000000000e+00 0.000000000000000000e+00
2.050000000000000000e+02 3.184690455294266798e+01 1.000000000000000000e+00 0.000000000000000000e+00
2.060000000000000000e+02 3.221939440616187511e+01 1.000000000000000000e+00 0.000000000000000000e+00
2.070000000000000000e+02 3.362400018146548319e+01 0.000000000000000000e+00 0.000000000000000000e+00
2.080000000000000000e+02 3.376258827908661431e+01 0.000000000000000000e+00 0.000000000000000000e+00
2.090000000000000000e+02 3.469278959776982418e+01 2.000000000000000000e+00 0.000000000000000000e+00
2.100000000000000000e+02 3.532894521421570033e+01 0.000000000000000000e+00 0.000000000000000000e+00
2.110000000000000000e+02 3.430767093090437925e+01 0.000000000000000000e+00 0.000000000000000000e+00
2.120000000000000000e+02 3.462896858173326819e+01 2.000000000000000000e+00 0.000000000000000000e+00
2.130000000000000000e+02 3.387498244696020322e+01 1.000000000000000000e+00 0.000000000000000000e+00
2.140000000000000000e+02 3.333494525114509344e+01 0.000000000000000000e+00 0.000000000000000000e+00
2.150000000000000000e+02 3.396808949283558121e+01 2.000000000000000000e+00 0.000000000000000000e+00
2.160000000000000000e+02 3.395597729877780324e+01 0.000000000000000000e+00 0.000000000000000000e+00
2.170000000000000000e+02 3.285780846704916769e+01 2.000000000000000000e+00 0.000000000000000000e+00
2.180000000000000000e+02 3.584232302387353286e+01 0.000000000000000000e+00 0.000000000000000000e+00
2.190000000000000000e+02 3.433349164491334449e+01 1.000000000000000000e+00 0.000000000000000000e+00
2.200000000000000000e+02 3.551152613591617069e+01 0.000000000000000000e+00 0.000000000000000000e+00
2.210000000000000000e+02 3.645980719633303835e+01 1.000000000000000000e+00 0.000000000000000000e+00
2.220000000000000000e+02 3.750259749911614904e+01 1.000000000000000000e+00 0.000000000000000000e+00
2.230000000000000000e+02 3.590351245758559884e+01 1.000000000000000000e+00 0.000000000000000000e+00
2.240000000000000000e+02 3.736063837232032370e+01 0.000000000000000000e+00 0.000000000000000000e+00
2.250000000000000000e+02 3.686874516944013180e+01 1.000000000000000000e+00 0.000000000000000000e+00
2.260000000000000000e+02 3.821373095749947879e+01 0.000000000000000000e+00 0.000000000000000000e+00
2.270000000000000000e+02 3.728759997498149659e+01 1.000000000000000000e+00 0.000000000000000000e+00
2.280000000000000000e+02 3.847910543001206918e+01 0.000000000000000000e+00 0.000000000000000000e+00
2.290000000000000000e+02 3.968057954517388453e+01 1.000000000000000000e+00 0.000000000000000000e+00
2.300000000000000000e+02 3.744114531578857452e+01 1.000000000000000000e+00 0.000000000000000000e+00
2.310000000000000000e+02 4.047685653413222440e+01 0.000000000000000000e+00 0.000000000000000000e+00
2.320000000000000000e+02 3.968272314827145664e+01 2.000000000000000000e+00 0.000000000000000000e+00
2.330000000000000000e+02 3.831246858648113118e+01 2.000000000000000000e+00 0.000000000000000000e+00
2.340000000000000000e+02 3.862529920990574794e+01 0.000000000000000000e+00 0.000000000000000000e+00
2.350000000000000000e+02 3.758734130504804938e+01 2.000000000000000000e+00 0.000000000000000000e+00
2.360000000000000000e+02 3.741503388281292075e+01 2.000000000000000000e+00 0.000000000000000000e+00
2.370000000000000000e+02 3.793502954444532804e+01 0.000000000000000000e+00 0.000000000000000000e+00
2.380000000000000000e+02 3.725484654421232733e+01 1.000000000000000000e+00 0.000000000000000000e+00
2.390000000000000000e+02 3.729268571428627155e+01 2.000000000000000000e+00 0.000000000000000000e+00
2.400000000000000000e+02 3.715103203838547330e+01 2.000000000000000000e+00 0.000000000000000000e+00
2.410000000000000000e+02 3.573037975162151980e+01 1.000000000000000000e+00 0.000000000000000000e+00
2.420000000000000000e+02 3.641217936768461527e+01 1.000000000000000000e+00 0.000000000000000000e+00
2.430000000000000000e+02 3.670212619606409987e+01 0.000000000000000000e+00 0.000000000000000000e+00
2.440000000000000000e+02 3.765231338576271014e+01 1.000000000000000000e+00 0.000000000000000000e+00
2.450000000000000000e+02 3.789416404030541230e+01 1.000000000000000000e+00 0.000000000000000000e+00
2.460000000000000000e+02 3.508013991390613029e+01 2.000000000000000000e+00 0.000000000000000000e+00
2.470000000000000000e+02 3.538791481753547430e+01 2.000000000000000000e+00 0.000000000000000000e+00
2.480000000000000000e+02 3.277756784779826660e+01 2.000000000000000000e+00 0.000000000000000000e+00
2.490000000000000000e+02 3.599234502576207007e+01 0.000000000000000000e+00 0.000000000000000000e+00
2.500000000000000000e+02 3.635154761262927536e+01 0.000000000000000000e+00 0.000000000000000000e+00
2.510000000000000000e+02 3.582784717715202305e+01 1.000000000000000000e+00 0.000000000000000000e+00
2.520000000000000000e+02 3.830749711505471566e+01 0.000000000000000000e+00 0.000000000000000000e+00
2.530000000000000000e+02 3.745911631301682121e+01 0.000000000000000000e+00 0.000000000000000000e+00
2.540000000000000000e+02 3.628021606890930428e+01 1.000000000000000000e+00 0.000000000000000000e+00
2.550000000000000000e+02 3.980517119135207338e+01 1.000000000000000000e+00 0.000000000000000000e+00
2.560000000000000000e+02 3.792155099077700697e+01 1.000000000000000000e+00 0.000000000000000000e+00
2.570000000000000000e+02 3.810579776311045919e+01 0.000000000000000000e+00 0.000000000000000000e+00
2.580000000000000000e+02 3.987187132854773353e+01 0.000000000000000000e+00 0.000000000000000000e+00
2.590000000000000000e+02 3.843489733827961174e+01 2.000000000000000000e+00 0.000000000000000000e+00
2.600000000000000000e+02 4.101775453153217654e+01 0.000000000000000000e+00 0.000000000000000000e+00
2.610000000000000000e+02 3.935045812836975188e+01 1.000000000000000000e+00 0.000000000000000000e+00
2.620000000000000000e+02 4.077979332267258883e+01 1.000000000000000000e+00 0.000000000000000000e+00
2.630000000000000000e+02 3.927631638751810783e+01 0.000000000000000000e+00 0.000000000000000000e+00
2.640000000000000000e+02 4.067116190149441479e+01 1.000000000000000000e+00 0.000000000000000000e+00
2.650000000000000000e+02 4.108223660155618262e+01 1.000000000000000000e+00 0.000000000000000000e+00
2.660000000000000000e+02 4.088169356436625179e+01 2.000000000000000000e+00 0.000000000000000000e+00
2.670000000000000000e+02 4.066255297803629531e+01 0.000000000000000000e+00 0.000000000000000000e+00
2.680000000000000000e+02 3.975892757648124842e+01 2.000000000000000000e+00 0.000000000000000000e+00
2.690000000000000000e+02 3.829490421384629428e+01 2.000000000000000000e+00 0.000000000000000000e+00
2.700000000000000000e+02 3.845041343573736725e+01 2.000000000000000000e+00 0.000000000000000000e+00
2.710000000000000000e+02 4.018658502285664014e+01 0.000000000000000000e+00 0.000000000000000000e+00
2.720000000000000000e+02 3.968211599610433638e+01 0.000000000000000000e+00 0.000000000000000000e+00
2.730000000000000000e+02 3.995964842971380193e+01 1.000000000000000000e+00 0.000000000000000000e+00
2.740000000000000000e+02 3.965145783416551950e+01 1.000000000000000000e+00 0.000000000000000000e+00
2.750000000000000000e+02 3.914844649661764464e+01 2.000000000000000000e+00 0.000000000000000000e+00
2.760000000000000000e+02 3.845426726605820278e+01 0.000000000000000000e+00 0.000000000000000000e+00
2.770000000000000000e+02 4.141334662772914044e+01 0.000000000000000000e+00 0.000000000000000000e+00
2.780000000000000000e+02 4.093203387902775603e+01 2.000000000000000000e+00 0.000000000000000000e+00
2.790000000000000000e+02 4.126192836982794887e+01 0.000000000000000000e+00 0.000000000000000000e+00
2.800000000000000000e+02 4.275902586854564902e+01 0.000000000000000000e+00 0.000000000000000000e+00
2.810000000000000000e+02 4.393650247951738663e+01 1.000000000000000000e+00 0.000000000000000000e+00
2.820000000000000000e+02 4.184285871870807227e+01 1.000000000000000000e+00 0.000000000000000000e+00
2.830000000000000000e+02 4.401052788253245751e+01 0.000000000000000000e+00 0.000000000000000000e+00
2.840000000000000000e+02 4.388994436101795316e+01 0.000000000000000000e+00 0.000000000000000000e+00
2.850000000000000000e+02 4.479414762739212819e+01 0.000000000000000000e+00 0.000000000000000000e+00
2.860000000000000000e+02 4.506795518275745849e+01 1.000000000000000000e+00 0.000000000000000000e+00
2.870000000000000000e+02 4.489735494964693885e+01 1.000000000000000000e+00 0.000000000000000000e+00
2.880000000000000000e+02 4.548231201037566507e+01 1.000000000000000000e+00 0.000000000000000000e+00
2.890000000000000000e+02 4.502098099699512801e+01 1.000000000000000000e+00 0.000000000000000000e+00
2.900000000000000000e+02 4.425644832449701482e+01 2.000000000000000000e+00 0.000000000000000000e+00
2.910000000000000000e+02 4.313861277192926735e+01 2.000000000000000000e+00 0.000000000000000000e+00
2.920000000000000000e+02 4.322364040033188815e+01 0.000000000000000000e+00 0.000000000000000000e+00
2.930000000000000000e+02 4.477284345722079451e+01 0.000000000000000000e+00 0.000000000000000000e+00
2.940000000000000000e+02 4.672869258252445235e+01 0.000000000000000000e+00 0.000000000000000000e+00
2.950000000000000000e+02 4.474798406905528481e+01 2.000000000000000000e+00 0.000000000000000000e+00
2.960000000000000000e+02 4.687636974566596137e+01 0.000000000000000000e+00 0.000000000000000000e+00
2.970000000000000000e+02 4.598046038268164182e+01 0.000000000000000000e+00 0.000000000000000000e+00
2.980000000000000000e+02 4.771935305739796007e+01 0.000000000000000000e+00 0.000000000000000000e+00
2.990000000000000000e+02 4.642370605299569064e+01 2.000000000000000000e+00 0.000000000000000000e+00
3.000000000000000000e+02 4.760417262662648596e+01 1.000000000000000000e+00 0.000000000000000000e+00
3.010000000000000000e+02 4.515138794251600274e+01 2.000000000000000000e+00 0.000000000000000000e+00
3.020000000000000000e+02 4.796457866366345968e+01 0.000000000000000000e+00 0.000000000000000000e+00
3.030000000000000000e+02 4.655727391169566687e+01 1.000000000000000000e+00 0.000000000000000000e+00
3.040000000000000000e+02 4.894417496841082738e+01 0.000000000000000000e+00 0.000000000000000000e+00
3.050000000000000000e+02 4.764799228677766507e+01 1.000000000000000000e+00 0.000000000000000000e+00
3.060000000000000000e+02 4.654474318496774288e+01 2.000000000000000000e+00 0.000000000000000000e+00
3.070000000000000000e+02 4.614297276624245825e+01 2.000000000000000000e+00 0.000000000000000000e+00
3.080000000000000000e+02 4.700474139247062055e+01 0.000000000000000000e+00 0.000000000000000000e+00
3.090000000000000000e+02 4.718740969676415631e+01 0.000000000000000000e+00 0.000000000000000000e+00
3.100000000000000000e+02 4.873846134945346620e+01 0.000000000000000000e+00 0.000000000000000000e+00
3.110000000000000000e+02 5.009859330865497640e+01 0.000000000000000000e+00 0.000000000000000000e+00
3.120000000000000000e+02 4.928746491756692194e+01 2.000000000000000000e+00 0.000000000000000000e+00
3.130000000000000000e+02 4.816900845858904745e+01 1.000000000000000000e+00 0.000000000000000000e+00
3.140000000000000000e+02 4.910639053854227853e+01 1.000000000000000000e+00 0.000000000000000000e+00
3.150000000000000000e+02 5.005210637713373956e+01 1.000000000000000000e+00 0.000000000000000000e+00
3.160000000000000000e+02 4.903613151843843809e+01 0.000000000000000000e+00 0.000000000000000000e+00
3.170000000000000000e+02 4.911986340883492375e+01 1.000000000000000000e+00 0.000000000000000000e+00
3.180000000000000000e+02 4.983059889171905610e+01 2.000000000000000000e+00 0.000000000000000000e+00
3.190000000000000000e+02 5.073210371450845457e+01 0.000000000000000000e+00 0.000000000000000000e+00
3.200000000000000000e+02 5.280631365309590564e+01 0.000000000000000000e+00 0.000000000000000000e+00
3.210000000000000000e+02 5.128069564344382769e+01 1.000000000000000000e+00 0.000000000000000000e+00
3.220000000000000000e+02 5.149057371258046345e+01 1.000000000000000000e+00 0.000000000000000000e+00
3.230000000000000000e+02 5.005471998013602075e+01 2.000000000000000000e+00 0.000000000000000000e+00
3.240000000000000000e+02 4.980394358596311122e+01 0.000000000000000000e+00 0.000000000000000000e+00
3.250000000000000000e+02 5.190585101319516070e+01 1.000000000000000000e+00 0.000000000000000000e+00
3.260000000000000000e+02 5.211186203865914734e+01 0.000000000000000000e+00 0.000000000000000000e+00
3.270000000000000000e+02 5.178655035407599172e+01 2.000000000000000000e+00 0.000000000000000000e+00
3.280000000000000000e+02 5.173435832841114745e+01 0.000000000000000000e+00 0.000000000000000000e+00
3.290000000000000000e+02 5.269394329013027090e+01 1.000000000000000000e+00 0.000000000000000000e+00
3.300000000000000000e+02 5.119667166465926300e+01 1.000000000000000000e+00 0.000000000000000000e+00
3.310000000000000000e+02 5.238696439818403405e+01 1.000000000000000000e+00 0.000000000000000000e+00
3.320000000000000000e+02 5.176722169194463419e+01 2.000000000000000000e+00 0.000000000000000000e+00
3.330000000000000000e+02 5.015237485562558817e+01 2.000000000000000000e+00 0.000000000000000000e+00
3.340000000000000000e+02 4.858429809999947935e+01 1.000000000000000000e+00 0.000000000000000000e+00
3.350000000000000000e+02 4.821861428663176952e+01 1.000000000000000000e+00 0.000000000000000000e+00
3.360000000000000000e+02 4.812029269875926474e+01 2.000000000000000000e+00 0.000000000000000000e+00
3.370000000000000000e+02 5.040850720576934663e+01 0.000000000000000000e+00 0.000000000000000000e+00
3.380000000000000000e+02 5.052039870737344529e+01 1.000000000000000000e+00 0.000000000000000000e+00
3.390000000000000000e+02 5.059034516047776719e+01 1.000000000000000000e+00 0.000000000000000000e+00
3.400000000000000000e+02 5.053402649696617743e+01 0.000000000000000000e+00 0.000000000000000000e+00
3.410000000000000000e+02 5.263236764144579638e+01 0.000000000000000000e+00 0.000000000000000000e+00
3.420000000000000000e+02 5.287495103158033061e+01 0.000000000000000000e+00 0.000000000000000000e+00
3.430000000000000000e+02 5.159611752414242858e+01 2.000000000000000000e+00 0.000000000000000000e+00
3.440000000000000000e+02 5.332823909517870931e+01 0.000000000000000000e+00 0.000000000000000000e+00
3.450000000000000000e+02 5.430526143188811972e+01 0.000000000000000000e+00 0.000000000000000000e+00
3.460000000000000000e+02 5.353189955917145681e+01 1.000000000000000000e+00 0.000000000000000000e+00
3.470000000000000000e+02 5.250481453503090989e+01 1.000000000000000000e+00 0.000000000000000000e+00
3.480000000000000000e+02 5.464374549328920949e+01 1.000000000000000000e+00 0.000000000000000000e+00
3.490000000000000000e+02 5.404337990392524205e+01 1.000000000000000000e+00 0.000000000000000000e+00
3.500000000000000000e+02 5.502446647910433342e+01 0.000000000000000000e+00 0.000000000000000000e+00
3.510000000000000000e+02 5.469140758653072965e+01 2.000000000000000000e+00 0.000000000000000000e+00
3.520000000000000000e+02 5.207984146949836202e+01 2.000000000000000000e+00 0.000000000000000000e+00
3.530000000000000000e+02 5.225577690653012297e+01 2.000000000000000000e+00 0.000000000000000000e+00
3.540000000000000000e+02 5.181680931045986682e+01 1.000000000000000000e+00 0.000000000000000000e+00
3.550000000000000000e+02 5.236439168610611006e+01 0.000000000000000000e+00 0.000000000000000000e+00
3.560000000000000000e+02 5.220811278151656154e+01 2.000000000000000000e+00 0.000000000000000000e+00
3.570000000000000000e+02 5.284566735375432955e+01 0.000000000000000000e+00 0.000000000000000000e+00
3.580000000000000000e+02 5.432026907698968188e+01 1.000000000000000000e+00 0.000000000000000000e+00
3.590000000000000000e+02 5.239743788720220863e+01 2.000000000000000000e+00 0.000000000000000000e+00
3.600000000000000000e+02 5.423448219120412261e+01 0.000000000000000000e+00 0.000000000000000000e+00
3.610000000000000000e+02 5.173414068876949301e+01 2.000000000000000000e+00 0.000000000000000000e+00
3.620000000000000000e+02 5.364944215430674035e+01 0.000000000000000000e+00 0.000000000000000000e+00
3.630000000000000000e+02 5.245103809943583428e+01 2.000000000000000000e+00 0.000000000000000000e+00
3.640000000000000000e+02 5.079925892733606929e+01 2.000000000000000000e+00 0.000000000000000000e+00
3.650000000000000000e+02 5.080972063384988502e+01 2.000000000000000000e+00 0.000000000000000000e+00
3.660000000000000000e+02 4.921530090598106710e+01 1.000000000000000000e+00 0.000000000000000000e+00
3.670000000000000000e+02 4.864982503125748536e+01 2.000000000000000000e+00 0.000000000000000000e+00
3.680000000000000000e+02 4.912218617543781818e+01 0.000000000000000000e+00 0.000000000000000000e+00
3.690000000000000000e+02 5.067800746544155999e+01 0.000000000000000000e+00 0.000000000000000000e+00
3.700000000000000000e+02 4.995282096658409898e+01 2.000000000000000000e+00 0.000000000000000000e+00
3.710000000000000000e+02 5.114275641891613589e+01 0.000000000000000000e+00 0.000000000000000000e+00
3.720000000000000000e+02 5.227230985058391610e+01 0.000000000000000000e+00 0.000000000000000000e+00
3.730000000000000000e+02 5.163964778669773636e+01 2.000000000000000000e+00 0.000000000000000000e+00
3.740000000000000000e+02 4.962024945147880572e+01 1.000000000000000000e+00 0.000000000000000000e+00
3.750000000000000000e+02 5.074770056532150875e+01 1.000000000000000000e+00 0.000000000000000000e+00
3.760000000000000000e+02 5.212034459598283576e+01 0.000000000000000000e+00 0.000000000000000000e+00
3.770000000000000000e+02 5.056652069896105672e+01 2.000000000000000000e+00 0.000000000000000000e+00
3.780000000000000000e+02 5.190904005792099696e+01 1.000000000000000000e+00 0.000000000000000000e+00
3.790000000000000000e+02 4.966385541995975217e+01 2.000000000000000000e+00 0.000000000000000000e+00
3.800000000000000000e+02 5.080958967740578203e+01 0.000000000000000000e+00 0.000000000000000000e+00
3.810000000000000000e+02 5.075553621052095110e+01 1.000000000000000000e+00 0.000000000000000000e+00
3.820000000000000000e+02 5.193024964299523560e+01 0.000000000000000000e+00 0.000000000000000000e+00
3.830000000000000000e+02 4.936348041868644287e+01 2.000000000000000000e+00 0.000000000000000000e+00
3.840000000000000000e+02 5.214214808202278562e+01 0.000000000000000000e+00 0.000000000000000000e+00
3.850000000000000000e+02 5.167278387668414297e+01 1.000000000000000000e+00 0.000000000000000000e+00
3.860000000000000000e+02 5.022874895806573647e+01 2.000000000000000000e+00 0.000000000000000000e+00
3.870000000000000000e+02 5.279812264728036553e+01 0.000000000000000000e+00 0.000000000000000000e+00
3.880000000000000000e+02 5.027467832980973128e+01 2.000000000000000000e+00 0.000000000000000000e+00
3.890000000000000000e+02 5.152609270469262981e+01 0.000000000000000000e+00 0.000000000000000000e+00
3.900000000000000000e+02 5.416114280649198776e+01 0.000000000000000000e+00 0.000000000000000000e+00
3.910000000000000000e+02 5.156480271939699378e+01 2.000000000000000000e+00 0.000000000000000000e+00
3.920000000000000000e+02 5.293539629373485411e+01 0.000000000000000000e+00 0.000000000000000000e+00
3.930000000000000000e+02 5.264241827939284946e+01 2.000000000000000000e+00 0.000000000000000000e+00
3.940000000000000000e+02 5.370654959283562135e+01 0.000000000000000000e+00 0.000000000000000000e+00
3.950000000000000000e+02 5.235169678193083342e+01 2.000000000000000000e+00 0.000000000000000000e+00
3.960000000000000000e+02 5.387466208747935781e+01 0.000000000000000000e+00 0.000000000000000000e+00
3.970000000000000000e+02 5.309439052363680389e+01 1.000000000000000000e+00 0.000000000000000000e+00
3.980000000000000000e+02 5.368642401169635292e+01 0.000000000000000000e+00 0.000000000000000000e+00
3.990000000000000000e+02 5.652880280163768845e+01 0.000000000000000000e+00 0.000000000000000000e+00
4.000000000000000000e+02 5.637063857756727003e+01 0.000000000000000000e+00 0.000000000000000000e+00
4.010000000000000000e+02 5.516579786986363843e+01 1.000000000000000000e+00 0.000000000000000000e+00
4.020000000000000000e+02 5.502810564991369091e+01 1.000000000000000000e+00 0.000000000000000000e+00
4.030000000000000000e+02 5.750354545483835267e+01 0.000000000000000000e+00 0.000000000000000000e+00
4.040000000000000000e+02 5.663524576510486952e+01 2.000000000000000000e+00 0.000000000000000000e+00
4.050000000000000000e+02 5.649526500553992747e+01 0.000000000000000000e+00 0.000000000000000000e+00
4.060000000000000000e+02 5.516128501100852333e+01 2.000000000000000000e+00 0.000000000000000000e+00
4.070000000000000000e+02 5.768270240847085262e+01 0.000000000000000000e+00 0.000000000000000000e+00
4.080000000000000000e+02 5.662816453209944711e+01 0.000000000000000000e+00 0.000000000000000000e+00
4.090000000000000000e+02 5.843510786179589189e+01 1.000000000000000000e+00 0.000000000000000000e+00
4.100000000000000000e+02 5.833834433934075037e+01 1.000000000000000000e+00 0.000000000000000000e+00
4.110000000000000000e+02 5.813856059857767633e+01 1.000000000000000000e+00 0.000000000000000000e+00
4.120000000000000000e+02 5.860972794362331939e+01 1.000000000000000000e+00 0.000000000000000000e+00
4.130000000000000000e+02 5.822860746869723414e+01 1.000000000000000000e+00 0.000000000000000000e+00
4.140000000000000000e+02 5.739341456152293119e+01 0.000000000000000000e+00 0.000000000000000000e+00
4.150000000000000000e+02 6.051051480801490356e+01 0.000000000000000000e+00 0.000000000000000000e+00
4.160000000000000000e+02 5.966483606644842297e+01 2.000000000000000000e+00 0.000000000000000000e+00
4.170000000000000000e+02 5.985268976953018694e+01 1.000000000000000000e+00 0.000000000000000000e+00
4.180000000000000000e+02 5.752147329418057353e+01 2.000000000000000000e+00 0.000000000000000000e+00
4.190000000000000000e+02 5.856959700160138738e+01 2.000000000000000000e+00 0.000000000000000000e+00
4.200000000000000000e+02 5.700279925210649878e+01 0.000000000000000000e+00 0.000000000000000000e+00
4.210000000000000000e+02 5.769951247587077603e+01 0.000000000000000000e+00 0.000000000000000000e+00
4.220000000000000000e+02 5.683627129183469151e+01 2.000000000000000000e+00 0.000000000000000000e+00
4.230000000000000000e+02 6.028251870373519949e+01 0.000000000000000000e+00 0.000000000000000000e+00
4.240000000000000000e+02 5.767789235124142522e+01 2.000000000000000000e+00 0.000000000000000000e+00
4.250000000000000000e+02 5.843180394862891802e+01 1.000000000000000000e+00 0.000000000000000000e+00
4.260000000000000000e+02 5.776112794173277365e+01 2.000000000000000000e+00 0.000000000000000000e+00
4.270000000000000000e+02 5.735862424000064408e+01 1.000000000000000000e+00 0.000000000000000000e+00
4.280000000000000000e+02 5.930683667424925432e+01 0.000000000000000000e+00 0.000000000000000000e+00
4.290000000000000000e+02 5.871941747330593131e+01 2.000000000000000000e+00 0.000000000000000000e+00
4.300000000000000000e+02 5.612567904828361520e+01 2.000000000000000000e+00 0.000000000000000000e+00
4.310000000000000000e+02 5.651191392738132890e+01 0.000000000000000000e+00 0.000000000000000000e+00
4.320000000000000000e+02 5.769406297832556163e+01 2.000000000000000000e+00 0.000000000000000000e+00
4.330000000000000000e+02 5.684301760295034711e+01 0.000000000000000000e+00 0.000000000000000000e+00
4.340000000000000000e+02 5.647843173891952517e+01 1.000000000000000000e+00 0.000000000000000000e+00
4.350000000000000000e+02 5.750810406687033094e+01 1.000000000000000000e+00 0.000000000000000000e+00
4.360000000000000000e+02 5.697926911121845706e+01 1.000000000000000000e+00 0.000000000000000000e+00
4.370000000000000000e+02 5.711261245685980015e+01 0.000000000000000000e+00 0.000000000000000000e+00
4.380000000000000000e+02 5.921750206621804580e+01 1.000000000000000000e+00 0.000000000000000000e+00
4.390000000000000000e+02 5.967159015153104917e+01 0.000000000000000000e+00 0.000000000000000000e+00
4.400000000000000000e+02 5.958387639133400882e+01 0.000000000000000000e+00 0.000000000000000000e+00
4.410000000000000000e+02 6.120428342609427830e+01 0.000000000000000000e+00 0.000000000000000000e+00
4.420000000000000000e+02 6.137069879991545918e+01 1.000000000000000000e+00 0.000000000000000000e+00
4.430000000000000000e+02 6.130007423283910839e+01 1.000000000000000000e+00 0.000000000000000000e+00
4.440000000000000000e+02 6.053165373451436437e+01 1.000000000000000000e+00 0.000000000000000000e+00
4.450000000000000000e+02 6.216643140956896474e+01 0.000000000000000000e+00 0.000000000000000000e+00
4.460000000000000000e+02 5.991106583380572204e+01 2.000000000000000000e+00 0.000000000000000000e+00
4.470000000000000000e+02 6.181177773234509942e+01 0.000000000000000000e+00 0.000000000000000000e+00
4.480000000000000000e+02 6.300070411558024119e+01 0.000000000000000000e+00 0.000000000000000000e+00
4.490000000000000000e+02 6.449285610228633914e+01 0.000000000000000000e+00 0.000000000000000000e+00
4.500000000000000000e+02 6.320199914868980784e+01 1.000000000000000000e+00 0.000000000000000000e+00
4.510000000000000000e+02 6.464260049826030752e+01 0.000000000000000000e+00 0.000000000000000000e+00
4.520000000000000000e+02 6.278809864297839027e+01 2.000000000000000000e+00 0.000000000000000000e+00
4.530000000000000000e+02 6.509590909482797372e+01 0.000000000000000000e+00 0.000000000000000000e+00
4.540000000000000000e+02 6.544712360500548698e+01 0.000000000000000000e+00 0.000000000000000000e+00
4.550000000000000000e+02 6.594640721922174009e+01 1.000000000000000000e+00 0.000000000000000000e+00
4.560000000000000000e+02 6.775299762487836119e+01 0.000000000000000000e+00 0.000000000000000000e+00
4.570000000000000000e+02 6.764400759534903784e+01 2.000000000000000000e+00 0.000000000000000000e+00
4.580000000000000000e+02 6.528787250012594257e+01 0.000000000000000000e+00 0.000000000000000000e+00
4.590000000000000000e+02 6.582955759828328723e+01 2.000000000000000000e+00 0.000000000000000000e+00
4.600000000000000000e+02 6.469152394334636824e+01 2.000000000000000000e+00 0.000000000000000000e+00
4.610000000000000000e+02 6.485680727060032780e+01 1.000000000000000000e+00 0.000000000000000000e+00
4.620000000000000000e+02 6.614073301213068135e+01 1.000000000000000000e+00 0.000000000000000000e+00
4.630000000000000000e+02 6.410372429549239826e+01 1.000000000000000000e+00 0.000000000000000000e+00
4.640000000000000000e+02 6.520130213226191529e+01 1.000000000000000000e+00 0.000000000000000000e+00
4.650000000000000000e+02 6.494199468791207153e+01 0.000000000000000000e+00 0.000000000000000000e+00
4.660000000000000000e+02 6.591647716462357209e+01 1.000000000000000000e+00 0.000000000000000000e+00
4.670000000000000000e+02 6.760766764816126795e+01 1.000000000000000000e+00 0.000000000000000000e+00
4.680000000000000000e+02 6.477024290634014392e+01 1.000000000000000000e+00 0.000000000000000000e+00
4.690000000000000000e+02 6.623043546726448483e+01 1.000000000000000000e+00 0.000000000000000000e+00
4.700000000000000000e+02 6.630089918047610809e+01 1.000000000000000000e+00 0.000000000000000000e+00
4.710000000000000000e+02 6.368924765005258593e+01 2.000000000000000000e+00 0.000000000000000000e+00
4.720000000000000000e+02 6.458617033069499769e+01 1.000000000000000000e+00 0.000000000000000000e+00
4.730000000000000000e+02 6.402018546773766161e+01 1.000000000000000000e+00 0.000000000000000000e+00
4.740000000000000000e+02 6.565989732391821576e+01 1.000000000000000000e+00 0.000000000000000000e+00
4.750000000000000000e+02 6.584049464376899152e+01 0.000000000000000000e+00 0.000000000000000000e+00
4.760000000000000000e+02 6.718281262671784759e+01 1.000000000000000000e+00 0.000000000000000000e+00
4.770000000000000000e+02 6.521413474258011433e+01 1.000000000000000000e+00 0.000000000000000000e+00
4.780000000000000000e+02 6.583075532778143213e+01 1.000000000000000000e+00 0.000000000000000000e+00
4.790000000000000000e+02 6.544115293232172803e+01 2.000000000000000000e+00 0.000000000000000000e+00
4.800000000000000000e+02 6.366764485290615028e+01 2.000000000000000000e+00 0.000000000000000000e+00
4.810000000000000000e+02 6.416706777942120254e+01 2.000000000000000000e+00 0.000000000000000000e+00
4.820000000000000000e+02 6.278980930943245653e+01 1.000000000000000000e+00 0.000000000000000000e+00
4.830000000000000000e+02 6.272967090700216630e+01 1.000000000000000000e+00 0.000000000000000000e+00
4.840000000000000000e+02 6.480438717820833006e+01 0.000000000000000000e+00 0.000000000000000000e+00
4.850000000000000000e+02 6.442655159815782895e+01 1.000000000000000000e+00 0.000000000000000000e+00
4.860000000000000000e+02 6.347397419788653394e+01 1.000000000000000000e+00 0.000000000000000000e+00
4.870000000000000000e+02 6.264206745824864697e+01 1.000000000000000000e+00 0.000000000000000000e+00
4.880000000000000000e+02 6.403440537775003349e+01 2.000000000000000000e+00 0.000000000000000000e+00
4.890000000000000000e+02 6.277646640187838756e+01 1.000000000000000000e+00 0.000000000000000000e+00
4.900000000000000000e+02 6.179150969132842874e+01 1.000000000000000000e+00 0.000000000000000000e+00
4.910000000000000000e+02 6.242506351996200209e+01 1.000000000000000000e+00 0.000000000000000000e+00
4.920000000000000000e+02 6.435482729249228839e+01 0.000000000000000000e+00 0.000000000000000000e+00
4.930000000000000000e+02 6.396045239140819660e+01 2.000000000000000000e+00 0.000000000000000000e+00
4.940000000000000000e+02 6.206846036143253542e+01 2.000000000000000000e+00 0.000000000000000000e+00
4.950000000000000000e+02 6.175645758396841245e+01 0.000000000000000000e+00 0.000000000000000000e+00
4.960000000000000000e+02 6.156351493233202632e+01 2.000000000000000000e+00 0.000000000000000000e+00
4.970000000000000000e+02 6.114093408373702232e+01 1.000000000000000000e+00 0.000000000000000000e+00
4.980000000000000000e+02 6.319187305205213789e+01 0.000000000000000000e+00 0.000000000000000000e+00
4.990000000000000000e+02 6.252559951602036392e+01 1.000000000000000000e+00 0.000000000000000000e+00
5.000000000000000000e+02 6.316238409213102045e+01 1.000000000000000000e+00 0.000000000000000000e+00
5.010000000000000000e+02 6.331046347391293239e+01 2.000000000000000000e+00 0.000000000000000000e+00
5.020000000000000000e+02 6.302400917400708380e+01 0.000000000000000000e+00 0.000000000000000000e+00
5.030000000000000000e+02 6.321280390320332998e+01 0.000000000000000000e+00 0.000000000000000000e+00
5.040000000000000000e+02 6.376737259922202838e+01 2.000000000000000000e+00 0.000000000000000000e+00
5.050000000000000000e+02 6.433702322667565454e+01 0.000000000000000000e+00 0.000000000000000000e+00
5.060000000000000000e+02 6.387921475821959660e+01 1.000000000000000000e+00 0.000000000000000000e+00
5.070000000000000000e+02 6.501788096938537365e+01 0.000000000000000000e+00 0.000000000000000000e+00
5.080000000000000000e+02 6.550946574546038903e+01 1.000000000000000000e+00 0.000000000000000000e+00
5.090000000000000000e+02 6.431333645503129048e+01 1.000000000000000000e+00 0.000000000000000000e+00
5.100000000000000000e+02 6.557986341172923517e+01 0.000000000000000000e+00 0.000000000000000000e+00
5.110000000000000000e+02 6.724576420322058823e+01 0.000000000000000000e+00 0.000000000000000000e+00
5.120000000000000000e+02 6.865041561962881644e+01 0.000000000000000000e+00 0.000000000000000000e+00
5.130000000000000000e+02 6.916103475373274989e+01 0.000000000000000000e+00 0.000000000000000000e+00
5.140000000000000000e+02 6.829546667529207582e+01 2.000000000000000000e+00 0.000000000000000000e+00
5.150000000000000000e+02 6.728852773952590383e+01 2.000000000000000000e+00 0.000000000000000000e+00
5.160000000000000000e+02 6.639336655190778913e+01 2.000000000000000000e+00 0.000000000000000000e+00
5.170000000000000000e+02 6.601873372612423907e+01 0.000000000000000000e+00 0.000000000000000000e+00
5.180000000000000000e+02 6.543190571066978123e+01 2.000000000000000000e+00 0.000000000000000000e+00
5.190000000000000000e+02 6.855819326533341496e+01 0.000000000000000000e+00 0.000000000000000000e+00
5.200000000000000000e+02 6.773951767466672891e+01 0.000000000000000000e+00 0.000000000000000000e+00
5.210000000000000000e+02 6.746732436884506967e+01 2.000000000000000000e+00 0.000000000000000000e+00
5.220000000000000000e+02 6.745045075157619863e+01 0.000000000000000000e+00 0.000000000000000000e+00
5.230000000000000000e+02 6.790141331928906254e+01 1.000000000000000000e+00 0.000000000000000000e+00
5.240000000000000000e+02 6.797293172986078957e+01 1.000000000000000000e+00 0.000000000000000000e+00
5.250000000000000000e+02 6.672957891533262398e+01 1.000000000000000000e+00 0.000000000000000000e+00
5.260000000000000000e+02 6.862078462219989206e+01 1.000000000000000000e+00 0.000000000000000000e+00
5.270000000000000000e+02 6.906493388294330771e+01 0.000000000000000000e+00 0.000000000000000000e+00
5.280000000000000000e+02 7.050395707919371091e+01 0.000000000000000000e+00 0.000000000000000000e+00
5.290000000000000000e+02 7.073121425718250066e+01 0.000000000000000000e+00 0.000000000000000000e+00
5.300000000000000000e+02 7.252509114130636192e+01 0.000000000000000000e+00 0.000000000000000000e+00
5.310000000000000000e+02 7.113385375574573288e+01 1.000000000000000000e+00 0.000000000000000000e+00
5.320000000000000000e+02 7.245804592173303149e+01 1.000000000000000000e+00 0.000000000000000000e+00
5.330000000000000000e+02 7.129458235274670130e+01 1.000000000000000000e+00 0.000000000000000000e+00
5.340000000000000000e+02 7.285906348131256038e+01 1.000000000000000000e+00 0.000000000000000000e+00
5.350000000000000000e+02 7.253917663657705361e+01 1.000000000000000000e+00 0.000000000000000000e+00
5.360000000000000000e+02 7.130037238489816787e+01 0.000000000000000000e+00 0.000000000000000000e+00
5.370000000000000000e+02 7.439965712261751207e+01 0.000000000000000000e+00 0.000000000000000000e+00
5.380000000000000000e+02 7.346159272170892507e+01 2.000000000000000000e+00 0.000000000000000000e+00
5.390000000000000000e+02 7.453896706724398769e+01 0.000000000000000000e+00 0.000000000000000000e+00
5.400000000000000000e+02 7.177582786185786290e+01 1.000000000000000000e+00 0.000000000000000000e+00
5.410000000000000000e+02 7.429128107638942424e+01 0.000000000000000000e+00 0.000000000000000000e+00
5.420000000000000000e+02 7.577267533872202421e+01 0.000000000000000000e+00 0.000000000000000000e+00
5.430000000000000000e+02 7.474674378160271715e+01 2.000000000000000000e+00 0.000000000000000000e+00
5.440000000000000000e+02 7.507786040918665549e+01 1.000000000000000000e+00 0.000000000000000000e+00
5.450000000000000000e+02 7.649924029069642017e+01 0.000000000000000000e+00 0.000000000000000000e+00
5.460000000000000000e+02 7.455413751934297295e+01 2.000000000000000000e+00 0.000000000000000000e+00
5.470000000000000000e+02 7.524522835585432290e+01 0.000000000000000000e+00 0.000000000000000000e+00
5.480000000000000000e+02 7.572251606266225110e+01 0.000000000000000000e+00 0.000000000000000000e+00
5.490000000000000000e+02 7.698746101338478809e+01 2.000000000000000000e+00 0.000000000000000000e+00
5.500000000000000000e+02 7.730688911803142105e+01 0.000000000000000000e+00 0.000000000000000000e+00
5.510000000000000000e+02 7.661373376430032067e+01 1.000000000000000000e+00 0.000000000000000000e+00
5.520000000000000000e+02 7.653649290570608343e+01 1.000000000000000000e+00 0.000000000000000000e+00
5.530000000000000000e+02 7.914502411997933962e+01 0.000000000000000000e+00 0.000000000000000000e+00
5.540000000000000000e+02 7.990548233378963516e+01 1.000000000000000000e+00 0.000000000000000000e+00
5.550000000000000000e+02 7.572243568998571561e+01 2.000000000000000000e+00 0.000000000000000000e+00
5.560000000000000000e+02 7.825104317433510914e+01 0.000000000000000000e+00 0.000000000000000000e+00
5.570000000000000000e+02 7.548404014424768604e+01 2.000000000000000000e+00 0.000000000000000000e+00
5.580000000000000000e+02 7.850324876910883631e+01 0.000000000000000000e+00 0.000000000000000000e+00
5.590000000000000000e+02 7.705971728922830266e+01 2.000000000000000000e+00 0.000000000000000000e+00
5.600000000000000000e+02 7.932070453969508605e+01 0.000000000000000000e+00 0.000000000000000000e+00
5.610000000000000000e+02 7.881063475350602232e+01 1.000000000000000000e+00 0.000000000000000000e+00
5.620000000000000000e+02 7.995087539171414903e+01 0.000000000000000000e+00 0.000000000000000000e+00
5.630000000000000000e+02 7.737115060002716405e+01 2.000000000000000000e+00 0.000000000000000000e+00
5.640000000000000000e+02 7.835007288619463850e+01 2.000000000000000000e+00 0.000000000000000000e+00
5.650000000000000000e+02 7.824763578609211834e+01 0.000000000000000000e+00 0.000000000000000000e+00
5.660000000000000000e+02 7.733318097173729200e+01 2.000000000000000000e+00 0.000000000000000000e+00
5.670000000000000000e+02 7.670610071239249805e+01 2.000000000000000000e+00 0.000000000000000000e+00
5.680000000000000000e+02 7.658962070685991819e+01 2.000000000000000000e+00 0.000000000000000000e+00
5.690000000000000000e+02 7.582822786059075781e+01 1.000000000000000000e+00 0.000000000000000000e+00
5.700000000000000000e+02 7.535514227641374418e+01 0.000000000000000000e+00 0.000000000000000000e+00
5.710000000000000000e+02 7.669818781022097198e+01 0.000000000000000000e+00 0.000000000000000000e+00
5.720000000000000000e+02 7.613223878465026928e+01 2.000000000000000000e+00 0.000000000000000000e+00
5.730000000000000000e+02 7.739471743162954454e+01 0.000000000000000000e+00 0.000000000000000000e+00
5.740000000000000000e+02 7.673817488296437261e+01 1.000000000000000000e+00 0.000000000000000000e+00
5.750000000000000000e+02 7.703127375025404433e+01 1.000000000000000000e+00 0.000000000000000000e+00
5.760000000000000000e+02 7.717101790258445249e+01 0.000000000000000000e+00 0.000000000000000000e+00
5.770000000000000000e+02 8.075185148426739090e+01 0.000000000000000000e+00 0.000000000000000000e+00
5.780000000000000000e+02 7.942584211047490328e+01 0.000000000000000000e+00 0.000000000000000000e+00
5.790000000000000000e+02 8.013464118743343079e+01 0.000000000000000000e+00 0.000000000000000000e+00
5.800000000000000000e+02 8.100850959290235664e+01 1.000000000000000000e+00 0.000000000000000000e+00
5.810000000000000000e+02 8.120679988205498034e+01 1.000000000000000000e+00 0.000000000000000000e+00
5.820000000000000000e+02 8.163106400152335596e+01 1.000000000000000000e+00 0.000000000000000000e+00
5.830000000000000000e+02 8.168961963349707389e+01 0.000000000000000000e+00 0.000000000000000000e+00
5.840000000000000000e+02 8.097081177227931903e+01 2.000000000000000000e+00 0.000000000000000000e+00
5.850000000000000000e+02 8.221608749443080910e+01 0.000000000000000000e+00 0.000000000000000000e+00
5.860000000000000000e+02 8.203219603072287214e+01 2.000000000000000000e+00 0.000000000000000000e+00
5.870000000000000000e+02 8.205778309185458852e+01 0.000000000000000000e+00 0.000000000000000000e+00
5.880000000000000000e+02 8.128928651309421127e+01 2.000000000000000000e+00 0.000000000000000000e+00
5.890000000000000000e+02 8.212321554464544704e+01 0.000000000000000000e+00 0.000000000000000000e+00
5.900000000000000000e+02 8.124785166491847122e+01 2.000000000000000000e+00 0.000000000000000000e+00
5.910000000000000000e+02 8.138557729808783847e+01 2.000000000000000000e+00 0.000000000000000000e+00
5.920000000000000000e+02 8.031509705431490431e+01 1.000000000000000000e+00 0.000000000000000000e+00
5.930000000000000000e+02 8.113402307040097128e+01 0.000000000000000000e+00 0.000000000000000000e+00
5.940000000000000000e+02 8.256151004962677575e+01 1.000000000000000000e+00 0.000000000000000000e+00
5.950000000000000000e+02 8.069348656353777471e+01 1.000000000000000000e+00 0.000000000000000000e+00
5.960000000000000000e+02 8.146705208333187898e+01 0.000000000000000000e+00 0.000000000000000000e+00
5.970000000000000000e+02 8.291327392059059775e+01 0.000000000000000000e+00 0.000000000000000000e+00
5.980000000000000000e+02 8.273375955570354279e+01 0.000000000000000000e+00 0.000000000000000000e+00
5.990000000000000000e+02 8.429159972092661235e+01 1.000000000000000000e+00 0.000000000000000000e+00
6.000000000000000000e+02 8.317913335848290046e+01 1.000000000000000000e+00 0.000000000000000000e+00
6.010000000000000000e+02 8.466919268145544208e+01 0.000000000000000000e+00 0.000000000000000000e+00
6.020000000000000000e+02 8.444963482995571269e+01 2.000000000000000000e+00 0.000000000000000000e+00
6.030000000000000000e+02 8.406518457774652120e+01 1.000000000000000000e+00 0.000000000000000000e+00
6.040000000000000000e+02 8.524241397538624199e+01 1.000000000000000000e+00 0.000000000000000000e+00
6.050000000000000000e+02 8.363316382522273784e+01 1.000000000000000000e+00 0.000000000000000000e+00
6.060000000000000000e+02 8.409460578039760037e+01 1.000000000000000000e+00 0.000000000000000000e+00
6.070000000000000000e+02 8.243393494559863655e+01 2.000000000000000000e+00 0.000000000000000000e+00
6.080000000000000000e+02 8.339955439186702790e+01 0.000000000000000000e+00 0.000000000000000000e+00
6.090000000000000000e+02 8.313108746513421465e+01 2.000000000000000000e+00 0.000000000000000000e+00
6.100000000000000000e+02 8.256708618963834567e+01 0.000000000000000000e+00 0.000000000000000000e+00
6.110000000000000000e+02 8.291343151702912451e+01 2.000000000000000000e+00 0.000000000000000000e+00
6.120000000000000000e+02 8.368783472385611333e+01 0.000000000000000000e+00 0.000000000000000000e+00
6.130000000000000000e+02 8.407725531791396634e+01 2.000000000000000000e+00 0.000000000000000000e+00
6.140000000000000000e+02 8.349789549199628880e+01 0.000000000000000000e+00 0.000000000000000000e+00
6.150000000000000000e+02 8.216066936183182179e+01 2.000000000000000000e+00 0.000000000000000000e+00
6.160000000000000000e+02 8.419732541182493435e+01 0.000000000000000000e+00 0.000000000000000000e+00
6.170000000000000000e+02 8.441984148753022055e+01 2.000000000000000000e+00 0.000000000000000000e+00
6.180000000000000000e+02 8.376418845649274658e+01 1.000000000000000000e+00 0.000000000000000000e+00
6.190000000000000000e+02 8.359289205937157874e+01 0.000000000000000000e+00 0.000000000000000000e+00
6.200000000000000000e+02 8.377001003103377741e+01 1.000000000000000000e+00 0.000000000000000000e+00
6.210000000000000000e+02 8.346294977692112127e+01 1.000000000000000000e+00 0.000000000000000000e+00
6.220000000000000000e+02 8.508753366502027404e+01 0.000000000000000000e+00 0.000000000000000000e+00
6.230000000000000000e+02 8.352390504648982983e+01 2.000000000000000000e+00 0.000000000000000000e+00
6.240000000000000000e+02 8.333359888387072090e+01 1.000000000000000000e+00 0.000000000000000000e+00
6.250000000000000000e+02 8.216300253654576125e+01 1.000000000000000000e+00 0.000000000000000000e+00
6.260000000000000000e+02 8.522293391405804641e+01 0.000000000000000000e+00 0.000000000000000000e+00
6.270000000000000000e+02 8.273502105472039148e+01 2.000000000000000000e+00 0.000000000000000000e+00
6.280000000000000000e+02 8.325101194873150234e+01 2.000000000000000000e+00 0.000000000000000000e+00
6.290000000000000000e+02 8.375029099377063346e+01 0.000000000000000000e+00 0.000000000000000000e+00
6.300000000000000000e+02 8.637520670947816370e+01 0.000000000000000000e+00 0.000000000000000000e+00
6.310000000000000000e+02 8.627615451518718714e+01 0.000000000000000000e+00 0.000000000000000000e+00
6.320000000000000000e+02 8.749619664171902400e+01 0.000000000000000000e+00 0.000000000000000000e+00
6.330000000000000000e+02 8.716374287765131612e+01 0.000000000000000000e+00 0.000000000000000000e+00
6.340000000000000000e+02 8.767545340256442898e+01 0.000000000000000000e+00 0.000000000000000000e+00
6.350000000000000000e+02 8.878790264784386466e+01 1.000000000000000000e+00 0.000000000000000000e+00
6.360000000000000000e+02 9.150191743922637500e+01 0.000000000000000000e+00 0.000000000000000000e+00
6.370000000000000000e+02 9.171368007238882569e+01 1.000000000000000000e+00 0.000000000000000000e+00
6.380000000000000000e+02 9.050232530210394088e+01 1.000000000000000000e+00 0.000000000000000000e+00
6.390000000000000000e+02 9.123966987416238794e+01 0.000000000000000000e+00 0.000000000000000000e+00
6.400000000000000000e+02 8.993770557902355733e+01 2.000000000000000000e+00 0.000000000000000000e+00
6.410000000000000000e+02 8.767526738236172434e+01 2.000000000000000000e+00 0.000000000000000000e+00
6.420000000000000000e+02 8.846206634050339801e+01 2.000000000000000000e+00 0.000000000000000000e+00
6.430000000000000000e+02 8.745827834629074005e+01 1.000000000000000000e+00 0.000000000000000000e+00
6.440000000000000000e+02 8.714817530468872064e+01 1.000000000000000000e+00 0.000000000000000000e+00
6.450000000000000000e+02 8.861434630399789114e+01 1.000000000000000000e+00 0.000000000000000000e+00
6.460000000000000000e+02 8.851307506570211103e+01 1.000000000000000000e+00 0.000000000000000000e+00
6.470000000000000000e+02 9.040404886431775822e+01 0.000000000000000000e+00 0.000000000000000000e+00
6.480000000000000000e+02 8.883632348137095391e+01 1.000000000000000000e+00 0.000000000000000000e+00
6.490000000000000000e+02 8.913044565272682007e+01 1.000000000000000000e+00 0.000000000000000000e+00
6.500000000000000000e+02 8.924823970230173131e+01 0.000000000000000000e+00 0.000000000000000000e+00
6.510000000000000000e+02 8.991489202996859831e+01 0.000000000000000000e+00 0.000000000000000000e+00
6.520000000000000000e+02 8.970139827576001323e+01 2.000000000000000000e+00 0.000000000000000000e+00
6.530000000000000000e+02 9.105087951825383641e+01 0.000000000000000000e+00 0.000000000000000000e+00
6.540000000000000000e+02 9.114319867472993053e+01 1.000000000000000000e+00 0.000000000000000000e+00
6.550000000000000000e+02 9.061727086068708559e+01 1.000000000000000000e+00 0.000000000000000000e+00
6.560000000000000000e+02 9.069177475379888165e+01 1.000000000000000000e+00 0.000000000000000000e+00
6.570000000000000000e+02 9.209871640142380045e+01 0.000000000000000000e+00 0.000000000000000000e+00
6.580000000000000000e+02 9.176525590580283165e+01 1.000000000000000000e+00 0.000000000000000000e+00
6.590000000000000000e+02 9.282228484390809342e+01 0.000000000000000000e+00 0.000000000000000000e+00
6.600000000000000000e+02 9.404115714615168997e+01 0.000000000000000000e+00 0.000000000000000000e+00
6.610000000000000000e+02 9.364119242693254819e+01 2.000000000000000000e+00 0.000000000000000000e+00
6.620000000000000000e+02 9.411269354019734124e+01 0.000000000000000000e+00 0.000000000000000000e+00
6.630000000000000000e+02 9.541656997573251431e+01 0.000000000000000000e+00 0.000000000000000000e+00
6.640000000000000000e+02 9.390005528283758451e+01 1.000000000000000000e+00 0.000000000000000000e+00
6.650000000000000000e+02 9.696865765010497284e+01 0.000000000000000000e+00 0.000000000000000000e+00
6.660000000000000000e+02 9.594614234272003728e+01 0.000000000000000000e+00 0.000000000000000000e+00
6.670000000000000000e+02 9.748114842345736974e+01 1.000000000000000000e+00 0.000000000000000000e+00
6.680000000000000000e+02 9.460931090717302538e+01 1.000000000000000000e+00 0.000000000000000000e+00
6.690000000000000000e+02 9.555926325662983345e+01 2.000000000000000000e+00 0.000000000000000000e+00
6.700000000000000000e+02 9.568564759343571779e+01 2.000000000000000000e+00 0.000000000000000000e+00
6.710000000000000000e+02 9.404370060714967394e+01 2.000000000000000000e+00 0.000000000000000000e+00
6.720000000000000000e+02 9.536729269279022958e+01 0.000000000000000000e+00 0.000000000000000000e+00
6.730000000000000000e+02 9.470978627355815149e+01 1.000000000000000000e+00 0.000000000000000000e+00
6.740000000000000000e+02 9.548040760392755999e+01 0.000000000000000000e+00 0.000000000000000000e+00
6.750000000000000000e+02 9.836322488876767522e+01 0.000000000000000000e+00 0.000000000000000000e+00
6.760000000000000000e+02 9.789586353692880039e+01 1.000000000000000000e+00 0.000000000000000000e+00
6.770000000000000000e+02 9.807426554046254807e+01 0.000000000000000000e+00 0.000000000000000000e+00
6.780000000000000000e+02 9.692957660552747257e+01 2.000000000000000000e+00 0.000000000000000000e+00
6.790000000000000000e+02 9.740848251694677629e+01 0.000000000000000000e+00 0.000000000000000000e+00
6.800000000000000000e+02 9.917407352690928235e+01 0.000000000000000000e+00 0.000000000000000000e+00
6.810000000000000000e+02 9.909611327115980828e+01 0.000000000000000000e+00 0.000000000000000000e+00
6.820000000000000000e+02 9.997495930112546603e+01 1.000000000000000000e+00 0.000000000000000000e+00
6.830000000000000000e+02 1.003016981867128123e+02 0.000000000000000000e+00 0.000000000000000000e+00
6.840000000000000000e+02 1.023350130286114279e+02 0.000000000000000000e+00 0.000000000000000000e+00
6.850000000000000000e+02 1.027835927497761617e+02 0.000000000000000000e+00 0.000000000000000000e+00
6.860000000000000000e+02 1.034517116598286037e+02 1.000000000000000000e+00 0.000000000000000000e+00
6.870000000000000000e+02 1.021265622054739595e+02 2.000000000000000000e+00 0.000000000000000000e+00
6.880000000000000000e+02 1.017770954082163115e+02 0.000000000000000000e+00 0.000000000000000000e+00
6.890000000000000000e+02 1.033265888385773081e+02 1.000000000000000000e+00 0.000000000000000000e+00
6.900000000000000000e+02 1.021830335258943023e+02 1.000000000000000000e+00 0.000000000000000000e+00
6.910000000000000000e+02 1.028825881233156423e+02 0.000000000000000000e+00 0.000000000000000000e+00
6.920000000000000000e+02 1.047919057087790833e+02 1.000000000000000000e+00 0.000000000000000000e+00
6.930000000000000000e+02 1.041040751085496225e+02 1.000000000000000000e+00 0.000000000000000000e+00
6.940000000000000000e+02 1.040657678048443557e+02 1.000000000000000000e+00 0.000000000000000000e+00
6.950000000000000000e+02 1.026843593088768927e+02 2.000000000000000000e+00 0.000000000000000000e+00
6.960000000000000000e+02 1.019631599049720876e+02 1.000000000000000000e+00 0.000000000000000000e+00
6.970000000000000000e+02 1.036587745840041492e+02 1.000000000000000000e+00 0.000000000000000000e+00
6.980000000000000000e+02 1.025593402440426445e+02 1.000000000000000000e+00 0.000000000000000000e+00
6.990000000000000000e+02 1.035467206794643857e+02 1.000000000000000000e+00 0.000000000000000000e+00
7.000000000000000000e+02 1.028537021866043659e+02 2.000000000000000000e+00 0.000000000000000000e+00
7.010000000000000000e+02 1.041832776239346998e+02 0.000000000000000000e+00 0.000000000000000000e+00
7.020000000000000000e+02 1.025716336517388356e+02 1.000000000000000000e+00 0.000000000000000000e+00
7.030000000000000000e+02 1.029671423794993927e+02 0.000000000000000000e+00 0.000000000000000000e+00
7.040000000000000000e+02 1.034532098023131965e+02 1.000000000000000000e+00 0.000000000000000000e+00
7.050000000000000000e+02 1.051107783438803835e+02 0.000000000000000000e+00 0.000000000000000000e+00
7.060000000000000000e+02 1.049675628814364927e+02 2.000000000000000000e+00 0.000000000000000000e+00
7.070000000000000000e+02 1.037438948596179529e+02 0.000000000000000000e+00 0.000000000000000000e+00
7.080000000000000000e+02 1.047930066465539340e+02 1.000000000000000000e+00 0.000000000000000000e+00
7.090000000000000000e+02 1.064560516922886251e+02 0.000000000000000000e+00 0.000000000000000000e+00
7.100000000000000000e+02 1.074729147571882635e+02 0.000000000000000000e+00 0.000000000000000000e+00
7.110000000000000000e+02 1.076441594824550947e+02 0.000000000000000000e+00 0.000000000000000000e+00
7.120000000000000000e+02 1.081415926384290032e+02 2.000000000000000000e+00 0.000000000000000000e+00
7.130000000000000000e+02 1.071940589408310416e+02 2.000000000000000000e+00 0.000000000000000000e+00
7.140000000000000000e+02 1.063880859334659732e+02 0.000000000000000000e+00 0.000000000000000000e+00
7.150000000000000000e+02 1.063707929720238496e+02 2.000000000000000000e+00 0.000000000000000000e+00
7.160000000000000000e+02 1.072995944533226691e+02 0.000000000000000000e+00 0.000000000000000000e+00
7.170000000000000000e+02 1.067580452910546711e+02 0.000000000000000000e+00 0.000000000000000000e+00
7.180000000000000000e+02 1.068243060839653396e+02 2.000000000000000000e+00 0.000000000000000000e+00
7.190000000000000000e+02 1.055083637352707484e+02 2.000000000000000000e+00 0.000000000000000000e+00
7.200000000000000000e+02 1.068471020408014880e+02 0.000000000000000000e+00 0.000000000000000000e+00
7.210000000000000000e+02 1.068123047841232136e+02 2.000000000000000000e+00 0.000000000000000000e+00
7.220000000000000000e+02 1.072493595329337239e+02 0.000000000000000000e+00 0.000000000000000000e+00
7.230000000000000000e+02 1.061116522271624660e+02 2.000000000000000000e+00 0.000000000000000000e+00
7.240000000000000000e+02 1.052043528506466430e+02 1.000000000000000000e+00 0.000000000000000000e+00
7.250000000000000000e+02 1.065404341191672870e+02 0.000000000000000000e+00 0.000000000000000000e+00
7.260000000000000000e+02 1.063319540587615961e+02 1.000000000000000000e+00 0.000000000000000000e+00
7.270000000000000000e+02 1.070351444102258824e+02 2.000000000000000000e+00 0.000000000000000000e+00
7.280000000000000000e+02 1.062821532456841993e+02 0.000000000000000000e+00 0.000000000000000000e+00
7.290000000000000000e+02 1.056317491508086874e+02 2.000000000000000000e+00 0.000000000000000000e+00
7.300000000000000000e+02 1.082249731918271181e+02 0.000000000000000000e+00 0.000000000000000000e+00
7.310000000000000000e+02 1.058916594765646551e+02 2.000000000000000000e+00 0.000000000000000000e+00
7.320000000000000000e+02 1.059952955311830749e+02 1.000000000000000000e+00 0.000000000000000000e+00
7.330000000000000000e+02 1.061133875709904117e+02 0.000000000000000000e+00 0.000000000000000000e+00
7.340000000000000000e+02 1.082033104587731458e+02 0.000000000000000000e+00 0.000000000000000000e+00
7.350000000000000000e+02 1.073322948599363684e+02 1.000000000000000000e+00 0.000000000000000000e+00
7.360000000000000000e+02 1.088098574577498567e+02 0.000000000000000000e+00 0.000000000000000000e+00
7.370000000000000000e+02 1.089664665037483502e+02 2.000000000000000000e+00 0.000000000000000000e+00
7.380000000000000000e+02 1.096811258570858882e+02 0.000000000000000000e+00 0.000000000000000000e+00
7.390000000000000000e+02 1.089375359934329737e+02 1.000000000000000000e+00 0.000000000000000000e+00
7.400000000000000000e+02 1.099518628429481453e+02 0.000000000000000000e+00 0.000000000000000000e+00
7.410000000000000000e+02 1.094145112049420590e+02 2.000000000000000000e+00 0.000000000000000000e+00
7.420000000000000000e+02 1.083672419087899925e+02 0.000000000000000000e+00 0.000000000000000000e+00
7.430000000000000000e+02 1.104179325442818680e+02 0.000000000000000000e+00 0.000000000000000000e+00
7.440000000000000000e+02 1.112896045264571683e+02 1.000000000000000000e+00 0.000000000000000000e+00
7.450000000000000000e+02 1.121052232610375938e+02 0.000000000000000000e+00 0.000000000000000000e+00
7.460000000000000000e+02 1.110759805257988404e+02 2.000000000000000000e+00 0.000000000000000000e+00
7.470000000000000000e+02 1.111813260639855940e+02 0.000000000000000000e+00 0.000000000000000000e+00
7.480000000000000000e+02 1.115467969338580900e+02 1.000000000000000000e+00 0.000000000000000000e+00
7.490000000000000000e+02 1.121988533366774021e+02 0.000000000000000000e+00 0.000000000000000000e+00
7.500000000000000000e+02 1.121309091419159216e+02 1.000000000000000000e+00 0.000000000000000000e+00
7.510000000000000000e+02 1.120177859395169264e+02 2.000000000000000000e+00 0.000000000000000000e+00
7.520000000000000000e+02 1.127070374669610544e+02 0.000000000000000000e+00 0.000000000000000000e+00
7.530000000000000000e+02 1.149850372145484982e+02 0.000000000000000000e+00 0.000000000000000000e+00
7.540000000000000000e+02 1.119464539162926542e+02 2.000000000000000000e+00 0.000000000000000000e+00
7.550000000000000000e+02 1.126981416656008008e+02 1.000000000000000000e+00 0.000000000000000000e+00
7.560000000000000000e+02 1.142348993112513966e+02 0.000000000000000000e+00 0.000000000000000000e+00
7.570000000000000000e+02 1.144441166467535282e+02 1.000000000000000000e+00 0.000000000000000000e+00
7.580000000000000000e+02 1.150444711854201643e+02 0.000000000000000000e+00 0.000000000000000000e+00
7.590000000000000000e+02 1.155619543968142153e+02 0.000000000000000000e+00 0.000000000000000000e+00
7.600000000000000000e+02 1.168193101669972265e+02 0.000000000000000000e+00 0.000000000000000000e+00
7.610000000000000000e+02 1.177154259376805499e+02 0.000000000000000000e+00 0.000000000000000000e+00
7.620000000000000000e+02 1.172651152913789048e+02 2.000000000000000000e+00 0.000000000000000000e+00
7.630000000000000000e+02 1.183677435911417746e+02 0.000000000000000000e+00 0.000000000000000000e+00
7.640000000000000000e+02 1.186997007260131198e+02 0.000000000000000000e+00 0.000000000000000000e+00
7.650000000000000000e+02 1.174260978917620832e+02 1.000000000000000000e+00 0.000000000000000000e+00
7.660000000000000000e+02 1.180563532566480660e+02 1.000000000000000000e+00 0.000000000000000000e+00
7.670000000000000000e+02 1.171781677150240171e+02 1.000000000000000000e+00 0.000000000000000000e+00
7.680000000000000000e+02 1.193983925924376308e+02 0.000000000000000000e+00 0.000000000000000000e+00
7.690000000000000000e+02 1.190453769820202865e+02 1.000000000000000000e+00 0.000000000000000000e+00
7.700000000000000000e+02 1.221212412618586853e+02 0.000000000000000000e+00 0.000000000000000000e+00
7.710000000000000000e+02 1.193701935354993537e+02 2.000000000000000000e+00 0.000000000000000000e+00
7.720000000000000000e+02 1.201349474366944889e+02 0.000000000000000000e+00 0.000000000000000000e+00
7.730000000000000000e+02 1.203643615753331488e+02 1.000000000000000000e+00 0.000000000000000000e+00
7.740000000000000000e+02 1.212422185617790547e+02 0.000000000000000000e+00 0.000000000000000000e+00
7.750000000000000000e+02 1.254286853820466661e+02 0.000000000000000000e+00 0.000000000000000000e+00
7.760000000000000000e+02 1.220869202247357492e+02 2.000000000000000000e+00 0.000000000000000000e+00
7.770000000000000000e+02 1.220259434823046405e+02 0.000000000000000000e+00 0.000000000000000000e+00
7.780000000000000000e+02 1.229766591467629127e+02 0.000000000000000000e+00 0.000000000000000000e+00
7.790000000000000000e+02 1.247437028531157210e+02 0.000000000000000000e+00 0.000000000000000000e+00
7.800000000000000000e+02 1.260180059630526017e+02 0.000000000000000000e+00 0.000000000000000000e+00
7.810000000000000000e+02 1.265248558034389958e+02 0.000000000000000000e+00 0.000000000000000000e+00
7.820000000000000000e+02 1.268390803196373753e+02 2.000000000000000000e+00 0.000000000000000000e+00
7.830000000000000000e+02 1.252474494940000369e+02 2.000000000000000000e+00 0.000000000000000000e+00
7.840000000000000000e+02 1.234295924422315949e+02 2.000000000000000000e+00 0.000000000000000000e+00
7.850000000000000000e+02 1.242759504595999402e+02 0.000000000000000000e+00 0.000000000000000000e+00
7.860000000000000000e+02 1.242519779626782821e+02 2.000000000000000000e+00 0.000000000000000000e+00
7.870000000000000000e+02 1.229675067630072363e+02 1.000000000000000000e+00 0.000000000000000000e+00
7.880000000000000000e+02 1.250437716440349476e+02 0.000000000000000000e+00 0.000000000000000000e+00
7.890000000000000000e+02 1.242618410499684671e+02 2.000000000000000000e+00 0.000000000000000000e+00
7.900000000000000000e+02 1.248863440670441918e+02 1.000000000000000000e+00 0.000000000000000000e+00
7.910000000000000000e+02 1.235015255171748123e+02 1.000000000000000000e+00 0.000000000000000000e+00
7.920000000000000000e+02 1.228692776667515290e+02 2.000000000000000000e+00 0.000000000000000000e+00
7.930000000000000000e+02 1.247057466767101488e+02 0.000000000000000000e+00 0.000000000000000000e+00
7.940000000000000000e+02 1.230895984637154186e+02 2.000000000000000000e+00 0.000000000000000000e+00
7.950000000000000000e+02 1.221532402579340584e+02 2.000000000000000000e+00 0.000000000000000000e+00
7.960000000000000000e+02 1.234579590916363259e+02 0.000000000000000000e+00 0.000000000000000000e+00
7.970000000000000000e+02 1.238662475939939895e+02 0.000000000000000000e+00 0.000000000000000000e+00
7.980000000000000000e+02 1.238676972167619397e+02 2.000000000000000000e+00 0.000000000000000000e+00
7.990000000000000000e+02 1.228405994039197822e+02 1.000000000000000000e+00 0.000000000000000000e+00
8.000000000000000000e+02 1.240756119774308104e+02 0.000000000000000000e+00 0.000000000000000000e+00
