time	position	state	ATP_bound
1.000000000000000000e+00 0.000000000000000000e+00 0.000000000000000000e+00 0.000000000000000000e+00
2.000000000000000000e+00 5.244050841881237046e-01 2.000000000000000000e+00 0.000000000000000000e+00
3.000000000000000000e+00 0.000000000000000000e+00 1.000000000000000000e+00 0.000000000000000000e+00
4.000000000000000000e+00 9.328401723914430121e-01 2.000000000000000000e+00 0.000000000000000000e+00
5.000000000000000000e+00 0.000000000000000000e+00 0.000000000000000000e+00 0.000000000000000000e+00
6.000000000000000000e+00 3.292493177090594969e+00 1.000000000000000000e+00 0.000000000000000000e+00
7.000000000000000000e+00 2.603656760019246175e-01 1.000000000000000000e+00 0.000000000000000000e+00
8.000000000000000000e+00 1.284243093508450340e+00 0.000000000000000000e+00 0.000000000000000000e+00
9.000000000000000000e+00 9.039066077295246915e-01 2.000000000000000000e+00 0.000000000000000000e+00
1.000000000000000000e+01 9.711598983449282185e-01 2.000000000000000000e+00 0.000000000000000000e+00
1.100000000000000000e+01 0.000000000000000000e+00 1.000000000000000000e+00 0.000000000000000000e+00
1.200000000000000000e+01 0.000000000000000000e+00 1.000000000000000000e+00 0.000000000000000000e+00
1.300000000000000000e+01 4.142756879144709470e-01 1.000000000000000000e+00 0.000000000000000000e+00
1.400000000000000000e+01 0.000000000000000000e+00 0.000000000000000000e+00 0.000000000000000000e+00
1.500000000000000000e+01 2.563719265978099404e+00 0.000000000000000000e+00 0.000000000000000000e+00
1.600000000000000000e+01 2.556865422666954935e+00 2.000000000000000000e+00 0.000000000000000000e+00
1.700000000000000000e+01 9.823591529268077549e-01 1.000000000000000000e+00 0.000000000000000000e+00
1.800000000000000000e+01 2.534602571229378931e+00 1.000000000000000000e+00 0.000000000000000000e+00
1.900000000000000000e+01 2.646782534229370043e+00 1.000000000000000000e+00 0.000000000000000000e+00
2.000000000000000000e+01 1.491558260402287006e+00 0.000000000000000000e+00 0.000000000000000000e+00
2.100000000000000000e+01 2.790017953931817285e+00 0.000000000000000000e+00 0.000000000000000000e+00
2.200000000000000000e+01 1.226120360538265341e+00 2.000000000000000000e+00 0.000000000000000000e+00
2.300000000000000000e+01 4.677860472470388942e+00 0.000000000000000000e+00 0.000000000000000000e+00
2.400000000000000000e+01 2.928245437392971606e+00 0.000000000000000000e+00 0.000000000000000000e+00
2.500000000000000000e+01 3.415652441755658408e+00 1.000000000000000000e+00 0.000000000000000000e+00
2.600000000000000000e+01 3.705687757148690586e+00 0.000000000000000000e+00 0.000000000000000000e+00
2.700000000000000000e+01 4.288824641632769996e+00 2.000000000000000000e+00 0.000000000000000000e+00
2.800000000000000000e+01 5.213325927496173406e+00 0.000000000000000000e+00 0.000000000000000000e+00
2.900000000000000000e+01 7.646354533029136036e+00 0.000000000000000000e+00 0.000000000000000000e+00
3.000000000000000000e+01 4.306260548700977075e+00 2.000000000000000000e+00 0.000000000000000000e+00
3.100000000000000000e+01 5.989142897993253278e+00 0.000000000000000000e+00 0.000000000000000000e+00
3.200000000000000000e+01 7.260870993172989785e+00 1.000000000000000000e+00 0.000000000000000000e+00
3.300000000000000000e+01 7.088552496275092984e+00 0.000000000000000000e+00 0.000000000000000000e+00
3.400000000000000000e+01 8.102590109279812935e+00 1.000000000000000000e+00 0.000000000000000000e+00
3.500000000000000000e+01 5.613205711542049947e+00 1.000000000000000000e+00 0.000000000000000000e+00
3.600000000000000000e+01 5.627732795234200225e+00 1.000000000000000000e+00 0.000000000000000000e+00
3.700000000000000000e+01 9.137156744832600097e+00 0.000000000000000000e+00 0.000000000000000000e+00
3.800000000000000000e+01 8.516150041908515433e+00 2.000000000000000000e+00 0.000000000000000000e+00
3.900000000000000000e+01 8.611004727685658722e+00 0.000000000000000000e+00 0.000000000000000000e+00
4.000000000000000000e+01 8.081654363261181473e+00 1.000000000000000000e+00 0.000000000000000000e+00
4.100000000000000000e+01 7.450016036293575894e+00 2.000000000000000000e+00 0.000000000000000000e+00
4.200000000000000000e+01 7.692896940801221994e+00 0.000000000000000000e+00 0.000000000000000000e+00
4.300000000000000000e+01 8.194727063189919392e+00 0.000000000000000000e+00 0.000000000000000000e+00
4.400000000000000000e+01 1.021970240465659607e+01 0.000000000000000000e+00 0.000000000000000000e+00
4.500000000000000000e+01 9.655905155124976602e+00 2.000000000000000000e+00 0.000000000000000000e+00
4.600000000000000000e+01 1.084351573418262937e+01 0.000000000000000000e+00 0.000000000000000000e+00
4.700000000000000000e+01 9.986603123389521386e+00 1.000000000000000000e+00 0.000000000000000000e+00
4.800000000000000000e+01 8.052281480467760488e+00 2.000000000000000000e+00 0.000000000000000000e+00
4.900000000000000000e+01 9.452710388503504646e+00 0.000000000000000000e+00 0.000000000000000000e+00
5.000000000000000000e+01 1.084175010386191929e+01 0.000000000000000000e+00 0.000000000000000000e+00
5.100000000000000000e+01 1.088491555285596668e+01 2.000000000000000000e+00 0.000000000000000000e+00
5.200000000000000000e+01 8.336414310614497225e+00 2.000000000000000000e+00 0.000000000000000000e+00
5.300000000000000000e+01 8.751656314908245804e+00 2.000000000000000000e+00 0.000000000000000000e+00
5.400000000000000000e+01 6.609878748643848390e+00 2.000000000000000000e+00 0.000000000000000000e+00
5.500000000000000000e+01 8.604029944252042483e+00 0.000000000000000000e+00 0.000000000000000000e+00
5.600000000000000000e+01 5.945200698982624488e+00 2.000000000000000000e+00 0.000000000000000000e+00
5.700000000000000000e+01 7.442120583349809415e+00 0.000000000000000000e+00 0.000000000000000000e+00
5.800000000000000000e+01 7.812085792941190654e+00 1.000000000000000000e+00 0.000000000000000000e+00
5.900000000000000000e+01 7.204693867502639293e+00 1.000000000000000000e+00 0.000000000000000000e+00
6.000000000000000000e+01 5.637993581950102140e+00 2.000000000000000000e+00 0.000000000000000000e+00
6.100000000000000000e+01 1.047261031422281441e+01 0.000000000000000000e+00 0.000000000000000000e+00
6.200000000000000000e+01 8.790857291901415849e+00 0.000000000000000000e+00 0.000000000000000000e+00
6.300000000000000000e+01 8.235543903183032199e+00 1.000000000000000000e+00 0.000000000000000000e+00
6.400000000000000000e+01 1.100909200225155260e+01 0.000000000000000000e+00 0.000000000000000000e+00
6.500000000000000000e+01 8.926009264513968589e+00 1.000000000000000000e+00 0.000000000000000000e+00
6.600000000000000000e+01 8.697561114535625748e+00 2.000000000000000000e+00 0.000000000000000000e+00
6.700000000000000000e+01 8.804634466750030697e+00 0.000000000000000000e+00 0.000000000000000000e+00
6.800000000000000000e+01 9.381018377361684202e+00 2.000000000000000000e+00 0.000000000000000000e+00
6.900000000000000000e+01 8.889457235080373110e+00 2.000000000000000000e+00 0.000000000000000000e+00
7.000000000000000000e+01 1.003192111445914136e+01 0.000000000000000000e+00 0.000000000000000000e+00
7.100000000000000000e+01 8.351442152635598859e+00 1.000000000000000000e+00 0.000000000000000000e+00
7.200000000000000000e+01 9.992377933590642414e+00 0.000000000000000000e+00 0.000000000000000000e+00
7.300000000000000000e+01 9.365222812103350947e+00 2.000000000000000000e+00 0.000000000000000000e+00
7.400000000000000000e+01 7.779926133442622849e+00 1.000000000000000000e+00 0.000000000000000000e+00
7.500000000000000000e+01 9.463109829371719073e+00 0.000000000000000000e+00 0.000000000000000000e+00
7.600000000000000000e+01 1.034220462004023844e+01 1.000000000000000000e+00 0.000000000000000000e+00
7.700000000000000000e+01 1.018830351952293789e+01 0.000000000000000000e+00 0.000000000000000000e+00
7.800000000000000000e+01 1.150141780037786354e+01 0.000000000000000000e+00 0.000000000000000000e+00
7.900000000000000000e+01 1.194471176182108429e+01 1.000000000000000000e+00 0.000000000000000000e+00
8.000000000000000000e+01 1.214833116077831399e+01 1.000000000000000000e+00 0.000000000000000000e+00
8.100000000000000000e+01 1.468734277970018098e+01 0.000000000000000000e+00 0.000000000000000000e+00
8.200000000000000000e+01 1.184560015849912062e+01 2.000000000000000000e+00 0.000000000000000000e+00
8.300000000000000000e+01 1.359989630753427470e+01 0.000000000000000000e+00 0.000000000000000000e+00
8.400000000000000000e+01 1.398956645232126483e+01 0.000000000000000000e+00 0.000000000000000000e+00
8.500000000000000000e+01 1.311100174300795729e+01 1.000000000000000000e+00 0.000000000000000000e+00
8.600000000000000000e+01 1.449159639795611199e+01 0.000000000000000000e+00 0.000000000000000000e+00
8.700000000000000000e+01 1.632246609521276781e+01 0.000000000000000000e+00 0.000000000000000000e+00
8.800000000000000000e+01 1.606807116799099333e+01 2.000000000000000000e+00 0.000000000000000000e+00
8.900000000000000000e+01 1.521732550564954423e+01 0.000000000000000000e+00 0.000000000000000000e+00
9.000000000000000000e+01 1.739711110139068140e+01 0.000000000000000000e+00 0.000000000000000000e+00
9.100000000000000000e+01 1.799931930498455657e+01 1.000000000000000000e+00 0.000000000000000000e+00
9.200000000000000000e+01 1.729209048312197794e+01 1.000000000000000000e+00 0.000000000000000000e+00
9.300000000000000000e+01 1.904040532580286538e+01 0.000000000000000000e+00 0.000000000000000000e+00
9.400000000000000000e+01 1.840366018768341405e+01 1.000000000000000000e+00 0.000000000000000000e+00
9.500000000000000000e+01 1.889075485914715813e+01 0.000000000000000000e+00 0.000000000000000000e+00
9.600000000000000000e+01 1.793542184884187662e+01 1.000000000000000000e+00 0.000000000000000000e+00
9.700000000000000000e+01 1.995538102672286129e+01 1.000000000000000000e+00 0.000000000000000000e+00
9.800000000000000000e+01 1.844262510473004468e+01 2.000000000000000000e+00 0.000000000000000000e+00
9.900000000000000000e+01 2.003546106608176913e+01 0.000000000000000000e+00 0.000000000000000000e+00
1.000000000000000000e+02 2.118638328904333434e+01 0.000000000000000000e+00 0.000000000000000000e+00
1.010000000000000000e+02 1.775476075960824929e+01 2.000000000000000000e+00 0.000000000000000000e+00
1.020000000000000000e+02 1.841598559558451598e+01 0.000000000000000000e+00 0.000000000000000000e+00
1.030000000000000000e+02 1.928009974425415152e+01 2.000000000000000000e+00 0.000000000000000000e+00
1.040000000000000000e+02 1.962771672979681270e+01 0.000000000000000000e+00 0.000000000000000000e+00
1.050000000000000000e+02 2.175339282274937602e+01 0.000000000000000000e+00 0.000000000000000000e+00
1.060000000000000000e+02 2.089870483544763502e+01 1.000000000000000000e+00 0.000000000000000000e+00
1.070000000000000000e+02 2.299419923141018174e+01 0.000000000000000000e+00 0.000000000000000000e+00
1.080000000000000000e+02 2.113279923164834884e+01 2.000000000000000000e+00 0.000000000000000000e+00
1.090000000000000000e+02 2.097456681350021057e+01 1.000000000000000000e+00 0.000000000000000000e+00
1.100000000000000000e+02 2.207234883030326955e+01 1.000000000000000000e+00 0.000000000000000000e+00
1.110000000000000000e+02 2.227572349128813656e+01 0.000000000000000000e+00 0.000000000000000000e+00
1.120000000000000000e+02 2.083119284909854585e+01 2.000000000000000000e+00 0.000000000000000000e+00
1.130000000000000000e+02 2.118984942217696954e+01 2.000000000000000000e+00 0.000000000000000000e+00
1.140000000000000000e+02 1.953449623233682075e+01 0.000000000000000000e+00 0.000000000000000000e+00
1.150000000000000000e+02 1.952333956483887434e+01 2.000000000000000000e+00 0.000000000000000000e+00
1.160000000000000000e+02 2.140683932186414040e+01 0.000000000000000000e+00 0.000000000000000000e+00
1.170000000000000000e+02 2.082069663737748044e+01 0.000000000000000000e+00 0.000000000000000000e+00
1.180000000000000000e+02 2.028030223053469072e+01 2.000000000000000000e+00 0.000000000000000000e+00
1.190000000000000000e+02 2.176989349817759489e+01 1.000000000000000000e+00 0.000000000000000000e+00
1.200000000000000000e+02 2.046891462965860242e+01 1.000000000000000000e+00 0.000000000000000000e+00
1.210000000000000000e+02 2.248420806504303116e+01 0.000000000000000000e+00 0.000000000000000000e+00
1.220000000000000000e+02 2.263874951114666700e+01 0.000000000000000000e+00 0.000000000000000000e+00
1.230000000000000000e+02 2.233881826743945354e+01 2.000000000000000000e+00 0.000000000000000000e+00
1.240000000000000000e+02 2.354357917664170330e+01 0.000000000000000000e+00 0.000000000000000000e+00
1.250000000000000000e+02 2.556259103035971947e+01 0.000000000000000000e+00 0.000000000000000000e+00
1.260000000000000000e+02 2.510659047617925665e+01 1.000000000000000000e+00 0.000000000000000000e+00
1.270000000000000000e+02 2.283223327342940578e+01 1.000000000000000000e+00 0.000000000000000000e+00
1.280000000000000000e+02 2.573671980403467430e+01 0.000000000000000000e+00 0.000000000000000000e+00
1.290000000000000000e+02 2.520958622825199669e+01 1.000000000000000000e+00 0.000000000000000000e+00
1.300000000000000000e+02 2.483364634089705802e+01 0.000000000000000000e+00 0.000000000000000000e+00
1.310000000000000000e+02 2.567509116888976095e+01 1.000000000000000000e+00 0.000000000000000000e+00
1.320000000000000000e+02 2.498373092901331205e+01 1.000000000000000000e+00 0.000000000000000000e+00
1.330000000000000000e+02 2.530629344682826343e+01 2.000000000000000000e+00 0.000000000000000000e+00
1.340000000000000000e+02 2.636195592937292531e+01 0.000000000000000000e+00 0.000000000000000000e+00
1.350000000000000000e+02 2.759424650723282468e+01 0.000000000000000000e+00 0.000000000000000000e+00
1.360000000000000000e+02 2.878988948706965800e+01 0.000000000000000000e+00 0.000000000000000000e+00
1.370000000000000000e+02 2.822327211662265256e+01 0.000000000000000000e+00 0.000000000000000000e+00
1.380000000000000000e+02 2.935783530472019365e+01 0.000000000000000000e+00 0.000000000000000000e+00
1.390000000000000000e+02 3.010353626311388808e+01 0.000000000000000000e+00 0.000000000000000000e+00
1.400000000000000000e+02 2.936356044165613355e+01 2.000000000000000000e+00 0.000000000000000000e+00
1.410000000000000000e+02 3.053632449867769694e+01 0.000000000000000000e+00 0.000000000000000000e+00
1.420000000000000000e+02 3.269764392114853990e+01 0.000000000000000000e+00 0.000000000000000000e+00
1.430000000000000000e+02 2.947516770329024283e+01 2.000000000000000000e+00 0.000000000000000000e+00
1.440000000000000000e+02 3.138502749004458536e+01 0.000000000000000000e+00 0.000000000000000000e+00
1.450000000000000000e+02 3.184538974546419965e+01 0.000000000000000000e+00 0.000000000000000000e+00
1.460000000000000000e+02 3.273754039277498151e+01 2.000000000000000000e+00 0.000000000000000000e+00
1.470000000000000000e+02 3.337910949832109964e+01 0.000000000000000000e+00 0.000000000000000000e+00
1.480000000000000000e+02 3.276226875726178633e+01 1.000000000000000000e+00 0.000000000000000000e+00
1.490000000000000000e+02 3.354224296002395533e+01 1.000000000000000000e+00 0.000000000000000000e+00
1.500000000000000000e+02 3.354553675662635470e+01 1.000000000000000000e+00 0.000000000000000000e+00
1.510000000000000000e+02 3.226764225820110710e+01 1.000000000000000000e+00 0.000000000000000000e+00
1.520000000000000000e+02 3.203268920134142661e+01 2.000000000000000000e+00 0.000000000000000000e+00
1.530000000000000000e+02 3.183845270018454343e+01 1.000000000000000000e+00 0.000000000000000000e+00
1.540000000000000000e+02 3.299675148709845729e+01 0.000000000000000000e+00 0.000000000000000000e+00
1.550000000000000000e+02 3.148966184866661777e+01 2.000000000000000000e+00 0.000000000000000000e+00
1.560000000000000000e+02 3.204082445823052439e+01 1.000000000000000000e+00 0.000000000000000000e+00
1.570000000000000000e+02 3.236772179838069263e+01 0.000000000000000000e+00 0.000000000000000000e+00
1.580000000000000000e+02 3.262298906366222440e+01 1.000000000000000000e+00 0.000000000000000000e+00
1.590000000000000000e+02 3.338800299534075577e+01 0.000000000000000000e+00 0.000000000000000000e+00
1.600000000000000000e+02 3.375768898078539593e+01 2.000000000000000000e+00 0.000000000000000000e+00
1.610000000000000000e+02 3.502694592535267759e+01 0.000000000000000000e+00 0.000000000000000000e+00
1.620000000000000000e+02 3.599186906141763842e+01 0.000000000000000000e+00 0.000000000000000000e+00
1.630000000000000000e+02 3.517104612606330960e+01 0.000000000000000000e+00 0.000000000000000000e+00
1.640000000000000000e+02 3.614589078977613923e+01 2.000000000000000000e+00 0.000000000000000000e+00
1.650000000000000000e+02 3.454041231464745465e+01 2.000000000000000000e+00 0.000000000000000000e+00
1.660000000000000000e+02 3.470590503800303139e+01 1.000000000000000000e+00 0.000000000000000000e+00
1.670000000000000000e+02 3.220038633292217867e+01 2.000000000000000000e+00 0.000000000000000000e+00
1.680000000000000000e+02 3.445063456829817738e+01 1.000000000000000000e+00 0.000000000000000000e+00
1.690000000000000000e+02 3.509850557835596163e+01 0.000000000000000000e+00 0.000000000000000000e+00
1.700000000000000000e+02 3.429743322737683542e+01 2.000000000000000000e+00 0.000000000000000000e+00
1.710000000000000000e+02 3.248661597387330602e+01 0.000000000000000000e+00 0.000000000000000000e+00
1.720000000000000000e+02 3.184870717264254480e+01 1.000000000000000000e+00 0.000000000000000000e+00
1.730000000000000000e+02 3.547821890208038553e+01 0.000000000000000000e+00 0.000000000000000000e+00
1.740000000000000000e+02 3.685091625080217881e+01 0.000000000000000000e+00 0.000000000000000000e+00
1.750000000000000000e+02 3.558212443460143248e+01 2.000000000000000000e+00 0.000000000000000000e+00
1.760000000000000000e+02 3.618954606332756896e+01 0.000000000000000000e+00 0.000000000000000000e+00
1.770000000000000000e+02 3.775079421341997943e+01 0.000000000000000000e+00 0.000000000000000000e+00
1.780000000000000000e+02 3.764963625279371229e+01 1.000000000000000000e+00 0.000000000000000000e+00
1.790000000000000000e+02 3.833183571570864956e+01 0.000000000000000000e+00 0.000000000000000000e+00
1.800000000000000000e+02 3.704207628717522027e+01 2.000000000000000000e+00 0.000000000000000000e+00
1.810000000000000000e+02 3.755805059840864146e+01 0.000000000000000000e+00 0.000000000000000000e+00
1.820000000000000000e+02 3.768883868124095926e+01 1.000000000000000000e+00 0.000000000000000000e+00
1.830000000000000000e+02 3.846214314465793649e+01 0.000000000000000000e+00 0.000000000000000000e+00
1.840000000000000000e+02 3.813673640708412194e+01 1.000000000000000000e+00 0.000000000000000000e+00
1.850000000000000000e+02 3.841032748651657158e+01 1.000000000000000000e+00 0.000000000000000000e+00
1.860000000000000000e+02 3.956441861445544816e+01 1.000000000000000000e+00 0.000000000000000000e+00
1.870000000000000000e+02 3.778851057292134641e+01 2.000000000000000000e+00 0.000000000000000000e+00
1.880000000000000000e+02 3.784267475694157667e+01 0.000000000000000000e+00 0.000000000000000000e+00
1.890000000000000000e+02 3.814714299875333836e+01 1.000000000000000000e+00 0.000000000000000000e+00
1.900000000000000000e+02 3.822770941498834674e+01 1.000000000000000000e+00 0.000000000000000000e+00
1.910000000000000000e+02 4.080100725057064892e+01 0.000000000000000000e+00 0.000000000000000000e+00
1.920000000000000000e+02 3.958396005217120717e+01 1.000000000000000000e+00 0.000000000000000000e+00
1.930000000000000000e+02 3.782032641079670299e+01 2.000000000000000000e+00 0.000000000000000000e+00
1.940000000000000000e+02 3.936807957531255653e+01 0.000000000000000000e+00 0.000000000000000000e+00
1.950000000000000000e+02 4.152383807932820048e+01 0.000000000000000000e+00 0.000000000000000000e+00
1.960000000000000000e+02 4.101376376491886333e+01 0.000000000000000000e+00 0.000000000000000000e+00
1.970000000000000000e+02 4.133690519622971493e+01 1.000000000000000000e+00 0.000000000000000000e+00
1.980000000000000000e+02 4.177632426098750074e+01 0.000000000000000000e+00 0.000000000000000000e+00
1.990000000000000000e+02 4.386669858940117450e+01 1.000000000000000000e+00 0.000000000000000000e+00
2.000000000000000000e+02 4.336900616702714473e+01 1.000000000000000000e+00 0.000000000000000000e+00
2.010000000000000000e+02 4.326040829341070548e+01 1.000000000000000000e+00 0.000000000000000000e+00
2.020000000000000000e+02 4.377807646046887413e+01 2.000000000000000000e+00 0.000000000000000000e+00
2.030000000000000000e+02 4.308854220296847615e+01 0.000000000000000000e+00 0.000000000000000000e+00
2.040000000000000000e+02 4.257037605624370258e+01 1.000000000000000000e+00 0.000000000000000000e+00
2.050000000000000000e+02 4.200750391724571386e+01 1.000000000000000000e+00 0.000000000000000000e+00
2.060000000000000000e+02 4.317359887172721500e+01 1.000000000000000000e+00 0.000000000000000000e+00
2.070000000000000000e+02 4.468604794445645467e+01 0.000000000000000000e+00 0.000000000000000000e+00
2.080000000000000000e+02 4.189059944718122352e+01 2.000000000000000000e+00 0.000000000000000000e+00
2.090000000000000000e+02 4.428683176013660727e+01 1.000000000000000000e+00 0.000000000000000000e+00
2.100000000000000000e+02 4.349321578906776864e+01 0.000000000000000000e+00 0.000000000000000000e+00
2.110000000000000000e+02 4.435963047422990968e+01 0.000000000000000000e+00 0.000000000000000000e+00
2.120000000000000000e+02 4.591132100417701167e+01 1.000000000000000000e+00 0.000000000000000000e+00
2.130000000000000000e+02 4.559618586656902295e+01 0.000000000000000000e+00 0.000000000000000000e+00
2.140000000000000000e+02 4.634930093552475228e+01 1.000000000000000000e+00 0.000000000000000000e+00
2.150000000000000000e+02 4.604215454543538044e+01 1.000000000000000000e+00 0.000000000000000000e+00
2.160000000000000000e+02 4.659082850127103370e+01 0.000000000000000000e+00 0.000000000000000000e+00
2.170000000000000000e+02 4.665546264762835449e+01 0.000000000000000000e+00 0.000000000000000000e+00
2.180000000000000000e+02 4.767254206443487874e+01 2.000000000000000000e+00 0.000000000000000000e+00
2.190000000000000000e+02 4.665165867929420074e+01 1.000000000000000000e+00 0.000000000000000000e+00
2.200000000000000000e+02 4.724634498535073845e+01 1.000000000000000000e+00 0.000000000000000000e+00
2.210000000000000000e+02 4.747185102720008132e+01 0.000000000000000000e+00 0.000000000000000000e+00
2.220000000000000000e+02 4.943649166598716960e+01 0.000000000000000000e+00 0.000000000000000000e+00
2.230000000000000000e+02 4.822331431435454618e+01 2.000000000000000000e+00 0.000000000000000000e+00
2.240000000000000000e+02 4.773134798987815941e+01 2.000000000000000000e+00 0.000000000000000000e+00
2.250000000000000000e+02 4.616832921214584928e+01 2.000000000000000000e+00 0.000000000000000000e+00
2.260000000000000000e+02 4.667476421473580928e+01 0.000000000000000000e+00 0.000000000000000000e+00
2.270000000000000000e+02 4.720384934726634896e+01 1.000000000000000000e+00 0.000000000000000000e+00
2.280000000000000000e+02 4.668573257391977194e+01 1.000000000000000000e+00 0.000000000000000000e+00
2.290000000000000000e+02 4.493063060439053658e+01 2.000000000000000000e+00 0.000000000000000000e+00
2.300000000000000000e+02 4.678694678928085438e+01 0.000000000000000000e+00 0.000000000000000000e+00
2.310000000000000000e+02 4.760272393699585081e+01 2.000000000000000000e+00 0.000000000000000000e+00
2.320000000000000000e+02 4.647763587154602050e+01 1.000000000000000000e+00 0.000000000000000000e+00
2.330000000000000000e+02 4.637321826327082164e+01 0.000000000000000000e+00 0.000000000000000000e+00
2.340000000000000000e+02 4.839531440853702549e+01 0.000000000000000000e+00 0.000000000000000000e+00
2.350000000000000000e+02 4.807883947973882499e+01 0.000000000000000000e+00 0.000000000000000000e+00
2.360000000000000000e+02 5.016101580346118993e+01 1.000000000000000000e+00 0.000000000000000000e+00
2.370000000000000000e+02 5.014472230604909697e+01 0.000000000000000000e+00 0.000000000000000000e+00
2.380000000000000000e+02 4.994217165679492609e+01 0.000000000000000000e+00 0.000000000000000000e+00
2.390000000000000000e+02 4.967948050542275240e+01 2.000000000000000000e+00 0.000000000000000000e+00
2.400000000000000000e+02 4.951222439202967962e+01 0.000000000000000000e+00 0.000000000000000000e+00
2.410000000000000000e+02 4.901745158954867065e+01 2.000000000000000000e+00 0.000000000000000000e+00
2.420000000000000000e+02 5.068792013606486790e+01 0.000000000000000000e+00 0.000000000000000000e+00
2.430000000000000000e+02 5.059833544726811994e+01 0.000000000000000000e+00 0.000000000000000000e+00
2.440000000000000000e+02 5.279256616130788871e+01 1.000000000000000000e+00 0.000000000000000000e+00
2.450000000000000000e+02 5.219384222374245041e+01 1.000000000000000000e+00 0.000000000000000000e+00
2.460000000000000000e+02 5.309280288006478088e+01 0.000000000000000000e+00 0.000000000000000000e+00
2.470000000000000000e+02 5.374307137852777316e+01 1.000000000000000000e+00 0.000000000000000000e+00
2.480000000000000000e+02 5.256076450162200331e+01 1.000000000000000000e+00 0.000000000000000000e+00
2.490000000000000000e+02 5.317462237557246141e+01 1.000000000000000000e+00 0.000000000000000000e+00
2.500000000000000000e+02 5.299927297174104268e+01 1.000000000000000000e+00 0.000000000000000000e+00
2.510000000000000000e+02 5.389815794642893820e+01 0.000000000000000000e+00 0.000000000000000000e+00
2.520000000000000000e+02 5.504062381527153036e+01 1.000000000000000000e+00 0.000000000000000000e+00
2.530000000000000000e+02 5.433137761311454739e+01 0.000000000000000000e+00 0.000000000000000000e+00
2.540000000000000000e+02 5.382996831387023207e+01 2.000000000000000000e+00 0.000000000000000000e+00
2.550000000000000000e+02 5.550575358574013762e+01 0.000000000000000000e+00 0.000000000000000000e+00
2.560000000000000000e+02 5.231735298964384384e+01 2.000000000000000000e+00 0.000000000000000000e+00
2.570000000000000000e+02 5.527191073527282583e+01 1.000000000000000000e+00 0.000000000000000000e+00
2.580000000000000000e+02 5.476896732441768023e+01 1.000000000000000000e+00 0.000000000000000000e+00
2.590000000000000000e+02 5.558121743240994306e+01 0.000000000000000000e+00 0.000000000000000000e+00
2.600000000000000000e+02 5.241014294344846292e+01 2.000000000000000000e+00 0.000000000000000000e+00
2.610000000000000000e+02 5.363240398866399516e+01 0.000000000000000000e+00 0.000000000000000000e+00
2.620000000000000000e+02 5.822817962016374338e+01 0.000000000000000000e+00 0.000000000000000000e+00
2.630000000000000000e+02 5.486660429093719671e+01 1.000000000000000000e+00 0.000000000000000000e+00
2.640000000000000000e+02 5.697800552287981191e+01 0.000000000000000000e+00 0.000000000000000000e+00
2.650000000000000000e+02 5.667595725576728682e+01 2.000000000000000000e+00 0.000000000000000000e+00
2.660000000000000000e+02 5.719732720600492115e+01 0.000000000000000000e+00 0.000000000000000000e+00
2.670000000000000000e+02 5.714253083416231505e+01 1.000000000000000000e+00 0.000000000000000000e+00
2.680000000000000000e+02 5.626245292819111654e+01 2.000000000000000000e+00 0.000000000000000000e+00
2.690000000000000000e+02 5.441499747453078584e+01 2.000000000000000000e+00 0.000000000000000000e+00
2.700000000000000000e+02 5.562807907865418855e+01 0.000000000000000000e+00 0.000000000000000000e+00
2.710000000000000000e+02 5.661794106379349500e+01 0.000000000000000000e+00 0.000000000000000000e+00
2.720000000000000000e+02 5.583096574779410304e+01 2.000000000000000000e+00 0.000000000000000000e+00
2.730000000000000000e+02 5.817802836509575570e+01 0.000000000000000000e+00 0.000000000000000000e+00
2.740000000000000000e+02 5.748753752014287954e+01 1.000000000000000000e+00 0.000000000000000000e+00
2.750000000000000000e+02 5.856368252124278939e+01 1.000000000000000000e+00 0.000000000000000000e+00
2.760000000000000000e+02 5.799605533952714609e+01 1.000000000000000000e+00 0.000000000000000000e+00
2.770000000000000000e+02 5.736271126416443167e+01 0.000000000000000000e+00 0.000000000000000000e+00
2.780000000000000000e+02 5.803786880667473014e+01 0.000000000000000000e+00 0.000000000000000000e+00
2.790000000000000000e+02 5.944297417190537658e+01 1.000000000000000000e+00 0.000000000000000000e+00
2.800000000000000000e+02 6.096992709326488580e+01 0.000000000000000000e+00 0.000000000000000000e+00
2.810000000000000000e+02 6.120065583949867261e+01 1.000000000000000000e+00 0.000000000000000000e+00
2.820000000000000000e+02 5.911030532751974675e+01 1.000000000000000000e+00 0.000000000000000000e+00
2.830000000000000000e+02 5.881451584774186614e+01 1.000000000000000000e+00 0.000000000000000000e+00
2.840000000000000000e+02 5.982341253246149648e+01 1.000000000000000000e+00 0.000000000000000000e+00
2.850000000000000000e+02 6.200145985138534144e+01 0.000000000000000000e+00 0.000000000000000000e+00
2.860000000000000000e+02 5.952633232000454200e+01 2.000000000000000000e+00 0.000000000000000000e+00
2.870000000000000000e+02 6.218818439706786450e+01 0.000000000000000000e+00 0.000000000000000000e+00
2.880000000000000000e+02 6.124608079601389221e+01 0.000000000000000000e+00 0.000000000000000000e+00
2.890000000000000000e+02 6.148640326203081941e+01 2.000000000000000000e+00 0.000000000000000000e+00
2.900000000000000000e+02 6.397002821522297467e+01 0.000000000000000000e+00 0.000000000000000000e+00
2.910000000000000000e+02 6.083604037351258143e+01 2.000000000000000000e+00 0.000000000000000000e+00
2.920000000000000000e+02 6.093378676688033835e+01 0.000000000000000000e+00 0.000000000000000000e+00
2.930000000000000000e+02 6.260120577038340173e+01 1.000000000000000000e+00 0.000000000000000000e+00
2.940000000000000000e+02 6.352211769715004408e+01 1.000000000000000000e+00 0.000000000000000000e+00
2.950000000000000000e+02 6.225373191414981022e+01 1.000000000000000000e+00 0.000000000000000000e+00
2.960000000000000000e+02 6.335502575419425142e+01 0.000000000000000000e+00 0.000000000000000000e+00
2.970000000000000000e+02 6.294605301114758333e+01 1.000000000000000000e+00 0.000000000000000000e+00
2.980000000000000000e+02 6.486703262293279693e+01 0.000000000000000000e+00 0.000000000000000000e+00
2.990000000000000000e+02 6.521593317790733124e+01 0.000000000000000000e+00 0.000000000000000000e+00
3.000000000000000000e+02 6.419556080778863816e+01 1.000000000000000000e+00 0.000000000000000000e+00
3.010000000000000000e+02 6.500319244544090225e+01 1.000000000000000000e+00 0.000000000000000000e+00
3.020000000000000000e+02 6.301924550776418243e+01 1.000000000000000000e+00 0.000000000000000000e+00
3.030000000000000000e+02 6.636338594879342168e+01 0.000000000000000000e+00 0.000000000000000000e+00
3.040000000000000000e+02 6.632553338835343482e+01 0.000000000000000000e+00 0.000000000000000000e+00
3.050000000000000000e+02 6.635077999277785921e+01 2.000000000000000000e+00 0.000000000000000000e+00
3.060000000000000000e+02 6.645082072463064549e+01 1.000000000000000000e+00 0.000000000000000000e+00
3.070000000000000000e+02 6.742408624432650299e+01 0.000000000000000000e+00 0.000000000000000000e+00
3.080000000000000000e+02 6.601815698241439634e+01 1.000000000000000000e+00 0.000000000000000000e+00
3.090000000000000000e+02 6.679443322899894042e+01 1.000000000000000000e+00 0.000000000000000000e+00
3.100000000000000000e+02 6.730587004382461203e+01 0.000000000000000000e+00 0.000000000000000000e+00
3.110000000000000000e+02 6.571591477080193044e+01 2.000000000000000000e+00 0.000000000000000000e+00
3.120000000000000000e+02 6.811095408286927011e+01 0.000000000000000000e+00 0.000000000000000000e+00
3.130000000000000000e+02 6.820457689662778478e+01 1.000000000000000000e+00 0.000000000000000000e+00
3.140000000000000000e+02 7.007868500129433187e+01 0.000000000000000000e+00 0.000000000000000000e+00
3.150000000000000000e+02 6.880607791858572853e+01 1.000000000000000000e+00 0.000000000000000000e+00
3.160000000000000000e+02 6.858215225065211484e+01 2.000000000000000000e+00 0.000000000000000000e+00
3.170000000000000000e+02 6.828412157117351455e+01 1.000000000000000000e+00 0.000000000000000000e+00
3.180000000000000000e+02 6.842481292891041278e+01 1.000000000000000000e+00 0.000000000000000000e+00
3.190000000000000000e+02 6.989540805385287570e+01 0.000000000000000000e+00 0.000000000000000000e+00
3.200000000000000000e+02 6.961165172211931917e+01 1.000000000000000000e+00 0.000000000000000000e+00
3.210000000000000000e+02 6.805481780997506291e+01 1.000000000000000000e+00 0.000000000000000000e+00
3.220000000000000000e+02 6.862153772445796562e+01 2.000000000000000000e+00 0.000000000000000000e+00
3.230000000000000000e+02 6.891927214728031004e+01 0.000000000000000000e+00 0.000000000000000000e+00
3.240000000000000000e+02 6.865141439423386771e+01 2.000000000000000000e+00 0.000000000000000000e+00
3.250000000000000000e+02 6.706249392191018899e+01 0.000000000000000000e+00 0.000000000000000000e+00
3.260000000000000000e+02 6.979977273429565798e+01 1.000000000000000000e+00 0.000000000000000000e+00
3.270000000000000000e+02 6.994318640020505029e+01 0.000000000000000000e+00 0.000000000000000000e+00
3.280000000000000000e+02 6.910911638842488003e+01 2.000000000000000000e+00 0.000000000000000000e+00
3.290000000000000000e+02 7.024944313886047098e+01 0.000000000000000000e+00 0.000000000000000000e+00
3.300000000000000000e+02 6.778857659176800610e+01 2.000000000000000000e+00 0.000000000000000000e+00
3.310000000000000000e+02 6.908341547024404861e+01 0.000000000000000000e+00 0.000000000000000000e+00
3.320000000000000000e+02 7.089026950285798989e+01 2.000000000000000000e+00 0.000000000000000000e+00
3.330000000000000000e+02 6.881811471245750056e+01 1.000000000000000000e+00 0.000000000000000000e+00
3.340000000000000000e+02 6.982446170384393724e+01 0.000000000000000000e+00 0.000000000000000000e+00
3.350000000000000000e+02 7.092514820295049560e+01 0.000000000000000000e+00 0.000000000000000000e+00
3.360000000000000000e+02 7.024326617152233609e+01 2.000000000000000000e+00 0.000000000000000000e+00
3.370000000000000000e+02 6.984625981571855391e+01 1.000000000000000000e+00 0.000000000000000000e+00
3.380000000000000000e+02 6.995412739003523939e+01 0.000000000000000000e+00 0.000000000000000000e+00
3.390000000000000000e+02 7.193933913384030632e+01 1.000000000000000000e+00 0.000000000000000000e+00
3.400000000000000000e+02 7.149267724723111428e+01 1.000000000000000000e+00 0.000000000000000000e+00
3.410000000000000000e+02 7.014963751452606289e+01 2.000000000000000000e+00 0.000000000000000000e+00
3.420000000000000000e+02 6.857732002954516304e+01 2.000000000000000000e+00 0.000000000000000000e+00
3.430000000000000000e+02 6.885106428984688876e+01 0.000000000000000000e+00 0.000000000000000000e+00
3.440000000000000000e+02 7.001608903506071613e+01 1.000000000000000000e+00 0.000000000000000000e+00
3.450000000000000000e+02 6.933649280650732294e+01 2.000000000000000000e+00 0.000000000000000000e+00
3.460000000000000000e+02 6.867488635207355685e+01 0.000000000000000000e+00 0.000000000000000000e+00
3.470000000000000000e+02 6.859306320273377366e+01 2.000000000000000000e+00 0.000000000000000000e+00
3.480000000000000000e+02 7.036353843814956122e+01 1.000000000000000000e+00 0.000000000000000000e+00
3.490000000000000000e+02 6.945324898440354389e+01 1.000000000000000000e+00 0.000000000000000000e+00
3.500000000000000000e+02 7.061743665457044017e+01 0.000000000000000000e+00 0.000000000000000000e+00
3.510000000000000000e+02 7.090498116148374663e+01 0.000000000000000000e+00 0.000000000000000000e+00
3.520000000000000000e+02 6.931300785183721302e+01 1.000000000000000000e+00 0.000000000000000000e+00
3.530000000000000000e+02 7.310004756315581176e+01 0.000000000000000000e+00 0.000000000000000000e+00
3.540000000000000000e+02 7.311580114287023946e+01 1.000000000000000000e+00 0.000000000000000000e+00
3.550000000000000000e+02 7.288093496128091431e+01 0.000000000000000000e+00 0.000000000000000000e+00
3.560000000000000000e+02 7.289826475416965934e+01 2.000000000000000000e+00 0.000000000000000000e+00
3.570000000000000000e+02 7.064487002324145237e+01 2.000000000000000000e+00 0.000000000000000000e+00
3.580000000000000000e+02 7.051423076992757899e+01 0.000000000000000000e+00 0.000000000000000000e+00
3.590000000000000000e+02 7.271325241349326518e+01 0.000000000000000000e+00 0.000000000000000000e+00
3.600000000000000000e+02 7.321754335296675720e+01 2.000000000000000000e+00 0.000000000000000000e+00
3.610000000000000000e+02 7.251883792430164988e+01 0.000000000000000000e+00 0.000000000000000000e+00
3.620000000000000000e+02 7.306469549212057757e+01 2.000000000000000000e+00 0.000000000000000000e+00
3.630000000000000000e+02 7.328843241488907267e+01 0.000000000000000000e+00 0.000000000000000000e+00
3.640000000000000000e+02 7.171399889362179181e+01 2.000000000000000000e+00 0.000000000000000000e+00
3.650000000000000000e+02 7.273413330554990353e+01 0.000000000000000000e+00 0.000000000000000000e+00
3.660000000000000000e+02 7.387966904996227413e+01 0.000000000000000000e+00 0.000000000000000000e+00
3.670000000000000000e+02 7.398110259350580975e+01 1.000000000000000000e+00 0.000000000000000000e+00
3.680000000000000000e+02 7.621882115396645929e+01 0.000000000000000000e+00 0.000000000000000000e+00
3.690000000000000000e+02 7.578798815332278593e+01 1.000000000000000000e+00 0.000000000000000000e+00
3.700000000000000000e+02 7.525379384468202204e+01 0.000000000000000000e+00 0.000000000000000000e+00
3.710000000000000000e+02 7.584064506422895136e+01 1.000000000000000000e+00 0.000000000000000000e+00
3.720000000000000000e+02 7.525728920149992973e+01 1.000000000000000000e+00 0.000000000000000000e+00
3.730000000000000000e+02 7.474237970351316562e+01 1.000000000000000000e+00 0.000000000000000000e+00
3.740000000000000000e+02 7.649599109459596491e+01 1.000000000000000000e+00 0.000000000000000000e+00
3.750000000000000000e+02 7.594328062245432420e+01 1.000000000000000000e+00 0.000000000000000000e+00
3.760000000000000000e+02 7.676766602404273954e+01 0.000000000000000000e+00 0.000000000000000000e+00
3.770000000000000000e+02 7.484074289711102779e+01 2.000000000000000000e+00 0.000000000000000000e+00
3.780000000000000000e+02 7.809053234750463446e+01 0.000000000000000000e+00 0.000000000000000000e+00
3.790000000000000000e+02 7.643478969377085264e+01 1.000000000000000000e+00 0.000000000000000000e+00
3.800000000000000000e+02 7.488197199661979653e+01 2.000000000000000000e+00 0.000000000000000000e+00
3.810000000000000000e+02 7.660364622964041814e+01 1.000000000000000000e+00 0.000000000000000000e+00
3.820000000000000000e+02 7.562714947528743892e+01 0.000000000000000000e+00 0.000000000000000000e+00
3.830000000000000000e+02 7.494743250214042973e+01 2.000000000000000000e+00 0.000000000000000000e+00
3.840000000000000000e+02 7.619830847622476711e+01 0.000000000000000000e+00 0.000000000000000000e+00
3.850000000000000000e+02 7.816473341970187505e+01 1.000000000000000000e+00 0.000000000000000000e+00
3.860000000000000000e+02 7.740325981546565970e+01 1.000000000000000000e+00 0.000000000000000000e+00
3.870000000000000000e+02 7.643976793967274830e+01 1.000000000000000000e+00 0.000000000000000000e+00
3.880000000000000000e+02 7.679160787344339667e+01 1.000000000000000000e+00 0.000000000000000000e+00
3.890000000000000000e+02 7.782764865193985315e+01 0.000000000000000000e+00 0.000000000000000000e+00
3.900000000000000000e+02 7.797180093409116353e+01 0.000000000000000000e+00 0.000000000000000000e+00
3.910000000000000000e+02 7.943691178787793206e+01 0.000000000000000000e+00 0.000000000000000000e+00
3.920000000000000000e+02 7.917442814879599666e+01 1.000000000000000000e+00 0.000000000000000000e+00
3.930000000000000000e+02 7.873213913376717699e+01 2.000000000000000000e+00 0.000000000000000000e+00
3.940000000000000000e+02 8.059732508630840186e+01 0.000000000000000000e+00 0.000000000000000000e+00
3.950000000000000000e+02 7.958266940894803554e+01 2.000000000000000000e+00 0.000000000000000000e+00
3.960000000000000000e+02 7.908841607772403393e+01 1.000000000000000000e+00 0.000000000000000000e+00
3.970000000000000000e+02 8.240602591932388066e+01 0.000000000000000000e+00 0.000000000000000000e+00
3.980000000000000000e+02 7.965189321086789676e+01 1.000000000000000000e+00 0.000000000000000000e+00
3.990000000000000000e+02 8.148177603858860607e+01 0.000000000000000000e+00 0.000000000000000000e+00
4.000000000000000000e+02 7.972994808227170438e+01 2.000000000000000000e+00 0.000000000000000000e+00
4.010000000000000000e+02 7.967605618104536802e+01 2.000000000000000000e+00 0.000000000000000000e+00
4.020000000000000000e+02 8.077240652158027956e+01 0.000000000000000000e+00 0.000000000000000000e+00
4.030000000000000000e+02 7.953853903567770089e+01 2.000000000000000000e+00 0.000000000000000000e+00
4.040000000000000000e+02 7.978244767118889058e+01 0.000000000000000000e+00 0.000000000000000000e+00
4.050000000000000000e+02 8.001057611517103396e+01 1.000000000000000000e+00 0.000000000000000000e+00
4.060000000000000000e+02 8.095569582076980453e+01 0.000000000000000000e+00 0.000000000000000000e+00
4.070000000000000000e+02 8.227279124066100735e+01 0.000000000000000000e+00 0.000000000000000000e+00
4.080000000000000000e+02 8.071203911579972612e+01 1.000000000000000000e+00 0.000000000000000000e+00
4.090000000000000000e+02 8.333710612377240068e+01 0.000000000000000000e+00 0.000000000000000000e+00
4.100000000000000000e+02 8.238869858631089471e+01 1.000000000000000000e+00 0.000000000000000000e+00
4.110000000000000000e+02 8.213132235630082789e+01 2.000000000000000000e+00 0.000000000000000000e+00
4.120000000000000000e+02 8.023183184049271688e+01 2.000000000000000000e+00 0.000000000000000000e+00
4.130000000000000000e+02 8.357901601345794518e+01 0.000000000000000000e+00 0.000000000000000000e+00
4.140000000000000000e+02 8.223879417310564577e+01 0.000000000000000000e+00 0.000000000000000000e+00
4.150000000000000000e+02 8.414805967805109788e+01 1.000000000000000000e+00 0.000000000000000000e+00
4.160000000000000000e+02 8.391244315646537189e+01 0.000000000000000000e+00 0.000000000000000000e+00
4.170000000000000000e+02 8.471480673779666404e+01 2.000000000000000000e+00 0.000000000000000000e+00
4.180000000000000000e+02 8.220169452690899448e+01 2.000000000000000000e+00 0.000000000000000000e+00
4.190000000000000000e+02 8.222700736576307179e+01 0.000000000000000000e+00 0.000000000000000000e+00
4.200000000000000000e+02 8.219092559286421817e+01 2.000000000000000000e+00 0.000000000000000000e+00
4.210000000000000000e+02 8.342527907198389414e+01 1.000000000000000000e+00 0.000000000000000000e+00
4.220000000000000000e+02 8.365461658923226196e+01 0.000000000000000000e+00 0.000000000000000000e+00
4.230000000000000000e+02 8.188913117270747932e+01 1.000000000000000000e+00 0.000000000000000000e+00
4.240000000000000000e+02 8.428991950967412095e+01 1.000000000000000000e+00 0.000000000000000000e+00
4.250000000000000000e+02 8.207187996121535889e+01 2.000000000000000000e+00 0.000000000000000000e+00
4.260000000000000000e+02 8.438277306675897194e+01 0.000000000000000000e+00 0.000000000000000000e+00
4.270000000000000000e+02 8.329574978049932099e+01 1.000000000000000000e+00 0.000000000000000000e+00
4.280000000000000000e+02 8.321487558202221635e+01 1.000000000000000000e+00 0.000000000000000000e+00
4.290000000000000000e+02 8.153690298477224019e+01 1.000000000000000000e+00 0.000000000000000000e+00
4.300000000000000000e+02 8.161196080987716073e+01 2.000000000000000000e+00 0.000000000000000000e+00
4.310000000000000000e+02 8.311660605044590966e+01 0.000000000000000000e+00 0.000000000000000000e+00
4.320000000000000000e+02 8.220269543226261533e+01 1.000000000000000000e+00 0.000000000000000000e+00
4.330000000000000000e+02 8.378557207049580313e+01 0.000000000000000000e+00 0.000000000000000000e+00
4.340000000000000000e+02 8.547305891079943763e+01 0.000000000000000000e+00 0.000000000000000000e+00
4.350000000000000000e+02 8.498646859085751259e+01 1.000000000000000000e+00 0.000000000000000000e+00
4.360000000000000000e+02 8.430392544764147544e+01 1.000000000000000000e+00 0.000000000000000000e+00
4.370000000000000000e+02 8.544350930785311959e+01 0.000000000000000000e+00 0.000000000000000000e+00
4.380000000000000000e+02 8.626696682650974424e+01 0.000000000000000000e+00 0.000000000000000000e+00
4.390000000000000000e+02 8.530954336672725447e+01 1.000000000000000000e+00 0.000000000000000000e+00
4.400000000000000000e+02 8.787642364944430540e+01 0.000000000000000000e+00 0.000000000000000000e+00
4.410000000000000000e+02 8.808005233525014432e+01 2.000000000000000000e+00 0.000000000000000000e+00
4.420000000000000000e+02 8.754825544765634504e+01 0.000000000000000000e+00 0.000000000000000000e+00
4.430000000000000000e+02 8.918633491138896829e+01 0.000000000000000000e+00 0.000000000000000000e+00
4.440000000000000000e+02 9.003206768155750694e+01 0.000000000000000000e+00 0.000000000000000000e+00
4.450000000000000000e+02 8.996982493863468733e+01 1.000000000000000000e+00 0.000000000000000000e+00
4.460000000000000000e+02 8.944326529026417916e+01 1.000000000000000000e+00 0.000000000000000000e+00
4.470000000000000000e+02 9.081519191060851881e+01 0.000000000000000000e+00 0.000000000000000000e+00
4.480000000000000000e+02 9.093572807004809988e+01 1.000000000000000000e+00 0.000000000000000000e+00
4.490000000000000000e+02 9.119569329992434348e+01 1.000000000000000000e+00 0.000000000000000000e+00
4.500000000000000000e+02 9.048643044359569387e+01 1.000000000000000000e+00 0.000000000000000000e+00
4.510000000000000000e+02 9.175379181309826038e+01 2.000000000000000000e+00 0.000000000000000000e+00
4.520000000000000000e+02 9.026671574005635534e+01 0.000000000000000000e+00 0.000000000000000000e+00
4.530000000000000000e+02 9.136953726452804858e+01 2.000000000000000000e+00 0.000000000000000000e+00
4.540000000000000000e+02 9.205859399637630247e+01 0.000000000000000000e+00 0.000000000000000000e+00
4.550000000000000000e+02 9.077303641734630446e+01 1.000000000000000000e+00 0.000000000000000000e+00
4.560000000000000000e+02 9.082944826936227400e+01 1.000000000000000000e+00 0.000000000000000000e+00
4.570000000000000000e+02 9.110209765034565521e+01 0.000000000000000000e+00 0.000000000000000000e+00
4.580000000000000000e+02 9.308538735222722948e+01 1.000000000000000000e+00 0.000000000000000000e+00
4.590000000000000000e+02 9.289230193632633359e+01 1.000000000000000000e+00 0.000000000000000000e+00
4.600000000000000000e+02 9.101641738863979469e+01 1.000000000000000000e+00 0.000000000000000000e+00
4.610000000000000000e+02 9.188697600307709479e+01 1.000000000000000000e+00 0.000000000000000000e+00
4.620000000000000000e+02 9.177561480774249958e+01 1.000000000000000000e+00 0.000000000000000000e+00
4.630000000000000000e+02 9.256792781722293739e+01 0.000000000000000000e+00 0.000000000000000000e+00
4.640000000000000000e+02 9.291251186813776997e+01 1.000000000000000000e+00 0.000000000000000000e+00
4.650000000000000000e+02 9.312005297370120616e+01 1.000000000000000000e+00 0.000000000000000000e+00
4.660000000000000000e+02 9.289411061217002441e+01 2.000000000000000000e+00 0.000000000000000000e+00
4.670000000000000000e+02 9.217718196121383301e+01 0.000000000000000000e+00 0.000000000000000000e+00
4.680000000000000000e+02 9.292027972730996055e+01 1.000000000000000000e+00 0.000000000000000000e+00
4.690000000000000000e+02 9.221575507410059913e+01 2.000000000000000000e+00 0.000000000000000000e+00
4.700000000000000000e+02 9.026477114617910047e+01 2.000000000000000000e+00 0.000000000000000000e+00
4.710000000000000000e+02 9.018278494870989448e+01 0.000000000000000000e+00 0.000000000000000000e+00
4.720000000000000000e+02 9.137102363730093657e+01 0.000000000000000000e+00 0.000000000000000000e+00
4.730000000000000000e+02 9.403720666936455075e+01 1.000000000000000000e+00 0.000000000000000000e+00
4.740000000000000000e+02 9.149598622333147091e+01 2.000000000000000000e+00 0.000000000000000000e+00
4.750000000000000000e+02 9.364490725283739891e+01 0.000000000000000000e+00 0.000000000000000000e+00
4.760000000000000000e+02 9.270420074290237267e+01 2.000000000000000000e+00 0.000000000000000000e+00
4.770000000000000000e+02 9.279457550548765710e+01 0.000000000000000000e+00 0.000000000000000000e+00
4.780000000000000000e+02 9.287568330678107031e+01 2.000000000000000000e+00 0.000000000000000000e+00
4.790000000000000000e+02 9.349078049481043706e+01 0.000000000000000000e+00 0.000000000000000000e+00
4.800000000000000000e+02 9.199632776481557528e+01 1.000000000000000000e+00 0.000000000000000000e+00
4.810000000000000000e+02 9.207167197040089945e+01 1.000000000000000000e+00 0.000000000000000000e+00
4.820000000000000000e+02 9.316679123389890549e+01 1.000000000000000000e+00 0.000000000000000000e+00
4.830000000000000000e+02 9.308233175652993907e+01 1.000000000000000000e+00 0.000000000000000000e+00
4.840000000000000000e+02 9.479993164521785332e+01 0.000000000000000000e+00 0.000000000000000000e+00
4.850000000000000000e+02 9.380520853897206734e+01 1.000000000000000000e+00 0.000000000000000000e+00
4.860000000000000000e+02 9.493448938782245250e+01 0.000000000000000000e+00 0.000000000000000000e+00
4.870000000000000000e+02 9.408858575952197612e+01 1.000000000000000000e+00 0.000000000000000000e+00
4.880000000000000000e+02 9.614556255919475802e+01 0.000000000000000000e+00 0.000000000000000000e+00
4.890000000000000000e+02 9.672036838438897632e+01 0.000000000000000000e+00 0.000000000000000000e+00
4.900000000000000000e+02 9.896197184418831228e+01 0.000000000000000000e+00 0.000000000000000000e+00
4.910000000000000000e+02 9.872351405438492122e+01 1.000000000000000000e+00 0.000000000000000000e+00
4.920000000000000000e+02 9.957132408106788546e+01 0.000000000000000000e+00 0.000000000000000000e+00
4.930000000000000000e+02 1.006007382144036058e+02 0.000000000000000000e+00 0.000000000000000000e+00
4.940000000000000000e+02 1.015928244661474196e+02 1.000000000000000000e+00 0.000000000000000000e+00
4.950000000000000000e+02 1.017518944071189964e+02 0.000000000000000000e+00 0.000000000000000000e+00
4.960000000000000000e+02 9.945969867213828763e+01 2.000000000000000000e+00 0.000000000000000000e+00
4.970000000000000000e+02 1.007414554409224934e+02 0.000000000000000000e+00 0.000000000000000000e+00
4.980000000000000000e+02 9.958893172976677022e+01 2.000000000000000000e+00 0.000000000000000000e+00
4.990000000000000000e+02 9.811018299449966662e+01 2.000000000000000000e+00 0.000000000000000000e+00
5.000000000000000000e+02 1.007196864456771550e+02 0.000000000000000000e+00 0.000000000000000000e+00
5.010000000000000000e+02 9.877854166570155314e+01 2.000000000000000000e+00 0.000000000000000000e+00
5.020000000000000000e+02 9.876696416689695468e+01 2.000000000000000000e+00 0.000000000000000000e+00
5.030000000000000000e+02 9.916446379178069037e+01 0.000000000000000000e+00 0.000000000000000000e+00
5.040000000000000000e+02 1.002660111701875536e+02 0.000000000000000000e+00 0.000000000000000000e+00
5.050000000000000000e+02 9.955032778065616128e+01 2.000000000000000000e+00 0.000000000000000000e+00
5.060000000000000000e+02 9.725912632503896305e+01 2.000000000000000000e+00 0.000000000000000000e+00
5.070000000000000000e+02 9.634313952081035382e+01 2.000000000000000000e+00 0.000000000000000000e+00
5.080000000000000000e+02 9.803493900870083166e+01 0.000000000000000000e+00 0.000000000000000000e+00
5.090000000000000000e+02 9.763936172579533945e+01 2.000000000000000000e+00 0.000000000000000000e+00
5.100000000000000000e+02 9.777537174950275300e+01 0.000000000000000000e+00 0.000000000000000000e+00
5.110000000000000000e+02 9.765630817482475834e+01 0.000000000000000000e+00 0.000000000000000000e+00
5.120000000000000000e+02 9.818839777074123276e+01 1.000000000000000000e+00 0.000000000000000000e+00
5.130000000000000000e+02 9.804500843637615048e+01 1.000000000000000000e+00 0.000000000000000000e+00
5.140000000000000000e+02 1.001620414166038699e+02 0.000000000000000000e+00 0.000000000000000000e+00
5.150000000000000000e+02 1.014783768250806020e+02 1.000000000000000000e+00 0.000000000000000000e+00
5.160000000000000000e+02 1.007605487876524251e+02 0.000000000000000000e+00 0.000000000000000000e+00
5.170000000000000000e+02 1.007004868106357094e+02 2.000000000000000000e+00 0.000000000000000000e+00
5.180000000000000000e+02 1.008744416254828593e+02 0.000000000000000000e+00 0.000000000000000000e+00
5.190000000000000000e+02 9.964393403197378518e+01 1.000000000000000000e+00 0.000000000000000000e+00
5.200000000000000000e+02 1.016876692813035135e+02 1.000000000000000000e+00 0.000000000000000000e+00
5.210000000000000000e+02 1.004707202406803219e+02 2.000000000000000000e+00 0.000000000000000000e+00
5.220000000000000000e+02 9.916992778052099311e+01 2.000000000000000000e+00 0.000000000000000000e+00
5.230000000000000000e+02 9.919284229274651921e+01 1.000000000000000000e+00 0.000000000000000000e+00
5.240000000000000000e+02 1.008036742788817008e+02 0.000000000000000000e+00 0.000000000000000000e+00
5.250000000000000000e+02 9.993594701848051898e+01 1.000000000000000000e+00 0.000000000000000000e+00
5.260000000000000000e+02 9.866212789711542541e+01 2.000000000000000000e+00 0.000000000000000000e+00
5.270000000000000000e+02 1.006437201006745994e+02 0.000000000000000000e+00 0.000000000000000000e+00
5.280000000000000000e+02 1.011167727500311599e+02 0.000000000000000000e+00 0.000000000000000000e+00
5.290000000000000000e+02 1.002089779984417390e+02 2.000000000000000000e+00 0.000000000000000000e+00
5.300000000000000000e+02 9.759111509751173230e+01 2.000000000000000000e+00 0.000000000000000000e+00
5.310000000000000000e+02 9.815765669583062447e+01 0.000000000000000000e+00 0.000000000000000000e+00
5.320000000000000000e+02 1.007342367860865835e+02 0.000000000000000000e+00 0.000000000000000000e+00
5.330000000000000000e+02 1.028807853863298050e+02 0.000000000000000000e+00 0.000000000000000000e+00
5.340000000000000000e+02 1.012703250922402702e+02 2.000000000000000000e+00 0.000000000000000000e+00
5.350000000000000000e+02 1.025334614540263942e+02 0.000000000000000000e+00 0.000000000000000000e+00
5.360000000000000000e+02 1.017329510863561097e+02 2.000000000000000000e+00 0.000000000000000000e+00
5.370000000000000000e+02 1.017465112567525836e+02 0.000000000000000000e+00 0.000000000000000000e+00
5.380000000000000000e+02 1.012298790785623339e+02 2.000000000000000000e+00 0.000000000000000000e+00
5.390000000000000000e+02 1.023843202590811927e+02 0.000000000000000000e+00 0.000000000000000000e+00
5.400000000000000000e+02 1.012239283877818963e+02 2.000000000000000000e+00 0.000000000000000000e+00
5.410000000000000000e+02 9.907527014756637129e+01 2.000000000000000000e+00 0.000000000000000000e+00
5.420000000000000000e+02 1.012532141968485035e+02 0.000000000000000000e+00 0.000000000000000000e+00
5.430000000000000000e+02 1.014051087580519237e+02 1.000000000000000000e+00 0.000000000000000000e+00
5.440000000000000000e+02 1.018360819737206100e+02 1.000000000000000000e+00 0.000000000000000000e+00
5.450000000000000000e+02 1.011377513787600719e+02 1.000000000000000000e+00 0.000000000000000000e+00
5.460000000000000000e+02 1.003967559472794306e+02 2.000000000000000000e+00 0.000000000000000000e+00
5.470000000000000000e+02 9.823318367495068060e+01 2.000000000000000000e+00 0.000000000000000000e+00
5.480000000000000000e+02 9.950060045365775352e+01 2.000000000000000000e+00 0.000000000000000000e+00
5.490000000000000000e+02 9.910230685289116082e+01 1.000000000000000000e+00 0.000000000000000000e+00
5.500000000000000000e+02 9.788503265205652326e+01 1.000000000000000000e+00 0.000000000000000000e+00
5.510000000000000000e+02 9.896390881019060259e+01 1.000000000000000000e+00 0.000000000000000000e+00
5.520000000000000000e+02 9.773692830353107297e+01 0.000000000000000000e+00 0.000000000000000000e+00
5.530000000000000000e+02 9.740652202857033615e+01 2.000000000000000000e+00 0.000000000000000000e+00
5.540000000000000000e+02 9.763691261653833919e+01 2.000000000000000000e+00 0.000000000000000000e+00
5.550000000000000000e+02 9.820642797594511819e+01 0.000000000000000000e+00 0.000000000000000000e+00
5.560000000000000000e+02 9.669346953625922936e+01 2.000000000000000000e+00 0.000000000000000000e+00
5.570000000000000000e+02 9.634316317158770460e+01 0.000000000000000000e+00 0.000000000000000000e+00
5.580000000000000000e+02 9.893149221443131580e+01 1.000000000000000000e+00 0.000000000000000000e+00
5.590000000000000000e+02 9.704306227920720573e+01 1.000000000000000000e+00 0.000000000000000000e+00
5.600000000000000000e+02 9.988575470210916762e+01 0.000000000000000000e+00 0.000000000000000000e+00
5.610000000000000000e+02 9.715847294052515792e+01 2.000000000000000000e+00 0.000000000000000000e+00
5.620000000000000000e+02 9.793738273341278955e+01 1.000000000000000000e+00 0.000000000000000000e+00
5.630000000000000000e+02 9.919672556770140659e+01 1.000000000000000000e+00 0.000000000000000000e+00
5.640000000000000000e+02 9.814159836044591145e+01 0.000000000000000000e+00 0.000000000000000000e+00
5.650000000000000000e+02 9.856623650416899807e+01 2.000000000000000000e+00 0.000000000000000000e+00
5.660000000000000000e+02 9.891814976408754490e+01 0.000000000000000000e+00 0.000000000000000000e+00
5.670000000000000000e+02 9.895349827531917697e+01 2.000000000000000000e+00 0.000000000000000000e+00
5.680000000000000000e+02 9.839978111531405602e+01 1.000000000000000000e+00 0.000000000000000000e+00
5.690000000000000000e+02 9.895081649867458395e+01 0.000000000000000000e+00 0.000000000000000000e+00
5.700000000000000000e+02 9.974251699023660933e+01 1.000000000000000000e+00 0.000000000000000000e+00
5.710000000000000000e+02 9.918209188394014575e+01 0.000000000000000000e+00 0.000000000000000000e+00
5.720000000000000000e+02 9.857644530956666529e+01 2.000000000000000000e+00 0.000000000000000000e+00
5.730000000000000000e+02 9.902995252777492396e+01 0.000000000000000000e+00 0.000000000000000000e+00
5.740000000000000000e+02 1.013589388819631694e+02 1.000000000000000000e+00 0.000000000000000000e+00
5.750000000000000000e+02 9.982954180655922016e+01 0.000000000000000000e+00 0.000000000000000000e+00
5.760000000000000000e+02 1.008177152973544821e+02 1.000000000000000000e+00 0.000000000000000000e+00
5.770000000000000000e+02 1.019357816102294407e+02 0.000000000000000000e+00 0.000000000000000000e+00
5.780000000000000000e+02 1.011890806350253058e+02 0.000000000000000000e+00 0.000000000000000000e+00
5.790000000000000000e+02 1.026858591924329005e+02 2.000000000000000000e+00 0.000000000000000000e+00
5.800000000000000000e+02 1.013070989121639514e+02 2.000000000000000000e+00 0.000000000000000000e+00
5.810000000000000000e+02 1.027439193774031594e+02 0.000000000000000000e+00 0.000000000000000000e+00
5.820000000000000000e+02 1.030669466271460237e+02 0.000000000000000000e+00 0.000000000000000000e+00
5.830000000000000000e+02 1.016051094334542881e+02 2.000000000000000000e+00 0.000000000000000000e+00
5.840000000000000000e+02 1.031509733890085556e+02 0.000000000000000000e+00 0.000000000000000000e+00
5.850000000000000000e+02 1.039058042240012298e+02 0.000000000000000000e+00 0.000000000000000000e+00
5.860000000000000000e+02 1.032738965540881395e+02 2.000000000000000000e+00 0.000000000000000000e+00
5.870000000000000000e+02 1.036497994991814835e+02 0.000000000000000000e+00 0.000000000000000000e+00
5.880000000000000000e+02 1.018825861779392170e+02 2.000000000000000000e+00 0.000000000000000000e+00
5.890000000000000000e+02 1.032106025524132491e+02 1.000000000000000000e+00 0.000000000000000000e+00
5.900000000000000000e+02 1.044175697959535114e+02 0.000000000000000000e+00 0.000000000000000000e+00
5.910000000000000000e+02 1.039209044082438993e+02 0.000000000000000000e+00 0.000000000000000000e+00
5.920000000000000000e+02 1.055535219971486356e+02 1.000000000000000000e+00 0.000000000000000000e+00
5.930000000000000000e+02 1.069040722565043495e+02 0.000000000000000000e+00 0.000000000000000000e+00
5.940000000000000000e+02 1.052209609186267159e+02 2.000000000000000000e+00 0.000000000000000000e+00
5.950000000000000000e+02 1.065433396225335514e+02 0.000000000000000000e+00 0.000000000000000000e+00
5.960000000000000000e+02 1.055210267504399297e+02 2.000000000000000000e+00 0.000000000000000000e+00
5.970000000000000000e+02 1.047943197537874767e+02 2.000000000000000000e+00 0.000000000000000000e+00
5.980000000000000000e+02 1.067674771013444541e+02 0.000000000000000000e+00 0.000000000000000000e+00
5.990000000000000000e+02 1.032845252779554670e+02 2.000000000000000000e+00 0.000000000000000000e+00
6.000000000000000000e+02 1.027817714616605116e+02 2.000000000000000000e+00 0.000000000000000000e+00
6.010000000000000000e+02 1.032360811696186715e+02 1.000000000000000000e+00 0.000000000000000000e+00
6.020000000000000000e+02 1.015055827755613080e+02 2.000000000000000000e+00 0.000000000000000000e+00
6.030000000000000000e+02 1.026151024953678217e+02 0.000000000000000000e+00 0.000000000000000000e+00
6.040000000000000000e+02 1.019606865650005290e+02 2.000000000000000000e+00 0.000000000000000000e+00
6.050000000000000000e+02 1.019728793727473288e+02 1.000000000000000000e+00 0.000000000000000000e+00
6.060000000000000000e+02 1.042868590210974560e+02 0.000000000000000000e+00 0.000000000000000000e+00
6.070000000000000000e+02 1.045384462344358951e+02 0.000000000000000000e+00 0.000000000000000000e+00
6.080000000000000000e+02 1.032810972906462439e+02 1.000000000000000000e+00 0.000000000000000000e+00
6.090000000000000000e+02 1.041622790545565067e+02 0.000000000000000000e+00 0.000000000000000000e+00
6.100000000000000000e+02 1.057743961152778951e+02 0.000000000000000000e+00 0.000000000000000000e+00
6.110000000000000000e+02 1.075097126001651588e+02 0.000000000000000000e+00 0.000000000000000000e+00
6.120000000000000000e+02 1.062990384613544563e+02 1.000000000000000000e+00 0.000000000000000000e+00
6.130000000000000000e+02 1.084773739914596717e+02 0.000000000000000000e+00 0.000000000000000000e+00
6.140000000000000000e+02 1.058972103218037120e+02 2.000000000000000000e+00 0.000000000000000000e+00
6.150000000000000000e+02 1.078140025195837524e+02 0.000000000000000000e+00 0.000000000000000000e+00
6.160000000000000000e+02 1.081982557030079164e+02 0.000000000000000000e+00 0.000000000000000000e+00
6.170000000000000000e+02 1.083280813829774161e+02 1.000000000000000000e+00 0.000000000000000000e+00
6.180000000000000000e+02 1.108751871311064860e+02 0.000000000000000000e+00 0.000000000000000000e+00
6.190000000000000000e+02 1.100532877137094658e+02 1.000000000000000000e+00 0.000000000000000000e+00
6.200000000000000000e+02 1.104216013539696490e+02 1.000000000000000000e+00 0.000000000000000000e+00
6.210000000000000000e+02 1.102063583568089626e+02 0.000000000000000000e+00 0.000000000000000000e+00
6.220000000000000000e+02 1.097976652080141520e+02 2.000000000000000000e+00 0.000000000000000000e+00
6.230000000000000000e+02 1.085206162897292899e+02 2.000000000000000000e+00 0.000000000000000000e+00
6.240000000000000000e+02 1.094784250806940094e+02 1.000000000000000000e+00 0.000000000000000000e+00
6.250000000000000000e+02 1.075134144091268666e+02 2.000000000000000000e+00 0.000000000000000000e+00
6.260000000000000000e+02 1.099791291452058601e+02 0.000000000000000000e+00 0.000000000000000000e+00
6.270000000000000000e+02 1.097313087958088715e+02 2.000000000000000000e+00 0.000000000000000000e+00
6.280000000000000000e+02 1.064722163731545663e+02 2.000000000000000000e+00 0.000000000000000000e+00
6.290000000000000000e+02 1.052186939506431003e+02 2.000000000000000000e+00 0.000000000000000000e+00
6.300000000000000000e+02 1.071331792153034002e+02 0.000000000000000000e+00 0.000000000000000000e+00
6.310000000000000000e+02 1.073267649156819914e+02 1.000000000000000000e+00 0.000000000000000000e+00
6.320000000000000000e+02 1.071309395803055224e+02 1.000000000000000000e+00 0.000000000000000000e+00
6.330000000000000000e+02 1.078322970280133717e+02 1.000000000000000000e+00 0.000000000000000000e+00
6.340000000000000000e+02 1.076608171617848626e+02 0.000000000000000000e+00 0.000000000000000000e+00
6.350000000000000000e+02 1.098197622331502004e+02 0.000000000000000000e+00 0.000000000000000000e+00
6.360000000000000000e+02 1.110477438319971810e+02 0.000000000000000000e+00 0.000000000000000000e+00
6.370000000000000000e+02 1.094841555742135171e+02 1.000000000000000000e+00 0.000000000000000000e+00
6.380000000000000000e+02 1.095726581921672249e+02 1.000000000000000000e+00 0.000000000000000000e+00
6.390000000000000000e+02 1.083362112932498604e+02 2.000000000000000000e+00 0.000000000000000000e+00
6.400000000000000000e+02 1.086434304661846397e+02 0.000000000000000000e+00 0.000000000000000000e+00
6.410000000000000000e+02 1.111581282032747566e+02 1.000000000000000000e+00 0.000000000000000000e+00
6.420000000000000000e+02 1.102555446986833090e+02 0.000000000000000000e+00 0.000000000000000000e+00
6.430000000000000000e+02 1.124940816097044376e+02 0.000000000000000000e+00 0.000000000000000000e+00
6.440000000000000000e+02 1.110110676287085738e+02 2.000000000000000000e+00 0.000000000000000000e+00
6.450000000000000000e+02 1.100317514617475894e+02 0.000000000000000000e+00 0.000000000000000000e+00
6.460000000000000000e+02 1.118685936203090279e+02 2.000000000000000000e+00 0.000000000000000000e+00
6.470000000000000000e+02 1.096739843131684893e+02 2.000000000000000000e+00 0.000000000000000000e+00
6.480000000000000000e+02 1.108594558692284266e+02 0.000000000000000000e+00 0.000000000000000000e+00
6.490000000000000000e+02 1.106782727846170502e+02 1.000000000000000000e+00 0.000000000000000000e+00
6.500000000000000000e+02 1.103972884256456553e+02 0.000000000000000000e+00 0.000000000000000000e+00
6.510000000000000000e+02 1.103100097786308282e+02 2.000000000000000000e+00 0.000000000000000000e+00
6.520000000000000000e+02 1.110345072894684648e+02 0.000000000000000000e+00 0.000000000000000000e+00
6.530000000000000000e+02 1.108387442384754706e+02 2.000000000000000000e+00 0.000000000000000000e+00
6.540000000000000000e+02 1.100934900988458622e+02 2.000000000000000000e+00 0.000000000000000000e+00
6.550000000000000000e+02 1.096975837388835799e+02 0.000000000000000000e+00 0.000000000000000000e+00
6.560000000000000000e+02 1.114995717551426679e+02 1.000000000000000000e+00 0.000000000000000000e+00
6.570000000000000000e+02 1.119990987929204209e+02 0.000000000000000000e+00 0.000000000000000000e+00
6.580000000000000000e+02 1.121062601825125427e+02 1.000000000000000000e+00 0.000000000000000000e+00
6.590000000000000000e+02 1.130399224728578673e+02 0.000000000000000000e+00 0.000000000000000000e+00
6.600000000000000000e+02 1.143195500551064043e+02 1.000000000000000000e+00 0.000000000000000000e+00
6.610000000000000000e+02 1.120966734415127775e+02 1.000000000000000000e+00 0.000000000000000000e+00
6.620000000000000000e+02 1.134724502576544012e+02 0.000000000000000000e+00 0.000000000000000000e+00
6.630000000000000000e+02 1.148016147401985165e+02 0.000000000000000000e+00 0.000000000000000000e+00
6.640000000000000000e+02 1.144543634353337040e+02 1.000000000000000000e+00 0.000000000000000000e+00
6.650000000000000000e+02 1.155295618296684523e+02 0.000000000000000000e+00 0.000000000000000000e+00
6.660000000000000000e+02 1.167523395725149271e+02 0.000000000000000000e+00 0.000000000000000000e+00
6.670000000000000000e+02 1.170894341295954746e+02 1.000000000000000000e+00 0.000000000000000000e+00
6.680000000000000000e+02 1.167698769295930390e+02 1.000000000000000000e+00 0.000000000000000000e+00
6.690000000000000000e+02 1.172484201051917410e+02 1.000000000000000000e+00 0.000000000000000000e+00
6.700000000000000000e+02 1.176974671577420253e+02 0.000000000000000000e+00 0.000000000000000000e+00
6.710000000000000000e+02 1.184101075102397687e+02 0.000000000000000000e+00 0.000000000000000000e+00
6.720000000000000000e+02 1.202112785465376419e+02 0.000000000000000000e+00 0.000000000000000000e+00
6.730000000000000000e+02 1.209649722059141510e+02 0.000000000000000000e+00 0.000000000000000000e+00
6.740000000000000000e+02 1.192394174165588225e+02 2.000000000000000000e+00 0.000000000000000000e+00
6.750000000000000000e+02 1.220963560475242247e+02 0.000000000000000000e+00 0.000000000000000000e+00
6.760000000000000000e+02 1.211014766777755653e+02 2.000000000000000000e+00 0.000000000000000000e+00
6.770000000000000000e+02 1.209527833886540407e+02 0.000000000000000000e+00 0.000000000000000000e+00
6.780000000000000000e+02 1.199656122810484646e+02 2.000000000000000000e+00 0.000000000000000000e+00
6.790000000000000000e+02 1.195815070150531199e+02 2.000000000000000000e+00 0.000000000000000000e+00
6.800000000000000000e+02 1.187799829763630726e+02 1.000000000000000000e+00 0.000000000000000000e+00
6.810000000000000000e+02 1.171856937628382553e+02 2.000000000000000000e+00 0.000000000000000000e+00
6.820000000000000000e+02 1.199230972182195103e+02 0.000000000000000000e+00 0.000000000000000000e+00
6.830000000000000000e+02 1.182424477601943948e+02 2.000000000000000000e+00 0.000000000000000000e+00
6.840000000000000000e+02 1.192595619537231642e+02 0.000000000000000000e+00 0.000000000000000000e+00
6.850000000000000000e+02 1.181623257073154747e+02 2.000000000000000000e+00 0.000000000000000000e+00
6.860000000000000000e+02 1.170866473830302823e+02 2.000000000000000000e+00 0.000000000000000000e+00
6.870000000000000000e+02 1.179124049167172927e+02 0.000000000000000000e+00 0.000000000000000000e+00
6.880000000000000000e+02 1.174619839432229753e+02 1.000000000000000000e+00 0.000000000000000000e+00
6.890000000000000000e+02 1.200992993891226206e+02 0.000000000000000000e+00 0.000000000000000000e+00
6.900000000000000000e+02 1.195998105147257178e+02 0.000000000000000000e+00 0.000000000000000000e+00
6.910000000000000000e+02 1.213076683526048072e+02 0.000000000000000000e+00 0.000000000000000000e+00
6.920000000000000000e+02 1.197721507978487239e+02 1.000000000000000000e+00 0.000000000000000000e+00
6.930000000000000000e+02 1.201147311183507469e+02 1.000000000000000000e+00 0.000000000000000000e+00
6.940000000000000000e+02 1.201823981472858378e+02 1.000000000000000000e+00 0.000000000000000000e+00
6.950000000000000000e+02 1.197303945745564846e+02 1.000000000000000000e+00 0.000000000000000000e+00
6.960000000000000000e+02 1.228077255110844561e+02 0.000000000000000000e+00 0.000000000000000000e+00
6.970000000000000000e+02 1.213697259595057147e+02 2.000000000000000000e+00 0.000000000000000000e+00
6.980000000000000000e+02 1.195583829050791849e+02 2.000000000000000000e+00 0.000000000000000000e+00
6.990000000000000000e+02 1.201279652245002154e+02 2.000000000000000000e+00 0.000000000000000000e+00
7.000000000000000000e+02 1.194010156427864615e+02 0.000000000000000000e+00 0.000000000000000000e+00
7.010000000000000000e+02 1.208557362299426075e+02 0.000000000000000000e+00 0.000000000000000000e+00
7.020000000000000000e+02 1.200404093649773074e+02 1.000000000000000000e+00 0.000000000000000000e+00
7.030000000000000000e+02 1.192909076260928458e+02 2.000000000000000000e+00 0.000000000000000000e+00
7.040000000000000000e+02 1.195780511525640435e+02 0.000000000000000000e+00 0.000000000000000000e+00
7.050000000000000000e+02 1.211294249180151610e+02 2.000000000000000000e+00 0.000000000000000000e+00
7.060000000000000000e+02 1.215390097718588862e+02 0.000000000000000000e+00 0.000000000000000000e+00
7.070000000000000000e+02 1.223287308785546230e+02 0.000000000000000000e+00 0.000000000000000000e+00
7.080000000000000000e+02 1.225852973558169765e+02 0.000000000000000000e+00 0.000000000000000000e+00
7.090000000000000000e+02 1.208181259705172579e+02 2.000000000000000000e+00 0.000000000000000000e+00
7.100000000000000000e+02 1.224810967197632152e+02 0.000000000000000000e+00 0.000000000000000000e+00
7.110000000000000000e+02 1.208748444040457315e+02 2.000000000000000000e+00 0.000000000000000000e+00
7.120000000000000000e+02 1.219985287583600098e+02 0.000000000000000000e+00 0.000000000000000000e+00
7.130000000000000000e+02 1.230410780607781334e+02 0.000000000000000000e+00 0.000000000000000000e+00
7.140000000000000000e+02 1.236681225968400213e+02 1.000000000000000000e+00 0.000000000000000000e+00
7.150000000000000000e+02 1.239417864948776185e+02 1.000000000000000000e+00 0.000000000000000000e+00
7.160000000000000000e+02 1.247608039973863328e+02 1.000000000000000000e+00 0.000000000000000000e+00
7.170000000000000000e+02 1.254285427882440160e+02 0.000000000000000000e+00 0.000000000000000000e+00
7.180000000000000000e+02 1.243326799733026604e+02 1.000000000000000000e+00 0.000000000000000000e+00
7.190000000000000000e+02 1.246327241056959991e+02 0.000000000000000000e+00 0.000000000000000000e+00
7.200000000000000000e+02 1.277037700991862295e+02 0.000000000000000000e+00 0.000000000000000000e+00
7.210000000000000000e+02 1.277306323975085718e+02 0.000000000000000000e+00 0.000000000000000000e+00
7.220000000000000000e+02 1.288323176217589037e+02 0.000000000000000000e+00 0.000000000000000000e+00
7.230000000000000000e+02 1.277438127079419985e+02 2.000000000000000000e+00 0.000000000000000000e+00
7.240000000000000000e+02 1.293035179598281559e+02 0.000000000000000000e+00 0.000000000000000000e+00
7.250000000000000000e+02 1.302113208990661235e+02 0.000000000000000000e+00 0.000000000000000000e+00
7.260000000000000000e+02 1.285717026452718699e+02 2.000000000000000000e+00 0.000000000000000000e+00
7.270000000000000000e+02 1.279217077042612232e+02 1.000000000000000000e+00 0.000000000000000000e+00
7.280000000000000000e+02 1.294788750346987456e+02 0.000000000000000000e+00 0.000000000000000000e+00
7.290000000000000000e+02 1.287393408544487556e+02 2.000000000000000000e+00 0.000000000000000000e+00
7.300000000000000000e+02 1.278726062532935686e+02 2.000000000000000000e+00 0.000000000000000000e+00
7.310000000000000000e+02 1.284854885626394321e+02 1.000000000000000000e+00 0.000000000000000000e+00
7.320000000000000000e+02 1.246659994189214729e+02 2.000000000000000000e+00 0.000000000000000000e+00
7.330000000000000000e+02 1.256932990273921575e+02 1.000000000000000000e+00 0.000000000000000000e+00
7.340000000000000000e+02 1.276770122688028266e+02 1.000000000000000000e+00 0.000000000000000000e+00
7.350000000000000000e+02 1.286823558882577174e+02 0.000000000000000000e+00 0.000000000000000000e+00
7.360000000000000000e+02 1.298117421075356219e+02 0.000000000000000000e+00 0.000000000000000000e+00
7.370000000000000000e+02 1.275425671739902498e+02 2.000000000000000000e+00 0.000000000000000000e+00
7.380000000000000000e+02 1.298163650773804818e+02 0.000000000000000000e+00 0.000000000000000000e+00
7.390000000000000000e+02 1.276203067364170920e+02 1.000000000000000000e+00 0.000000000000000000e+00
7.400000000000000000e+02 1.298554411654911291e+02 2.000000000000000000e+00 0.000000000000000000e+00
7.410000000000000000e+02 1.295364218724833734e+02 0.000000000000000000e+00 0.000000000000000000e+00
7.420000000000000000e+02 1.316722748808434460e+02 0.000000000000000000e+00 0.000000000000000000e+00
7.430000000000000000e+02 1.298957208378544692e+02 1.000000000000000000e+00 0.000000000000000000e+00
7.440000000000000000e+02 1.299405734293156627e+02 1.000000000000000000e+00 0.000000000000000000e+00
7.450000000000000000e+02 1.302994232173464582e+02 0.000000000000000000e+00 0.000000000000000000e+00
7.460000000000000000e+02 1.313349390214933123e+02 1.000000000000000000e+00 0.000000000000000000e+00
7.470000000000000000e+02 1.300575589402343724e+02 1.000000000000000000e+00 0.000000000000000000e+00
7.480000000000000000e+02 1.307892479176868790e+02 1.000000000000000000e+00 0.000000000000000000e+00
7.490000000000000000e+02 1.303400385827927721e+02 1.000000000000000000e+00 0.000000000000000000e+00
7.500000000000000000e+02 1.309240759889933940e+02 2.000000000000000000e+00 0.000000000000000000e+00
7.510000000000000000e+02 1.295686045463864389e+02 0.000000000000000000e+00 0.000000000000000000e+00
7.520000000000000000e+02 1.323708770342375658e+02 0.000000000000000000e+00 0.000000000000000000e+00
7.530000000000000000e+02 1.320957694749010045e+02 0.000000000000000000e+00 0.000000000000000000e+00
7.540000000000000000e+02 1.339938706354145666e+02 0.000000000000000000e+00 0.000000000000000000e+00
7.550000000000000000e+02 1.344833036838540750e+02 1.000000000000000000e+00 0.000000000000000000e+00
7.560000000000000000e+02 1.329078086918838721e+02 1.000000000000000000e+00 0.000000000000000000e+00
7.570000000000000000e+02 1.338531017287753855e+02 1.000000000000000000e+00 0.000000000000000000e+00
7.580000000000000000e+02 1.338646267752433232e+02 1.000000000000000000e+00 0.000000000000000000e+00
7.590000000000000000e+02 1.335067480075499589e+02 1.000000000000000000e+00 0.000000000000000000e+00
7.600000000000000000e+02 1.341884214071374402e+02 1.000000000000000000e+00 0.000000000000000000e+00
7.610000000000000000e+02 1.336269092072449496e+02 2.000000000000000000e+00 0.000000000000000000e+00
7.620000000000000000e+02 1.322729359564390563e+02 2.000000000000000000e+00 0.000000000000000000e+00
7.630000000000000000e+02 1.311588217753374010e+02 0.000000000000000000e+00 0.000000000000000000e+00
7.640000000000000000e+02 1.320389056657772073e+02 1.000000000000000000e+00 0.000000000000000000e+00
7.650000000000000000e+02 1.327092183304381763e+02 1.000000000000000000e+00 0.000000000000000000e+00
7.660000000000000000e+02 1.338084924193717882e+02 0.000000000000000000e+00 0.000000000000000000e+00
7.670000000000000000e+02 1.314932522213505308e+02 2.000000000000000000e+00 0.000000000000000000e+00
7.680000000000000000e+02 1.331257521872679206e+02 1.000000000000000000e+00 0.000000000000000000e+00
7.690000000000000000e+02 1.316668222662262338e+02 1.000000000000000000e+00 0.000000000000000000e+00
7.700000000000000000e+02 1.328977020816404035e+02 1.000000000000000000e+00 0.000000000000000000e+00
7.710000000000000000e+02 1.340525495665608275e+02 1.000000000000000000e+00 0.000000000000000000e+00
7.720000000000000000e+02 1.323372990279903831e+02 1.000000000000000000e+00 0.000000000000000000e+00
7.730000000000000000e+02 1.330336042802872782e+02 2.000000000000000000e+00 0.000000000000000000e+00
7.740000000000000000e+02 1.319399148242655713e+02 1.000000000000000000e+00 0.000000000000000000e+00
7.750000000000000000e+02 1.309134474743205203e+02 1.000000000000000000e+00 0.000000000000000000e+00
7.760000000000000000e+02 1.345597445215908294e+02 0.000000000000000000e+00 0.000000000000000000e+00
7.770000000000000000e+02 1.355730504740040772e+02 0.000000000000000000e+00 0.000000000000000000e+00
7.780000000000000000e+02 1.323759309065473246e+02 2.000000000000000000e+00 0.000000000000000000e+00
7.790000000000000000e+02 1.347239511070213780e+02 0.000000000000000000e+00 0.000000000000000000e+00
7.800000000000000000e+02 1.317107017525807180e+02 2.000000000000000000e+00 0.000000000000000000e+00
7.810000000000000000e+02 1.343489268944353512e+02 0.000000000000000000e+00 0.000000000000000000e+00
7.820000000000000000e+02 1.314178476801025965e+02 2.000000000000000000e+00 0.000000000000000000e+00
7.830000000000000000e+02 1.352541762232105782e+02 0.000000000000000000e+00 0.000000000000000000e+00
7.840000000000000000e+02 1.341216090725224035e+02 1.000000000000000000e+00 0.000000000000000000e+00
7.850000000000000000e+02 1.340308560562985463e+02 1.000000000000000000e+00 0.000000000000000000e+00
7.860000000000000000e+02 1.353453431040047406e+02 1.000000000000000000e+00 0.000000000000000000e+00
7.870000000000000000e+02 1.325017948671238912e+02 1.000000000000000000e+00 0.000000000000000000e+00
7.880000000000000000e+02 1.349453321529304333e+02 0.000000000000000000e+00 0.000000000000000000e+00
7.890000000000000000e+02 1.355320141702680132e+02 0.000000000000000000e+00 0.000000000000000000e+00
7.900000000000000000e+02 1.370981659354327746e+02 0.000000000000000000e+00 0.000000000000000000e+00
7.910000000000000000e+02 1.357326283392202981e+02 2.000000000000000000e+00 0.000000000000000000e+00
7.920000000000000000e+02 1.346417453938048823e+02 1.000000000000000000e+00 0.000000000000000000e+00
7.930000000000000000e+02 1.357290925648782149e+02 1.000000000000000000e+00 0.000000000000000000e+00
7.940000000000000000e+02 1.359729759682284396e+02 0.000000000000000000e+00 0.000000000000000000e+00
7.950000000000000000e+02 1.386641343050495436e+02 0.000000000000000000e+00 0.000000000000000000e+00
7.960000000000000000e+02 1.389801597954560748e+02 0.000000000000000000e+00 0.000000000000000000e+00
7.970000000000000000e+02 1.388522188427310766e+02 1.000000000000000000e+00 0.000000000000000000e+00
7.980000000000000000e+02 1.365608256481147009e+02 2.000000000000000000e+00 0.000000000000000000e+00
7.990000000000000000e+02 1.382470662280248632e+02 0.000000000000000000e+00 0.000000000000000000e+00
8.000000000000000000e+02 1.384272456578752042e+02 0.000000000000000000e+00 0.000000000000000000e+00
