time	position	state	ATP_bound
1.000000000000000000e+00 4.424327993264010050e-01 0.000000000000000000e+00 0.000000000000000000e+00
2.000000000000000000e+00 6.344851912439746222e-01 1.000000000000000000e+00 0.000000000000000000e+00
3.000000000000000000e+00 1.386014004563657531e+00 1.000000000000000000e+00 0.000000000000000000e+00
4.000000000000000000e+00 2.143921253420566053e+00 0.000000000000000000e+00 0.000000000000000000e+00
5.000000000000000000e+00 2.871463577226306185e+00 1.000000000000000000e+00 0.000000000000000000e+00
6.000000000000000000e+00 1.599425591520734935e+00 1.000000000000000000e+00 0.000000000000000000e+00
7.000000000000000000e+00 1.878171975386540460e+00 1.000000000000000000e+00 0.000000000000000000e+00
8.000000000000000000e+00 2.041315125030286559e+00 0.000000000000000000e+00 0.000000000000000000e+00
9.000000000000000000e+00 5.059345611607819038e+00 0.000000000000000000e+00 0.000000000000000000e+00
1.000000000000000000e+01 3.805085123307055284e+00 1.000000000000000000e+00 0.000000000000000000e+00
1.100000000000000000e+01 5.154180126951550811e+00 1.000000000000000000e+00 0.000000000000000000e+00
1.200000000000000000e+01 5.198951427863678809e+00 1.000000000000000000e+00 0.000000000000000000e+00
1.300000000000000000e+01 5.668542026409943091e+00 0.000000000000000000e+00 0.000000000000000000e+00
1.400000000000000000e+01 3.560515071824751576e+00 2.000000000000000000e+00 0.000000000000000000e+00
1.500000000000000000e+01 2.780354094496871209e+00 2.000000000000000000e+00 0.000000000000000000e+00
1.600000000000000000e+01 4.384642499097362922e+00 0.000000000000000000e+00 0.000000000000000000e+00
1.700000000000000000e+01 3.391120983960433932e+00 1.000000000000000000e+00 0.000000000000000000e+00
1.800000000000000000e+01 5.217384630575435445e+00 0.000000000000000000e+00 0.000000000000000000e+00
1.900000000000000000e+01 3.395508135091461988e+00 2.000000000000000000e+00 0.000000000000000000e+00
2.000000000000000000e+01 3.958674965242684252e+00 0.000000000000000000e+00 0.000000000000000000e+00
2.100000000000000000e+01 5.786739994170122081e+00 0.000000000000000000e+00 0.000000000000000000e+00
2.200000000000000000e+01 8.722994801490298045e+00 0.000000000000000000e+00 0.000000000000000000e+00
2.300000000000000000e+01 8.366971992062838481e+00 0.000000000000000000e+00 0.000000000000000000e+00
2.400000000000000000e+01 6.830522274831569263e+00 2.000000000000000000e+00 0.000000000000000000e+00
2.500000000000000000e+01 7.971468148009194010e+00 0.000000000000000000e+00 0.000000000000000000e+00
2.600000000000000000e+01 7.529735431756873432e+00 2.000000000000000000e+00 0.000000000000000000e+00
2.700000000000000000e+01 8.360213883966579829e+00 0.000000000000000000e+00 0.000000000000000000e+00
2.800000000000000000e+01 9.006069234673796942e+00 0.000000000000000000e+00 0.000000000000000000e+00
2.900000000000000000e+01 1.158375186135320689e+01 1.000000000000000000e+00 0.000000000000000000e+00
3.000000000000000000e+01 1.068270134443843489e+01 0.000000000000000000e+00 0.000000000000000000e+00
3.100000000000000000e+01 8.606771768869181827e+00 1.000000000000000000e+00 0.000000000000000000e+00
3.200000000000000000e+01 1.017997190644832806e+01 0.000000000000000000e+00 0.000000000000000000e+00
3.300000000000000000e+01 1.047515866560207165e+01 1.000000000000000000e+00 0.000000000000000000e+00
3.400000000000000000e+01 1.171463855182769009e+01 1.000000000000000000e+00 0.000000000000000000e+00
3.500000000000000000e+01 1.233951071776631991e+01 0.000000000000000000e+00 0.000000000000000000e+00
3.600000000000000000e+01 1.091739272469051159e+01 2.000000000000000000e+00 0.000000000000000000e+00
3.700000000000000000e+01 9.799657106571485699e+00 2.000000000000000000e+00 0.000000000000000000e+00
3.800000000000000000e+01 1.134817189781112567e+01 0.000000000000000000e+00 0.000000000000000000e+00
3.900000000000000000e+01 1.004435858595568831e+01 1.000000000000000000e+00 0.000000000000000000e+00
4.000000000000000000e+01 1.035542598523347380e+01 1.000000000000000000e+00 0.000000000000000000e+00
4.100000000000000000e+01 1.168245814737520050e+01 1.000000000000000000e+00 0.000000000000000000e+00
4.200000000000000000e+01 1.157198986446694633e+01 0.000000000000000000e+00 0.000000000000000000e+00
4.300000000000000000e+01 1.254341265362621805e+01 0.000000000000000000e+00 0.000000000000000000e+00
4.400000000000000000e+01 1.310513847315124281e+01 1.000000000000000000e+00 0.000000000000000000e+00
4.500000000000000000e+01 1.483581921459164121e+01 0.000000000000000000e+00 0.000000000000000000e+00
4.600000000000000000e+01 1.261890889622715406e+01 2.000000000000000000e+00 0.000000000000000000e+00
4.700000000000000000e+01 1.264715549413569029e+01 0.000000000000000000e+00 0.000000000000000000e+00
4.800000000000000000e+01 1.320018724148938460e+01 1.000000000000000000e+00 0.000000000000000000e+00
4.900000000000000000e+01 1.564563999072187528e+01 0.000000000000000000e+00 0.000000000000000000e+00
5.000000000000000000e+01 1.565202889029122701e+01 0.000000000000000000e+00 0.000000000000000000e+00
5.100000000000000000e+01 1.699150391749639866e+01 1.000000000000000000e+00 0.000000000000000000e+00
5.200000000000000000e+01 1.975900795006522159e+01 0.000000000000000000e+00 0.000000000000000000e+00
5.300000000000000000e+01 1.780770017749339473e+01 1.000000000000000000e+00 0.000000000000000000e+00
5.400000000000000000e+01 1.592516822071658922e+01 2.000000000000000000e+00 0.000000000000000000e+00
5.500000000000000000e+01 1.763440790405262248e+01 0.000000000000000000e+00 0.000000000000000000e+00
5.600000000000000000e+01 1.628896761157622564e+01 2.000000000000000000e+00 0.000000000000000000e+00
5.700000000000000000e+01 1.801266904055940188e+01 0.000000000000000000e+00 0.000000000000000000e+00
5.800000000000000000e+01 1.789154663569150117e+01 1.000000000000000000e+00 0.000000000000000000e+00
5.900000000000000000e+01 1.711461778204309070e+01 1.000000000000000000e+00 0.000000000000000000e+00
6.000000000000000000e+01 1.831679235576462261e+01 0.000000000000000000e+00 0.000000000000000000e+00
6.100000000000000000e+01 1.739108078588465389e+01 1.000000000000000000e+00 0.000000000000000000e+00
6.200000000000000000e+01 2.016681020605198782e+01 0.000000000000000000e+00 0.000000000000000000e+00
6.300000000000000000e+01 1.760350800531050197e+01 2.000000000000000000e+00 0.000000000000000000e+00
6.400000000000000000e+01 1.654516456577791672e+01 2.000000000000000000e+00 0.000000000000000000e+00
6.500000000000000000e+01 1.812148774822040664e+01 0.000000000000000000e+00 0.000000000000000000e+00
6.600000000000000000e+01 1.642992649796364901e+01 2.000000000000000000e+00 0.000000000000000000e+00
6.700000000000000000e+01 1.597148287259155808e+01 2.000000000000000000e+00 0.000000000000000000e+00
6.800000000000000000e+01 1.684828791920626045e+01 0.000000000000000000e+00 0.000000000000000000e+00
6.900000000000000000e+01 1.829408411575811755e+01 1.000000000000000000e+00 0.000000000000000000e+00
7.000000000000000000e+01 1.707842603495312161e+01 1.000000000000000000e+00 0.000000000000000000e+00
7.100000000000000000e+01 1.652838358144859399e+01 1.000000000000000000e+00 0.000000000000000000e+00
7.200000000000000000e+01 1.676265301895539395e+01 1.000000000000000000e+00 0.000000000000000000e+00
7.300000000000000000e+01 1.794132804019256966e+01 0.000000000000000000e+00 0.000000000000000000e+00
7.400000000000000000e+01 1.805789771996369808e+01 1.000000000000000000e+00 0.000000000000000000e+00
7.500000000000000000e+01 1.747747480789563923e+01 2.000000000000000000e+00 0.000000000000000000e+00
7.600000000000000000e+01 1.730639927597623640e+01 0.000000000000000000e+00 0.000000000000000000e+00
7.700000000000000000e+01 1.700630700809363560e+01 1.000000000000000000e+00 0.000000000000000000e+00
7.800000000000000000e+01 1.696943780399796609e+01 2.000000000000000000e+00 0.000000000000000000e+00
7.900000000000000000e+01 1.748506817713374772e+01 0.000000000000000000e+00 0.000000000000000000e+00
8.000000000000000000e+01 1.813052547033643336e+01 1.000000000000000000e+00 0.000000000000000000e+00
8.100000000000000000e+01 1.959894096369643179e+01 0.000000000000000000e+00 0.000000000000000000e+00
8.200000000000000000e+01 1.863001069031654566e+01 1.000000000000000000e+00 0.000000000000000000e+00
8.300000000000000000e+01 1.847222554080267898e+01 0.000000000000000000e+00 0.000000000000000000e+00
8.400000000000000000e+01 2.096645615657009998e+01 1.000000000000000000e+00 0.000000000000000000e+00
8.500000000000000000e+01 1.879462522577696859e+01 2.000000000000000000e+00 0.000000000000000000e+00
8.600000000000000000e+01 1.982127483511957422e+01 0.000000000000000000e+00 0.000000000000000000e+00
8.700000000000000000e+01 2.185075571880176426e+01 0.000000000000000000e+00 0.000000000000000000e+00
8.800000000000000000e+01 1.998608297458629934e+01 2.000000000000000000e+00 0.000000000000000000e+00
8.900000000000000000e+01 2.129995518798684984e+01 0.000000000000000000e+00 0.000000000000000000e+00
9.000000000000000000e+01 2.045256549686272862e+01 1.000000000000000000e+00 0.000000000000000000e+00
9.100000000000000000e+01 2.221029434970425243e+01 0.000000000000000000e+00 0.000000000000000000e+00
9.200000000000000000e+01 2.258830194368032807e+01 0.000000000000000000e+00 0.000000000000000000e+00
9.300000000000000000e+01 2.116174929122531267e+01 2.000000000000000000e+00 0.000000000000000000e+00
9.400000000000000000e+01 2.067120168124455759e+01 1.000000000000000000e+00 0.000000000000000000e+00
9.500000000000000000e+01 2.180286769460056107e+01 1.000000000000000000e+00 0.000000000000000000e+00
9.600000000000000000e+01 2.190599791920996253e+01 0.000000000000000000e+00 0.000000000000000000e+00
9.700000000000000000e+01 2.406757471916630209e+01 0.000000000000000000e+00 0.000000000000000000e+00
9.800000000000000000e+01 2.507793111004106734e+01 0.000000000000000000e+00 0.000000000000000000e+00
9.900000000000000000e+01 2.317979355244336404e+01 2.000000000000000000e+00 0.000000000000000000e+00
1.000000000000000000e+02 2.488743193538344656e+01 0.000000000000000000e+00 0.000000000000000000e+00
1.010000000000000000e+02 2.586820061109147773e+01 0.000000000000000000e+00 0.000000000000000000e+00
1.020000000000000000e+02 2.643336725287339561e+01 0.000000000000000000e+00 0.000000000000000000e+00
1.030000000000000000e+02 2.618884532543907184e+01 1.000000000000000000e+00 0.000000000000000000e+00
1.040000000000000000e+02 2.860070187254067164e+01 0.000000000000000000e+00 0.000000000000000000e+00
1.050000000000000000e+02 2.830666685806117755e+01 2.000000000000000000e+00 0.000000000000000000e+00
1.060000000000000000e+02 2.860120780922807882e+01 0.000000000000000000e+00 0.000000000000000000e+00
1.070000000000000000e+02 2.570372027797534997e+01 2.000000000000000000e+00 0.000000000000000000e+00
1.080000000000000000e+02 3.089676666393105009e+01 0.000000000000000000e+00 0.000000000000000000e+00
1.090000000000000000e+02 2.898944721957705539e+01 0.000000000000000000e+00 0.000000000000000000e+00
1.100000000000000000e+02 3.055513580265333928e+01 0.000000000000000000e+00 0.000000000000000000e+00
1.110000000000000000e+02 2.998754933291551339e+01 1.000000000000000000e+00 0.000000000000000000e+00
1.120000000000000000e+02 2.858052377355482676e+01 1.000000000000000000e+00 0.000000000000000000e+00
1.130000000000000000e+02 3.001126887812158373e+01 1.000000000000000000e+00 0.000000000000000000e+00
1.140000000000000000e+02 2.942269005117302427e+01 2.000000000000000000e+00 0.000000000000000000e+00
1.150000000000000000e+02 2.784347846182149766e+01 2.000000000000000000e+00 0.000000000000000000e+00
1.160000000000000000e+02 2.968174286318163269e+01 0.000000000000000000e+00 0.000000000000000000e+00
1.170000000000000000e+02 2.942085596290281302e+01 1.000000000000000000e+00 0.000000000000000000e+00
1.180000000000000000e+02 3.042907873362363347e+01 0.000000000000000000e+00 0.000000000000000000e+00
1.190000000000000000e+02 3.223425767220242477e+01 0.000000000000000000e+00 0.000000000000000000e+00
1.200000000000000000e+02 3.116467216433384735e+01 1.000000000000000000e+00 0.000000000000000000e+00
1.210000000000000000e+02 3.151683568187844386e+01 1.000000000000000000e+00 0.000000000000000000e+00
1.220000000000000000e+02 3.243771017227848574e+01 0.000000000000000000e+00 0.000000000000000000e+00
1.230000000000000000e+02 3.225207763822639606e+01 1.000000000000000000e+00 0.000000000000000000e+00
1.240000000000000000e+02 3.352637534754112636e+01 0.000000000000000000e+00 0.000000000000000000e+00
1.250000000000000000e+02 3.373094204882977465e+01 0.000000000000000000e+00 0.000000000000000000e+00
1.260000000000000000e+02 3.613512407409616856e+01 0.000000000000000000e+00 0.000000000000000000e+00
1.270000000000000000e+02 3.548201127017095047e+01 1.000000000000000000e+00 0.000000000000000000e+00
1.280000000000000000e+02 3.327377673662782342e+01 1.000000000000000000e+00 0.000000000000000000e+00
1.290000000000000000e+02 3.495040154412405542e+01 0.000000000000000000e+00 0.000000000000000000e+00
1.300000000000000000e+02 3.755283781304893154e+01 0.000000000000000000e+00 0.000000000000000000e+00
1.310000000000000000e+02 3.730209153150804013e+01 1.000000000000000000e+00 0.000000000000000000e+00
1.320000000000000000e+02 3.624303263635031414e+01 1.000000000000000000e+00 0.000000000000000000e+00
1.330000000000000000e+02 3.621303894628445619e+01 0.000000000000000000e+00 0.000000000000000000e+00
1.340000000000000000e+02 3.781188297706557933e+01 2.000000000000000000e+00 0.000000000000000000e+00
1.350000000000000000e+02 3.755388485827104006e+01 0.000000000000000000e+00 0.000000000000000000e+00
1.360000000000000000e+02 3.967364514851248458e+01 0.000000000000000000e+00 0.000000000000000000e+00
1.370000000000000000e+02 4.002304984149807865e+01 1.000000000000000000e+00 0.000000000000000000e+00
1.380000000000000000e+02 4.043939875282052299e+01 1.000000000000000000e+00 0.000000000000000000e+00
1.390000000000000000e+02 3.923760214975582983e+01 1.000000000000000000e+00 0.000000000000000000e+00
1.400000000000000000e+02 3.684729763914081957e+01 2.000000000000000000e+00 0.000000000000000000e+00
1.410000000000000000e+02 3.860536167570914756e+01 0.000000000000000000e+00 0.000000000000000000e+00
1.420000000000000000e+02 3.848211849650815708e+01 0.000000000000000000e+00 0.000000000000000000e+00
1.430000000000000000e+02 4.100038614056354191e+01 1.000000000000000000e+00 0.000000000000000000e+00
1.440000000000000000e+02 4.119380480626841745e+01 1.000000000000000000e+00 0.000000000000000000e+00
1.450000000000000000e+02 4.046742594546920202e+01 0.000000000000000000e+00 0.000000000000000000e+00
1.460000000000000000e+02 4.189185196940562861e+01 0.000000000000000000e+00 0.000000000000000000e+00
1.470000000000000000e+02 4.236756995214932431e+01 0.000000000000000000e+00 0.000000000000000000e+00
1.480000000000000000e+02 4.180507498010512535e+01 2.000000000000000000e+00 0.000000000000000000e+00
1.490000000000000000e+02 4.402859012080965329e+01 0.000000000000000000e+00 0.000000000000000000e+00
1.500000000000000000e+02 4.137814862508603397e+01 2.000000000000000000e+00 0.000000000000000000e+00
1.510000000000000000e+02 4.390783978711378666e+01 0.000000000000000000e+00 0.000000000000000000e+00
1.520000000000000000e+02 4.473837042551726029e+01 0.000000000000000000e+00 0.000000000000000000e+00
1.530000000000000000e+02 4.619295178122821710e+01 0.000000000000000000e+00 0.000000000000000000e+00
1.540000000000000000e+02 4.677115665444809167e+01 0.000000000000000000e+00 0.000000000000000000e+00
1.550000000000000000e+02 4.506075649237698855e+01 0.000000000000000000e+00 0.000000000000000000e+00
1.560000000000000000e+02 4.673402513037732575e+01 1.000000000000000000e+00 0.000000000000000000e+00
1.570000000000000000e+02 4.774736042330507502e+01 1.000000000000000000e+00 0.000000000000000000e+00
1.580000000000000000e+02 4.831905903001585756e+01 0.000000000000000000e+00 0.000000000000000000e+00
1.590000000000000000e+02 4.822249022709122812e+01 1.000000000000000000e+00 0.000000000000000000e+00
1.600000000000000000e+02 4.694132982914835850e+01 2.000000000000000000e+00 0.000000000000000000e+00
1.610000000000000000e+02 4.750002534723461878e+01 2.000000000000000000e+00 0.000000000000000000e+00
1.620000000000000000e+02 4.770904283819806579e+01 0.000000000000000000e+00 0.000000000000000000e+00
1.630000000000000000e+02 4.787642771722097024e+01 1.000000000000000000e+00 0.000000000000000000e+00
1.640000000000000000e+02 4.871552721485066684e+01 0.000000000000000000e+00 0.000000000000000000e+00
1.650000000000000000e+02 4.769043173161783500e+01 0.000000000000000000e+00 0.000000000000000000e+00
1.660000000000000000e+02 4.856805686723756565e+01 2.000000000000000000e+00 0.000000000000000000e+00
1.670000000000000000e+02 4.957495686886052511e+01 0.000000000000000000e+00 0.000000000000000000e+00
1.680000000000000000e+02 4.750862720932088479e+01 2.000000000000000000e+00 0.000000000000000000e+00
1.690000000000000000e+02 4.838825541707274169e+01 1.000000000000000000e+00 0.000000000000000000e+00
1.700000000000000000e+02 4.703459351892169593e+01 2.000000000000000000e+00 0.000000000000000000e+00
1.710000000000000000e+02 4.673550160337743620e+01 2.000000000000000000e+00 0.000000000000000000e+00
1.720000000000000000e+02 4.677886341248448332e+01 1.000000000000000000e+00 0.000000000000000000e+00
1.730000000000000000e+02 4.660183038672340672e+01 0.000000000000000000e+00 0.000000000000000000e+00
1.740000000000000000e+02 4.687015545047170662e+01 1.000000000000000000e+00 0.000000000000000000e+00
1.750000000000000000e+02 4.605027303786177129e+01 1.000000000000000000e+00 0.000000000000000000e+00
1.760000000000000000e+02 4.657290963828756247e+01 1.000000000000000000e+00 0.000000000000000000e+00
1.770000000000000000e+02 4.643305227161192050e+01 1.000000000000000000e+00 0.000000000000000000e+00
1.780000000000000000e+02 4.643054745708663944e+01 0.000000000000000000e+00 0.000000000000000000e+00
1.790000000000000000e+02 4.872103844663431005e+01 0.000000000000000000e+00 0.000000000000000000e+00
1.800000000000000000e+02 4.928125335595625955e+01 0.000000000000000000e+00 0.000000000000000000e+00
1.810000000000000000e+02 5.126728033620218383e+01 0.000000000000000000e+00 0.000000000000000000e+00
1.820000000000000000e+02 5.088534093006785497e+01 2.000000000000000000e+00 0.000000000000000000e+00
1.830000000000000000e+02 5.149148119918211108e+01 0.000000000000000000e+00 0.000000000000000000e+00
1.840000000000000000e+02 5.037074517247658889e+01 0.000000000000000000e+00 0.000000000000000000e+00
1.850000000000000000e+02 5.058900516250652402e+01 1.000000000000000000e+00 0.000000000000000000e+00
1.860000000000000000e+02 5.427212832355999694e+01 0.000000000000000000e+00 0.000000000000000000e+00
1.870000000000000000e+02 5.271461455907270732e+01 2.000000000000000000e+00 0.000000000000000000e+00
1.880000000000000000e+02 5.264703143923758688e+01 0.000000000000000000e+00 0.000000000000000000e+00
1.890000000000000000e+02 5.077685269690007885e+01 2.000000000000000000e+00 0.000000000000000000e+00
1.900000000000000000e+02 5.214601456561607051e+01 0.000000000000000000e+00 0.000000000000000000e+00
1.910000000000000000e+02 5.322913302006643477e+01 0.000000000000000000e+00 0.000000000000000000e+00
1.920000000000000000e+02 5.348471735430970853e+01 1.000000000000000000e+00 0.000000000000000000e+00
1.930000000000000000e+02 5.555191529054744848e+01 1.000000000000000000e+00 0.000000000000000000e+00
1.940000000000000000e+02 5.344942470229923970e+01 2.000000000000000000e+00 0.000000000000000000e+00
1.950000000000000000e+02 5.309172553035231346e+01 1.000000000000000000e+00 0.000000000000000000e+00
1.960000000000000000e+02 5.425456521680074928e+01 1.000000000000000000e+00 0.000000000000000000e+00
1.970000000000000000e+02 5.490450886166105704e+01 0.000000000000000000e+00 0.000000000000000000e+00
1.980000000000000000e+02 5.315369353414125442e+01 2.000000000000000000e+00 0.000000000000000000e+00
1.990000000000000000e+02 5.386639359560072648e+01 0.000000000000000000e+00 0.000000000000000000e+00
2.000000000000000000e+02 5.208344353265719917e+01 2.000000000000000000e+00 0.000000000000000000e+00
2.010000000000000000e+02 5.251606236755140600e+01 1.000000000000000000e+00 0.000000000000000000e+00
2.020000000000000000e+02 5.270110734310009803e+01 1.000000000000000000e+00 0.000000000000000000e+00
2.030000000000000000e+02 5.418624482556040078e+01 0.000000000000000000e+00 0.000000000000000000e+00
2.040000000000000000e+02 5.386967765084443727e+01 2.000000000000000000e+00 0.000000000000000000e+00
2.050000000000000000e+02 5.312251589957679698e+01 0.000000000000000000e+00 0.000000000000000000e+00
2.060000000000000000e+02 5.185721639655101001e+01 1.000000000000000000e+00 0.000000000000000000e+00
2.070000000000000000e+02 5.279827684922819486e+01 2.000000000000000000e+00 0.000000000000000000e+00
2.080000000000000000e+02 5.135349262009657423e+01 2.000000000000000000e+00 0.000000000000000000e+00
2.090000000000000000e+02 5.253790764105097821e+01 1.000000000000000000e+00 0.000000000000000000e+00
2.100000000000000000e+02 5.108602251554019347e+01 2.000000000000000000e+00 0.000000000000000000e+00
2.110000000000000000e+02 4.948605199169965374e+01 1.000000000000000000e+00 0.000000000000000000e+00
2.120000000000000000e+02 5.260581399611584175e+01 0.000000000000000000e+00 0.000000000000000000e+00
2.130000000000000000e+02 5.027958377013586500e+01 2.000000000000000000e+00 0.000000000000000000e+00
2.140000000000000000e+02 4.955503495826164340e+01 2.000000000000000000e+00 0.000000000000000000e+00
2.150000000000000000e+02 4.898770905017108390e+01 2.000000000000000000e+00 0.000000000000000000e+00
2.160000000000000000e+02 4.971875678306712132e+01 0.000000000000000000e+00 0.000000000000000000e+00
2.170000000000000000e+02 5.110142079664611003e+01 0.000000000000000000e+00 0.000000000000000000e+00
2.180000000000000000e+02 4.995282645859465021e+01 2.000000000000000000e+00 0.000000000000000000e+00
2.190000000000000000e+02 5.095620613398590137e+01 0.000000000000000000e+00 0.000000000000000000e+00
2.200000000000000000e+02 5.148726251920423636e+01 2.000000000000000000e+00 0.000000000000000000e+00
2.210000000000000000e+02 5.023452227322133723e+01 2.000000000000000000e+00 0.000000000000000000e+00
2.220000000000000000e+02 5.063980748225097273e+01 0.000000000000000000e+00 0.000000000000000000e+00
2.230000000000000000e+02 4.921266565285912264e+01 1.000000000000000000e+00 0.000000000000000000e+00
2.240000000000000000e+02 5.060444120156310532e+01 1.000000000000000000e+00 0.000000000000000000e+00
2.250000000000000000e+02 5.069586513585408483e+01 0.000000000000000000e+00 0.000000000000000000e+00
2.260000000000000000e+02 5.121259091600483515e+01 1.000000000000000000e+00 0.000000000000000000e+00
2.270000000000000000e+02 5.295569478275779574e+01 0.000000000000000000e+00 0.000000000000000000e+00
2.280000000000000000e+02 5.344418231312238987e+01 1.000000000000000000e+00 0.000000000000000000e+00
2.290000000000000000e+02 5.150653774960283471e+01 0.000000000000000000e+00 0.000000000000000000e+00
2.300000000000000000e+02 5.167104409692844769e+01 2.000000000000000000e+00 0.000000000000000000e+00
2.310000000000000000e+02 5.295107859743700374e+01 0.000000000000000000e+00 0.000000000000000000e+00
2.320000000000000000e+02 5.163627770357855695e+01 1.000000000000000000e+00 0.000000000000000000e+00
2.330000000000000000e+02 5.271344954581482511e+01 1.000000000000000000e+00 0.000000000000000000e+00
2.340000000000000000e+02 5.440023734573756542e+01 0.000000000000000000e+00 0.000000000000000000e+00
2.350000000000000000e+02 5.457187545961429720e+01 0.000000000000000000e+00 0.000000000000000000e+00
2.360000000000000000e+02 5.693648442340469273e+01 0.000000000000000000e+00 0.000000000000000000e+00
2.370000000000000000e+02 5.574363086746788554e+01 2.000000000000000000e+00 0.000000000000000000e+00
2.380000000000000000e+02 5.701986068131186869e+01 0.000000000000000000e+00 0.000000000000000000e+00
2.390000000000000000e+02 5.771824340694904265e+01 0.000000000000000000e+00 0.000000000000000000e+00
2.400000000000000000e+02 5.541202199004537476e+01 2.000000000000000000e+00 0.000000000000000000e+00
2.410000000000000000e+02 5.491554673073534332e+01 2.000000000000000000e+00 0.000000000000000000e+00
2.420000000000000000e+02 5.598792960019064679e+01 0.000000000000000000e+00 0.000000000000000000e+00
2.430000000000000000e+02 5.549739760798658494e+01 2.000000000000000000e+00 0.000000000000000000e+00
2.440000000000000000e+02 5.660452794841953761e+01 0.000000000000000000e+00 0.000000000000000000e+00
2.450000000000000000e+02 5.563647685462797199e+01 1.000000000000000000e+00 0.000000000000000000e+00
2.460000000000000000e+02 5.495035827451302168e+01 1.000000000000000000e+00 0.000000000000000000e+00
2.470000000000000000e+02 5.734834971752069066e+01 0.000000000000000000e+00 0.000000000000000000e+00
2.480000000000000000e+02 5.713190073114397194e+01 2.000000000000000000e+00 0.000000000000000000e+00
2.490000000000000000e+02 5.491143548861186474e+01 1.000000000000000000e+00 0.000000000000000000e+00
2.500000000000000000e+02 5.575564217092139074e+01 1.000000000000000000e+00 0.000000000000000000e+00
2.510000000000000000e+02 5.592724812064965789e+01 1.000000000000000000e+00 0.000000000000000000e+00
2.520000000000000000e+02 5.631480753894249602e+01 1.000000000000000000e+00 0.000000000000000000e+00
2.530000000000000000e+02 5.670940263448937202e+01 0.000000000000000000e+00 0.000000000000000000e+00
2.540000000000000000e+02 5.607534533176622205e+01 2.000000000000000000e+00 0.000000000000000000e+00
2.550000000000000000e+02 5.838493925991906508e+01 0.000000000000000000e+00 0.000000000000000000e+00
2.560000000000000000e+02 5.736135965295919448e+01 1.000000000000000000e+00 0.000000000000000000e+00
2.570000000000000000e+02 5.776161081099538563e+01 0.000000000000000000e+00 0.000000000000000000e+00
2.580000000000000000e+02 5.552267529135409063e+01 2.000000000000000000e+00 0.000000000000000000e+00
2.590000000000000000e+02 5.580886558411614118e+01 2.000000000000000000e+00 0.000000000000000000e+00
2.600000000000000000e+02 5.410793496633132804e+01 2.000000000000000000e+00 0.000000000000000000e+00
2.610000000000000000e+02 5.291729920184213398e+01 1.000000000000000000e+00 0.000000000000000000e+00
2.620000000000000000e+02 5.652406408306312358e+01 0.000000000000000000e+00 0.000000000000000000e+00
2.630000000000000000e+02 5.639742814355191314e+01 1.000000000000000000e+00 0.000000000000000000e+00
2.640000000000000000e+02 5.522801994369804390e+01 0.000000000000000000e+00 0.000000000000000000e+00
2.650000000000000000e+02 5.619547326103484863e+01 0.000000000000000000e+00 0.000000000000000000e+00
2.660000000000000000e+02 5.794807779062232100e+01 1.000000000000000000e+00 0.000000000000000000e+00
2.670000000000000000e+02 5.858275647536290620e+01 0.000000000000000000e+00 0.000000000000000000e+00
2.680000000000000000e+02 5.693002554762052370e+01 2.000000000000000000e+00 0.000000000000000000e+00
2.690000000000000000e+02 5.897319785531112046e+01 0.000000000000000000e+00 0.000000000000000000e+00
2.700000000000000000e+02 5.923924776823217542e+01 2.000000000000000000e+00 0.000000000000000000e+00
2.710000000000000000e+02 5.831706202783291104e+01 1.000000000000000000e+00 0.000000000000000000e+00
2.720000000000000000e+02 5.687966038261669155e+01 0.000000000000000000e+00 0.000000000000000000e+00
2.730000000000000000e+02 5.935446304686084318e+01 0.000000000000000000e+00 0.000000000000000000e+00
2.740000000000000000e+02 6.134910846766814529e+01 0.000000000000000000e+00 0.000000000000000000e+00
2.750000000000000000e+02 6.208948535840614369e+01 0.000000000000000000e+00 0.000000000000000000e+00
2.760000000000000000e+02 5.965353661857778178e+01 2.000000000000000000e+00 0.000000000000000000e+00
2.770000000000000000e+02 6.131312326629586806e+01 0.000000000000000000e+00 0.000000000000000000e+00
2.780000000000000000e+02 6.273551235454404207e+01 1.000000000000000000e+00 0.000000000000000000e+00
2.790000000000000000e+02 6.163791464261369413e+01 1.000000000000000000e+00 0.000000000000000000e+00
2.800000000000000000e+02 6.316803266091162072e+01 0.000000000000000000e+00 0.000000000000000000e+00
2.810000000000000000e+02 6.258822093841620671e+01 2.000000000000000000e+00 0.000000000000000000e+00
2.820000000000000000e+02 6.101102882649088599e+01 2.000000000000000000e+00 0.000000000000000000e+00
2.830000000000000000e+02 6.157851087773349263e+01 0.000000000000000000e+00 0.000000000000000000e+00
2.840000000000000000e+02 6.110844949999890474e+01 2.000000000000000000e+00 0.000000000000000000e+00
2.850000000000000000e+02 6.122980130460380366e+01 1.000000000000000000e+00 0.000000000000000000e+00
2.860000000000000000e+02 6.053230765535407443e+01 1.000000000000000000e+00 0.000000000000000000e+00
2.870000000000000000e+02 6.182371824825585094e+01 0.000000000000000000e+00 0.000000000000000000e+00
2.880000000000000000e+02 6.038018786708273211e+01 2.000000000000000000e+00 0.000000000000000000e+00
2.890000000000000000e+02 5.919018738829734616e+01 2.000000000000000000e+00 0.000000000000000000e+00
2.900000000000000000e+02 6.083520939785510961e+01 0.000000000000000000e+00 0.000000000000000000e+00
2.910000000000000000e+02 6.166815831013538940e+01 1.000000000000000000e+00 0.000000000000000000e+00
2.920000000000000000e+02 6.081599450136909724e+01 1.000000000000000000e+00 0.000000000000000000e+00
2.930000000000000000e+02 6.302582448903221746e+01 0.000000000000000000e+00 0.000000000000000000e+00
2.940000000000000000e+02 6.134226058151323002e+01 2.000000000000000000e+00 0.000000000000000000e+00
2.950000000000000000e+02 5.967573102454262113e+01 2.000000000000000000e+00 0.000000000000000000e+00
2.960000000000000000e+02 6.044923304800685315e+01 0.000000000000000000e+00 0.000000000000000000e+00
2.970000000000000000e+02 6.143364319194080991e+01 0.000000000000000000e+00 0.000000000000000000e+00
2.980000000000000000e+02 6.073174880810863385e+01 2.000000000000000000e+00 0.000000000000000000e+00
2.990000000000000000e+02 6.069934733494719836e+01 1.000000000000000000e+00 0.000000000000000000e+00
3.000000000000000000e+02 6.126009781777702301e+01 0.000000000000000000e+00 0.000000000000000000e+00
3.010000000000000000e+02 6.132468131947165801e+01 2.000000000000000000e+00 0.000000000000000000e+00
3.020000000000000000e+02 6.152771965588211600e+01 0.000000000000000000e+00 0.000000000000000000e+00
3.030000000000000000e+02 5.961918518400158717e+01 2.000000000000000000e+00 0.000000000000000000e+00
3.040000000000000000e+02 6.094532827961143084e+01 0.000000000000000000e+00 0.000000000000000000e+00
3.050000000000000000e+02 6.155193928030925576e+01 2.000000000000000000e+00 0.000000000000000000e+00
3.060000000000000000e+02 6.086042493944444942e+01 2.000000000000000000e+00 0.000000000000000000e+00
3.070000000000000000e+02 6.074662292302920719e+01 0.000000000000000000e+00 0.000000000000000000e+00
3.080000000000000000e+02 6.208770481258410712e+01 1.000000000000000000e+00 0.000000000000000000e+00
3.090000000000000000e+02 6.037730664907262934e+01 1.000000000000000000e+00 0.000000000000000000e+00
3.100000000000000000e+02 6.316001634638018913e+01 0.000000000000000000e+00 0.000000000000000000e+00
3.110000000000000000e+02 6.256806059515977836e+01 1.000000000000000000e+00 0.000000000000000000e+00
3.120000000000000000e+02 6.249121623323252095e+01 1.000000000000000000e+00 0.000000000000000000e+00
3.130000000000000000e+02 6.252257412051663010e+01 0.000000000000000000e+00 0.000000000000000000e+00
3.140000000000000000e+02 6.352386089930435276e+01 0.000000000000000000e+00 0.000000000000000000e+00
3.150000000000000000e+02 6.370213104315450892e+01 1.000000000000000000e+00 0.000000000000000000e+00
3.160000000000000000e+02 6.528674864618160711e+01 0.000000000000000000e+00 0.000000000000000000e+00
3.170000000000000000e+02 6.362577663329854971e+01 2.000000000000000000e+00 0.000000000000000000e+00
3.180000000000000000e+02 6.513646471493130718e+01 0.000000000000000000e+00 0.000000000000000000e+00
3.190000000000000000e+02 6.507555548044200577e+01 1.000000000000000000e+00 0.000000000000000000e+00
3.200000000000000000e+02 6.288280748682181098e+01 2.000000000000000000e+00 0.000000000000000000e+00
3.210000000000000000e+02 6.393740840751740961e+01 0.000000000000000000e+00 0.000000000000000000e+00
3.220000000000000000e+02 6.419533598201144287e+01 2.000000000000000000e+00 0.000000000000000000e+00
3.230000000000000000e+02 6.350201073827028608e+01 0.000000000000000000e+00 0.000000000000000000e+00
3.240000000000000000e+02 6.480454323599289523e+01 1.000000000000000000e+00 0.000000000000000000e+00
3.250000000000000000e+02 6.507008214310558003e+01 2.000000000000000000e+00 0.000000000000000000e+00
3.260000000000000000e+02 6.442894754809641711e+01 0.000000000000000000e+00 0.000000000000000000e+00
3.270000000000000000e+02 6.720079541668394540e+01 0.000000000000000000e+00 0.000000000000000000e+00
3.280000000000000000e+02 6.677361133203743293e+01 2.000000000000000000e+00 0.000000000000000000e+00
3.290000000000000000e+02 6.555740966507188716e+01 1.000000000000000000e+00 0.000000000000000000e+00
3.300000000000000000e+02 6.537400105373045278e+01 2.000000000000000000e+00 0.000000000000000000e+00
3.310000000000000000e+02 6.306545463303820043e+01 1.000000000000000000e+00 0.000000000000000000e+00
3.320000000000000000e+02 6.407260983469079463e+01 1.000000000000000000e+00 0.000000000000000000e+00
3.330000000000000000e+02 6.536905511159712034e+01 0.000000000000000000e+00 0.000000000000000000e+00
3.340000000000000000e+02 6.346347534820576186e+01 1.000000000000000000e+00 0.000000000000000000e+00
3.350000000000000000e+02 6.666705571547450404e+01 0.000000000000000000e+00 0.000000000000000000e+00
3.360000000000000000e+02 6.538089524557584298e+01 1.000000000000000000e+00 0.000000000000000000e+00
3.370000000000000000e+02 6.615650865047712159e+01 1.000000000000000000e+00 0.000000000000000000e+00
3.380000000000000000e+02 6.610863175729555508e+01 0.000000000000000000e+00 0.000000000000000000e+00
3.390000000000000000e+02 6.607317482416961241e+01 2.000000000000000000e+00 0.000000000000000000e+00
3.400000000000000000e+02 6.468896260532201836e+01 2.000000000000000000e+00 0.000000000000000000e+00
3.410000000000000000e+02 6.279343348318300144e+01 1.000000000000000000e+00 0.000000000000000000e+00
3.420000000000000000e+02 6.685813270382496398e+01 0.000000000000000000e+00 0.000000000000000000e+00
3.430000000000000000e+02 6.638221524192229595e+01 1.000000000000000000e+00 0.000000000000000000e+00
3.440000000000000000e+02 6.759710468343783418e+01 0.000000000000000000e+00 0.000000000000000000e+00
3.450000000000000000e+02 6.526114082965119678e+01 2.000000000000000000e+00 0.000000000000000000e+00
3.460000000000000000e+02 6.565316401920127021e+01 1.000000000000000000e+00 0.000000000000000000e+00
3.470000000000000000e+02 6.776492087895816496e+01 0.000000000000000000e+00 0.000000000000000000e+00
3.480000000000000000e+02 6.801279269927283622e+01 1.000000000000000000e+00 0.000000000000000000e+00
3.490000000000000000e+02 6.687165860291985098e+01 0.000000000000000000e+00 0.000000000000000000e+00
3.500000000000000000e+02 6.680672819138477792e+01 2.000000000000000000e+00 0.000000000000000000e+00
3.510000000000000000e+02 6.574748438513782389e+01 2.000000000000000000e+00 0.000000000000000000e+00
3.520000000000000000e+02 6.705490696355393254e+01 0.000000000000000000e+00 0.000000000000000000e+00
3.530000000000000000e+02 6.856697715502258461e+01 1.000000000000000000e+00 0.000000000000000000e+00
3.540000000000000000e+02 6.510342441276227987e+01 1.000000000000000000e+00 0.000000000000000000e+00
3.550000000000000000e+02 6.803191602098166868e+01 1.000000000000000000e+00 0.000000000000000000e+00
3.560000000000000000e+02 6.639396409674834842e+01 1.000000000000000000e+00 0.000000000000000000e+00
3.570000000000000000e+02 6.694531179914494601e+01 0.000000000000000000e+00 0.000000000000000000e+00
3.580000000000000000e+02 6.842198167319142499e+01 1.000000000000000000e+00 0.000000000000000000e+00
3.590000000000000000e+02 6.820200318582494958e+01 1.000000000000000000e+00 0.000000000000000000e+00
3.600000000000000000e+02 6.828780698155581774e+01 1.000000000000000000e+00 0.000000000000000000e+00
3.610000000000000000e+02 6.941725414121007987e+01 0.000000000000000000e+00 0.000000000000000000e+00
3.620000000000000000e+02 6.926518665759861904e+01 2.000000000000000000e+00 0.000000000000000000e+00
3.630000000000000000e+02 6.807785818569887226e+01 1.000000000000000000e+00 0.000000000000000000e+00
3.640000000000000000e+02 6.938226315201099226e+01 0.000000000000000000e+00 0.000000000000000000e+00
3.650000000000000000e+02 6.794851786215581058e+01 2.000000000000000000e+00 0.000000000000000000e+00
3.660000000000000000e+02 6.818033260991094835e+01 0.000000000000000000e+00 0.000000000000000000e+00
3.670000000000000000e+02 6.990174211613857835e+01 0.000000000000000000e+00 0.000000000000000000e+00
3.680000000000000000e+02 6.998630835818106277e+01 1.000000000000000000e+00 0.000000000000000000e+00
3.690000000000000000e+02 6.954829616997392350e+01 2.000000000000000000e+00 0.000000000000000000e+00
3.700000000000000000e+02 6.904146858463674619e+01 0.000000000000000000e+00 0.000000000000000000e+00
3.710000000000000000e+02 7.158076775685367465e+01 0.000000000000000000e+00 0.000000000000000000e+00
3.720000000000000000e+02 6.914020895173446490e+01 2.000000000000000000e+00 0.000000000000000000e+00
3.730000000000000000e+02 7.113915670400859881e+01 0.000000000000000000e+00 0.000000000000000000e+00
3.740000000000000000e+02 7.250492032515334984e+01 0.000000000000000000e+00 0.000000000000000000e+00
3.750000000000000000e+02 7.104190583352261967e+01 2.000000000000000000e+00 0.000000000000000000e+00
3.760000000000000000e+02 7.341912389200243183e+01 0.000000000000000000e+00 0.000000000000000000e+00
3.770000000000000000e+02 7.454099908715423339e+01 0.000000000000000000e+00 0.000000000000000000e+00
3.780000000000000000e+02 7.373976813086116522e+01 0.000000000000000000e+00 0.000000000000000000e+00
3.790000000000000000e+02 7.409329092456408716e+01 1.000000000000000000e+00 0.000000000000000000e+00
3.800000000000000000e+02 7.529661485216730910e+01 0.000000000000000000e+00 0.000000000000000000e+00
3.810000000000000000e+02 7.554357860247070278e+01 1.000000000000000000e+00 0.000000000000000000e+00
3.820000000000000000e+02 7.587296885535491242e+01 0.000000000000000000e+00 0.000000000000000000e+00
3.830000000000000000e+02 7.408963735659543204e+01 1.000000000000000000e+00 0.000000000000000000e+00
3.840000000000000000e+02 7.573743353649220467e+01 2.000000000000000000e+00 0.000000000000000000e+00
3.850000000000000000e+02 7.542526853401211895e+01 0.000000000000000000e+00 0.000000000000000000e+00
3.860000000000000000e+02 7.694179922598407018e+01 1.000000000000000000e+00 0.000000000000000000e+00
3.870000000000000000e+02 7.552709974411737903e+01 2.000000000000000000e+00 0.000000000000000000e+00
3.880000000000000000e+02 7.502931951505118491e+01 0.000000000000000000e+00 0.000000000000000000e+00
3.890000000000000000e+02 7.711272964237296890e+01 0.000000000000000000e+00 0.000000000000000000e+00
3.900000000000000000e+02 7.605983843712117221e+01 1.000000000000000000e+00 0.000000000000000000e+00
3.910000000000000000e+02 7.699656615394563630e+01 0.000000000000000000e+00 0.000000000000000000e+00
3.920000000000000000e+02 7.853056977221426393e+01 0.000000000000000000e+00 0.000000000000000000e+00
3.930000000000000000e+02 7.922479166261518913e+01 0.000000000000000000e+00 0.000000000000000000e+00
3.940000000000000000e+02 8.074307479343957539e+01 1.000000000000000000e+00 0.000000000000000000e+00
3.950000000000000000e+02 7.988318985882084178e+01 1.000000000000000000e+00 0.000000000000000000e+00
3.960000000000000000e+02 8.094459598986783533e+01 0.000000000000000000e+00 0.000000000000000000e+00
3.970000000000000000e+02 7.994872856860772004e+01 2.000000000000000000e+00 0.000000000000000000e+00
3.980000000000000000e+02 8.048566834181337981e+01 0.000000000000000000e+00 0.000000000000000000e+00
3.990000000000000000e+02 8.084065940489773539e+01 1.000000000000000000e+00 0.000000000000000000e+00
4.000000000000000000e+02 8.198471246641480548e+01 0.000000000000000000e+00 0.000000000000000000e+00
4.010000000000000000e+02 8.239256610974690886e+01 1.000000000000000000e+00 0.000000000000000000e+00
4.020000000000000000e+02 8.263005767525650924e+01 0.000000000000000000e+00 0.000000000000000000e+00
4.030000000000000000e+02 8.212348480597567857e+01 1.000000000000000000e+00 0.000000000000000000e+00
4.040000000000000000e+02 8.423013917647566018e+01 1.000000000000000000e+00 0.000000000000000000e+00
4.050000000000000000e+02 8.375821470618615194e+01 0.000000000000000000e+00 0.000000000000000000e+00
4.060000000000000000e+02 8.377325388741294887e+01 0.000000000000000000e+00 0.000000000000000000e+00
4.070000000000000000e+02 8.331921304600314215e+01 1.000000000000000000e+00 0.000000000000000000e+00
4.080000000000000000e+02 8.594530832919407715e+01 0.000000000000000000e+00 0.000000000000000000e+00
4.090000000000000000e+02 8.405016764718321554e+01 2.000000000000000000e+00 0.000000000000000000e+00
4.100000000000000000e+02 8.784373458391206668e+01 0.000000000000000000e+00 0.000000000000000000e+00
4.110000000000000000e+02 8.430722258641614530e+01 1.000000000000000000e+00 0.000000000000000000e+00
4.120000000000000000e+02 8.648284741582679658e+01 1.000000000000000000e+00 0.000000000000000000e+00
4.130000000000000000e+02 8.586810862499172003e+01 0.000000000000000000e+00 0.000000000000000000e+00
4.140000000000000000e+02 8.630961179455836429e+01 2.000000000000000000e+00 0.000000000000000000e+00
4.150000000000000000e+02 8.723520096958426961e+01 0.000000000000000000e+00 0.000000000000000000e+00
4.160000000000000000e+02 8.778256854363404216e+01 1.000000000000000000e+00 0.000000000000000000e+00
4.170000000000000000e+02 8.644759108781826740e+01 1.000000000000000000e+00 0.000000000000000000e+00
4.180000000000000000e+02 8.615404903650228619e+01 2.000000000000000000e+00 0.000000000000000000e+00
4.190000000000000000e+02 8.736032250748705508e+01 1.000000000000000000e+00 0.000000000000000000e+00
4.200000000000000000e+02 8.516723998071498158e+01 1.000000000000000000e+00 0.000000000000000000e+00
4.210000000000000000e+02 8.476675428438935000e+01 2.000000000000000000e+00 0.000000000000000000e+00
4.220000000000000000e+02 8.492984917278559465e+01 1.000000000000000000e+00 0.000000000000000000e+00
4.230000000000000000e+02 8.523201572849815477e+01 1.000000000000000000e+00 0.000000000000000000e+00
4.240000000000000000e+02 8.653074002025357458e+01 0.000000000000000000e+00 0.000000000000000000e+00
4.250000000000000000e+02 8.469418692511658264e+01 2.000000000000000000e+00 0.000000000000000000e+00
4.260000000000000000e+02 8.570395184522246268e+01 0.000000000000000000e+00 0.000000000000000000e+00
4.270000000000000000e+02 8.544756145366821443e+01 1.000000000000000000e+00 0.000000000000000000e+00
4.280000000000000000e+02 8.731583034379585229e+01 0.000000000000000000e+00 0.000000000000000000e+00
4.290000000000000000e+02 8.717295777875627039e+01 1.000000000000000000e+00 0.000000000000000000e+00
4.300000000000000000e+02 8.757042348757113359e+01 0.000000000000000000e+00 0.000000000000000000e+00
4.310000000000000000e+02 8.780770689692442943e+01 1.000000000000000000e+00 0.000000000000000000e+00
4.320000000000000000e+02 8.673608659896633810e+01 1.000000000000000000e+00 0.000000000000000000e+00
4.330000000000000000e+02 8.716317358066716281e+01 2.000000000000000000e+00 0.000000000000000000e+00
4.340000000000000000e+02 8.557656930157072850e+01 2.000000000000000000e+00 0.000000000000000000e+00
4.350000000000000000e+02 8.770782730166801855e+01 1.000000000000000000e+00 0.000000000000000000e+00
4.360000000000000000e+02 8.571496876417847943e+01 1.000000000000000000e+00 0.000000000000000000e+00
4.370000000000000000e+02 8.434478256035957600e+01 1.000000000000000000e+00 0.000000000000000000e+00
4.380000000000000000e+02 8.741905651633808816e+01 0.000000000000000000e+00 0.000000000000000000e+00
4.390000000000000000e+02 8.531496947046751700e+01 1.000000000000000000e+00 0.000000000000000000e+00
4.400000000000000000e+02 8.744537802162733442e+01 1.000000000000000000e+00 0.000000000000000000e+00
4.410000000000000000e+02 8.646679739279949217e+01 0.000000000000000000e+00 0.000000000000000000e+00
4.420000000000000000e+02 8.782523856824495567e+01 1.000000000000000000e+00 0.000000000000000000e+00
4.430000000000000000e+02 8.853746531569565548e+01 0.000000000000000000e+00 0.000000000000000000e+00
4.440000000000000000e+02 9.106518259348237621e+01 0.000000000000000000e+00 0.000000000000000000e+00
4.450000000000000000e+02 9.217268384289916128e+01 0.000000000000000000e+00 0.000000000000000000e+00
4.460000000000000000e+02 9.205050747339448947e+01 1.000000000000000000e+00 0.000000000000000000e+00
4.470000000000000000e+02 9.295860667221198526e+01 0.000000000000000000e+00 0.000000000000000000e+00
4.480000000000000000e+02 8.886575349653540457e+01 2.000000000000000000e+00 0.000000000000000000e+00
4.490000000000000000e+02 9.131556483476745711e+01 0.000000000000000000e+00 0.000000000000000000e+00
4.500000000000000000e+02 9.188750038838202272e+01 0.000000000000000000e+00 0.000000000000000000e+00
4.510000000000000000e+02 9.095788926400840069e+01 2.000000000000000000e+00 0.000000000000000000e+00
4.520000000000000000e+02 9.324419867221043035e+01 0.000000000000000000e+00 0.000000000000000000e+00
4.530000000000000000e+02 9.218485706713484262e+01 1.000000000000000000e+00 0.000000000000000000e+00
4.540000000000000000e+02 9.285424237750760312e+01 0.000000000000000000e+00 0.000000000000000000e+00
4.550000000000000000e+02 9.563488322048036139e+01 1.000000000000000000e+00 0.000000000000000000e+00
4.560000000000000000e+02 9.745419069993981509e+01 0.000000000000000000e+00 0.000000000000000000e+00
4.570000000000000000e+02 9.341947730462835864e+01 1.000000000000000000e+00 0.000000000000000000e+00
4.580000000000000000e+02 9.211399854756541572e+01 2.000000000000000000e+00 0.000000000000000000e+00
4.590000000000000000e+02 9.528056536821023315e+01 0.000000000000000000e+00 0.000000000000000000e+00
4.600000000000000000e+02 9.294849043869422189e+01 2.000000000000000000e+00 0.000000000000000000e+00
4.610000000000000000e+02 9.450884413406195961e+01 1.000000000000000000e+00 0.000000000000000000e+00
4.620000000000000000e+02 9.374853259951252937e+01 1.000000000000000000e+00 0.000000000000000000e+00
4.630000000000000000e+02 9.445146513934562904e+01 0.000000000000000000e+00 0.000000000000000000e+00
4.640000000000000000e+02 9.569280509538450019e+01 1.000000000000000000e+00 0.000000000000000000e+00
4.650000000000000000e+02 9.469599538282767526e+01 1.000000000000000000e+00 0.000000000000000000e+00
4.660000000000000000e+02 9.682695382992308453e+01 0.000000000000000000e+00 0.000000000000000000e+00
4.670000000000000000e+02 9.670750036813252848e+01 1.000000000000000000e+00 0.000000000000000000e+00
4.680000000000000000e+02 9.653392244176893655e+01 1.000000000000000000e+00 0.000000000000000000e+00
4.690000000000000000e+02 9.647217920470716024e+01 0.000000000000000000e+00 0.000000000000000000e+00
4.700000000000000000e+02 9.668381246923708261e+01 1.000000000000000000e+00 0.000000000000000000e+00
4.710000000000000000e+02 9.835195622063677945e+01 1.000000000000000000e+00 0.000000000000000000e+00
4.720000000000000000e+02 9.699689037206159981e+01 1.000000000000000000e+00 0.000000000000000000e+00
4.730000000000000000e+02 9.815826285795780848e+01 0.000000000000000000e+00 0.000000000000000000e+00
4.740000000000000000e+02 9.980251071036880717e+01 0.000000000000000000e+00 0.000000000000000000e+00
4.750000000000000000e+02 9.711345000082469880e+01 2.000000000000000000e+00 0.000000000000000000e+00
4.760000000000000000e+02 9.514109571463255577e+01 2.000000000000000000e+00 0.000000000000000000e+00
4.770000000000000000e+02 9.757494669323759240e+01 0.000000000000000000e+00 0.000000000000000000e+00
4.780000000000000000e+02 9.773565989529032549e+01 2.000000000000000000e+00 0.000000000000000000e+00
4.790000000000000000e+02 9.872442755993600372e+01 0.000000000000000000e+00 0.000000000000000000e+00
4.800000000000000000e+02 9.642698103796358566e+01 1.000000000000000000e+00 0.000000000000000000e+00
4.810000000000000000e+02 9.843818010366035764e+01 1.000000000000000000e+00 0.000000000000000000e+00
4.820000000000000000e+02 9.870586755850760596e+01 0.000000000000000000e+00 0.000000000000000000e+00
4.830000000000000000e+02 9.855779621407467062e+01 1.000000000000000000e+00 0.000000000000000000e+00
4.840000000000000000e+02 1.001119972687235133e+02 1.000000000000000000e+00 0.000000000000000000e+00
4.850000000000000000e+02 1.001728414920865333e+02 2.000000000000000000e+00 0.000000000000000000e+00
4.860000000000000000e+02 9.719123067150493966e+01 1.000000000000000000e+00 0.000000000000000000e+00
4.870000000000000000e+02 9.755096551353415180e+01 1.000000000000000000e+00 0.000000000000000000e+00
4.880000000000000000e+02 9.881552683812137161e+01 0.000000000000000000e+00 0.000000000000000000e+00
4.890000000000000000e+02 9.655794032434738483e+01 2.000000000000000000e+00 0.000000000000000000e+00
4.900000000000000000e+02 1.000447192764461022e+02 0.000000000000000000e+00 0.000000000000000000e+00
4.910000000000000000e+02 9.670916914424780941e+01 2.000000000000000000e+00 0.000000000000000000e+00
4.920000000000000000e+02 9.809494267615214369e+01 1.000000000000000000e+00 0.000000000000000000e+00
4.930000000000000000e+02 9.785028519099326161e+01 1.000000000000000000e+00 0.000000000000000000e+00
4.940000000000000000e+02 9.985773087995342223e+01 0.000000000000000000e+00 0.000000000000000000e+00
4.950000000000000000e+02 9.870312940553370140e+01 1.000000000000000000e+00 0.000000000000000000e+00
4.960000000000000000e+02 9.969014865832596684e+01 0.000000000000000000e+00 0.000000000000000000e+00
4.970000000000000000e+02 9.974813895985259649e+01 1.000000000000000000e+00 0.000000000000000000e+00
4.980000000000000000e+02 1.006842998227256913e+02 1.000000000000000000e+00 0.000000000000000000e+00
4.990000000000000000e+02 1.013611295265010739e+02 0.000000000000000000e+00 0.000000000000000000e+00
5.000000000000000000e+02 1.019083556153972552e+02 0.000000000000000000e+00 0.000000000000000000e+00
5.010000000000000000e+02 1.018175416566823372e+02 2.000000000000000000e+00 0.000000000000000000e+00
5.020000000000000000e+02 1.031103334722749878e+02 0.000000000000000000e+00 0.000000000000000000e+00
5.030000000000000000e+02 1.031264868537006691e+02 0.000000000000000000e+00 0.000000000000000000e+00
5.040000000000000000e+02 1.029557877423151950e+02 1.000000000000000000e+00 0.000000000000000000e+00
5.050000000000000000e+02 1.033769002142582423e+02 0.000000000000000000e+00 0.000000000000000000e+00
5.060000000000000000e+02 1.036714234863812862e+02 2.000000000000000000e+00 0.000000000000000000e+00
5.070000000000000000e+02 1.034757002445745542e+02 0.000000000000000000e+00 0.000000000000000000e+00
5.080000000000000000e+02 1.048311890450024038e+02 0.000000000000000000e+00 0.000000000000000000e+00
5.090000000000000000e+02 1.047455662968122425e+02 2.000000000000000000e+00 0.000000000000000000e+00
5.100000000000000000e+02 1.040869249714944118e+02 1.000000000000000000e+00 0.000000000000000000e+00
5.110000000000000000e+02 1.052418464946699288e+02 0.000000000000000000e+00 0.000000000000000000e+00
5.120000000000000000e+02 1.036098810062000979e+02 2.000000000000000000e+00 0.000000000000000000e+00
5.130000000000000000e+02 1.041256603267429739e+02 0.000000000000000000e+00 0.000000000000000000e+00
5.140000000000000000e+02 1.045252654272761532e+02 2.000000000000000000e+00 0.000000000000000000e+00
5.150000000000000000e+02 1.054268704542726596e+02 0.000000000000000000e+00 0.000000000000000000e+00
5.160000000000000000e+02 1.033715743189991230e+02 1.000000000000000000e+00 0.000000000000000000e+00
5.170000000000000000e+02 1.048698007478317464e+02 1.000000000000000000e+00 0.000000000000000000e+00
5.180000000000000000e+02 1.054018072572069684e+02 0.000000000000000000e+00 0.000000000000000000e+00
5.190000000000000000e+02 1.057017519290537280e+02 0.000000000000000000e+00 0.000000000000000000e+00
5.200000000000000000e+02 1.057198725196579829e+02 2.000000000000000000e+00 0.000000000000000000e+00
5.210000000000000000e+02 1.039448508174525188e+02 2.000000000000000000e+00 0.000000000000000000e+00
5.220000000000000000e+02 1.049327017713683716e+02 0.000000000000000000e+00 0.000000000000000000e+00
5.230000000000000000e+02 1.065923687281443080e+02 0.000000000000000000e+00 0.000000000000000000e+00
5.240000000000000000e+02 1.078501802561060856e+02 1.000000000000000000e+00 0.000000000000000000e+00
5.250000000000000000e+02 1.096211442923355577e+02 0.000000000000000000e+00 0.000000000000000000e+00
5.260000000000000000e+02 1.084709298731822997e+02 1.000000000000000000e+00 0.000000000000000000e+00
5.270000000000000000e+02 1.086357599880666953e+02 1.000000000000000000e+00 0.000000000000000000e+00
5.280000000000000000e+02 1.085649439085043468e+02 1.000000000000000000e+00 0.000000000000000000e+00
5.290000000000000000e+02 1.083891459374089266e+02 0.000000000000000000e+00 0.000000000000000000e+00
5.300000000000000000e+02 1.086783105502517657e+02 2.000000000000000000e+00 0.000000000000000000e+00
5.310000000000000000e+02 1.078510054663996129e+02 0.000000000000000000e+00 0.000000000000000000e+00
5.320000000000000000e+02 1.102369318935957807e+02 0.000000000000000000e+00 0.000000000000000000e+00
5.330000000000000000e+02 1.118404150631299103e+02 0.000000000000000000e+00 0.000000000000000000e+00
5.340000000000000000e+02 1.113169712289566746e+02 0.000000000000000000e+00 0.000000000000000000e+00
5.350000000000000000e+02 1.123848485433170765e+02 1.000000000000000000e+00 0.000000000000000000e+00
5.360000000000000000e+02 1.126131904097286451e+02 0.000000000000000000e+00 0.000000000000000000e+00
5.370000000000000000e+02 1.136479593864658852e+02 1.000000000000000000e+00 0.000000000000000000e+00
5.380000000000000000e+02 1.137996366078218244e+02 0.000000000000000000e+00 0.000000000000000000e+00
5.390000000000000000e+02 1.127359734055591360e+02 2.000000000000000000e+00 0.000000000000000000e+00
5.400000000000000000e+02 1.119883661373835224e+02 1.000000000000000000e+00 0.000000000000000000e+00
5.410000000000000000e+02 1.140226092251960779e+02 0.000000000000000000e+00 0.000000000000000000e+00
5.420000000000000000e+02 1.130723594946801569e+02 2.000000000000000000e+00 0.000000000000000000e+00
5.430000000000000000e+02 1.140550909485753550e+02 0.000000000000000000e+00 0.000000000000000000e+00
5.440000000000000000e+02 1.144238962482067450e+02 0.000000000000000000e+00 0.000000000000000000e+00
5.450000000000000000e+02 1.151287553527422602e+02 1.000000000000000000e+00 0.000000000000000000e+00
5.460000000000000000e+02 1.151162065192355186e+02 0.000000000000000000e+00 0.000000000000000000e+00
5.470000000000000000e+02 1.160060890732071073e+02 1.000000000000000000e+00 0.000000000000000000e+00
5.480000000000000000e+02 1.166097221198369027e+02 1.000000000000000000e+00 0.000000000000000000e+00
5.490000000000000000e+02 1.158524325444685132e+02 2.000000000000000000e+00 0.000000000000000000e+00
5.500000000000000000e+02 1.156535735168950794e+02 0.000000000000000000e+00 0.000000000000000000e+00
5.510000000000000000e+02 1.178409825727092226e+02 0.000000000000000000e+00 0.000000000000000000e+00
5.520000000000000000e+02 1.173158025648283882e+02 1.000000000000000000e+00 0.000000000000000000e+00
5.530000000000000000e+02 1.171881728231311115e+02 1.000000000000000000e+00 0.000000000000000000e+00
5.540000000000000000e+02 1.174097959946141998e+02 1.000000000000000000e+00 0.000000000000000000e+00
5.550000000000000000e+02 1.190515504917166822e+02 0.000000000000000000e+00 0.000000000000000000e+00
5.560000000000000000e+02 1.185549486003343560e+02 1.000000000000000000e+00 0.000000000000000000e+00
5.570000000000000000e+02 1.201754486583788974e+02 0.000000000000000000e+00 0.000000000000000000e+00
5.580000000000000000e+02 1.175216428690869890e+02 2.000000000000000000e+00 0.000000000000000000e+00
5.590000000000000000e+02 1.202553458853711277e+02 0.000000000000000000e+00 0.000000000000000000e+00
5.600000000000000000e+02 1.194684010451280187e+02 1.000000000000000000e+00 0.000000000000000000e+00
5.610000000000000000e+02 1.219697092650475128e+02 0.000000000000000000e+00 0.000000000000000000e+00
5.620000000000000000e+02 1.194271225776915060e+02 2.000000000000000000e+00 0.000000000000000000e+00
5.630000000000000000e+02 1.173349908786372708e+02 2.000000000000000000e+00 0.000000000000000000e+00
5.640000000000000000e+02 1.157721001144322486e+02 2.000000000000000000e+00 0.000000000000000000e+00
5.650000000000000000e+02 1.166285964286314396e+02 2.000000000000000000e+00 0.000000000000000000e+00
5.660000000000000000e+02 1.147529620388271070e+02 1.000000000000000000e+00 0.000000000000000000e+00
5.670000000000000000e+02 1.156151814049994755e+02 1.000000000000000000e+00 0.000000000000000000e+00
5.680000000000000000e+02 1.186866236215607131e+02 0.000000000000000000e+00 0.000000000000000000e+00
5.690000000000000000e+02 1.162140380341410548e+02 2.000000000000000000e+00 0.000000000000000000e+00
5.700000000000000000e+02 1.166861943210224410e+02 0.000000000000000000e+00 0.000000000000000000e+00
5.710000000000000000e+02 1.176425983699636362e+02 1.000000000000000000e+00 0.000000000000000000e+00
5.720000000000000000e+02 1.186856447811130266e+02 0.000000000000000000e+00 0.000000000000000000e+00
5.730000000000000000e+02 1.173366167437580714e+02 2.000000000000000000e+00 0.000000000000000000e+00
5.740000000000000000e+02 1.148999944088658509e+02 2.000000000000000000e+00 0.000000000000000000e+00
5.750000000000000000e+02 1.170436515638888011e+02 0.000000000000000000e+00 0.000000000000000000e+00
5.760000000000000000e+02 1.163302398397973576e+02 1.000000000000000000e+00 0.000000000000000000e+00
5.770000000000000000e+02 1.156072869333763720e+02 1.000000000000000000e+00 0.000000000000000000e+00
5.780000000000000000e+02 1.166398956673691032e+02 1.000000000000000000e+00 0.000000000000000000e+00
5.790000000000000000e+02 1.156083911085071207e+02 1.000000000000000000e+00 0.000000000000000000e+00
5.800000000000000000e+02 1.175650468864210723e+02 0.000000000000000000e+00 0.000000000000000000e+00
5.810000000000000000e+02 1.168225646722145683e+02 2.000000000000000000e+00 0.000000000000000000e+00
5.820000000000000000e+02 1.154837989082478344e+02 2.000000000000000000e+00 0.000000000000000000e+00
5.830000000000000000e+02 1.159273902212124625e+02 1.000000000000000000e+00 0.000000000000000000e+00
5.840000000000000000e+02 1.164372130787366473e+02 0.000000000000000000e+00 0.000000000000000000e+00
5.850000000000000000e+02 1.174025857530846082e+02 1.000000000000000000e+00 0.000000000000000000e+00
5.860000000000000000e+02 1.164470354905899967e+02 1.000000000000000000e+00 0.000000000000000000e+00
5.870000000000000000e+02 1.159234246562286614e+02 1.000000000000000000e+00 0.000000000000000000e+00
5.880000000000000000e+02 1.171277245225033852e+02 1.000000000000000000e+00 0.000000000000000000e+00
5.890000000000000000e+02 1.191391231092342764e+02 0.000000000000000000e+00 0.000000000000000000e+00
5.900000000000000000e+02 1.179380838183984821e+02 2.000000000000000000e+00 0.000000000000000000e+00
5.910000000000000000e+02 1.176816290361951900e+02 0.000000000000000000e+00 0.000000000000000000e+00
5.920000000000000000e+02 1.193368070185922534e+02 0.000000000000000000e+00 0.000000000000000000e+00
5.930000000000000000e+02 1.188679438481141233e+02 2.000000000000000000e+00 0.000000000000000000e+00
5.940000000000000000e+02 1.205048742489890969e+02 0.000000000000000000e+00 0.000000000000000000e+00
5.950000000000000000e+02 1.186912187586035543e+02 1.000000000000000000e+00 0.000000000000000000e+00
5.960000000000000000e+02 1.175638455920673806e+02 2.000000000000000000e+00 0.000000000000000000e+00
5.970000000000000000e+02 1.183828519666956112e+02 1.000000000000000000e+00 0.000000000000000000e+00
5.980000000000000000e+02 1.195670027430573015e+02 0.000000000000000000e+00 0.000000000000000000e+00
5.990000000000000000e+02 1.184638970707224530e+02 1.000000000000000000e+00 0.000000000000000000e+00
6.000000000000000000e+02 1.189401053442599192e+02 0.000000000000000000e+00 0.000000000000000000e+00
6.010000000000000000e+02 1.214546700872182328e+02 1.000000000000000000e+00 0.000000000000000000e+00
6.020000000000000000e+02 1.195627651685512944e+02 1.000000000000000000e+00 0.000000000000000000e+00
6.030000000000000000e+02 1.212669352186500475e+02 1.000000000000000000e+00 0.000000000000000000e+00
6.040000000000000000e+02 1.209224205968997978e+02 0.000000000000000000e+00 0.000000000000000000e+00
6.050000000000000000e+02 1.218972757974871115e+02 1.000000000000000000e+00 0.000000000000000000e+00
6.060000000000000000e+02 1.209633371267157997e+02 1.000000000000000000e+00 0.000000000000000000e+00
6.070000000000000000e+02 1.218017295783914307e+02 0.000000000000000000e+00 0.000000000000000000e+00
6.080000000000000000e+02 1.210944500738883249e+02 2.000000000000000000e+00 0.000000000000000000e+00
6.090000000000000000e+02 1.186510309741302081e+02 2.000000000000000000e+00 0.000000000000000000e+00
6.100000000000000000e+02 1.212352500159273205e+02 0.000000000000000000e+00 0.000000000000000000e+00
6.110000000000000000e+02 1.207478199521070081e+02 2.000000000000000000e+00 0.000000000000000000e+00
6.120000000000000000e+02 1.214313651839360801e+02 0.000000000000000000e+00 0.000000000000000000e+00
6.130000000000000000e+02 1.219268624778125201e+02 0.000000000000000000e+00 0.000000000000000000e+00
6.140000000000000000e+02 1.229279383979716584e+02 0.000000000000000000e+00 0.000000000000000000e+00
6.150000000000000000e+02 1.234322858032844010e+02 0.000000000000000000e+00 0.000000000000000000e+00
6.160000000000000000e+02 1.238086033689777423e+02 1.000000000000000000e+00 0.000000000000000000e+00
6.170000000000000000e+02 1.234959813259296908e+02 2.000000000000000000e+00 0.000000000000000000e+00
6.180000000000000000e+02 1.220298121225550716e+02 1.000000000000000000e+00 0.000000000000000000e+00
6.190000000000000000e+02 1.233147038472242230e+02 1.000000000000000000e+00 0.000000000000000000e+00
6.200000000000000000e+02 1.239627029683498165e+02 1.000000000000000000e+00 0.000000000000000000e+00
6.210000000000000000e+02 1.231958659132299516e+02 0.000000000000000000e+00 0.000000000000000000e+00
6.220000000000000000e+02 1.248110190689402401e+02 0.000000000000000000e+00 0.000000000000000000e+00
6.230000000000000000e+02 1.241021175138623533e+02 2.000000000000000000e+00 0.000000000000000000e+00
6.240000000000000000e+02 1.234137100352380259e+02 2.000000000000000000e+00 0.000000000000000000e+00
6.250000000000000000e+02 1.239342865527740543e+02 0.000000000000000000e+00 0.000000000000000000e+00
6.260000000000000000e+02 1.230283293863620599e+02 2.000000000000000000e+00 0.000000000000000000e+00
6.270000000000000000e+02 1.225875507025389908e+02 2.000000000000000000e+00 0.000000000000000000e+00
6.280000000000000000e+02 1.252127104499606247e+02 0.000000000000000000e+00 0.000000000000000000e+00
6.290000000000000000e+02 1.232709426730008744e+02 1.000000000000000000e+00 0.000000000000000000e+00
6.300000000000000000e+02 1.236818987890203658e+02 1.000000000000000000e+00 0.000000000000000000e+00
6.310000000000000000e+02 1.221422064893368429e+02 1.000000000000000000e+00 0.000000000000000000e+00
6.320000000000000000e+02 1.226825203477493602e+02 0.000000000000000000e+00 0.000000000000000000e+00
6.330000000000000000e+02 1.226724875599119002e+02 2.000000000000000000e+00 0.000000000000000000e+00
6.340000000000000000e+02 1.238692772752539497e+02 1.000000000000000000e+00 0.000000000000000000e+00
6.350000000000000000e+02 1.223815990400810136e+02 2.000000000000000000e+00 0.000000000000000000e+00
6.360000000000000000e+02 1.223553759297410437e+02 0.000000000000000000e+00 0.000000000000000000e+00
6.370000000000000000e+02 1.245519807234448990e+02 0.000000000000000000e+00 0.000000000000000000e+00
6.380000000000000000e+02 1.245154770215643651e+02 0.000000000000000000e+00 0.000000000000000000e+00
6.390000000000000000e+02 1.246367128388035326e+02 2.000000000000000000e+00 0.000000000000000000e+00
6.400000000000000000e+02 1.263711334718217074e+02 0.000000000000000000e+00 0.000000000000000000e+00
6.410000000000000000e+02 1.242264541504188884e+02 2.000000000000000000e+00 0.000000000000000000e+00
6.420000000000000000e+02 1.249408569370153685e+02 1.000000000000000000e+00 0.000000000000000000e+00
6.430000000000000000e+02 1.228735943216500885e+02 2.000000000000000000e+00 0.000000000000000000e+00
6.440000000000000000e+02 1.240586039146166257e+02 0.000000000000000000e+00 0.000000000000000000e+00
6.450000000000000000e+02 1.228913036316114216e+02 1.000000000000000000e+00 0.000000000000000000e+00
6.460000000000000000e+02 1.259308703043789279e+02 0.000000000000000000e+00 0.000000000000000000e+00
6.470000000000000000e+02 1.257450705244885967e+02 0.000000000000000000e+00 0.000000000000000000e+00
6.480000000000000000e+02 1.257278876149598545e+02 2.000000000000000000e+00 0.000000000000000000e+00
6.490000000000000000e+02 1.254649422586964675e+02 0.000000000000000000e+00 0.000000000000000000e+00
6.500000000000000000e+02 1.272642075682433642e+02 0.000000000000000000e+00 0.000000000000000000e+00
6.510000000000000000e+02 1.256538107326713174e+02 2.000000000000000000e+00 0.000000000000000000e+00
6.520000000000000000e+02 1.272403092826754829e+02 0.000000000000000000e+00 0.000000000000000000e+00
6.530000000000000000e+02 1.283259099539081944e+02 0.000000000000000000e+00 0.000000000000000000e+00
6.540000000000000000e+02 1.298161035581749161e+02 0.000000000000000000e+00 0.000000000000000000e+00
6.550000000000000000e+02 1.300129750319389927e+02 0.000000000000000000e+00 0.000000000000000000e+00
6.560000000000000000e+02 1.304174268095346747e+02 1.000000000000000000e+00 0.000000000000000000e+00
6.570000000000000000e+02 1.304565250053327645e+02 0.000000000000000000e+00 0.000000000000000000e+00
6.580000000000000000e+02 1.322185661107123735e+02 0.000000000000000000e+00 0.000000000000000000e+00
6.590000000000000000e+02 1.307827530566629832e+02 2.000000000000000000e+00 0.000000000000000000e+00
6.600000000000000000e+02 1.321852916749066367e+02 0.000000000000000000e+00 0.000000000000000000e+00
6.610000000000000000e+02 1.311481725363535986e+02 2.000000000000000000e+00 0.000000000000000000e+00
6.620000000000000000e+02 1.325564458325476096e+02 0.000000000000000000e+00 0.000000000000000000e+00
6.630000000000000000e+02 1.309077816538171817e+02 2.000000000000000000e+00 0.000000000000000000e+00
6.640000000000000000e+02 1.308396275183798707e+02 1.000000000000000000e+00 0.000000000000000000e+00
6.650000000000000000e+02 1.328279545151260663e+02 0.000000000000000000e+00 0.000000000000000000e+00
6.660000000000000000e+02 1.315602295656638603e+02 0.000000000000000000e+00 0.000000000000000000e+00
6.670000000000000000e+02 1.315995647057810629e+02 2.000000000000000000e+00 0.000000000000000000e+00
6.680000000000000000e+02 1.321637237970967647e+02 0.000000000000000000e+00 0.000000000000000000e+00
6.690000000000000000e+02 1.328655471000083992e+02 1.000000000000000000e+00 0.000000000000000000e+00
6.700000000000000000e+02 1.328411809232091514e+02 2.000000000000000000e+00 0.000000000000000000e+00
6.710000000000000000e+02 1.310500457623503507e+02 2.000000000000000000e+00 0.000000000000000000e+00
6.720000000000000000e+02 1.329599652373067045e+02 0.000000000000000000e+00 0.000000000000000000e+00
6.730000000000000000e+02 1.326529201649757397e+02 1.000000000000000000e+00 0.000000000000000000e+00
6.740000000000000000e+02 1.298737406817252236e+02 2.000000000000000000e+00 0.000000000000000000e+00
6.750000000000000000e+02 1.306028935550053518e+02 0.000000000000000000e+00 0.000000000000000000e+00
6.760000000000000000e+02 1.326264047000411210e+02 2.000000000000000000e+00 0.000000000000000000e+00
6.770000000000000000e+02 1.315271635785862543e+02 1.000000000000000000e+00 0.000000000000000000e+00
6.780000000000000000e+02 1.308666092440097941e+02 1.000000000000000000e+00 0.000000000000000000e+00
6.790000000000000000e+02 1.319735743998057558e+02 1.000000000000000000e+00 0.000000000000000000e+00
6.800000000000000000e+02 1.305928590495352921e+02 1.000000000000000000e+00 0.000000000000000000e+00
6.810000000000000000e+02 1.309371742133346572e+02 1.000000000000000000e+00 0.000000000000000000e+00
6.820000000000000000e+02 1.310392160486644855e+02 1.000000000000000000e+00 0.000000000000000000e+00
6.830000000000000000e+02 1.306652759503491552e+02 1.000000000000000000e+00 0.000000000000000000e+00
6.840000000000000000e+02 1.321763994403999902e+02 0.000000000000000000e+00 0.000000000000000000e+00
6.850000000000000000e+02 1.334378100975864356e+02 0.000000000000000000e+00 0.000000000000000000e+00
6.860000000000000000e+02 1.322024203204877324e+02 1.000000000000000000e+00 0.000000000000000000e+00
6.870000000000000000e+02 1.344917256668101118e+02 0.000000000000000000e+00 0.000000000000000000e+00
6.880000000000000000e+02 1.361039710643423462e+02 0.000000000000000000e+00 0.000000000000000000e+00
6.890000000000000000e+02 1.351207916371203623e+02 1.000000000000000000e+00 0.000000000000000000e+00
6.900000000000000000e+02 1.342459828950643157e+02 1.000000000000000000e+00 0.000000000000000000e+00
6.910000000000000000e+02 1.348915443161827739e+02 1.000000000000000000e+00 0.000000000000000000e+00
6.920000000000000000e+02 1.350336188885829358e+02 1.000000000000000000e+00 0.000000000000000000e+00
6.930000000000000000e+02 1.354507562608713158e+02 1.000000000000000000e+00 0.000000000000000000e+00
6.940000000000000000e+02 1.353020047247857178e+02 1.000000000000000000e+00 0.000000000000000000e+00
6.950000000000000000e+02 1.346092738027124653e+02 1.000000000000000000e+00 0.000000000000000000e+00
6.960000000000000000e+02 1.351275197582590692e+02 1.000000000000000000e+00 0.000000000000000000e+00
6.970000000000000000e+02 1.346186426392821431e+02 0.000000000000000000e+00 0.000000000000000000e+00
6.980000000000000000e+02 1.360596203470255716e+02 1.000000000000000000e+00 0.000000000000000000e+00
6.990000000000000000e+02 1.364647031308535929e+02 1.000000000000000000e+00 0.000000000000000000e+00
7.000000000000000000e+02 1.357690038373784773e+02 1.000000000000000000e+00 0.000000000000000000e+00
7.010000000000000000e+02 1.372577537758134270e+02 1.000000000000000000e+00 0.000000000000000000e+00
7.020000000000000000e+02 1.379153513676763794e+02 1.000000000000000000e+00 0.000000000000000000e+00
7.030000000000000000e+02 1.366737706022042005e+02 1.000000000000000000e+00 0.000000000000000000e+00
7.040000000000000000e+02 1.369701178845500635e+02 0.000000000000000000e+00 0.000000000000000000e+00
7.050000000000000000e+02 1.375018986566169872e+02 0.000000000000000000e+00 0.000000000000000000e+00
7.060000000000000000e+02 1.365356125054840675e+02 2.000000000000000000e+00 0.000000000000000000e+00
7.070000000000000000e+02 1.342131105800027058e+02 2.000000000000000000e+00 0.000000000000000000e+00
7.080000000000000000e+02 1.354613365747862304e+02 0.000000000000000000e+00 0.000000000000000000e+00
7.090000000000000000e+02 1.371644991023781586e+02 2.000000000000000000e+00 0.000000000000000000e+00
7.100000000000000000e+02 1.361013050061826846e+02 0.000000000000000000e+00 0.000000000000000000e+00
7.110000000000000000e+02 1.398680453973791771e+02 0.000000000000000000e+00 0.000000000000000000e+00
7.120000000000000000e+02 1.394997779151421184e+02 0.000000000000000000e+00 0.000000000000000000e+00
7.130000000000000000e+02 1.401864129715255842e+02 1.000000000000000000e+00 0.000000000000000000e+00
7.140000000000000000e+02 1.390434985787743187e+02 0.000000000000000000e+00 0.000000000000000000e+00
7.150000000000000000e+02 1.419889840707549808e+02 0.000000000000000000e+00 0.000000000000000000e+00
7.160000000000000000e+02 1.423170916536242885e+02 0.000000000000000000e+00 0.000000000000000000e+00
7.170000000000000000e+02 1.421995897473375408e+02 1.000000000000000000e+00 0.000000000000000000e+00
7.180000000000000000e+02 1.414379614334075370e+02 1.000000000000000000e+00 0.000000000000000000e+00
7.190000000000000000e+02 1.427476388382353036e+02 1.000000000000000000e+00 0.000000000000000000e+00
7.200000000000000000e+02 1.428181443554242378e+02 0.000000000000000000e+00 0.000000000000000000e+00
7.210000000000000000e+02 1.426745765108169053e+02 1.000000000000000000e+00 0.000000000000000000e+00
7.220000000000000000e+02 1.435214048381921259e+02 0.000000000000000000e+00 0.000000000000000000e+00
7.230000000000000000e+02 1.440849958058205118e+02 2.000000000000000000e+00 0.000000000000000000e+00
7.240000000000000000e+02 1.437584319636058581e+02 0.000000000000000000e+00 0.000000000000000000e+00
7.250000000000000000e+02 1.444678746925312112e+02 1.000000000000000000e+00 0.000000000000000000e+00
7.260000000000000000e+02 1.451412575155382285e+02 0.000000000000000000e+00 0.000000000000000000e+00
7.270000000000000000e+02 1.448679285689421192e+02 1.000000000000000000e+00 0.000000000000000000e+00
7.280000000000000000e+02 1.461585369063632243e+02 0.000000000000000000e+00 0.000000000000000000e+00
7.290000000000000000e+02 1.472114622717730867e+02 0.000000000000000000e+00 0.000000000000000000e+00
7.300000000000000000e+02 1.476443739771345065e+02 1.000000000000000000e+00 0.000000000000000000e+00
7.310000000000000000e+02 1.482466195667975910e+02 0.000000000000000000e+00 0.000000000000000000e+00
7.320000000000000000e+02 1.490454589590945034e+02 0.000000000000000000e+00 0.000000000000000000e+00
7.330000000000000000e+02 1.482693307888059735e+02 2.000000000000000000e+00 0.000000000000000000e+00
7.340000000000000000e+02 1.492199702190362132e+02 0.000000000000000000e+00 0.000000000000000000e+00
7.350000000000000000e+02 1.488344128638266568e+02 2.000000000000000000e+00 0.000000000000000000e+00
7.360000000000000000e+02 1.478245772519335333e+02 1.000000000000000000e+00 0.000000000000000000e+00
7.370000000000000000e+02 1.474407389841602765e+02 2.000000000000000000e+00 0.000000000000000000e+00
7.380000000000000000e+02 1.474900004625461634e+02 0.000000000000000000e+00 0.000000000000000000e+00
7.390000000000000000e+02 1.493645080099595646e+02 0.000000000000000000e+00 0.000000000000000000e+00
7.400000000000000000e+02 1.484448767745436157e+02 1.000000000000000000e+00 0.000000000000000000e+00
7.410000000000000000e+02 1.479502641179972500e+02 2.000000000000000000e+00 0.000000000000000000e+00
7.420000000000000000e+02 1.475229983045261406e+02 0.000000000000000000e+00 0.000000000000000000e+00
7.430000000000000000e+02 1.490390751312053510e+02 2.000000000000000000e+00 0.000000000000000000e+00
7.440000000000000000e+02 1.463319155633349453e+02 2.000000000000000000e+00 0.000000000000000000e+00
7.450000000000000000e+02 1.453274456326544737e+02 2.000000000000000000e+00 0.000000000000000000e+00
7.460000000000000000e+02 1.464361206203746235e+02 1.000000000000000000e+00 0.000000000000000000e+00
7.470000000000000000e+02 1.464885911754984420e+02 1.000000000000000000e+00 0.000000000000000000e+00
7.480000000000000000e+02 1.463358529121772733e+02 0.000000000000000000e+00 0.000000000000000000e+00
7.490000000000000000e+02 1.457414788167799884e+02 2.000000000000000000e+00 0.000000000000000000e+00
7.500000000000000000e+02 1.470507819414861785e+02 0.000000000000000000e+00 0.000000000000000000e+00
7.510000000000000000e+02 1.456690020150892053e+02 2.000000000000000000e+00 0.000000000000000000e+00
7.520000000000000000e+02 1.471254685527029267e+02 0.000000000000000000e+00 0.000000000000000000e+00
7.530000000000000000e+02 1.483262194846332136e+02 0.000000000000000000e+00 0.000000000000000000e+00
7.540000000000000000e+02 1.462096399656630581e+02 2.000000000000000000e+00 0.000000000000000000e+00
7.550000000000000000e+02 1.486542964153074706e+02 0.000000000000000000e+00 0.000000000000000000e+00
7.560000000000000000e+02 1.478725904404482208e+02 2.000000000000000000e+00 0.000000000000000000e+00
7.570000000000000000e+02 1.480778299563360463e+02 0.000000000000000000e+00 0.000000000000000000e+00
7.580000000000000000e+02 1.486669914499164520e+02 2.000000000000000000e+00 0.000000000000000000e+00
7.590000000000000000e+02 1.463172580574643291e+02 1.000000000000000000e+00 0.000000000000000000e+00
7.600000000000000000e+02 1.466780001833889173e+02 1.000000000000000000e+00 0.000000000000000000e+00
7.610000000000000000e+02 1.471362594137716258e+02 1.000000000000000000e+00 0.000000000000000000e+00
7.620000000000000000e+02 1.475032899273934675e+02 0.000000000000000000e+00 0.000000000000000000e+00
7.630000000000000000e+02 1.493204093254036025e+02 0.000000000000000000e+00 0.000000000000000000e+00
7.640000000000000000e+02 1.504215871830774347e+02 0.000000000000000000e+00 0.000000000000000000e+00
7.650000000000000000e+02 1.491908661266212732e+02 2.000000000000000000e+00 0.000000000000000000e+00
7.660000000000000000e+02 1.486880217004610074e+02 1.000000000000000000e+00 0.000000000000000000e+00
7.670000000000000000e+02 1.489349177062632634e+02 1.000000000000000000e+00 0.000000000000000000e+00
7.680000000000000000e+02 1.488316902683785088e+02 2.000000000000000000e+00 0.000000000000000000e+00
7.690000000000000000e+02 1.457240070823101235e+02 2.000000000000000000e+00 0.000000000000000000e+00
7.700000000000000000e+02 1.462758244090034623e+02 0.000000000000000000e+00 0.000000000000000000e+00
7.710000000000000000e+02 1.481865702572108887e+02 1.000000000000000000e+00 0.000000000000000000e+00
7.720000000000000000e+02 1.476473481792186533e+02 1.000000000000000000e+00 0.000000000000000000e+00
7.730000000000000000e+02 1.477911295456378582e+02 2.000000000000000000e+00 0.000000000000000000e+00
7.740000000000000000e+02 1.469439570519281517e+02 1.000000000000000000e+00 0.000000000000000000e+00
7.750000000000000000e+02 1.486558874169108151e+02 0.000000000000000000e+00 0.000000000000000000e+00
7.760000000000000000e+02 1.481851897061033867e+02 2.000000000000000000e+00 0.000000000000000000e+00
7.770000000000000000e+02 1.483540745826402087e+02 0.000000000000000000e+00 0.000000000000000000e+00
7.780000000000000000e+02 1.503796437933979746e+02 1.000000000000000000e+00 0.000000000000000000e+00
7.790000000000000000e+02 1.503647900616958282e+02 0.000000000000000000e+00 0.000000000000000000e+00
7.800000000000000000e+02 1.503415562911581276e+02 0.000000000000000000e+00 0.000000000000000000e+00
7.810000000000000000e+02 1.513708625495258104e+02 2.000000000000000000e+00 0.000000000000000000e+00
7.820000000000000000e+02 1.476055539328433213e+02 1.000000000000000000e+00 0.000000000000000000e+00
7.830000000000000000e+02 1.479013896324771338e+02 1.000000000000000000e+00 0.000000000000000000e+00
7.840000000000000000e+02 1.487680076381232084e+02 1.000000000000000000e+00 0.000000000000000000e+00
7.850000000000000000e+02 1.504344440475084639e+02 0.000000000000000000e+00 0.000000000000000000e+00
7.860000000000000000e+02 1.496762825891107127e+02 2.000000000000000000e+00 0.000000000000000000e+00
7.870000000000000000e+02 1.498904884813546516e+02 1.000000000000000000e+00 0.000000000000000000e+00
7.880000000000000000e+02 1.483099141174167244e+02 1.000000000000000000e+00 0.000000000000000000e+00
7.890000000000000000e+02 1.522760882491884615e+02 0.000000000000000000e+00 0.000000000000000000e+00
7.900000000000000000e+02 1.489530204072884203e+02 2.000000000000000000e+00 0.000000000000000000e+00
7.910000000000000000e+02 1.487750553155777880e+02 1.000000000000000000e+00 0.000000000000000000e+00
7.920000000000000000e+02 1.498275386478902362e+02 1.000000000000000000e+00 0.000000000000000000e+00
7.930000000000000000e+02 1.496457211970254093e+02 0.000000000000000000e+00 0.000000000000000000e+00
7.940000000000000000e+02 1.484659556016292186e+02 2.000000000000000000e+00 0.000000000000000000e+00
7.950000000000000000e+02 1.469748444112196353e+02 2.000000000000000000e+00 0.000000000000000000e+00
7.960000000000000000e+02 1.474823445040731826e+02 2.000000000000000000e+00 0.000000000000000000e+00
7.970000000000000000e+02 1.464483878772893775e+02 1.000000000000000000e+00 0.000000000000000000e+00
7.980000000000000000e+02 1.467819939704598937e+02 1.000000000000000000e+00 0.000000000000000000e+00
7.990000000000000000e+02 1.463586698100668571e+02 1.000000000000000000e+00 0.000000000000000000e+00
8.000000000000000000e+02 1.455255300662259685e+02 2.000000000000000000e+00 0.000000000000000000e+00
