time	position	state	ATP_bound
1.000000000000000000e+00 2.203779097117917196e+00 0.000000000000000000e+00 0.000000000000000000e+00
2.000000000000000000e+00 0.000000000000000000e+00 2.000000000000000000e+00 0.000000000000000000e+00
3.000000000000000000e+00 8.549039070370612059e-01 0.000000000000000000e+00 0.000000000000000000e+00
4.000000000000000000e+00 2.430313846218830065e+00 0.000000000000000000e+00 0.000000000000000000e+00
5.000000000000000000e+00 1.274708119813805496e+00 2.000000000000000000e+00 0.000000000000000000e+00
6.000000000000000000e+00 0.000000000000000000e+00 1.000000000000000000e+00 0.000000000000000000e+00
7.000000000000000000e+00 1.187065470580638271e+00 1.000000000000000000e+00 0.000000000000000000e+00
8.000000000000000000e+00 2.027685853419236572e+00 1.000000000000000000e+00 0.000000000000000000e+00
9.000000000000000000e+00 2.993472168549419776e-01 2.000000000000000000e+00 0.000000000000000000e+00
1.000000000000000000e+01 0.000000000000000000e+00 2.000000000000000000e+00 0.000000000000000000e+00
1.100000000000000000e+01 5.416388538308920531e-01 0.000000000000000000e+00 0.000000000000000000e+00
1.200000000000000000e+01 1.607997915150972457e+00 1.000000000000000000e+00 0.000000000000000000e+00
1.300000000000000000e+01 2.645034314641439011e-01 1.000000000000000000e+00 0.000000000000000000e+00
1.400000000000000000e+01 2.791719463921424449e+00 0.000000000000000000e+00 0.000000000000000000e+00
1.500000000000000000e+01 2.296165904035979199e+00 0.000000000000000000e+00 0.000000000000000000e+00
1.600000000000000000e+01 4.061481551093429232e+00 0.000000000000000000e+00 0.000000000000000000e+00
1.700000000000000000e+01 5.475491703710957836e+00 0.000000000000000000e+00 0.000000000000000000e+00
1.800000000000000000e+01 3.462774782957224851e+00 2.000000000000000000e+00 0.000000000000000000e+00
1.900000000000000000e+01 3.593695229573254935e+00 2.000000000000000000e+00 0.000000000000000000e+00
2.000000000000000000e+01 3.565247277392951997e+00 0.000000000000000000e+00 0.000000000000000000e+00
2.100000000000000000e+01 5.505212177499860360e+00 0.000000000000000000e+00 0.000000000000000000e+00
2.200000000000000000e+01 5.500788998261753271e+00 1.000000000000000000e+00 0.000000000000000000e+00
2.300000000000000000e+01 5.880766509645578566e+00 0.000000000000000000e+00 0.000000000000000000e+00
2.400000000000000000e+01 6.113371818252284484e+00 0.000000000000000000e+00 0.000000000000000000e+00
2.500000000000000000e+01 8.353985388085355623e+00 0.000000000000000000e+00 0.000000000000000000e+00
2.600000000000000000e+01 8.627790847576376265e+00 1.000000000000000000e+00 0.000000000000000000e+00
2.700000000000000000e+01 7.677211898968427484e+00 2.000000000000000000e+00 0.000000000000000000e+00
2.800000000000000000e+01 6.929909188693565092e+00 0.000000000000000000e+00 0.000000000000000000e+00
2.900000000000000000e+01 7.242513078751965594e+00 2.000000000000000000e+00 0.000000000000000000e+00
3.000000000000000000e+01 9.435576091105073004e+00 0.000000000000000000e+00 0.000000000000000000e+00
3.100000000000000000e+01 9.486490762244789821e+00 0.000000000000000000e+00 0.000000000000000000e+00
3.200000000000000000e+01 8.323120640182631647e+00 2.000000000000000000e+00 0.000000000000000000e+00
3.300000000000000000e+01 8.412505353485020265e+00 0.000000000000000000e+00 0.000000000000000000e+00
3.400000000000000000e+01 1.011597522502270685e+01 0.000000000000000000e+00 0.000000000000000000e+00
3.500000000000000000e+01 1.078717032763901429e+01 0.000000000000000000e+00 0.000000000000000000e+00
3.600000000000000000e+01 1.015936783771288709e+01 1.000000000000000000e+00 0.000000000000000000e+00
3.700000000000000000e+01 1.213061972125940713e+01 0.000000000000000000e+00 0.000000000000000000e+00
3.800000000000000000e+01 1.109262228600304923e+01 1.000000000000000000e+00 0.000000000000000000e+00
3.900000000000000000e+01 1.307586051563252383e+01 0.000000000000000000e+00 0.000000000000000000e+00
4.000000000000000000e+01 1.212241825222308478e+01 2.000000000000000000e+00 0.000000000000000000e+00
4.100000000000000000e+01 1.280572152311347267e+01 0.000000000000000000e+00 0.000000000000000000e+00
4.200000000000000000e+01 1.192359756474481358e+01 1.000000000000000000e+00 0.000000000000000000e+00
4.300000000000000000e+01 1.485529822924874921e+01 0.000000000000000000e+00 0.000000000000000000e+00
4.400000000000000000e+01 1.518834707995665845e+01 0.000000000000000000e+00 0.000000000000000000e+00
4.500000000000000000e+01 1.422287401633457549e+01 1.000000000000000000e+00 0.000000000000000000e+00
4.600000000000000000e+01 1.505091413045466098e+01 1.000000000000000000e+00 0.000000000000000000e+00
4.700000000000000000e+01 1.421326297134466543e+01 1.000000000000000000e+00 0.000000000000000000e+00
4.800000000000000000e+01 1.478658409506527782e+01 1.000000000000000000e+00 0.000000000000000000e+00
4.900000000000000000e+01 1.450099735205248663e+01 0.000000000000000000e+00 0.000000000000000000e+00
5.000000000000000000e+01 1.658079486955073989e+01 0.000000000000000000e+00 0.000000000000000000e+00
5.100000000000000000e+01 1.723795700244860640e+01 1.000000000000000000e+00 0.000000000000000000e+00
5.200000000000000000e+01 1.584822281156621671e+01 1.000000000000000000e+00 0.000000000000000000e+00
5.300000000000000000e+01 1.642386071733054820e+01 1.000000000000000000e+00 0.000000000000000000e+00
5.400000000000000000e+01 1.763072896601095252e+01 1.000000000000000000e+00 0.000000000000000000e+00
5.500000000000000000e+01 1.625274249923004177e+01 1.000000000000000000e+00 0.000000000000000000e+00
5.600000000000000000e+01 1.576580415964870419e+01 1.000000000000000000e+00 0.000000000000000000e+00
5.700000000000000000e+01 1.826075912465148221e+01 0.000000000000000000e+00 0.000000000000000000e+00
5.800000000000000000e+01 1.985539009599318305e+01 0.000000000000000000e+00 0.000000000000000000e+00
5.900000000000000000e+01 1.994514180569180439e+01 1.000000000000000000e+00 0.000000000000000000e+00
6.000000000000000000e+01 1.984677830764621476e+01 0.000000000000000000e+00 0.000000000000000000e+00
6.100000000000000000e+01 2.125187951230671501e+01 1.000000000000000000e+00 0.000000000000000000e+00
6.200000000000000000e+01 2.014066683656865564e+01 1.000000000000000000e+00 0.000000000000000000e+00
6.300000000000000000e+01 1.900466561814184985e+01 0.000000000000000000e+00 0.000000000000000000e+00
6.400000000000000000e+01 2.289714459153111648e+01 0.000000000000000000e+00 0.000000000000000000e+00
6.500000000000000000e+01 2.197700906345556149e+01 1.000000000000000000e+00 0.000000000000000000e+00
6.600000000000000000e+01 2.336001835026896600e+01 0.000000000000000000e+00 0.000000000000000000e+00
6.700000000000000000e+01 2.354916938912082358e+01 0.000000000000000000e+00 0.000000000000000000e+00
6.800000000000000000e+01 2.217561059402015289e+01 2.000000000000000000e+00 0.000000000000000000e+00
6.900000000000000000e+01 2.120570103418777919e+01 2.000000000000000000e+00 0.000000000000000000e+00
7.000000000000000000e+01 2.298117874916586345e+01 0.000000000000000000e+00 0.000000000000000000e+00
7.100000000000000000e+01 2.222304004079500572e+01 1.000000000000000000e+00 0.000000000000000000e+00
7.200000000000000000e+01 2.325667551760073337e+01 0.000000000000000000e+00 0.000000000000000000e+00
7.300000000000000000e+01 2.361065388411223509e+01 2.000000000000000000e+00 0.000000000000000000e+00
7.400000000000000000e+01 2.348461793347206950e+01 1.000000000000000000e+00 0.000000000000000000e+00
7.500000000000000000e+01 2.382847631616692752e+01 1.000000000000000000e+00 0.000000000000000000e+00
7.600000000000000000e+01 2.272597940837645325e+01 2.000000000000000000e+00 0.000000000000000000e+00
7.700000000000000000e+01 2.272445535311564768e+01 1.000000000000000000e+00 0.000000000000000000e+00
7.800000000000000000e+01 2.181912532445040043e+01 1.000000000000000000e+00 0.000000000000000000e+00
7.900000000000000000e+01 2.263040632651939887e+01 0.000000000000000000e+00 0.000000000000000000e+00
8.000000000000000000e+01 2.371607444006728471e+01 1.000000000000000000e+00 0.000000000000000000e+00
8.100000000000000000e+01 2.487944855153738999e+01 0.000000000000000000e+00 0.000000000000000000e+00
8.200000000000000000e+01 2.310739357713000075e+01 1.000000000000000000e+00 0.000000000000000000e+00
8.300000000000000000e+01 2.415700478768972914e+01 1.000000000000000000e+00 0.000000000000000000e+00
8.400000000000000000e+01 2.325621875472393896e+01 1.000000000000000000e+00 0.000000000000000000e+00
8.500000000000000000e+01 2.321809776765597277e+01 1.000000000000000000e+00 0.000000000000000000e+00
8.600000000000000000e+01 2.462900784553273326e+01 0.000000000000000000e+00 0.000000000000000000e+00
8.700000000000000000e+01 2.582530992287669491e+01 0.000000000000000000e+00 0.000000000000000000e+00
8.800000000000000000e+01 2.615491524287887870e+01 0.000000000000000000e+00 0.000000000000000000e+00
8.900000000000000000e+01 2.747336532158623967e+01 1.000000000000000000e+00 0.000000000000000000e+00
9.000000000000000000e+01 2.587373386845033352e+01 1.000000000000000000e+00 0.000000000000000000e+00
9.100000000000000000e+01 2.740860060659294817e+01 0.000000000000000000e+00 0.000000000000000000e+00
9.200000000000000000e+01 3.007037077258062752e+01 0.000000000000000000e+00 0.000000000000000000e+00
9.300000000000000000e+01 2.982585040417511735e+01 1.000000000000000000e+00 0.000000000000000000e+00
9.400000000000000000e+01 3.196371575937655862e+01 0.000000000000000000e+00 0.000000000000000000e+00
9.500000000000000000e+01 3.172965536776204942e+01 0.000000000000000000e+00 0.000000000000000000e+00
9.600000000000000000e+01 3.198166097045267975e+01 2.000000000000000000e+00 0.000000000000000000e+00
9.700000000000000000e+01 3.188340654080176151e+01 0.000000000000000000e+00 0.000000000000000000e+00
9.800000000000000000e+01 3.180033642595838472e+01 0.000000000000000000e+00 0.000000000000000000e+00
9.900000000000000000e+01 3.050444338732584981e+01 0.000000000000000000e+00 0.000000000000000000e+00
1.000000000000000000e+02 3.292147067350140333e+01 1.000000000000000000e+00 0.000000000000000000e+00
1.010000000000000000e+02 3.544956919606850221e+01 0.000000000000000000e+00 0.000000000000000000e+00
1.020000000000000000e+02 3.347058904850639038e+01 1.000000000000000000e+00 0.000000000000000000e+00
1.030000000000000000e+02 3.495487548797608213e+01 0.000000000000000000e+00 0.000000000000000000e+00
1.040000000000000000e+02 3.429103111956199967e+01 2.000000000000000000e+00 0.000000000000000000e+00
1.050000000000000000e+02 3.571456097804297514e+01 1.000000000000000000e+00 0.000000000000000000e+00
1.060000000000000000e+02 3.533953175269923719e+01 0.000000000000000000e+00 0.000000000000000000e+00
1.070000000000000000e+02 3.589655553492644913e+01 0.000000000000000000e+00 0.000000000000000000e+00
1.080000000000000000e+02 3.783083273425847892e+01 0.000000000000000000e+00 0.000000000000000000e+00
1.090000000000000000e+02 3.664227011957240165e+01 2.000000000000000000e+00 0.000000000000000000e+00
1.100000000000000000e+02 3.924961479992558111e+01 0.000000000000000000e+00 0.000000000000000000e+00
1.110000000000000000e+02 3.774426726498115414e+01 1.000000000000000000e+00 0.000000000000000000e+00
1.120000000000000000e+02 3.742953534520761849e+01 1.000000000000000000e+00 0.000000000000000000e+00
1.130000000000000000e+02 3.748767248371220973e+01 0.000000000000000000e+00 0.000000000000000000e+00
1.140000000000000000e+02 4.023043513091143808e+01 0.000000000000000000e+00 0.000000000000000000e+00
1.150000000000000000e+02 3.959411844015818360e+01 1.000000000000000000e+00 0.000000000000000000e+00
1.160000000000000000e+02 3.832458904037533642e+01 2.000000000000000000e+00 0.000000000000000000e+00
1.170000000000000000e+02 3.831994830390217288e+01 1.000000000000000000e+00 0.000000000000000000e+00
1.180000000000000000e+02 3.947468579138627831e+01 1.000000000000000000e+00 0.000000000000000000e+00
1.190000000000000000e+02 3.641479841098350789e+01 2.000000000000000000e+00 0.000000000000000000e+00
1.200000000000000000e+02 3.409474023001887133e+01 2.000000000000000000e+00 0.000000000000000000e+00
1.210000000000000000e+02 3.508502737944112226e+01 0.000000000000000000e+00 0.000000000000000000e+00
1.220000000000000000e+02 3.674718199019874731e+01 1.000000000000000000e+00 0.000000000000000000e+00
1.230000000000000000e+02 3.878885628980010836e+01 0.000000000000000000e+00 0.000000000000000000e+00
1.240000000000000000e+02 4.040320530769332663e+01 0.000000000000000000e+00 0.000000000000000000e+00
1.250000000000000000e+02 4.007893852501812404e+01 0.000000000000000000e+00 0.000000000000000000e+00
1.260000000000000000e+02 3.997953629629330408e+01 1.000000000000000000e+00 0.000000000000000000e+00
1.270000000000000000e+02 4.085987615286524033e+01 1.000000000000000000e+00 0.000000000000000000e+00
1.280000000000000000e+02 3.913195212992280148e+01 2.000000000000000000e+00 0.000000000000000000e+00
1.290000000000000000e+02 4.062459236642089877e+01 0.000000000000000000e+00 0.000000000000000000e+00
1.300000000000000000e+02 3.959629802045183311e+01 1.000000000000000000e+00 0.000000000000000000e+00
1.310000000000000000e+02 4.038695509488751156e+01 1.000000000000000000e+00 0.000000000000000000e+00
1.320000000000000000e+02 4.139973882806783223e+01 1.000000000000000000e+00 0.000000000000000000e+00
1.330000000000000000e+02 4.098745043027852120e+01 0.000000000000000000e+00 0.000000000000000000e+00
1.340000000000000000e+02 4.099784320210046928e+01 0.000000000000000000e+00 0.000000000000000000e+00
1.350000000000000000e+02 4.188526084218860035e+01 1.000000000000000000e+00 0.000000000000000000e+00
1.360000000000000000e+02 4.204427459884814056e+01 1.000000000000000000e+00 0.000000000000000000e+00
1.370000000000000000e+02 4.165099767372663564e+01 2.000000000000000000e+00 0.000000000000000000e+00
1.380000000000000000e+02 4.176429952163938708e+01 0.000000000000000000e+00 0.000000000000000000e+00
1.390000000000000000e+02 4.213421912487366683e+01 1.000000000000000000e+00 0.000000000000000000e+00
1.400000000000000000e+02 4.173212562576194529e+01 1.000000000000000000e+00 0.000000000000000000e+00
1.410000000000000000e+02 4.214010151935446657e+01 0.000000000000000000e+00 0.000000000000000000e+00
1.420000000000000000e+02 4.373245068305308791e+01 0.000000000000000000e+00 0.000000000000000000e+00
1.430000000000000000e+02 4.267677928733321835e+01 2.000000000000000000e+00 0.000000000000000000e+00
1.440000000000000000e+02 4.138669866044166668e+01 2.000000000000000000e+00 0.000000000000000000e+00
1.450000000000000000e+02 4.030548571765933730e+01 2.000000000000000000e+00 0.000000000000000000e+00
1.460000000000000000e+02 4.018077508408097032e+01 2.000000000000000000e+00 0.000000000000000000e+00
1.470000000000000000e+02 3.959584262575595659e+01 2.000000000000000000e+00 0.000000000000000000e+00
1.480000000000000000e+02 4.063039331992019498e+01 0.000000000000000000e+00 0.000000000000000000e+00
1.490000000000000000e+02 4.034940488150138549e+01 1.000000000000000000e+00 0.000000000000000000e+00
1.500000000000000000e+02 4.130408085216259195e+01 0.000000000000000000e+00 0.000000000000000000e+00
1.510000000000000000e+02 3.842759167760365102e+01 2.000000000000000000e+00 0.000000000000000000e+00
1.520000000000000000e+02 4.069853221400654064e+01 0.000000000000000000e+00 0.000000000000000000e+00
1.530000000000000000e+02 4.239700088279091261e+01 0.000000000000000000e+00 0.000000000000000000e+00
1.540000000000000000e+02 4.212864649129556938e+01 1.000000000000000000e+00 0.000000000000000000e+00
1.550000000000000000e+02 4.183654724350611787e+01 1.000000000000000000e+00 0.000000000000000000e+00
1.560000000000000000e+02 4.339266947468612301e+01 0.000000000000000000e+00 0.000000000000000000e+00
1.570000000000000000e+02 4.384552623626320411e+01 1.000000000000000000e+00 0.000000000000000000e+00
1.580000000000000000e+02 4.455917404792585046e+01 0.000000000000000000e+00 0.000000000000000000e+00
1.590000000000000000e+02 4.592378630703760933e+01 0.000000000000000000e+00 0.000000000000000000e+00
1.600000000000000000e+02 4.400860080703397159e+01 2.000000000000000000e+00 0.000000000000000000e+00
1.610000000000000000e+02 4.501699913668569764e+01 0.000000000000000000e+00 0.000000000000000000e+00
1.620000000000000000e+02 4.505896157546556680e+01 1.000000000000000000e+00 0.000000000000000000e+00
1.630000000000000000e+02 4.607088429091726312e+01 0.000000000000000000e+00 0.000000000000000000e+00
1.640000000000000000e+02 4.403744315891732697e+01 2.000000000000000000e+00 0.000000000000000000e+00
1.650000000000000000e+02 4.684828717355091499e+01 0.000000000000000000e+00 0.000000000000000000e+00
1.660000000000000000e+02 4.727408572988404956e+01 0.000000000000000000e+00 0.000000000000000000e+00
1.670000000000000000e+02 4.455931320431252374e+01 2.000000000000000000e+00 0.000000000000000000e+00
1.680000000000000000e+02 4.655602484884216352e+01 1.000000000000000000e+00 0.000000000000000000e+00
1.690000000000000000e+02 4.545512935868755733e+01 1.000000000000000000e+00 0.000000000000000000e+00
1.700000000000000000e+02 4.475391532637628700e+01 2.000000000000000000e+00 0.000000000000000000e+00
1.710000000000000000e+02 4.444120784806451496e+01 2.000000000000000000e+00 0.000000000000000000e+00
1.720000000000000000e+02 4.517077329202938785e+01 0.000000000000000000e+00 0.000000000000000000e+00
1.730000000000000000e+02 4.485147763077802097e+01 2.000000000000000000e+00 0.000000000000000000e+00
1.740000000000000000e+02 4.401125385985690031e+01 0.000000000000000000e+00 0.000000000000000000e+00
1.750000000000000000e+02 4.716570360191769140e+01 0.000000000000000000e+00 0.000000000000000000e+00
1.760000000000000000e+02 4.589065742224820355e+01 1.000000000000000000e+00 0.000000000000000000e+00
1.770000000000000000e+02 4.786097211749736147e+01 1.000000000000000000e+00 0.000000000000000000e+00
1.780000000000000000e+02 4.438108684346418187e+01 1.000000000000000000e+00 0.000000000000000000e+00
1.790000000000000000e+02 4.742454521159394432e+01 0.000000000000000000e+00 0.000000000000000000e+00
1.800000000000000000e+02 4.710358006113110463e+01 0.000000000000000000e+00 0.000000000000000000e+00
1.810000000000000000e+02 4.868400053771173930e+01 0.000000000000000000e+00 0.000000000000000000e+00
1.820000000000000000e+02 4.759672252700218564e+01 1.000000000000000000e+00 0.000000000000000000e+00
1.830000000000000000e+02 4.943696182101715664e+01 0.000000000000000000e+00 0.000000000000000000e+00
1.840000000000000000e+02 4.952987809479174786e+01 1.000000000000000000e+00 0.000000000000000000e+00
1.850000000000000000e+02 4.896637414370014341e+01 1.000000000000000000e+00 0.000000000000000000e+00
1.860000000000000000e+02 5.007349478921786812e+01 0.000000000000000000e+00 0.000000000000000000e+00
1.870000000000000000e+02 5.025422535910136190e+01 1.000000000000000000e+00 0.000000000000000000e+00
1.880000000000000000e+02 5.106888707270923078e+01 0.000000000000000000e+00 0.000000000000000000e+00
1.890000000000000000e+02 5.085600318549511201e+01 1.000000000000000000e+00 0.000000000000000000e+00
1.900000000000000000e+02 5.477993783407156059e+01 0.000000000000000000e+00 0.000000000000000000e+00
1.910000000000000000e+02 5.239142346207817980e+01 1.000000000000000000e+00 0.000000000000000000e+00
1.920000000000000000e+02 5.386738142409301133e+01 0.000000000000000000e+00 0.000000000000000000e+00
1.930000000000000000e+02 5.318725910397417067e+01 2.000000000000000000e+00 0.000000000000000000e+00
1.940000000000000000e+02 5.437597430815429078e+01 0.000000000000000000e+00 0.000000000000000000e+00
1.950000000000000000e+02 5.333044824180098686e+01 1.000000000000000000e+00 0.000000000000000000e+00
1.960000000000000000e+02 5.318374797341868998e+01 2.000000000000000000e+00 0.000000000000000000e+00
1.970000000000000000e+02 5.450852921989007172e+01 0.000000000000000000e+00 0.000000000000000000e+00
1.980000000000000000e+02 5.484870015716072089e+01 0.000000000000000000e+00 0.000000000000000000e+00
1.990000000000000000e+02 5.600957055381623917e+01 1.000000000000000000e+00 0.000000000000000000e+00
2.000000000000000000e+02 5.454420707645827093e+01 0.000000000000000000e+00 0.000000000000000000e+00
2.010000000000000000e+02 5.414031964834037325e+01 2.000000000000000000e+00 0.000000000000000000e+00
2.020000000000000000e+02 5.577660956202269915e+01 0.000000000000000000e+00 0.000000000000000000e+00
2.030000000000000000e+02 5.499600289092299477e+01 1.000000000000000000e+00 0.000000000000000000e+00
2.040000000000000000e+02 5.580214540533324907e+01 1.000000000000000000e+00 0.000000000000000000e+00
2.050000000000000000e+02 5.679437742503961317e+01 0.000000000000000000e+00 0.000000000000000000e+00
2.060000000000000000e+02 5.670862499622475639e+01 1.000000000000000000e+00 0.000000000000000000e+00
2.070000000000000000e+02 5.606791047886424195e+01 2.000000000000000000e+00 0.000000000000000000e+00
2.080000000000000000e+02 5.477970581107372539e+01 1.000000000000000000e+00 0.000000000000000000e+00
2.090000000000000000e+02 5.645640425679213337e+01 1.000000000000000000e+00 0.000000000000000000e+00
2.100000000000000000e+02 5.639657085213243448e+01 1.000000000000000000e+00 0.000000000000000000e+00
2.110000000000000000e+02 5.594439266552749501e+01 1.000000000000000000e+00 0.000000000000000000e+00
2.120000000000000000e+02 5.726090613513365213e+01 0.000000000000000000e+00 0.000000000000000000e+00
2.130000000000000000e+02 5.669540084437201699e+01 1.000000000000000000e+00 0.000000000000000000e+00
2.140000000000000000e+02 5.622029251370629055e+01 1.000000000000000000e+00 0.000000000000000000e+00
2.150000000000000000e+02 5.701025375350453572e+01 0.000000000000000000e+00 0.000000000000000000e+00
2.160000000000000000e+02 5.798703392088092556e+01 0.000000000000000000e+00 0.000000000000000000e+00
2.170000000000000000e+02 5.884606968380474967e+01 1.000000000000000000e+00 0.000000000000000000e+00
2.180000000000000000e+02 5.894032248535755514e+01 0.000000000000000000e+00 0.000000000000000000e+00
2.190000000000000000e+02 6.090055679720610016e+01 2.000000000000000000e+00 0.000000000000000000e+00
2.200000000000000000e+02 5.743355038899166942e+01 1.000000000000000000e+00 0.000000000000000000e+00
2.210000000000000000e+02 5.874709411761357103e+01 1.000000000000000000e+00 0.000000000000000000e+00
2.220000000000000000e+02 5.888357016586561343e+01 2.000000000000000000e+00 0.000000000000000000e+00
2.230000000000000000e+02 5.612193906389188669e+01 2.000000000000000000e+00 0.000000000000000000e+00
2.240000000000000000e+02 5.732003410379192587e+01 0.000000000000000000e+00 0.000000000000000000e+00
2.250000000000000000e+02 5.754856142340057801e+01 2.000000000000000000e+00 0.000000000000000000e+00
2.260000000000000000e+02 5.614021768277049773e+01 0.000000000000000000e+00 0.000000000000000000e+00
2.270000000000000000e+02 5.859053829575106676e+01 1.000000000000000000e+00 0.000000000000000000e+00
2.280000000000000000e+02 5.932771991999381811e+01 1.000000000000000000e+00 0.000000000000000000e+00
2.290000000000000000e+02 5.871012770723509533e+01 0.000000000000000000e+00 0.000000000000000000e+00
2.300000000000000000e+02 5.976525353963453568e+01 0.000000000000000000e+00 0.000000000000000000e+00
2.310000000000000000e+02 6.031730228810687322e+01 0.000000000000000000e+00 0.000000000000000000e+00
2.320000000000000000e+02 6.218921019293391339e+01 1.000000000000000000e+00 0.000000000000000000e+00
2.330000000000000000e+02 6.114231961783234226e+01 1.000000000000000000e+00 0.000000000000000000e+00
2.340000000000000000e+02 6.029018006106703353e+01 2.000000000000000000e+00 0.000000000000000000e+00
2.350000000000000000e+02 6.095348879478163440e+01 0.000000000000000000e+00 0.000000000000000000e+00
2.360000000000000000e+02 6.089397175912035465e+01 2.000000000000000000e+00 0.000000000000000000e+00
2.370000000000000000e+02 6.133381196541591862e+01 0.000000000000000000e+00 0.000000000000000000e+00
2.380000000000000000e+02 6.087060263693621209e+01 1.000000000000000000e+00 0.000000000000000000e+00
2.390000000000000000e+02 6.233462883391339204e+01 0.000000000000000000e+00 0.000000000000000000e+00
2.400000000000000000e+02 6.240420924600082486e+01 1.000000000000000000e+00 0.000000000000000000e+00
2.410000000000000000e+02 6.206599805378972690e+01 1.000000000000000000e+00 0.000000000000000000e+00
2.420000000000000000e+02 6.280663442237752037e+01 1.000000000000000000e+00 0.000000000000000000e+00
2.430000000000000000e+02 6.219834907703780402e+01 1.000000000000000000e+00 0.000000000000000000e+00
2.440000000000000000e+02 6.186749347934170373e+01 1.000000000000000000e+00 0.000000000000000000e+00
2.450000000000000000e+02 6.340917427879332280e+01 0.000000000000000000e+00 0.000000000000000000e+00
2.460000000000000000e+02 6.300724633643081063e+01 2.000000000000000000e+00 0.000000000000000000e+00
2.470000000000000000e+02 6.147347341114816288e+01 2.000000000000000000e+00 0.000000000000000000e+00
2.480000000000000000e+02 6.167454052056809388e+01 1.000000000000000000e+00 0.000000000000000000e+00
2.490000000000000000e+02 6.072303801295448267e+01 2.000000000000000000e+00 0.000000000000000000e+00
2.500000000000000000e+02 6.154702609564132132e+01 0.000000000000000000e+00 0.000000000000000000e+00
2.510000000000000000e+02 5.942580472182250872e+01 2.000000000000000000e+00 0.000000000000000000e+00
2.520000000000000000e+02 6.151166086032848312e+01 0.000000000000000000e+00 0.000000000000000000e+00
2.530000000000000000e+02 6.162457168728222712e+01 2.000000000000000000e+00 0.000000000000000000e+00
2.540000000000000000e+02 5.886241645254688137e+01 2.000000000000000000e+00 0.000000000000000000e+00
2.550000000000000000e+02 6.026713247341812263e+01 0.000000000000000000e+00 0.000000000000000000e+00
2.560000000000000000e+02 5.784703471943550568e+01 2.000000000000000000e+00 0.000000000000000000e+00
2.570000000000000000e+02 5.921588092484516608e+01 0.000000000000000000e+00 0.000000000000000000e+00
2.580000000000000000e+02 5.980727166226338198e+01 0.000000000000000000e+00 0.000000000000000000e+00
2.590000000000000000e+02 5.895454044620645107e+01 2.000000000000000000e+00 0.000000000000000000e+00
2.600000000000000000e+02 6.134124666742622622e+01 0.000000000000000000e+00 0.000000000000000000e+00
2.610000000000000000e+02 6.058941097575553414e+01 1.000000000000000000e+00 0.000000000000000000e+00
2.620000000000000000e+02 6.189190259993459620e+01 0.000000000000000000e+00 0.000000000000000000e+00
2.630000000000000000e+02 6.356727971137991773e+01 0.000000000000000000e+00 0.000000000000000000e+00
2.640000000000000000e+02 6.368811655529634663e+01 0.000000000000000000e+00 0.000000000000000000e+00
2.650000000000000000e+02 6.640468449792099648e+01 0.000000000000000000e+00 0.000000000000000000e+00
2.660000000000000000e+02 6.520029363937423739e+01 0.000000000000000000e+00 0.000000000000000000e+00
2.670000000000000000e+02 6.645696072609572980e+01 1.000000000000000000e+00 0.000000000000000000e+00
2.680000000000000000e+02 6.605845629259579255e+01 0.000000000000000000e+00 0.000000000000000000e+00
2.690000000000000000e+02 6.687704936677252476e+01 1.000000000000000000e+00 0.000000000000000000e+00
2.700000000000000000e+02 6.745511842766850918e+01 0.000000000000000000e+00 0.000000000000000000e+00
2.710000000000000000e+02 6.805097094258597679e+01 1.000000000000000000e+00 0.000000000000000000e+00
2.720000000000000000e+02 6.844204637963009930e+01 0.000000000000000000e+00 0.000000000000000000e+00
2.730000000000000000e+02 6.839662826404310181e+01 1.000000000000000000e+00 0.000000000000000000e+00
2.740000000000000000e+02 6.828887982065059248e+01 0.000000000000000000e+00 0.000000000000000000e+00
2.750000000000000000e+02 7.147208108418480776e+01 1.000000000000000000e+00 0.000000000000000000e+00
2.760000000000000000e+02 6.869701465549890429e+01 2.000000000000000000e+00 0.000000000000000000e+00
2.770000000000000000e+02 6.969102040828799716e+01 1.000000000000000000e+00 0.000000000000000000e+00
2.780000000000000000e+02 6.873570010342689329e+01 2.000000000000000000e+00 0.000000000000000000e+00
2.790000000000000000e+02 7.018975533119098031e+01 0.000000000000000000e+00 0.000000000000000000e+00
2.800000000000000000e+02 7.063474462340585092e+01 1.000000000000000000e+00 0.000000000000000000e+00
2.810000000000000000e+02 6.820154951726188131e+01 2.000000000000000000e+00 0.000000000000000000e+00
2.820000000000000000e+02 6.689103362277509746e+01 1.000000000000000000e+00 0.000000000000000000e+00
2.830000000000000000e+02 6.835535710944402865e+01 1.000000000000000000e+00 0.000000000000000000e+00
2.840000000000000000e+02 6.791831783353607932e+01 0.000000000000000000e+00 0.000000000000000000e+00
2.850000000000000000e+02 6.724970870833182346e+01 1.000000000000000000e+00 0.000000000000000000e+00
2.860000000000000000e+02 7.052599060019666410e+01 0.000000000000000000e+00 0.000000000000000000e+00
2.870000000000000000e+02 6.874572514603045192e+01 1.000000000000000000e+00 0.000000000000000000e+00
2.880000000000000000e+02 7.177508642460551869e+01 0.000000000000000000e+00 0.000000000000000000e+00
2.890000000000000000e+02 7.096406695667080555e+01 1.000000000000000000e+00 0.000000000000000000e+00
2.900000000000000000e+02 7.129357127626691693e+01 1.000000000000000000e+00 0.000000000000000000e+00
2.910000000000000000e+02 7.092725083898506000e+01 1.000000000000000000e+00 0.000000000000000000e+00
2.920000000000000000e+02 7.008756171701193693e+01 2.000000000000000000e+00 0.000000000000000000e+00
2.930000000000000000e+02 7.169424229715566810e+01 0.000000000000000000e+00 0.000000000000000000e+00
2.940000000000000000e+02 6.967547559514876809e+01 2.000000000000000000e+00 0.000000000000000000e+00
2.950000000000000000e+02 7.133015608395488982e+01 0.000000000000000000e+00 0.000000000000000000e+00
2.960000000000000000e+02 7.186581803461120899e+01 1.000000000000000000e+00 0.000000000000000000e+00
2.970000000000000000e+02 7.217092251864055186e+01 0.000000000000000000e+00 0.000000000000000000e+00
2.980000000000000000e+02 7.261967126950699480e+01 1.000000000000000000e+00 0.000000000000000000e+00
2.990000000000000000e+02 7.284664504548744901e+01 1.000000000000000000e+00 0.000000000000000000e+00
3.000000000000000000e+02 7.190352081960718067e+01 1.000000000000000000e+00 0.000000000000000000e+00
3.010000000000000000e+02 7.207402929839626893e+01 0.000000000000000000e+00 0.000000000000000000e+00
3.020000000000000000e+02 7.161387063148612242e+01 2.000000000000000000e+00 0.000000000000000000e+00
3.030000000000000000e+02 7.368041846470289613e+01 0.000000000000000000e+00 0.000000000000000000e+00
3.040000000000000000e+02 7.219107988973388501e+01 2.000000000000000000e+00 0.000000000000000000e+00
3.050000000000000000e+02 7.127324494679078271e+01 2.000000000000000000e+00 0.000000000000000000e+00
3.060000000000000000e+02 7.202514013535682125e+01 0.000000000000000000e+00 0.000000000000000000e+00
3.070000000000000000e+02 7.226135405823140445e+01 2.000000000000000000e+00 0.000000000000000000e+00
3.080000000000000000e+02 7.287125031900202998e+01 0.000000000000000000e+00 0.000000000000000000e+00
3.090000000000000000e+02 7.365312072708181290e+01 0.000000000000000000e+00 0.000000000000000000e+00
3.100000000000000000e+02 7.482271527046812309e+01 0.000000000000000000e+00 0.000000000000000000e+00
3.110000000000000000e+02 7.356029469041054369e+01 1.000000000000000000e+00 0.000000000000000000e+00
3.120000000000000000e+02 7.494642607388830413e+01 0.000000000000000000e+00 0.000000000000000000e+00
3.130000000000000000e+02 7.590351191216932136e+01 1.000000000000000000e+00 0.000000000000000000e+00
3.140000000000000000e+02 7.620069301372545567e+01 0.000000000000000000e+00 0.000000000000000000e+00
3.150000000000000000e+02 7.764245583927588257e+01 1.000000000000000000e+00 0.000000000000000000e+00
3.160000000000000000e+02 7.762422459108934447e+01 1.000000000000000000e+00 0.000000000000000000e+00
3.170000000000000000e+02 7.447657868591100794e+01 2.000000000000000000e+00 0.000000000000000000e+00
3.180000000000000000e+02 7.460203247912592417e+01 1.000000000000000000e+00 0.000000000000000000e+00
3.190000000000000000e+02 7.454490912527819546e+01 0.000000000000000000e+00 0.000000000000000000e+00
3.200000000000000000e+02 7.469290391235095683e+01 1.000000000000000000e+00 0.000000000000000000e+00
3.210000000000000000e+02 7.650235382052190403e+01 0.000000000000000000e+00 0.000000000000000000e+00
3.220000000000000000e+02 7.524819612265818591e+01 2.000000000000000000e+00 0.000000000000000000e+00
3.230000000000000000e+02 7.797928756927379368e+01 0.000000000000000000e+00 0.000000000000000000e+00
3.240000000000000000e+02 7.695670368784621473e+01 1.000000000000000000e+00 0.000000000000000000e+00
3.250000000000000000e+02 7.675525118859555107e+01 2.000000000000000000e+00 0.000000000000000000e+00
3.260000000000000000e+02 7.521885152021930310e+01 1.000000000000000000e+00 0.000000000000000000e+00
3.270000000000000000e+02 7.435131950102866938e+01 2.000000000000000000e+00 0.000000000000000000e+00
3.280000000000000000e+02 7.541513597655703904e+01 1.000000000000000000e+00 0.000000000000000000e+00
3.290000000000000000e+02 7.511507617697327532e+01 1.000000000000000000e+00 0.000000000000000000e+00
3.300000000000000000e+02 7.640107189224954709e+01 1.000000000000000000e+00 0.000000000000000000e+00
3.310000000000000000e+02 7.616887022708402810e+01 0.000000000000000000e+00 0.000000000000000000e+00
3.320000000000000000e+02 7.604010691903206975e+01 1.000000000000000000e+00 0.000000000000000000e+00
3.330000000000000000e+02 7.694639419247796752e+01 1.000000000000000000e+00 0.000000000000000000e+00
3.340000000000000000e+02 7.625406110583773511e+01 1.000000000000000000e+00 0.000000000000000000e+00
3.350000000000000000e+02 7.744884590917195055e+01 1.000000000000000000e+00 0.000000000000000000e+00
3.360000000000000000e+02 7.822513509151291089e+01 0.000000000000000000e+00 0.000000000000000000e+00
3.370000000000000000e+02 8.010379773896865174e+01 0.000000000000000000e+00 0.000000000000000000e+00
3.380000000000000000e+02 7.716144141908483789e+01 2.000000000000000000e+00 0.000000000000000000e+00
3.390000000000000000e+02 7.885826873363406264e+01 0.000000000000000000e+00 0.000000000000000000e+00
3.400000000000000000e+02 7.700764265912137319e+01 2.000000000000000000e+00 0.000000000000000000e+00
3.410000000000000000e+02 7.688295331105244657e+01 0.000000000000000000e+00 0.000000000000000000e+00
3.420000000000000000e+02 7.715241387193120204e+01 2.000000000000000000e+00 0.000000000000000000e+00
3.430000000000000000e+02 7.845433601015356828e+01 0.000000000000000000e+00 0.000000000000000000e+00
3.440000000000000000e+02 7.813617683443609963e+01 2.000000000000000000e+00 0.000000000000000000e+00
3.450000000000000000e+02 7.661027386833528396e+01 2.000000000000000000e+00 0.000000000000000000e+00
3.460000000000000000e+02 7.671797229109972704e+01 0.000000000000000000e+00 0.000000000000000000e+00
3.470000000000000000e+02 7.615144365409753391e+01 2.000000000000000000e+00 0.000000000000000000e+00
3.480000000000000000e+02 7.613265314372263504e+01 0.000000000000000000e+00 0.000000000000000000e+00
3.490000000000000000e+02 7.660869762510343151e+01 1.000000000000000000e+00 0.000000000000000000e+00
3.500000000000000000e+02 7.715687042894394665e+01 0.000000000000000000e+00 0.000000000000000000e+00
3.510000000000000000e+02 7.610645172795025815e+01 2.000000000000000000e+00 0.000000000000000000e+00
3.520000000000000000e+02 7.688728726108377032e+01 0.000000000000000000e+00 0.000000000000000000e+00
3.530000000000000000e+02 7.877670552376977753e+01 0.000000000000000000e+00 0.000000000000000000e+00
3.540000000000000000e+02 7.613334323190464659e+01 2.000000000000000000e+00 0.000000000000000000e+00
3.550000000000000000e+02 7.846316455105036880e+01 0.000000000000000000e+00 0.000000000000000000e+00
3.560000000000000000e+02 8.058829443236191992e+01 0.000000000000000000e+00 0.000000000000000000e+00
3.570000000000000000e+02 7.851593685080761986e+01 2.000000000000000000e+00 0.000000000000000000e+00
3.580000000000000000e+02 8.112994889913579755e+01 0.000000000000000000e+00 0.000000000000000000e+00
3.590000000000000000e+02 8.182732874768022668e+01 0.000000000000000000e+00 0.000000000000000000e+00
3.600000000000000000e+02 8.036476227491846203e+01 1.000000000000000000e+00 0.000000000000000000e+00
3.610000000000000000e+02 8.177148154972060468e+01 1.000000000000000000e+00 0.000000000000000000e+00
3.620000000000000000e+02 8.062276311166267817e+01 1.000000000000000000e+00 0.000000000000000000e+00
3.630000000000000000e+02 8.301410136112718874e+01 0.000000000000000000e+00 0.000000000000000000e+00
3.640000000000000000e+02 8.179191937189163752e+01 2.000000000000000000e+00 0.000000000000000000e+00
3.650000000000000000e+02 8.315180090078879971e+01 0.000000000000000000e+00 0.000000000000000000e+00
3.660000000000000000e+02 8.284452240630724873e+01 0.000000000000000000e+00 0.000000000000000000e+00
3.670000000000000000e+02 8.375819243765023714e+01 1.000000000000000000e+00 0.000000000000000000e+00
3.680000000000000000e+02 8.390726842172013278e+01 0.000000000000000000e+00 0.000000000000000000e+00
3.690000000000000000e+02 8.402054106697133307e+01 0.000000000000000000e+00 0.000000000000000000e+00
3.700000000000000000e+02 8.648384105806930222e+01 0.000000000000000000e+00 0.000000000000000000e+00
3.710000000000000000e+02 8.584091872734371975e+01 1.000000000000000000e+00 0.000000000000000000e+00
3.720000000000000000e+02 8.484677210359826915e+01 2.000000000000000000e+00 0.000000000000000000e+00
3.730000000000000000e+02 8.416989162446435557e+01 2.000000000000000000e+00 0.000000000000000000e+00
3.740000000000000000e+02 8.506036203078497238e+01 0.000000000000000000e+00 0.000000000000000000e+00
3.750000000000000000e+02 8.386629619080065368e+01 2.000000000000000000e+00 0.000000000000000000e+00
3.760000000000000000e+02 8.541687829112470354e+01 0.000000000000000000e+00 0.000000000000000000e+00
3.770000000000000000e+02 8.630828596035767930e+01 0.000000000000000000e+00 0.000000000000000000e+00
3.780000000000000000e+02 8.605228594932873420e+01 0.000000000000000000e+00 0.000000000000000000e+00
3.790000000000000000e+02 8.748695099746873893e+01 1.000000000000000000e+00 0.000000000000000000e+00
3.800000000000000000e+02 8.784937296086923197e+01 0.000000000000000000e+00 0.000000000000000000e+00
3.810000000000000000e+02 8.786736006848869351e+01 1.000000000000000000e+00 0.000000000000000000e+00
3.820000000000000000e+02 8.740401022690217303e+01 2.000000000000000000e+00 0.000000000000000000e+00
3.830000000000000000e+02 8.785704554065571870e+01 0.000000000000000000e+00 0.000000000000000000e+00
3.840000000000000000e+02 8.670166999133851959e+01 1.000000000000000000e+00 0.000000000000000000e+00
3.850000000000000000e+02 8.780245454641512026e+01 1.000000000000000000e+00 0.000000000000000000e+00
3.860000000000000000e+02 8.959518717148962708e+01 0.000000000000000000e+00 0.000000000000000000e+00
3.870000000000000000e+02 8.772152735226956111e+01 2.000000000000000000e+00 0.000000000000000000e+00
3.880000000000000000e+02 8.714015745260284973e+01 2.000000000000000000e+00 0.000000000000000000e+00
3.890000000000000000e+02 8.747671166402908227e+01 0.000000000000000000e+00 0.000000000000000000e+00
3.900000000000000000e+02 8.910690317484615264e+01 0.000000000000000000e+00 0.000000000000000000e+00
3.910000000000000000e+02 8.878228314790976583e+01 1.000000000000000000e+00 0.000000000000000000e+00
3.920000000000000000e+02 9.057680417940854056e+01 0.000000000000000000e+00 0.000000000000000000e+00
3.930000000000000000e+02 8.758368638558437169e+01 2.000000000000000000e+00 0.000000000000000000e+00
3.940000000000000000e+02 9.008534220315080177e+01 0.000000000000000000e+00 0.000000000000000000e+00
3.950000000000000000e+02 9.012207741939313621e+01 1.000000000000000000e+00 0.000000000000000000e+00
3.960000000000000000e+02 8.984442358136465145e+01 1.000000000000000000e+00 0.000000000000000000e+00
3.970000000000000000e+02 8.941166711674577527e+01 2.000000000000000000e+00 0.000000000000000000e+00
3.980000000000000000e+02 9.046761250193016224e+01 0.000000000000000000e+00 0.000000000000000000e+00
3.990000000000000000e+02 9.098076581633968374e+01 0.000000000000000000e+00 0.000000000000000000e+00
4.000000000000000000e+02 9.092432774094626780e+01 1.000000000000000000e+00 0.000000000000000000e+00
4.010000000000000000e+02 9.169137371167744277e+01 1.000000000000000000e+00 0.000000000000000000e+00
4.020000000000000000e+02 8.975361855819116386e+01 1.000000000000000000e+00 0.000000000000000000e+00
4.030000000000000000e+02 9.132329751573396948e+01 0.000000000000000000e+00 0.000000000000000000e+00
4.040000000000000000e+02 9.246494722053152771e+01 1.000000000000000000e+00 0.000000000000000000e+00
4.050000000000000000e+02 9.273128660011882118e+01 0.000000000000000000e+00 0.000000000000000000e+00
4.060000000000000000e+02 9.393041056120704013e+01 1.000000000000000000e+00 0.000000000000000000e+00
4.070000000000000000e+02 9.171853922026538442e+01 2.000000000000000000e+00 0.000000000000000000e+00
4.080000000000000000e+02 9.383225243706729657e+01 0.000000000000000000e+00 0.000000000000000000e+00
4.090000000000000000e+02 9.185543693597233528e+01 1.000000000000000000e+00 0.000000000000000000e+00
4.100000000000000000e+02 9.440337714412711989e+01 1.000000000000000000e+00 0.000000000000000000e+00
4.110000000000000000e+02 9.318301275046518128e+01 0.000000000000000000e+00 0.000000000000000000e+00
4.120000000000000000e+02 9.288906289825744977e+01 2.000000000000000000e+00 0.000000000000000000e+00
4.130000000000000000e+02 9.470141848039510535e+01 0.000000000000000000e+00 0.000000000000000000e+00
4.140000000000000000e+02 9.502717760027783811e+01 0.000000000000000000e+00 0.000000000000000000e+00
4.150000000000000000e+02 9.398488379208232857e+01 2.000000000000000000e+00 0.000000000000000000e+00
4.160000000000000000e+02 9.555717292402630392e+01 0.000000000000000000e+00 0.000000000000000000e+00
4.170000000000000000e+02 9.520398512952824888e+01 1.000000000000000000e+00 0.000000000000000000e+00
4.180000000000000000e+02 9.560065303865967223e+01 0.000000000000000000e+00 0.000000000000000000e+00
4.190000000000000000e+02 9.573532518200161689e+01 0.000000000000000000e+00 0.000000000000000000e+00
4.200000000000000000e+02 9.701897707196916087e+01 2.000000000000000000e+00 0.000000000000000000e+00
4.210000000000000000e+02 9.660553238904543605e+01 0.000000000000000000e+00 0.000000000000000000e+00
4.220000000000000000e+02 9.607570007030795978e+01 1.000000000000000000e+00 0.000000000000000000e+00
4.230000000000000000e+02 9.774782286104458251e+01 0.000000000000000000e+00 0.000000000000000000e+00
4.240000000000000000e+02 9.840769053640579500e+01 1.000000000000000000e+00 0.000000000000000000e+00
4.250000000000000000e+02 9.805676109418406838e+01 1.000000000000000000e+00 0.000000000000000000e+00
4.260000000000000000e+02 9.987359498872680774e+01 1.000000000000000000e+00 0.000000000000000000e+00
4.270000000000000000e+02 9.888753423423159461e+01 0.000000000000000000e+00 0.000000000000000000e+00
4.280000000000000000e+02 9.865966458773563375e+01 1.000000000000000000e+00 0.000000000000000000e+00
4.290000000000000000e+02 9.703078658390656130e+01 2.000000000000000000e+00 0.000000000000000000e+00
4.300000000000000000e+02 9.770350145938687092e+01 0.000000000000000000e+00 0.000000000000000000e+00
4.310000000000000000e+02 1.003618741461534967e+02 1.000000000000000000e+00 0.000000000000000000e+00
4.320000000000000000e+02 1.000427326697499524e+02 1.000000000000000000e+00 0.000000000000000000e+00
4.330000000000000000e+02 9.796615635519908949e+01 2.000000000000000000e+00 0.000000000000000000e+00
4.340000000000000000e+02 9.983673865930332170e+01 0.000000000000000000e+00 0.000000000000000000e+00
4.350000000000000000e+02 9.962333106771008318e+01 1.000000000000000000e+00 0.000000000000000000e+00
4.360000000000000000e+02 9.915470518076685380e+01 1.000000000000000000e+00 0.000000000000000000e+00
4.370000000000000000e+02 9.933357864652910507e+01 1.000000000000000000e+00 0.000000000000000000e+00
4.380000000000000000e+02 9.873806974018521032e+01 1.000000000000000000e+00 0.000000000000000000e+00
4.390000000000000000e+02 9.985533165380564924e+01 0.000000000000000000e+00 0.000000000000000000e+00
4.400000000000000000e+02 9.824896821632493982e+01 2.000000000000000000e+00 0.000000000000000000e+00
4.410000000000000000e+02 9.989715747861313844e+01 0.000000000000000000e+00 0.000000000000000000e+00
4.420000000000000000e+02 9.882642293362239627e+01 2.000000000000000000e+00 0.000000000000000000e+00
4.430000000000000000e+02 9.827913910172271983e+01 1.000000000000000000e+00 0.000000000000000000e+00
4.440000000000000000e+02 9.910110638668676586e+01 0.000000000000000000e+00 0.000000000000000000e+00
4.450000000000000000e+02 9.983572566231393353e+01 2.000000000000000000e+00 0.000000000000000000e+00
4.460000000000000000e+02 9.750803129137517544e+01 1.000000000000000000e+00 0.000000000000000000e+00
4.470000000000000000e+02 1.003158697068289626e+02 0.000000000000000000e+00 0.000000000000000000e+00
4.480000000000000000e+02 9.944730649189433791e+01 2.000000000000000000e+00 0.000000000000000000e+00
4.490000000000000000e+02 9.769469221999932529e+01 2.000000000000000000e+00 0.000000000000000000e+00
4.500000000000000000e+02 9.779117120171746080e+01 2.000000000000000000e+00 0.000000000000000000e+00
4.510000000000000000e+02 9.776535745263518606e+01 0.000000000000000000e+00 0.000000000000000000e+00
4.520000000000000000e+02 9.876230367197985061e+01 0.000000000000000000e+00 0.000000000000000000e+00
4.530000000000000000e+02 9.916297176860072682e+01 0.000000000000000000e+00 0.000000000000000000e+00
4.540000000000000000e+02 1.008547375944786069e+02 0.000000000000000000e+00 0.000000000000000000e+00
4.550000000000000000e+02 9.982514487891646127e+01 2.000000000000000000e+00 0.000000000000000000e+00
4.560000000000000000e+02 1.024839928112713494e+02 0.000000000000000000e+00 0.000000000000000000e+00
4.570000000000000000e+02 1.006455478098202718e+02 1.000000000000000000e+00 0.000000000000000000e+00
4.580000000000000000e+02 1.019842474285302245e+02 0.000000000000000000e+00 0.000000000000000000e+00
4.590000000000000000e+02 1.012711569451123523e+02 1.000000000000000000e+00 0.000000000000000000e+00
4.600000000000000000e+02 1.028925119465709628e+02 0.000000000000000000e+00 0.000000000000000000e+00
4.610000000000000000e+02 1.018990666617194307e+02 2.000000000000000000e+00 0.000000000000000000e+00
4.620000000000000000e+02 1.023390274614448003e+02 1.000000000000000000e+00 0.000000000000000000e+00
4.630000000000000000e+02 1.021470428523015812e+02 2.000000000000000000e+00 0.000000000000000000e+00
4.640000000000000000e+02 1.013133766559852518e+02 0.000000000000000000e+00 0.000000000000000000e+00
4.650000000000000000e+02 1.030457561613727506e+02 0.000000000000000000e+00 0.000000000000000000e+00
4.660000000000000000e+02 1.028994587607982112e+02 1.000000000000000000e+00 0.000000000000000000e+00
4.670000000000000000e+02 1.035372053270622814e+02 1.000000000000000000e+00 0.000000000000000000e+00
4.680000000000000000e+02 1.031454439575096842e+02 1.000000000000000000e+00 0.000000000000000000e+00
4.690000000000000000e+02 1.020955092061263230e+02 2.000000000000000000e+00 0.000000000000000000e+00
4.700000000000000000e+02 1.028028048588224266e+02 0.000000000000000000e+00 0.000000000000000000e+00
4.710000000000000000e+02 1.029043699358030750e+02 1.000000000000000000e+00 0.000000000000000000e+00
4.720000000000000000e+02 1.030505249802588423e+02 1.000000000000000000e+00 0.000000000000000000e+00
4.730000000000000000e+02 1.025280001299183539e+02 1.000000000000000000e+00 0.000000000000000000e+00
4.740000000000000000e+02 1.031625693907264321e+02 1.000000000000000000e+00 0.000000000000000000e+00
4.750000000000000000e+02 1.040022620334548265e+02 0.000000000000000000e+00 0.000000000000000000e+00
4.760000000000000000e+02 1.065106873326577528e+02 0.000000000000000000e+00 0.000000000000000000e+00
4.770000000000000000e+02 1.053611626131848027e+02 1.000000000000000000e+00 0.000000000000000000e+00
4.780000000000000000e+02 1.059959477306104674e+02 0.000000000000000000e+00 0.000000000000000000e+00
4.790000000000000000e+02 1.073729170317159998e+02 0.000000000000000000e+00 0.000000000000000000e+00
4.800000000000000000e+02 1.057113322869829801e+02 2.000000000000000000e+00 0.000000000000000000e+00
4.810000000000000000e+02 1.072090737576320123e+02 0.000000000000000000e+00 0.000000000000000000e+00
4.820000000000000000e+02 1.071216659169726597e+02 1.000000000000000000e+00 0.000000000000000000e+00
4.830000000000000000e+02 1.067148587708628042e+02 0.000000000000000000e+00 0.000000000000000000e+00
4.840000000000000000e+02 1.066232191889953782e+02 2.000000000000000000e+00 0.000000000000000000e+00
4.850000000000000000e+02 1.075459406698437590e+02 0.000000000000000000e+00 0.000000000000000000e+00
4.860000000000000000e+02 1.099336855128777160e+02 0.000000000000000000e+00 0.000000000000000000e+00
4.870000000000000000e+02 1.081649396780878618e+02 0.000000000000000000e+00 0.000000000000000000e+00
4.880000000000000000e+02 1.087680183983242159e+02 2.000000000000000000e+00 0.000000000000000000e+00
4.890000000000000000e+02 1.091586219659888144e+02 0.000000000000000000e+00 0.000000000000000000e+00
4.900000000000000000e+02 1.101727043477155092e+02 1.000000000000000000e+00 0.000000000000000000e+00
4.910000000000000000e+02 1.100306351169166561e+02 1.000000000000000000e+00 0.000000000000000000e+00
4.920000000000000000e+02 1.082130411550352562e+02 2.000000000000000000e+00 0.000000000000000000e+00
4.930000000000000000e+02 1.076425092595166859e+02 2.000000000000000000e+00 0.000000000000000000e+00
4.940000000000000000e+02 1.073153438025911299e+02 2.000000000000000000e+00 0.000000000000000000e+00
4.950000000000000000e+02 1.056058601134481023e+02 2.000000000000000000e+00 0.000000000000000000e+00
4.960000000000000000e+02 1.041156431606606247e+02 2.000000000000000000e+00 0.000000000000000000e+00
4.970000000000000000e+02 1.055827370438674393e+02 1.000000000000000000e+00 0.000000000000000000e+00
4.980000000000000000e+02 1.027683585994717674e+02 2.000000000000000000e+00 0.000000000000000000e+00
4.990000000000000000e+02 1.023325930239279558e+02 2.000000000000000000e+00 0.000000000000000000e+00
5.000000000000000000e+02 1.044607578346263210e+02 0.000000000000000000e+00 0.000000000000000000e+00
5.010000000000000000e+02 1.053540348232322117e+02 0.000000000000000000e+00 0.000000000000000000e+00
5.020000000000000000e+02 1.072266271395362054e+02 0.000000000000000000e+00 0.000000000000000000e+00
5.030000000000000000e+02 1.067093370660698355e+02 1.000000000000000000e+00 0.000000000000000000e+00
5.040000000000000000e+02 1.058320843485943641e+02 2.000000000000000000e+00 0.000000000000000000e+00
5.050000000000000000e+02 1.056362333064719650e+02 0.000000000000000000e+00 0.000000000000000000e+00
5.060000000000000000e+02 1.059414822076927010e+02 0.000000000000000000e+00 0.000000000000000000e+00
5.070000000000000000e+02 1.089357631076678388e+02 0.000000000000000000e+00 0.000000000000000000e+00
5.080000000000000000e+02 1.068874035725402365e+02 1.000000000000000000e+00 0.000000000000000000e+00
5.090000000000000000e+02 1.081756758651168724e+02 1.000000000000000000e+00 0.000000000000000000e+00
5.100000000000000000e+02 1.091091035756881809e+02 0.000000000000000000e+00 0.000000000000000000e+00
5.110000000000000000e+02 1.079529309703483477e+02 1.000000000000000000e+00 0.000000000000000000e+00
5.120000000000000000e+02 1.069344934460465453e+02 2.000000000000000000e+00 0.000000000000000000e+00
5.130000000000000000e+02 1.069979130407198085e+02 2.000000000000000000e+00 0.000000000000000000e+00
5.140000000000000000e+02 1.077156576296788444e+02 0.000000000000000000e+00 0.000000000000000000e+00
5.150000000000000000e+02 1.087474704363280154e+02 0.000000000000000000e+00 0.000000000000000000e+00
5.160000000000000000e+02 1.100260341149217140e+02 1.000000000000000000e+00 0.000000000000000000e+00
5.170000000000000000e+02 1.076468092739073512e+02 1.000000000000000000e+00 0.000000000000000000e+00
5.180000000000000000e+02 1.111200755716822073e+02 0.000000000000000000e+00 0.000000000000000000e+00
5.190000000000000000e+02 1.085085289202900185e+02 2.000000000000000000e+00 0.000000000000000000e+00
5.200000000000000000e+02 1.105668955038343029e+02 0.000000000000000000e+00 0.000000000000000000e+00
5.210000000000000000e+02 1.124174928921568721e+02 1.000000000000000000e+00 0.000000000000000000e+00
5.220000000000000000e+02 1.116053201056727744e+02 0.000000000000000000e+00 0.000000000000000000e+00
5.230000000000000000e+02 1.104821839513779622e+02 2.000000000000000000e+00 0.000000000000000000e+00
5.240000000000000000e+02 1.111494429018141119e+02 0.000000000000000000e+00 0.000000000000000000e+00
5.250000000000000000e+02 1.094630291883248105e+02 2.000000000000000000e+00 0.000000000000000000e+00
5.260000000000000000e+02 1.101455584367685532e+02 0.000000000000000000e+00 0.000000000000000000e+00
5.270000000000000000e+02 1.113313108864479943e+02 1.000000000000000000e+00 0.000000000000000000e+00
5.280000000000000000e+02 1.131655625518721706e+02 0.000000000000000000e+00 0.000000000000000000e+00
5.290000000000000000e+02 1.131270993408432588e+02 0.000000000000000000e+00 0.000000000000000000e+00
5.300000000000000000e+02 1.116505774342944619e+02 2.000000000000000000e+00 0.000000000000000000e+00
5.310000000000000000e+02 1.141822667941620324e+02 0.000000000000000000e+00 0.000000000000000000e+00
5.320000000000000000e+02 1.155965707637592459e+02 0.000000000000000000e+00 0.000000000000000000e+00
5.330000000000000000e+02 1.150233239499723226e+02 0.000000000000000000e+00 0.000000000000000000e+00
5.340000000000000000e+02 1.153687432819423009e+02 0.000000000000000000e+00 0.000000000000000000e+00
5.350000000000000000e+02 1.155481847814731822e+02 2.000000000000000000e+00 0.000000000000000000e+00
5.360000000000000000e+02 1.135002215828344134e+02 2.000000000000000000e+00 0.000000000000000000e+00
5.370000000000000000e+02 1.149336598426027933e+02 0.000000000000000000e+00 0.000000000000000000e+00
5.380000000000000000e+02 1.149572236311582003e+02 0.000000000000000000e+00 0.000000000000000000e+00
5.390000000000000000e+02 1.154007800212123414e+02 1.000000000000000000e+00 0.000000000000000000e+00
5.400000000000000000e+02 1.150753127085384477e+02 1.000000000000000000e+00 0.000000000000000000e+00
5.410000000000000000e+02 1.161893872796852918e+02 1.000000000000000000e+00 0.000000000000000000e+00
5.420000000000000000e+02 1.176029059578214486e+02 0.000000000000000000e+00 0.000000000000000000e+00
5.430000000000000000e+02 1.171859171358278502e+02 2.000000000000000000e+00 0.000000000000000000e+00
5.440000000000000000e+02 1.171278382829759863e+02 0.000000000000000000e+00 0.000000000000000000e+00
5.450000000000000000e+02 1.192051119850709568e+02 0.000000000000000000e+00 0.000000000000000000e+00
5.460000000000000000e+02 1.193362128431000002e+02 0.000000000000000000e+00 0.000000000000000000e+00
5.470000000000000000e+02 1.197815640407687710e+02 1.000000000000000000e+00 0.000000000000000000e+00
5.480000000000000000e+02 1.208602566566106162e+02 0.000000000000000000e+00 0.000000000000000000e+00
5.490000000000000000e+02 1.197663791715305450e+02 1.000000000000000000e+00 0.000000000000000000e+00
5.500000000000000000e+02 1.192202137241939965e+02 1.000000000000000000e+00 0.000000000000000000e+00
5.510000000000000000e+02 1.207459052950169536e+02 1.000000000000000000e+00 0.000000000000000000e+00
5.520000000000000000e+02 1.217874178689344404e+02 0.000000000000000000e+00 0.000000000000000000e+00
5.530000000000000000e+02 1.214346826725816442e+02 2.000000000000000000e+00 0.000000000000000000e+00
5.540000000000000000e+02 1.189595675801051300e+02 1.000000000000000000e+00 0.000000000000000000e+00
5.550000000000000000e+02 1.208435285918148736e+02 0.000000000000000000e+00 0.000000000000000000e+00
5.560000000000000000e+02 1.222571402551887587e+02 0.000000000000000000e+00 0.000000000000000000e+00
5.570000000000000000e+02 1.214276347243074383e+02 2.000000000000000000e+00 0.000000000000000000e+00
5.580000000000000000e+02 1.195660437757697991e+02 1.000000000000000000e+00 0.000000000000000000e+00
5.590000000000000000e+02 1.208451366030549678e+02 1.000000000000000000e+00 0.000000000000000000e+00
5.600000000000000000e+02 1.195133204810995267e+02 2.000000000000000000e+00 0.000000000000000000e+00
5.610000000000000000e+02 1.214068092196528568e+02 0.000000000000000000e+00 0.000000000000000000e+00
5.620000000000000000e+02 1.198316617063948257e+02 2.000000000000000000e+00 0.000000000000000000e+00
5.630000000000000000e+02 1.205887591893801130e+02 0.000000000000000000e+00 0.000000000000000000e+00
5.640000000000000000e+02 1.182334756948601040e+02 2.000000000000000000e+00 0.000000000000000000e+00
5.650000000000000000e+02 1.219439166912194565e+02 1.000000000000000000e+00 0.000000000000000000e+00
5.660000000000000000e+02 1.206355203201976423e+02 0.000000000000000000e+00 0.000000000000000000e+00
5.670000000000000000e+02 1.200184558877131735e+02 1.000000000000000000e+00 0.000000000000000000e+00
5.680000000000000000e+02 1.217510023124989402e+02 0.000000000000000000e+00 0.000000000000000000e+00
5.690000000000000000e+02 1.206062755012417966e+02 2.000000000000000000e+00 0.000000000000000000e+00
5.700000000000000000e+02 1.213252489779476377e+02 0.000000000000000000e+00 0.000000000000000000e+00
5.710000000000000000e+02 1.221383270406703332e+02 0.000000000000000000e+00 0.000000000000000000e+00
5.720000000000000000e+02 1.237755057878967193e+02 0.000000000000000000e+00 0.000000000000000000e+00
5.730000000000000000e+02 1.248279028810515996e+02 0.000000000000000000e+00 0.000000000000000000e+00
5.740000000000000000e+02 1.241144499218503512e+02 2.000000000000000000e+00 0.000000000000000000e+00
5.750000000000000000e+02 1.222937722662733648e+02 2.000000000000000000e+00 0.000000000000000000e+00
5.760000000000000000e+02 1.216277377360261767e+02 2.000000000000000000e+00 0.000000000000000000e+00
5.770000000000000000e+02 1.226720914317860291e+02 0.000000000000000000e+00 0.000000000000000000e+00
5.780000000000000000e+02 1.235177717449644632e+02 0.000000000000000000e+00 0.000000000000000000e+00
5.790000000000000000e+02 1.245478228946414418e+02 1.000000000000000000e+00 0.000000000000000000e+00
5.800000000000000000e+02 1.248711286893296233e+02 1.000000000000000000e+00 0.000000000000000000e+00
5.810000000000000000e+02 1.238159859649908441e+02 1.000000000000000000e+00 0.000000000000000000e+00
5.820000000000000000e+02 1.243390191398827653e+02 0.000000000000000000e+00 0.000000000000000000e+00
5.830000000000000000e+02 1.240994874020958036e+02 1.000000000000000000e+00 0.000000000000000000e+00
5.840000000000000000e+02 1.248727358333751596e+02 1.000000000000000000e+00 0.000000000000000000e+00
5.850000000000000000e+02 1.258659988836918444e+02 1.000000000000000000e+00 0.000000000000000000e+00
5.860000000000000000e+02 1.252891743742050465e+02 0.000000000000000000e+00 0.000000000000000000e+00
5.870000000000000000e+02 1.257976671212957029e+02 0.000000000000000000e+00 0.000000000000000000e+00
5.880000000000000000e+02 1.269425194720504919e+02 1.000000000000000000e+00 0.000000000000000000e+00
5.890000000000000000e+02 1.253405827129684411e+02 1.000000000000000000e+00 0.000000000000000000e+00
5.900000000000000000e+02 1.252803517848139023e+02 1.000000000000000000e+00 0.000000000000000000e+00
5.910000000000000000e+02 1.260198458516882312e+02 2.000000000000000000e+00 0.000000000000000000e+00
5.920000000000000000e+02 1.263796605466694700e+02 0.000000000000000000e+00 0.000000000000000000e+00
5.930000000000000000e+02 1.262755764020583769e+02 2.000000000000000000e+00 0.000000000000000000e+00
5.940000000000000000e+02 1.249292597610636903e+02 2.000000000000000000e+00 0.000000000000000000e+00
5.950000000000000000e+02 1.255463925074607943e+02 0.000000000000000000e+00 0.000000000000000000e+00
5.960000000000000000e+02 1.260785136453138193e+02 0.000000000000000000e+00 0.000000000000000000e+00
5.970000000000000000e+02 1.259564711311858360e+02 2.000000000000000000e+00 0.000000000000000000e+00
5.980000000000000000e+02 1.263135653738276289e+02 1.000000000000000000e+00 0.000000000000000000e+00
5.990000000000000000e+02 1.273111765580114962e+02 1.000000000000000000e+00 0.000000000000000000e+00
6.000000000000000000e+02 1.256327244729915691e+02 1.000000000000000000e+00 0.000000000000000000e+00
6.010000000000000000e+02 1.277606111034236989e+02 1.000000000000000000e+00 0.000000000000000000e+00
6.020000000000000000e+02 1.260471926834435266e+02 1.000000000000000000e+00 0.000000000000000000e+00
6.030000000000000000e+02 1.236927257586582414e+02 2.000000000000000000e+00 0.000000000000000000e+00
6.040000000000000000e+02 1.256755336432475190e+02 0.000000000000000000e+00 0.000000000000000000e+00
6.050000000000000000e+02 1.264292286758799264e+02 1.000000000000000000e+00 0.000000000000000000e+00
6.060000000000000000e+02 1.249715063091704508e+02 0.000000000000000000e+00 0.000000000000000000e+00
6.070000000000000000e+02 1.263221489552527004e+02 2.000000000000000000e+00 0.000000000000000000e+00
6.080000000000000000e+02 1.272182402642875729e+02 0.000000000000000000e+00 0.000000000000000000e+00
6.090000000000000000e+02 1.297121896286495826e+02 0.000000000000000000e+00 0.000000000000000000e+00
6.100000000000000000e+02 1.271668860122089484e+02 1.000000000000000000e+00 0.000000000000000000e+00
6.110000000000000000e+02 1.299487289933724981e+02 0.000000000000000000e+00 0.000000000000000000e+00
6.120000000000000000e+02 1.301139815081103279e+02 1.000000000000000000e+00 0.000000000000000000e+00
6.130000000000000000e+02 1.319577619707761755e+02 0.000000000000000000e+00 0.000000000000000000e+00
6.140000000000000000e+02 1.295213504250129120e+02 0.000000000000000000e+00 0.000000000000000000e+00
6.150000000000000000e+02 1.314042475901582065e+02 1.000000000000000000e+00 0.000000000000000000e+00
6.160000000000000000e+02 1.311747915650575180e+02 1.000000000000000000e+00 0.000000000000000000e+00
6.170000000000000000e+02 1.306232364082250115e+02 1.000000000000000000e+00 0.000000000000000000e+00
6.180000000000000000e+02 1.311571504611232228e+02 1.000000000000000000e+00 0.000000000000000000e+00
6.190000000000000000e+02 1.298886088933357144e+02 1.000000000000000000e+00 0.000000000000000000e+00
6.200000000000000000e+02 1.298210555076885271e+02 2.000000000000000000e+00 0.000000000000000000e+00
6.210000000000000000e+02 1.289419383506369456e+02 2.000000000000000000e+00 0.000000000000000000e+00
6.220000000000000000e+02 1.277123847589099199e+02 2.000000000000000000e+00 0.000000000000000000e+00
6.230000000000000000e+02 1.283926261047300841e+02 0.000000000000000000e+00 0.000000000000000000e+00
6.240000000000000000e+02 1.304145028332543461e+02 1.000000000000000000e+00 0.000000000000000000e+00
6.250000000000000000e+02 1.282281496478309180e+02 1.000000000000000000e+00 0.000000000000000000e+00
6.260000000000000000e+02 1.291826854391892709e+02 2.000000000000000000e+00 0.000000000000000000e+00
6.270000000000000000e+02 1.282029152594340928e+02 2.000000000000000000e+00 0.000000000000000000e+00
6.280000000000000000e+02 1.269745957418027302e+02 1.000000000000000000e+00 0.000000000000000000e+00
6.290000000000000000e+02 1.258769206879289868e+02 2.000000000000000000e+00 0.000000000000000000e+00
6.300000000000000000e+02 1.270605332124477087e+02 0.000000000000000000e+00 0.000000000000000000e+00
6.310000000000000000e+02 1.277756453940474444e+02 0.000000000000000000e+00 0.000000000000000000e+00
6.320000000000000000e+02 1.290946549941733963e+02 1.000000000000000000e+00 0.000000000000000000e+00
6.330000000000000000e+02 1.288829226581131593e+02 0.000000000000000000e+00 0.000000000000000000e+00
6.340000000000000000e+02 1.263763870323210483e+02 2.000000000000000000e+00 0.000000000000000000e+00
6.350000000000000000e+02 1.272521340588603920e+02 2.000000000000000000e+00 0.000000000000000000e+00
6.360000000000000000e+02 1.293505081044110625e+02 0.000000000000000000e+00 0.000000000000000000e+00
6.370000000000000000e+02 1.308464984618583458e+02 0.000000000000000000e+00 0.000000000000000000e+00
6.380000000000000000e+02 1.295095155571033843e+02 0.000000000000000000e+00 0.000000000000000000e+00
6.390000000000000000e+02 1.312419329625047055e+02 0.000000000000000000e+00 0.000000000000000000e+00
6.400000000000000000e+02 1.321364942468741788e+02 2.000000000000000000e+00 0.000000000000000000e+00
6.410000000000000000e+02 1.303333343377157121e+02 0.000000000000000000e+00 0.000000000000000000e+00
6.420000000000000000e+02 1.318626063032951947e+02 0.000000000000000000e+00 0.000000000000000000e+00
6.430000000000000000e+02 1.315757727121613527e+02 1.000000000000000000e+00 0.000000000000000000e+00
6.440000000000000000e+02 1.339858454951396993e+02 0.000000000000000000e+00 0.000000000000000000e+00
6.450000000000000000e+02 1.320345299133862227e+02 2.000000000000000000e+00 0.000000000000000000e+00
6.460000000000000000e+02 1.299846982684576062e+02 2.000000000000000000e+00 0.000000000000000000e+00
6.470000000000000000e+02 1.326643346036159414e+02 0.000000000000000000e+00 0.000000000000000000e+00
6.480000000000000000e+02 1.328842308192195674e+02 0.000000000000000000e+00 0.000000000000000000e+00
6.490000000000000000e+02 1.315853242521702384e+02 2.000000000000000000e+00 0.000000000000000000e+00
6.500000000000000000e+02 1.336707958425281788e+02 0.000000000000000000e+00 0.000000000000000000e+00
6.510000000000000000e+02 1.314950299358237089e+02 2.000000000000000000e+00 0.000000000000000000e+00
6.520000000000000000e+02 1.328324981488278524e+02 0.000000000000000000e+00 0.000000000000000000e+00
6.530000000000000000e+02 1.314068941845032157e+02 2.000000000000000000e+00 0.000000000000000000e+00
6.540000000000000000e+02 1.303171820433960306e+02 2.000000000000000000e+00 0.000000000000000000e+00
6.550000000000000000e+02 1.317009190725602537e+02 0.000000000000000000e+00 0.000000000000000000e+00
6.560000000000000000e+02 1.329667665251339770e+02 1.000000000000000000e+00 0.000000000000000000e+00
6.570000000000000000e+02 1.319166898235038445e+02 2.000000000000000000e+00 0.000000000000000000e+00
6.580000000000000000e+02 1.323609357837961795e+02 0.000000000000000000e+00 0.000000000000000000e+00
6.590000000000000000e+02 1.316330237176350977e+02 1.000000000000000000e+00 0.000000000000000000e+00
6.600000000000000000e+02 1.323350313071508140e+02 0.000000000000000000e+00 0.000000000000000000e+00
6.610000000000000000e+02 1.330805697788501618e+02 0.000000000000000000e+00 0.000000000000000000e+00
6.620000000000000000e+02 1.332059942277660127e+02 2.000000000000000000e+00 0.000000000000000000e+00
6.630000000000000000e+02 1.329450372799415447e+02 1.000000000000000000e+00 0.000000000000000000e+00
6.640000000000000000e+02 1.337147583734295324e+02 1.000000000000000000e+00 0.000000000000000000e+00
6.650000000000000000e+02 1.355128390469126032e+02 0.000000000000000000e+00 0.000000000000000000e+00
6.660000000000000000e+02 1.335407396586501250e+02 2.000000000000000000e+00 0.000000000000000000e+00
6.670000000000000000e+02 1.351359108061051870e+02 0.000000000000000000e+00 0.000000000000000000e+00
6.680000000000000000e+02 1.333770265291257431e+02 2.000000000000000000e+00 0.000000000000000000e+00
6.690000000000000000e+02 1.305312138144816458e+02 2.000000000000000000e+00 0.000000000000000000e+00
6.700000000000000000e+02 1.334926850445692423e+02 0.000000000000000000e+00 0.000000000000000000e+00
6.710000000000000000e+02 1.333400533285140455e+02 0.000000000000000000e+00 0.000000000000000000e+00
6.720000000000000000e+02 1.333248218329036945e+02 1.000000000000000000e+00 0.000000000000000000e+00
6.730000000000000000e+02 1.338376488228183234e+02 1.000000000000000000e+00 0.000000000000000000e+00
6.740000000000000000e+02 1.340832330183931447e+02 1.000000000000000000e+00 0.000000000000000000e+00
6.750000000000000000e+02 1.336506732994326967e+02 1.000000000000000000e+00 0.000000000000000000e+00
6.760000000000000000e+02 1.339958394664625416e+02 0.000000000000000000e+00 0.000000000000000000e+00
6.770000000000000000e+02 1.366676196296799901e+02 0.000000000000000000e+00 0.000000000000000000e+00
6.780000000000000000e+02 1.360518141010872171e+02 1.000000000000000000e+00 0.000000000000000000e+00
6.790000000000000000e+02 1.358120651018994920e+02 1.000000000000000000e+00 0.000000000000000000e+00
6.800000000000000000e+02 1.339599579106321983e+02 2.000000000000000000e+00 0.000000000000000000e+00
6.810000000000000000e+02 1.356211337187359618e+02 0.000000000000000000e+00 0.000000000000000000e+00
6.820000000000000000e+02 1.361834291293648960e+02 1.000000000000000000e+00 0.000000000000000000e+00
6.830000000000000000e+02 1.361834805973235802e+02 0.000000000000000000e+00 0.000000000000000000e+00
6.840000000000000000e+02 1.364282200233726030e+02 2.000000000000000000e+00 0.000000000000000000e+00
6.850000000000000000e+02 1.363139879231374039e+02 1.000000000000000000e+00 0.000000000000000000e+00
6.860000000000000000e+02 1.360814931262600282e+02 1.000000000000000000e+00 0.000000000000000000e+00
6.870000000000000000e+02 1.347998434864348951e+02 1.000000000000000000e+00 0.000000000000000000e+00
6.880000000000000000e+02 1.339510806078811243e+02 2.000000000000000000e+00 0.000000000000000000e+00
6.890000000000000000e+02 1.344670273219852845e+02 1.000000000000000000e+00 0.000000000000000000e+00
6.900000000000000000e+02 1.355781015944089631e+02 0.000000000000000000e+00 0.000000000000000000e+00
6.910000000000000000e+02 1.352157024532925504e+02 2.000000000000000000e+00 0.000000000000000000e+00
6.920000000000000000e+02 1.367104091257608900e+02 0.000000000000000000e+00 0.000000000000000000e+00
6.930000000000000000e+02 1.363934576133219991e+02 1.000000000000000000e+00 0.000000000000000000e+00
6.940000000000000000e+02 1.362292615581205268e+02 1.000000000000000000e+00 0.000000000000000000e+00
6.950000000000000000e+02 1.371540737894860342e+02 1.000000000000000000e+00 0.000000000000000000e+00
6.960000000000000000e+02 1.358275935026820491e+02 1.000000000000000000e+00 0.000000000000000000e+00
6.970000000000000000e+02 1.367367446081682942e+02 1.000000000000000000e+00 0.000000000000000000e+00
6.980000000000000000e+02 1.374511427366849148e+02 1.000000000000000000e+00 0.000000000000000000e+00
6.990000000000000000e+02 1.354129732217029414e+02 1.000000000000000000e+00 0.000000000000000000e+00
7.000000000000000000e+02 1.357389385411794649e+02 1.000000000000000000e+00 0.000000000000000000e+00
7.010000000000000000e+02 1.360045293919237679e+02 0.000000000000000000e+00 0.000000000000000000e+00
7.020000000000000000e+02 1.354987285303478757e+02 2.000000000000000000e+00 0.000000000000000000e+00
7.030000000000000000e+02 1.364967145776872997e+02 0.000000000000000000e+00 0.000000000000000000e+00
7.040000000000000000e+02 1.379990753083455388e+02 1.000000000000000000e+00 0.000000000000000000e+00
7.050000000000000000e+02 1.372079381242603802e+02 1.000000000000000000e+00 0.000000000000000000e+00
7.060000000000000000e+02 1.350127926634927178e+02 2.000000000000000000e+00 0.000000000000000000e+00
7.070000000000000000e+02 1.378877587949134806e+02 0.000000000000000000e+00 0.000000000000000000e+00
7.080000000000000000e+02 1.359855383725199829e+02 1.000000000000000000e+00 0.000000000000000000e+00
7.090000000000000000e+02 1.382075376888161315e+02 0.000000000000000000e+00 0.000000000000000000e+00
7.100000000000000000e+02 1.365612496209273843e+02 2.000000000000000000e+00 0.000000000000000000e+00
7.110000000000000000e+02 1.348377202610567451e+02 1.000000000000000000e+00 0.000000000000000000e+00
7.120000000000000000e+02 1.378775548536046927e+02 1.000000000000000000e+00 0.000000000000000000e+00
7.130000000000000000e+02 1.385621224006500256e+02 0.000000000000000000e+00 0.000000000000000000e+00
7.140000000000000000e+02 1.379328728037316694e+02 0.000000000000000000e+00 0.000000000000000000e+00
7.150000000000000000e+02 1.378975557825222040e+02 2.000000000000000000e+00 0.000000000000000000e+00
7.160000000000000000e+02 1.364227000486474992e+02 2.000000000000000000e+00 0.000000000000000000e+00
7.170000000000000000e+02 1.349049957984087200e+02 1.000000000000000000e+00 0.000000000000000000e+00
7.180000000000000000e+02 1.387811194490014373e+02 0.000000000000000000e+00 0.000000000000000000e+00
7.190000000000000000e+02 1.371062594519790139e+02 1.000000000000000000e+00 0.000000000000000000e+00
7.200000000000000000e+02 1.371629220385658812e+02 0.000000000000000000e+00 0.000000000000000000e+00
7.210000000000000000e+02 1.387144846493347075e+02 0.000000000000000000e+00 0.000000000000000000e+00
7.220000000000000000e+02 1.409479376538260453e+02 0.000000000000000000e+00 0.000000000000000000e+00
7.230000000000000000e+02 1.423173463984161913e+02 1.000000000000000000e+00 0.000000000000000000e+00
7.240000000000000000e+02 1.401216191857702711e+02 2.000000000000000000e+00 0.000000000000000000e+00
7.250000000000000000e+02 1.411382879916985189e+02 0.000000000000000000e+00 0.000000000000000000e+00
7.260000000000000000e+02 1.421712954282975829e+02 1.000000000000000000e+00 0.000000000000000000e+00
7.270000000000000000e+02 1.415300859626303804e+02 0.000000000000000000e+00 0.000000000000000000e+00
7.280000000000000000e+02 1.416172423976899211e+02 1.000000000000000000e+00 0.000000000000000000e+00
7.290000000000000000e+02 1.439208877978335295e+02 0.000000000000000000e+00 0.000000000000000000e+00
7.300000000000000000e+02 1.417945880206291633e+02 2.000000000000000000e+00 0.000000000000000000e+00
7.310000000000000000e+02 1.429060501484080135e+02 2.000000000000000000e+00 0.000000000000000000e+00
7.320000000000000000e+02 1.409026426982020155e+02 0.000000000000000000e+00 0.000000000000000000e+00
7.330000000000000000e+02 1.425490908869363125e+02 0.000000000000000000e+00 0.000000000000000000e+00
7.340000000000000000e+02 1.438121620233027613e+02 0.000000000000000000e+00 0.000000000000000000e+00
7.350000000000000000e+02 1.444554495774750080e+02 1.000000000000000000e+00 0.000000000000000000e+00
7.360000000000000000e+02 1.438611043978902444e+02 1.000000000000000000e+00 0.000000000000000000e+00
7.370000000000000000e+02 1.442869144684644596e+02 1.000000000000000000e+00 0.000000000000000000e+00
7.380000000000000000e+02 1.432017783911904587e+02 1.000000000000000000e+00 0.000000000000000000e+00
7.390000000000000000e+02 1.458004805141414124e+02 1.000000000000000000e+00 0.000000000000000000e+00
7.400000000000000000e+02 1.425635822984457661e+02 1.000000000000000000e+00 0.000000000000000000e+00
7.410000000000000000e+02 1.455295923263301745e+02 1.000000000000000000e+00 0.000000000000000000e+00
7.420000000000000000e+02 1.459508159308237794e+02 0.000000000000000000e+00 0.000000000000000000e+00
7.430000000000000000e+02 1.460025553744953299e+02 1.000000000000000000e+00 0.000000000000000000e+00
7.440000000000000000e+02 1.469364510379642752e+02 0.000000000000000000e+00 0.000000000000000000e+00
7.450000000000000000e+02 1.465493000399160337e+02 0.000000000000000000e+00 0.000000000000000000e+00
7.460000000000000000e+02 1.450856268726371638e+02 2.000000000000000000e+00 0.000000000000000000e+00
7.470000000000000000e+02 1.453567147171798410e+02 2.000000000000000000e+00 0.000000000000000000e+00
7.480000000000000000e+02 1.454332303873668764e+02 0.000000000000000000e+00 0.000000000000000000e+00
7.490000000000000000e+02 1.450988630220064692e+02 2.000000000000000000e+00 0.000000000000000000e+00
7.500000000000000000e+02 1.455288082263545846e+02 0.000000000000000000e+00 0.000000000000000000e+00
7.510000000000000000e+02 1.460236613209712004e+02 1.000000000000000000e+00 0.000000000000000000e+00
7.520000000000000000e+02 1.490420609070532123e+02 0.000000000000000000e+00 0.000000000000000000e+00
7.530000000000000000e+02 1.476621681322785093e+02 1.000000000000000000e+00 0.000000000000000000e+00
7.540000000000000000e+02 1.462116553565769266e+02 1.000000000000000000e+00 0.000000000000000000e+00
7.550000000000000000e+02 1.458975347261518607e+02 2.000000000000000000e+00 0.000000000000000000e+00
7.560000000000000000e+02 1.474919015684841952e+02 0.000000000000000000e+00 0.000000000000000000e+00
7.570000000000000000e+02 1.438843054799074821e+02 2.000000000000000000e+00 0.000000000000000000e+00
7.580000000000000000e+02 1.454494829891826271e+02 1.000000000000000000e+00 0.000000000000000000e+00
7.590000000000000000e+02 1.459659384953478138e+02 0.000000000000000000e+00 0.000000000000000000e+00
7.600000000000000000e+02 1.483621089163013664e+02 0.000000000000000000e+00 0.000000000000000000e+00
7.610000000000000000e+02 1.471456838665079943e+02 2.000000000000000000e+00 0.000000000000000000e+00
7.620000000000000000e+02 1.498052487609028276e+02 1.000000000000000000e+00 0.000000000000000000e+00
7.630000000000000000e+02 1.470529390084911938e+02 1.000000000000000000e+00 0.000000000000000000e+00
7.640000000000000000e+02 1.480460795399391714e+02 0.000000000000000000e+00 0.000000000000000000e+00
7.650000000000000000e+02 1.474583272117229171e+02 2.000000000000000000e+00 0.000000000000000000e+00
7.660000000000000000e+02 1.467289196447487427e+02 1.000000000000000000e+00 0.000000000000000000e+00
7.670000000000000000e+02 1.455284297252057115e+02 2.000000000000000000e+00 0.000000000000000000e+00
7.680000000000000000e+02 1.461378204403179950e+02 1.000000000000000000e+00 0.000000000000000000e+00
7.690000000000000000e+02 1.465272367407296770e+02 0.000000000000000000e+00 0.000000000000000000e+00
7.700000000000000000e+02 1.478648525390608768e+02 1.000000000000000000e+00 0.000000000000000000e+00
7.710000000000000000e+02 1.458029214342441264e+02 2.000000000000000000e+00 0.000000000000000000e+00
7.720000000000000000e+02 1.463505966333410697e+02 0.000000000000000000e+00 0.000000000000000000e+00
7.730000000000000000e+02 1.479293089171025883e+02 0.000000000000000000e+00 0.000000000000000000e+00
7.740000000000000000e+02 1.462400050961034310e+02 2.000000000000000000e+00 0.000000000000000000e+00
7.750000000000000000e+02 1.482351394430532991e+02 0.000000000000000000e+00 0.000000000000000000e+00
7.760000000000000000e+02 1.482383909246429425e+02 0.000000000000000000e+00 0.000000000000000000e+00
7.770000000000000000e+02 1.482485332828312323e+02 1.000000000000000000e+00 0.000000000000000000e+00
7.780000000000000000e+02 1.500719220763775752e+02 1.000000000000000000e+00 0.000000000000000000e+00
7.790000000000000000e+02 1.487746418942409434e+02 1.000000000000000000e+00 0.000000000000000000e+00
7.800000000000000000e+02 1.487596802162394738e+02 2.000000000000000000e+00 0.000000000000000000e+00
7.810000000000000000e+02 1.461596168886018745e+02 2.000000000000000000e+00 0.000000000000000000e+00
7.820000000000000000e+02 1.487355506235755911e+02 0.000000000000000000e+00 0.000000000000000000e+00
7.830000000000000000e+02 1.458884001832736033e+02 2.000000000000000000e+00 0.000000000000000000e+00
7.840000000000000000e+02 1.466666749385457820e+02 0.000000000000000000e+00 0.000000000000000000e+00
7.850000000000000000e+02 1.502541134111539805e+02 0.000000000000000000e+00 0.000000000000000000e+00
7.860000000000000000e+02 1.504928107156802923e+02 0.000000000000000000e+00 0.000000000000000000e+00
7.870000000000000000e+02 1.486718456954225189e+02 1.000000000000000000e+00 0.000000000000000000e+00
7.880000000000000000e+02 1.493578389369418744e+02 1.000000000000000000e+00 0.000000000000000000e+00
7.890000000000000000e+02 1.500940940169400335e+02 0.000000000000000000e+00 0.000000000000000000e+00
7.900000000000000000e+02 1.528351469409940364e+02 0.000000000000000000e+00 0.000000000000000000e+00
7.910000000000000000e+02 1.522831567004795943e+02 1.000000000000000000e+00 0.000000000000000000e+00
7.920000000000000000e+02 1.517905907449470817e+02 1.000000000000000000e+00 0.000000000000000000e+00
7.930000000000000000e+02 1.530699952503026680e+02 0.000000000000000000e+00 0.000000000000000000e+00
7.940000000000000000e+02 1.535734492025945030e+02 0.000000000000000000e+00 0.000000000000000000e+00
7.950000000000000000e+02 1.527022359626008665e+02 1.000000000000000000e+00 0.000000000000000000e+00
7.960000000000000000e+02 1.526698549090851316e+02 2.000000000000000000e+00 0.000000000000000000e+00
7.970000000000000000e+02 1.531462197637661404e+02 1.000000000000000000e+00 0.000000000000000000e+00
7.980000000000000000e+02 1.517933687562472755e+02 1.000000000000000000e+00 0.000000000000000000e+00
7.990000000000000000e+02 1.518709304072804116e+02 2.000000000000000000e+00 0.000000000000000000e+00
8.000000000000000000e+02 1.527038451928129916e+02 0.000000000000000000e+00 0.000000000000000000e+00
