time	position	state	ATP_bound
1.000000000000000000e+00 2.010326605263952793e+00 0.000000000000000000e+00 0.000000000000000000e+00
2.000000000000000000e+00 1.412834607611309412e+00 1.000000000000000000e+00 0.000000000000000000e+00
3.000000000000000000e+00 1.723652318353430468e+00 0.000000000000000000e+00 0.000000000000000000e+00
4.000000000000000000e+00 1.677683416040466113e+00 2.000000000000000000e+00 0.000000000000000000e+00
5.000000000000000000e+00 0.000000000000000000e+00 2.000000000000000000e+00 0.000000000000000000e+00
6.000000000000000000e+00 6.908450004237618458e-01 0.000000000000000000e+00 0.000000000000000000e+00
7.000000000000000000e+00 0.000000000000000000e+00 2.000000000000000000e+00 0.000000000000000000e+00
8.000000000000000000e+00 0.000000000000000000e+00 1.000000000000000000e+00 0.000000000000000000e+00
9.000000000000000000e+00 1.187813190537777425e-01 2.000000000000000000e+00 0.000000000000000000e+00
1.000000000000000000e+01 7.315699587226131007e-01 0.000000000000000000e+00 0.000000000000000000e+00
1.100000000000000000e+01 0.000000000000000000e+00 2.000000000000000000e+00 0.000000000000000000e+00
1.200000000000000000e+01 9.790340150383620710e-01 2.000000000000000000e+00 0.000000000000000000e+00
1.300000000000000000e+01 1.716862844510265163e-01 1.000000000000000000e+00 0.000000000000000000e+00
1.400000000000000000e+01 2.103818503911425886e+00 0.000000000000000000e+00 0.000000000000000000e+00
1.500000000000000000e+01 1.304403929918807492e+00 0.000000000000000000e+00 0.000000000000000000e+00
1.600000000000000000e+01 2.286563806887607964e+00 1.000000000000000000e+00 0.000000000000000000e+00
1.700000000000000000e+01 3.560251695428484631e+00 0.000000000000000000e+00 0.000000000000000000e+00
1.800000000000000000e+01 2.409198485992274819e+00 2.000000000000000000e+00 0.000000000000000000e+00
1.900000000000000000e+01 3.519790231446972673e+00 0.000000000000000000e+00 0.000000000000000000e+00
2.000000000000000000e+01 2.074792393579042660e+00 2.000000000000000000e+00 0.000000000000000000e+00
2.100000000000000000e+01 4.564946611459132164e+00 0.000000000000000000e+00 0.000000000000000000e+00
2.200000000000000000e+01 1.274072130375130341e+00 1.000000000000000000e+00 0.000000000000000000e+00
2.300000000000000000e+01 2.102631811058831346e+00 2.000000000000000000e+00 0.000000000000000000e+00
2.400000000000000000e+01 1.919072235657956815e+00 0.000000000000000000e+00 0.000000000000000000e+00
2.500000000000000000e+01 2.358602524493973451e-01 2.000000000000000000e+00 0.000000000000000000e+00
2.600000000000000000e+01 3.452108899121429264e+00 0.000000000000000000e+00 0.000000000000000000e+00
2.700000000000000000e+01 2.958678842688336807e+00 1.000000000000000000e+00 0.000000000000000000e+00
2.800000000000000000e+01 3.367730399985584988e+00 0.000000000000000000e+00 0.000000000000000000e+00
2.900000000000000000e+01 3.893027189324893556e+00 1.000000000000000000e+00 0.000000000000000000e+00
3.000000000000000000e+01 5.483119908022433542e+00 0.000000000000000000e+00 0.000000000000000000e+00
3.100000000000000000e+01 3.559705290725319493e+00 2.000000000000000000e+00 0.000000000000000000e+00
3.200000000000000000e+01 5.958199730875951339e+00 0.000000000000000000e+00 0.000000000000000000e+00
3.300000000000000000e+01 6.866556510294159033e+00 0.000000000000000000e+00 0.000000000000000000e+00
3.400000000000000000e+01 5.189104530617981936e+00 1.000000000000000000e+00 0.000000000000000000e+00
3.500000000000000000e+01 5.629893621219729916e+00 1.000000000000000000e+00 0.000000000000000000e+00
3.600000000000000000e+01 6.217795257398158526e+00 0.000000000000000000e+00 0.000000000000000000e+00
3.700000000000000000e+01 9.078442219174469585e+00 0.000000000000000000e+00 0.000000000000000000e+00
3.800000000000000000e+01 8.663451539227875031e+00 0.000000000000000000e+00 0.000000000000000000e+00
3.900000000000000000e+01 8.269914705212851658e+00 2.000000000000000000e+00 0.000000000000000000e+00
4.000000000000000000e+01 8.770957564566906228e+00 0.000000000000000000e+00 0.000000000000000000e+00
4.100000000000000000e+01 1.045926607268334863e+01 0.000000000000000000e+00 0.000000000000000000e+00
4.200000000000000000e+01 8.685846595402177073e+00 1.000000000000000000e+00 0.000000000000000000e+00
4.300000000000000000e+01 9.122365131488834322e+00 2.000000000000000000e+00 0.000000000000000000e+00
4.400000000000000000e+01 9.170392206036432015e+00 0.000000000000000000e+00 0.000000000000000000e+00
4.500000000000000000e+01 9.685894873083057632e+00 0.000000000000000000e+00 0.000000000000000000e+00
4.600000000000000000e+01 1.199630151113858822e+01 0.000000000000000000e+00 0.000000000000000000e+00
4.700000000000000000e+01 1.340122939915961808e+01 0.000000000000000000e+00 0.000000000000000000e+00
4.800000000000000000e+01 1.260664196659483949e+01 1.000000000000000000e+00 0.000000000000000000e+00
4.900000000000000000e+01 1.164800577997561781e+01 1.000000000000000000e+00 0.000000000000000000e+00
5.000000000000000000e+01 1.214362530286039821e+01 1.000000000000000000e+00 0.000000000000000000e+00
5.100000000000000000e+01 1.366558381140278478e+01 1.000000000000000000e+00 0.000000000000000000e+00
5.200000000000000000e+01 1.254145030837205610e+01 1.000000000000000000e+00 0.000000000000000000e+00
5.300000000000000000e+01 1.289658522601272672e+01 1.000000000000000000e+00 0.000000000000000000e+00
5.400000000000000000e+01 1.395476523088906262e+01 0.000000000000000000e+00 0.000000000000000000e+00
5.500000000000000000e+01 1.270046143967883268e+01 2.000000000000000000e+00 0.000000000000000000e+00
5.600000000000000000e+01 1.174868044446939130e+01 2.000000000000000000e+00 0.000000000000000000e+00
5.700000000000000000e+01 1.165831839208979659e+01 0.000000000000000000e+00 0.000000000000000000e+00
5.800000000000000000e+01 1.270035334219333478e+01 2.000000000000000000e+00 0.000000000000000000e+00
5.900000000000000000e+01 1.060262020151049001e+01 2.000000000000000000e+00 0.000000000000000000e+00
6.000000000000000000e+01 1.159353918095372471e+01 0.000000000000000000e+00 0.000000000000000000e+00
6.100000000000000000e+01 1.067195060343682300e+01 2.000000000000000000e+00 0.000000000000000000e+00
6.200000000000000000e+01 1.167472037186564826e+01 0.000000000000000000e+00 0.000000000000000000e+00
6.300000000000000000e+01 1.074891700481238033e+01 1.000000000000000000e+00 0.000000000000000000e+00
6.400000000000000000e+01 1.303237420582765971e+01 0.000000000000000000e+00 0.000000000000000000e+00
6.500000000000000000e+01 1.178720641210662023e+01 1.000000000000000000e+00 0.000000000000000000e+00
6.600000000000000000e+01 1.343902216744646161e+01 1.000000000000000000e+00 0.000000000000000000e+00
6.700000000000000000e+01 1.356208183935742007e+01 1.000000000000000000e+00 0.000000000000000000e+00
6.800000000000000000e+01 1.228117401887977955e+01 1.000000000000000000e+00 0.000000000000000000e+00
6.900000000000000000e+01 1.501918213497654975e+01 0.000000000000000000e+00 0.000000000000000000e+00
7.000000000000000000e+01 1.371004189819850438e+01 2.000000000000000000e+00 0.000000000000000000e+00
7.100000000000000000e+01 1.334625504555028641e+01 0.000000000000000000e+00 0.000000000000000000e+00
7.200000000000000000e+01 1.304515883517391472e+01 2.000000000000000000e+00 0.000000000000000000e+00
7.300000000000000000e+01 1.331504986065885454e+01 0.000000000000000000e+00 0.000000000000000000e+00
7.400000000000000000e+01 1.443720631212392469e+01 1.000000000000000000e+00 0.000000000000000000e+00
7.500000000000000000e+01 1.392869172982497794e+01 1.000000000000000000e+00 0.000000000000000000e+00
7.600000000000000000e+01 1.481646331455338128e+01 1.000000000000000000e+00 0.000000000000000000e+00
7.700000000000000000e+01 1.149111060070295309e+01 2.000000000000000000e+00 0.000000000000000000e+00
7.800000000000000000e+01 1.454446271297584659e+01 0.000000000000000000e+00 0.000000000000000000e+00
7.900000000000000000e+01 1.267958666793387934e+01 2.000000000000000000e+00 0.000000000000000000e+00
8.000000000000000000e+01 1.370030483873606109e+01 0.000000000000000000e+00 0.000000000000000000e+00
8.100000000000000000e+01 1.446903595692073452e+01 2.000000000000000000e+00 0.000000000000000000e+00
8.200000000000000000e+01 1.371723276879430209e+01 0.000000000000000000e+00 0.000000000000000000e+00
8.300000000000000000e+01 1.239056532364933361e+01 2.000000000000000000e+00 0.000000000000000000e+00
8.400000000000000000e+01 1.273303950790189454e+01 1.000000000000000000e+00 0.000000000000000000e+00
8.500000000000000000e+01 1.474204027546565143e+01 0.000000000000000000e+00 0.000000000000000000e+00
8.600000000000000000e+01 1.272444758717736057e+01 1.000000000000000000e+00 0.000000000000000000e+00
8.700000000000000000e+01 1.397598467056117855e+01 1.000000000000000000e+00 0.000000000000000000e+00
8.800000000000000000e+01 1.371409486400616196e+01 1.000000000000000000e+00 0.000000000000000000e+00
8.900000000000000000e+01 1.310484692908574011e+01 2.000000000000000000e+00 0.000000000000000000e+00
9.000000000000000000e+01 1.251023943326746313e+01 0.000000000000000000e+00 0.000000000000000000e+00
9.100000000000000000e+01 1.537662894809236569e+01 0.000000000000000000e+00 0.000000000000000000e+00
9.200000000000000000e+01 1.771974772095414963e+01 0.000000000000000000e+00 0.000000000000000000e+00
9.300000000000000000e+01 1.438947390742197641e+01 2.000000000000000000e+00 0.000000000000000000e+00
9.400000000000000000e+01 1.335661207076066859e+01 2.000000000000000000e+00 0.000000000000000000e+00
9.500000000000000000e+01 1.447402574377061235e+01 0.000000000000000000e+00 0.000000000000000000e+00
9.600000000000000000e+01 1.370384070537472176e+01 2.000000000000000000e+00 0.000000000000000000e+00
9.700000000000000000e+01 1.544033601866777516e+01 0.000000000000000000e+00 0.000000000000000000e+00
9.800000000000000000e+01 1.331780092451858266e+01 1.000000000000000000e+00 0.000000000000000000e+00
9.900000000000000000e+01 1.418580817621912438e+01 0.000000000000000000e+00 0.000000000000000000e+00
1.000000000000000000e+02 1.666140157020103629e+01 0.000000000000000000e+00 0.000000000000000000e+00
1.010000000000000000e+02 1.675063479805992017e+01 2.000000000000000000e+00 0.000000000000000000e+00
1.020000000000000000e+02 1.732952931225260684e+01 0.000000000000000000e+00 0.000000000000000000e+00
1.030000000000000000e+02 1.727760965854547237e+01 2.000000000000000000e+00 0.000000000000000000e+00
1.040000000000000000e+02 1.695404907618527446e+01 0.000000000000000000e+00 0.000000000000000000e+00
1.050000000000000000e+02 1.625806359099145126e+01 1.000000000000000000e+00 0.000000000000000000e+00
1.060000000000000000e+02 1.556917382670394545e+01 2.000000000000000000e+00 0.000000000000000000e+00
1.070000000000000000e+02 1.728544275807563935e+01 0.000000000000000000e+00 0.000000000000000000e+00
1.080000000000000000e+02 1.639893553212422717e+01 2.000000000000000000e+00 0.000000000000000000e+00
1.090000000000000000e+02 1.821653091263174673e+01 0.000000000000000000e+00 0.000000000000000000e+00
1.100000000000000000e+02 1.696184585898496167e+01 1.000000000000000000e+00 0.000000000000000000e+00
1.110000000000000000e+02 1.812304630135418293e+01 0.000000000000000000e+00 0.000000000000000000e+00
1.120000000000000000e+02 1.712554670464012219e+01 1.000000000000000000e+00 0.000000000000000000e+00
1.130000000000000000e+02 1.708514501077667092e+01 1.000000000000000000e+00 0.000000000000000000e+00
1.140000000000000000e+02 1.690642987367886718e+01 2.000000000000000000e+00 0.000000000000000000e+00
1.150000000000000000e+02 1.845463607600644806e+01 0.000000000000000000e+00 0.000000000000000000e+00
1.160000000000000000e+02 1.947410376064522453e+01 0.000000000000000000e+00 0.000000000000000000e+00
1.170000000000000000e+02 2.062040188985281830e+01 0.000000000000000000e+00 0.000000000000000000e+00
1.180000000000000000e+02 2.046035522564494613e+01 0.000000000000000000e+00 0.000000000000000000e+00
1.190000000000000000e+02 2.130724547640057764e+01 1.000000000000000000e+00 0.000000000000000000e+00
1.200000000000000000e+02 2.021495662283643568e+01 2.000000000000000000e+00 0.000000000000000000e+00
1.210000000000000000e+02 2.275073737744071423e+01 0.000000000000000000e+00 0.000000000000000000e+00
1.220000000000000000e+02 1.923603035084887125e+01 2.000000000000000000e+00 0.000000000000000000e+00
1.230000000000000000e+02 1.951625616178445455e+01 0.000000000000000000e+00 0.000000000000000000e+00
1.240000000000000000e+02 2.138090054453941846e+01 2.000000000000000000e+00 0.000000000000000000e+00
1.250000000000000000e+02 2.100751710626268220e+01 1.000000000000000000e+00 0.000000000000000000e+00
1.260000000000000000e+02 2.045380077784060191e+01 1.000000000000000000e+00 0.000000000000000000e+00
1.270000000000000000e+02 2.009626154298405964e+01 1.000000000000000000e+00 0.000000000000000000e+00
1.280000000000000000e+02 1.967601317543005024e+01 1.000000000000000000e+00 0.000000000000000000e+00
1.290000000000000000e+02 2.083738691415952005e+01 0.000000000000000000e+00 0.000000000000000000e+00
1.300000000000000000e+02 2.088093132658332252e+01 2.000000000000000000e+00 0.000000000000000000e+00
1.310000000000000000e+02 1.975417263545043767e+01 0.000000000000000000e+00 0.000000000000000000e+00
1.320000000000000000e+02 1.973620230579231816e+01 2.000000000000000000e+00 0.000000000000000000e+00
1.330000000000000000e+02 2.003108852406162654e+01 1.000000000000000000e+00 0.000000000000000000e+00
1.340000000000000000e+02 1.847908787757779692e+01 2.000000000000000000e+00 0.000000000000000000e+00
1.350000000000000000e+02 1.813272589354610176e+01 0.000000000000000000e+00 0.000000000000000000e+00
1.360000000000000000e+02 2.024696587434578987e+01 2.000000000000000000e+00 0.000000000000000000e+00
1.370000000000000000e+02 2.007535187002306643e+01 0.000000000000000000e+00 0.000000000000000000e+00
1.380000000000000000e+02 2.266860668367595366e+01 0.000000000000000000e+00 0.000000000000000000e+00
1.390000000000000000e+02 1.990578215498957704e+01 2.000000000000000000e+00 0.000000000000000000e+00
1.400000000000000000e+02 2.120531642700128572e+01 0.000000000000000000e+00 0.000000000000000000e+00
1.410000000000000000e+02 2.234317127571328854e+01 1.000000000000000000e+00 0.000000000000000000e+00
1.420000000000000000e+02 1.982437421565286684e+01 2.000000000000000000e+00 0.000000000000000000e+00
1.430000000000000000e+02 2.179573639492092596e+01 0.000000000000000000e+00 0.000000000000000000e+00
1.440000000000000000e+02 1.980205855926704572e+01 2.000000000000000000e+00 0.000000000000000000e+00
1.450000000000000000e+02 1.953335048978998501e+01 2.000000000000000000e+00 0.000000000000000000e+00
1.460000000000000000e+02 1.880132408448015369e+01 1.000000000000000000e+00 0.000000000000000000e+00
1.470000000000000000e+02 1.865135918270238591e+01 1.000000000000000000e+00 0.000000000000000000e+00
1.480000000000000000e+02 1.928650471204604244e+01 1.000000000000000000e+00 0.000000000000000000e+00
1.490000000000000000e+02 2.097232453059283230e+01 1.000000000000000000e+00 0.000000000000000000e+00
1.500000000000000000e+02 2.039472800468492864e+01 1.000000000000000000e+00 0.000000000000000000e+00
1.510000000000000000e+02 1.926851440567261875e+01 0.000000000000000000e+00 0.000000000000000000e+00
1.520000000000000000e+02 2.066475921349701750e+01 1.000000000000000000e+00 0.000000000000000000e+00
1.530000000000000000e+02 1.995018696466446073e+01 1.000000000000000000e+00 0.000000000000000000e+00
1.540000000000000000e+02 2.173953425622555713e+01 0.000000000000000000e+00 0.000000000000000000e+00
1.550000000000000000e+02 2.226156889951851170e+01 0.000000000000000000e+00 0.000000000000000000e+00
1.560000000000000000e+02 2.131679754090467682e+01 1.000000000000000000e+00 0.000000000000000000e+00
1.570000000000000000e+02 2.288980358137279580e+01 1.000000000000000000e+00 0.000000000000000000e+00
1.580000000000000000e+02 2.310954617908038955e+01 1.000000000000000000e+00 0.000000000000000000e+00
1.590000000000000000e+02 1.995404590652464449e+01 2.000000000000000000e+00 0.000000000000000000e+00
1.600000000000000000e+02 2.082135121712914128e+01 0.000000000000000000e+00 0.000000000000000000e+00
1.610000000000000000e+02 2.084132029557667565e+01 2.000000000000000000e+00 0.000000000000000000e+00
1.620000000000000000e+02 2.059499018934522141e+01 0.000000000000000000e+00 0.000000000000000000e+00
1.630000000000000000e+02 2.124495595360952294e+01 1.000000000000000000e+00 0.000000000000000000e+00
1.640000000000000000e+02 2.056358793288675813e+01 1.000000000000000000e+00 0.000000000000000000e+00
1.650000000000000000e+02 2.230200048893078346e+01 0.000000000000000000e+00 0.000000000000000000e+00
1.660000000000000000e+02 2.480920985953482472e+01 0.000000000000000000e+00 0.000000000000000000e+00
1.670000000000000000e+02 2.588561922024136308e+01 0.000000000000000000e+00 0.000000000000000000e+00
1.680000000000000000e+02 2.607005914970327609e+01 0.000000000000000000e+00 0.000000000000000000e+00
1.690000000000000000e+02 2.718815380643229673e+01 0.000000000000000000e+00 0.000000000000000000e+00
1.700000000000000000e+02 2.792584522289511639e+01 0.000000000000000000e+00 0.000000000000000000e+00
1.710000000000000000e+02 2.725273186641844703e+01 1.000000000000000000e+00 0.000000000000000000e+00
1.720000000000000000e+02 2.544431658222839587e+01 2.000000000000000000e+00 0.000000000000000000e+00
1.730000000000000000e+02 2.448616311699622727e+01 2.000000000000000000e+00 0.000000000000000000e+00
1.740000000000000000e+02 2.779371585098741093e+01 0.000000000000000000e+00 0.000000000000000000e+00
1.750000000000000000e+02 2.571840479622951037e+01 1.000000000000000000e+00 0.000000000000000000e+00
1.760000000000000000e+02 2.631902867996625872e+01 1.000000000000000000e+00 0.000000000000000000e+00
1.770000000000000000e+02 2.546436057875108006e+01 1.000000000000000000e+00 0.000000000000000000e+00
1.780000000000000000e+02 2.607591178842925217e+01 1.000000000000000000e+00 0.000000000000000000e+00
1.790000000000000000e+02 2.702197256270838466e+01 0.000000000000000000e+00 0.000000000000000000e+00
1.800000000000000000e+02 2.741539841328006588e+01 1.000000000000000000e+00 0.000000000000000000e+00
1.810000000000000000e+02 2.863976219261705225e+01 0.000000000000000000e+00 0.000000000000000000e+00
1.820000000000000000e+02 3.116530120545919047e+01 0.000000000000000000e+00 0.000000000000000000e+00
1.830000000000000000e+02 3.107440075850419703e+01 1.000000000000000000e+00 0.000000000000000000e+00
1.840000000000000000e+02 3.102241947857264037e+01 0.000000000000000000e+00 0.000000000000000000e+00
1.850000000000000000e+02 3.189265962058794202e+01 0.000000000000000000e+00 0.000000000000000000e+00
1.860000000000000000e+02 3.335578464813173127e+01 0.000000000000000000e+00 0.000000000000000000e+00
1.870000000000000000e+02 3.253564635524591608e+01 2.000000000000000000e+00 0.000000000000000000e+00
1.880000000000000000e+02 3.090255960773149368e+01 1.000000000000000000e+00 0.000000000000000000e+00
1.890000000000000000e+02 3.322360278963422786e+01 0.000000000000000000e+00 0.000000000000000000e+00
1.900000000000000000e+02 3.272386452853575634e+01 2.000000000000000000e+00 0.000000000000000000e+00
1.910000000000000000e+02 3.274418885522654676e+01 0.000000000000000000e+00 0.000000000000000000e+00
1.920000000000000000e+02 3.311419085362449266e+01 0.000000000000000000e+00 0.000000000000000000e+00
1.930000000000000000e+02 3.410571391239410133e+01 1.000000000000000000e+00 0.000000000000000000e+00
1.940000000000000000e+02 3.508455725131690883e+01 0.000000000000000000e+00 0.000000000000000000e+00
1.950000000000000000e+02 3.625209839051760952e+01 0.000000000000000000e+00 0.000000000000000000e+00
1.960000000000000000e+02 3.690123000698513067e+01 0.000000000000000000e+00 0.000000000000000000e+00
1.970000000000000000e+02 3.768330616789000231e+01 0.000000000000000000e+00 0.000000000000000000e+00
1.980000000000000000e+02 3.744523500128704541e+01 2.000000000000000000e+00 0.000000000000000000e+00
1.990000000000000000e+02 3.536189178413311396e+01 2.000000000000000000e+00 0.000000000000000000e+00
2.000000000000000000e+02 3.649219163604202976e+01 0.000000000000000000e+00 0.000000000000000000e+00
2.010000000000000000e+02 3.647263665572721436e+01 2.000000000000000000e+00 0.000000000000000000e+00
2.020000000000000000e+02 3.634586497352337631e+01 1.000000000000000000e+00 0.000000000000000000e+00
2.030000000000000000e+02 3.682830634492538735e+01 0.000000000000000000e+00 0.000000000000000000e+00
2.040000000000000000e+02 3.808670761024757212e+01 1.000000000000000000e+00 0.000000000000000000e+00
2.050000000000000000e+02 3.808871297766923902e+01 1.000000000000000000e+00 0.000000000000000000e+00
2.060000000000000000e+02 3.446553806123959873e+01 1.000000000000000000e+00 0.000000000000000000e+00
2.070000000000000000e+02 3.709420362582986996e+01 1.000000000000000000e+00 0.000000000000000000e+00
2.080000000000000000e+02 3.719859806017382908e+01 0.000000000000000000e+00 0.000000000000000000e+00
2.090000000000000000e+02 3.688683517319915950e+01 1.000000000000000000e+00 0.000000000000000000e+00
2.100000000000000000e+02 3.755792865016845639e+01 1.000000000000000000e+00 0.000000000000000000e+00
2.110000000000000000e+02 3.794143171007502247e+01 1.000000000000000000e+00 0.000000000000000000e+00
2.120000000000000000e+02 3.781502197479193939e+01 2.000000000000000000e+00 0.000000000000000000e+00
2.130000000000000000e+02 3.726461872493041483e+01 0.000000000000000000e+00 0.000000000000000000e+00
2.140000000000000000e+02 3.924978782206486727e+01 0.000000000000000000e+00 0.000000000000000000e+00
2.150000000000000000e+02 4.011470642890717642e+01 0.000000000000000000e+00 0.000000000000000000e+00
2.160000000000000000e+02 3.935548989195848435e+01 2.000000000000000000e+00 0.000000000000000000e+00
2.170000000000000000e+02 4.027757153497346820e+01 0.000000000000000000e+00 0.000000000000000000e+00
2.180000000000000000e+02 3.985101388188088833e+01 1.000000000000000000e+00 0.000000000000000000e+00
2.190000000000000000e+02 3.987556998695414023e+01 1.000000000000000000e+00 0.000000000000000000e+00
2.200000000000000000e+02 4.012549462243276821e+01 1.000000000000000000e+00 0.000000000000000000e+00
2.210000000000000000e+02 3.933528899609909502e+01 2.000000000000000000e+00 0.000000000000000000e+00
2.220000000000000000e+02 3.979461125730342985e+01 0.000000000000000000e+00 0.000000000000000000e+00
2.230000000000000000e+02 3.995081686681186284e+01 1.000000000000000000e+00 0.000000000000000000e+00
2.240000000000000000e+02 4.021954125307148331e+01 0.000000000000000000e+00 0.000000000000000000e+00
2.250000000000000000e+02 4.068454111991881916e+01 2.000000000000000000e+00 0.000000000000000000e+00
2.260000000000000000e+02 4.031060198193800659e+01 1.000000000000000000e+00 0.000000000000000000e+00
2.270000000000000000e+02 3.982904562855986796e+01 0.000000000000000000e+00 0.000000000000000000e+00
2.280000000000000000e+02 4.178948918913989985e+01 1.000000000000000000e+00 0.000000000000000000e+00
2.290000000000000000e+02 4.074983530348509930e+01 1.000000000000000000e+00 0.000000000000000000e+00
2.300000000000000000e+02 4.047477910836951764e+01 1.000000000000000000e+00 0.000000000000000000e+00
2.310000000000000000e+02 4.108867512578159165e+01 1.000000000000000000e+00 0.000000000000000000e+00
2.320000000000000000e+02 4.084545099830504000e+01 0.000000000000000000e+00 0.000000000000000000e+00
2.330000000000000000e+02 4.143173406952684701e+01 1.000000000000000000e+00 0.000000000000000000e+00
2.340000000000000000e+02 4.275865014843586209e+01 0.000000000000000000e+00 0.000000000000000000e+00
2.350000000000000000e+02 4.414444435867044092e+01 1.000000000000000000e+00 0.000000000000000000e+00
2.360000000000000000e+02 4.175851642210603387e+01 2.000000000000000000e+00 0.000000000000000000e+00
2.370000000000000000e+02 4.407586241240249336e+01 0.000000000000000000e+00 0.000000000000000000e+00
2.380000000000000000e+02 4.241371355957939926e+01 2.000000000000000000e+00 0.000000000000000000e+00
2.390000000000000000e+02 4.340321387342424941e+01 0.000000000000000000e+00 0.000000000000000000e+00
2.400000000000000000e+02 4.385819970635409959e+01 0.000000000000000000e+00 0.000000000000000000e+00
2.410000000000000000e+02 4.333890664899249856e+01 2.000000000000000000e+00 0.000000000000000000e+00
2.420000000000000000e+02 4.359742550851659360e+01 0.000000000000000000e+00 0.000000000000000000e+00
2.430000000000000000e+02 4.423535745407534847e+01 1.000000000000000000e+00 0.000000000000000000e+00
2.440000000000000000e+02 4.462391448100733271e+01 2.000000000000000000e+00 0.000000000000000000e+00
2.450000000000000000e+02 4.547116565029138258e+01 0.000000000000000000e+00 0.000000000000000000e+00
2.460000000000000000e+02 4.315325793156335976e+01 2.000000000000000000e+00 0.000000000000000000e+00
2.470000000000000000e+02 4.340680519835604656e+01 0.000000000000000000e+00 0.000000000000000000e+00
2.480000000000000000e+02 4.459274438159977194e+01 0.000000000000000000e+00 0.000000000000000000e+00
2.490000000000000000e+02 4.453204070135757320e+01 2.000000000000000000e+00 0.000000000000000000e+00
2.500000000000000000e+02 4.555035423987290244e+01 0.000000000000000000e+00 0.000000000000000000e+00
2.510000000000000000e+02 4.423285344304944289e+01 1.000000000000000000e+00 0.000000000000000000e+00
2.520000000000000000e+02 4.335476089805338518e+01 1.000000000000000000e+00 0.000000000000000000e+00
2.530000000000000000e+02 4.586683720411856768e+01 0.000000000000000000e+00 0.000000000000000000e+00
2.540000000000000000e+02 4.664629119271232582e+01 0.000000000000000000e+00 0.000000000000000000e+00
2.550000000000000000e+02 4.670164845032638112e+01 2.000000000000000000e+00 0.000000000000000000e+00
2.560000000000000000e+02 4.509539594512981608e+01 2.000000000000000000e+00 0.000000000000000000e+00
2.570000000000000000e+02 4.655786692361157009e+01 0.000000000000000000e+00 0.000000000000000000e+00
2.580000000000000000e+02 4.532283570256770844e+01 2.000000000000000000e+00 0.000000000000000000e+00
2.590000000000000000e+02 4.555838197666760436e+01 1.000000000000000000e+00 0.000000000000000000e+00
2.600000000000000000e+02 4.392359388745827431e+01 2.000000000000000000e+00 0.000000000000000000e+00
2.610000000000000000e+02 4.533911412428410159e+01 0.000000000000000000e+00 0.000000000000000000e+00
2.620000000000000000e+02 4.599206705376219162e+01 0.000000000000000000e+00 0.000000000000000000e+00
2.630000000000000000e+02 4.567043345615566352e+01 1.000000000000000000e+00 0.000000000000000000e+00
2.640000000000000000e+02 4.510309455395888989e+01 2.000000000000000000e+00 0.000000000000000000e+00
2.650000000000000000e+02 4.457416232107568987e+01 0.000000000000000000e+00 0.000000000000000000e+00
2.660000000000000000e+02 4.545156578271740955e+01 2.000000000000000000e+00 0.000000000000000000e+00
2.670000000000000000e+02 4.545989296491971743e+01 1.000000000000000000e+00 0.000000000000000000e+00
2.680000000000000000e+02 4.516189729168539202e+01 0.000000000000000000e+00 0.000000000000000000e+00
2.690000000000000000e+02 4.640103705255948086e+01 0.000000000000000000e+00 0.000000000000000000e+00
2.700000000000000000e+02 4.751061463316865030e+01 2.000000000000000000e+00 0.000000000000000000e+00
2.710000000000000000e+02 4.805517547279553980e+01 0.000000000000000000e+00 0.000000000000000000e+00
2.720000000000000000e+02 4.749568600465342172e+01 0.000000000000000000e+00 0.000000000000000000e+00
2.730000000000000000e+02 4.789948138212130146e+01 1.000000000000000000e+00 0.000000000000000000e+00
2.740000000000000000e+02 4.882421723732248608e+01 0.000000000000000000e+00 0.000000000000000000e+00
2.750000000000000000e+02 4.805217751508436663e+01 1.000000000000000000e+00 0.000000000000000000e+00
2.760000000000000000e+02 4.831119906158976107e+01 2.000000000000000000e+00 0.000000000000000000e+00
2.770000000000000000e+02 5.005814690116596211e+01 0.000000000000000000e+00 0.000000000000000000e+00
2.780000000000000000e+02 4.909837091169903545e+01 1.000000000000000000e+00 0.000000000000000000e+00
2.790000000000000000e+02 4.818626305464618298e+01 2.000000000000000000e+00 0.000000000000000000e+00
2.800000000000000000e+02 4.981398311336105422e+01 0.000000000000000000e+00 0.000000000000000000e+00
2.810000000000000000e+02 4.931192002214917380e+01 2.000000000000000000e+00 0.000000000000000000e+00
2.820000000000000000e+02 4.909341677787835323e+01 0.000000000000000000e+00 0.000000000000000000e+00
2.830000000000000000e+02 4.889522073135069036e+01 2.000000000000000000e+00 0.000000000000000000e+00
2.840000000000000000e+02 4.609222921659370797e+01 2.000000000000000000e+00 0.000000000000000000e+00
2.850000000000000000e+02 4.786095769432154867e+01 0.000000000000000000e+00 0.000000000000000000e+00
2.860000000000000000e+02 4.863857258009583262e+01 0.000000000000000000e+00 0.000000000000000000e+00
2.870000000000000000e+02 5.026246950502353883e+01 0.000000000000000000e+00 0.000000000000000000e+00
2.880000000000000000e+02 5.056345652299178539e+01 0.000000000000000000e+00 0.000000000000000000e+00
2.890000000000000000e+02 5.048032692296827406e+01 1.000000000000000000e+00 0.000000000000000000e+00
2.900000000000000000e+02 5.219648353872585744e+01 0.000000000000000000e+00 0.000000000000000000e+00
2.910000000000000000e+02 4.989019671613931450e+01 2.000000000000000000e+00 0.000000000000000000e+00
2.920000000000000000e+02 5.342473680831369620e+01 0.000000000000000000e+00 0.000000000000000000e+00
2.930000000000000000e+02 5.078507859300482608e+01 2.000000000000000000e+00 0.000000000000000000e+00
2.940000000000000000e+02 5.016415006350641903e+01 0.000000000000000000e+00 0.000000000000000000e+00
2.950000000000000000e+02 5.196440874026126977e+01 1.000000000000000000e+00 0.000000000000000000e+00
2.960000000000000000e+02 5.240612405021000342e+01 1.000000000000000000e+00 0.000000000000000000e+00
2.970000000000000000e+02 5.002518816416938563e+01 2.000000000000000000e+00 0.000000000000000000e+00
2.980000000000000000e+02 5.148360264466182201e+01 0.000000000000000000e+00 0.000000000000000000e+00
2.990000000000000000e+02 5.196283036104020425e+01 2.000000000000000000e+00 0.000000000000000000e+00
3.000000000000000000e+02 5.124383712072633301e+01 2.000000000000000000e+00 0.000000000000000000e+00
3.010000000000000000e+02 5.091022573375028060e+01 0.000000000000000000e+00 0.000000000000000000e+00
3.020000000000000000e+02 4.957025712692836095e+01 2.000000000000000000e+00 0.000000000000000000e+00
3.030000000000000000e+02 5.012577822470862543e+01 0.000000000000000000e+00 0.000000000000000000e+00
3.040000000000000000e+02 5.117938978976021502e+01 1.000000000000000000e+00 0.000000000000000000e+00
3.050000000000000000e+02 5.213284246215354045e+01 0.000000000000000000e+00 0.000000000000000000e+00
3.060000000000000000e+02 5.297520715204072417e+01 0.000000000000000000e+00 0.000000000000000000e+00
3.070000000000000000e+02 5.146430824235135049e+01 2.000000000000000000e+00 0.000000000000000000e+00
3.080000000000000000e+02 5.243082556869543254e+01 1.000000000000000000e+00 0.000000000000000000e+00
3.090000000000000000e+02 5.259062305709340279e+01 1.000000000000000000e+00 0.000000000000000000e+00
3.100000000000000000e+02 5.178911852266854510e+01 0.000000000000000000e+00 0.000000000000000000e+00
3.110000000000000000e+02 5.397104603840273285e+01 0.000000000000000000e+00 0.000000000000000000e+00
3.120000000000000000e+02 5.199108979389616536e+01 2.000000000000000000e+00 0.000000000000000000e+00
3.130000000000000000e+02 5.390812452265026167e+01 1.000000000000000000e+00 0.000000000000000000e+00
3.140000000000000000e+02 5.344223942325236720e+01 1.000000000000000000e+00 0.000000000000000000e+00
3.150000000000000000e+02 5.186929526252319533e+01 2.000000000000000000e+00 0.000000000000000000e+00
3.160000000000000000e+02 5.249252760857074662e+01 0.000000000000000000e+00 0.000000000000000000e+00
3.170000000000000000e+02 5.360653807986559372e+01 1.000000000000000000e+00 0.000000000000000000e+00
3.180000000000000000e+02 5.211422073832427770e+01 2.000000000000000000e+00 0.000000000000000000e+00
3.190000000000000000e+02 4.990999398868125780e+01 2.000000000000000000e+00 0.000000000000000000e+00
3.200000000000000000e+02 5.205906664356881208e+01 0.000000000000000000e+00 0.000000000000000000e+00
3.210000000000000000e+02 5.202648783599046567e+01 1.000000000000000000e+00 0.000000000000000000e+00
3.220000000000000000e+02 5.018700768099643739e+01 1.000000000000000000e+00 0.000000000000000000e+00
3.230000000000000000e+02 5.288929521796151789e+01 0.000000000000000000e+00 0.000000000000000000e+00
3.240000000000000000e+02 5.150514361258500173e+01 2.000000000000000000e+00 0.000000000000000000e+00
3.250000000000000000e+02 5.086177756313320941e+01 2.000000000000000000e+00 0.000000000000000000e+00
3.260000000000000000e+02 5.200158002117166944e+01 0.000000000000000000e+00 0.000000000000000000e+00
3.270000000000000000e+02 5.207091776954479911e+01 2.000000000000000000e+00 0.000000000000000000e+00
3.280000000000000000e+02 5.083089852191582025e+01 1.000000000000000000e+00 0.000000000000000000e+00
3.290000000000000000e+02 5.188148908643597679e+01 0.000000000000000000e+00 0.000000000000000000e+00
3.300000000000000000e+02 5.376392252267349647e+01 0.000000000000000000e+00 0.000000000000000000e+00
3.310000000000000000e+02 5.284519981882075967e+01 2.000000000000000000e+00 0.000000000000000000e+00
3.320000000000000000e+02 5.321424706994511666e+01 0.000000000000000000e+00 0.000000000000000000e+00
3.330000000000000000e+02 5.512272709448388497e+01 0.000000000000000000e+00 0.000000000000000000e+00
3.340000000000000000e+02 5.477140648880832430e+01 0.000000000000000000e+00 0.000000000000000000e+00
3.350000000000000000e+02 5.617415318861758067e+01 0.000000000000000000e+00 0.000000000000000000e+00
3.360000000000000000e+02 5.620768351479121350e+01 1.000000000000000000e+00 0.000000000000000000e+00
3.370000000000000000e+02 5.712343309158800508e+01 0.000000000000000000e+00 0.000000000000000000e+00
3.380000000000000000e+02 5.693305960150167522e+01 0.000000000000000000e+00 0.000000000000000000e+00
3.390000000000000000e+02 5.679413822772902165e+01 2.000000000000000000e+00 0.000000000000000000e+00
3.400000000000000000e+02 5.853270449944861298e+01 0.000000000000000000e+00 0.000000000000000000e+00
3.410000000000000000e+02 5.714542986449146156e+01 1.000000000000000000e+00 0.000000000000000000e+00
3.420000000000000000e+02 6.039219878162101196e+01 0.000000000000000000e+00 0.000000000000000000e+00
3.430000000000000000e+02 6.123759169053313656e+01 1.000000000000000000e+00 0.000000000000000000e+00
3.440000000000000000e+02 6.046088657947831990e+01 0.000000000000000000e+00 0.000000000000000000e+00
3.450000000000000000e+02 5.920410216838632067e+01 2.000000000000000000e+00 0.000000000000000000e+00
3.460000000000000000e+02 5.960974607194830099e+01 1.000000000000000000e+00 0.000000000000000000e+00
3.470000000000000000e+02 6.001483604255871285e+01 0.000000000000000000e+00 0.000000000000000000e+00
3.480000000000000000e+02 5.968965755779116478e+01 2.000000000000000000e+00 0.000000000000000000e+00
3.490000000000000000e+02 5.825728702313936935e+01 2.000000000000000000e+00 0.000000000000000000e+00
3.500000000000000000e+02 5.883259651809451896e+01 0.000000000000000000e+00 0.000000000000000000e+00
3.510000000000000000e+02 5.953287138835951708e+01 0.000000000000000000e+00 0.000000000000000000e+00
3.520000000000000000e+02 6.060964338938428853e+01 0.000000000000000000e+00 0.000000000000000000e+00
3.530000000000000000e+02 5.928156976034382808e+01 2.000000000000000000e+00 0.000000000000000000e+00
3.540000000000000000e+02 6.037802870839502845e+01 0.000000000000000000e+00 0.000000000000000000e+00
3.550000000000000000e+02 5.911514558132846275e+01 2.000000000000000000e+00 0.000000000000000000e+00
3.560000000000000000e+02 5.970561133832693912e+01 2.000000000000000000e+00 0.000000000000000000e+00
3.570000000000000000e+02 5.917495354456561074e+01 0.000000000000000000e+00 0.000000000000000000e+00
3.580000000000000000e+02 5.877976251166221999e+01 2.000000000000000000e+00 0.000000000000000000e+00
3.590000000000000000e+02 5.905741271337611664e+01 2.000000000000000000e+00 0.000000000000000000e+00
3.600000000000000000e+02 5.859236329650715192e+01 1.000000000000000000e+00 0.000000000000000000e+00
3.610000000000000000e+02 5.771102238902235371e+01 1.000000000000000000e+00 0.000000000000000000e+00
3.620000000000000000e+02 5.855170971539894964e+01 1.000000000000000000e+00 0.000000000000000000e+00
3.630000000000000000e+02 5.985820749593241885e+01 0.000000000000000000e+00 0.000000000000000000e+00
3.640000000000000000e+02 5.744465716393062849e+01 2.000000000000000000e+00 0.000000000000000000e+00
3.650000000000000000e+02 5.825477145926291911e+01 0.000000000000000000e+00 0.000000000000000000e+00
3.660000000000000000e+02 5.930773978136159741e+01 1.000000000000000000e+00 0.000000000000000000e+00
3.670000000000000000e+02 5.688973232272481084e+01 1.000000000000000000e+00 0.000000000000000000e+00
3.680000000000000000e+02 5.955678719321232251e+01 1.000000000000000000e+00 0.000000000000000000e+00
3.690000000000000000e+02 5.906649176705543169e+01 1.000000000000000000e+00 0.000000000000000000e+00
3.700000000000000000e+02 5.926387113437344567e+01 0.000000000000000000e+00 0.000000000000000000e+00
3.710000000000000000e+02 5.858116432288855435e+01 2.000000000000000000e+00 0.000000000000000000e+00
3.720000000000000000e+02 5.994232931406666864e+01 0.000000000000000000e+00 0.000000000000000000e+00
3.730000000000000000e+02 6.167031676735653889e+01 0.000000000000000000e+00 0.000000000000000000e+00
3.740000000000000000e+02 6.029334302514961763e+01 2.000000000000000000e+00 0.000000000000000000e+00
3.750000000000000000e+02 5.845803030170093706e+01 2.000000000000000000e+00 0.000000000000000000e+00
3.760000000000000000e+02 5.740215216837396639e+01 2.000000000000000000e+00 0.000000000000000000e+00
3.770000000000000000e+02 5.866844506117806191e+01 1.000000000000000000e+00 0.000000000000000000e+00
3.780000000000000000e+02 5.956469075761270204e+01 0.000000000000000000e+00 0.000000000000000000e+00
3.790000000000000000e+02 5.994216109604138865e+01 0.000000000000000000e+00 0.000000000000000000e+00
3.800000000000000000e+02 5.974474243652098693e+01 1.000000000000000000e+00 0.000000000000000000e+00
3.810000000000000000e+02 5.955993051946934713e+01 1.000000000000000000e+00 0.000000000000000000e+00
3.820000000000000000e+02 5.875892594307195793e+01 2.000000000000000000e+00 0.000000000000000000e+00
3.830000000000000000e+02 5.978267194510082305e+01 0.000000000000000000e+00 0.000000000000000000e+00
3.840000000000000000e+02 5.897608871529996577e+01 2.000000000000000000e+00 0.000000000000000000e+00
3.850000000000000000e+02 5.734324814009584514e+01 1.000000000000000000e+00 0.000000000000000000e+00
3.860000000000000000e+02 5.994302318267985896e+01 0.000000000000000000e+00 0.000000000000000000e+00
3.870000000000000000e+02 6.177988074988297029e+01 0.000000000000000000e+00 0.000000000000000000e+00
3.880000000000000000e+02 6.119944779663872225e+01 1.000000000000000000e+00 0.000000000000000000e+00
3.890000000000000000e+02 6.162453924967933716e+01 0.000000000000000000e+00 0.000000000000000000e+00
3.900000000000000000e+02 6.150081238440892406e+01 2.000000000000000000e+00 0.000000000000000000e+00
3.910000000000000000e+02 5.957712057108710724e+01 2.000000000000000000e+00 0.000000000000000000e+00
3.920000000000000000e+02 5.997619737717713662e+01 0.000000000000000000e+00 0.000000000000000000e+00
3.930000000000000000e+02 5.868957689431967140e+01 2.000000000000000000e+00 0.000000000000000000e+00
3.940000000000000000e+02 6.106245966162702388e+01 0.000000000000000000e+00 0.000000000000000000e+00
3.950000000000000000e+02 6.253782590582522971e+01 0.000000000000000000e+00 0.000000000000000000e+00
3.960000000000000000e+02 6.137431061865513726e+01 1.000000000000000000e+00 0.000000000000000000e+00
3.970000000000000000e+02 5.989853242663750876e+01 2.000000000000000000e+00 0.000000000000000000e+00
3.980000000000000000e+02 6.077094992476943247e+01 1.000000000000000000e+00 0.000000000000000000e+00
3.990000000000000000e+02 6.169123821402842367e+01 0.000000000000000000e+00 0.000000000000000000e+00
4.000000000000000000e+02 6.263054390773338298e+01 0.000000000000000000e+00 0.000000000000000000e+00
4.010000000000000000e+02 6.230145224160666118e+01 1.000000000000000000e+00 0.000000000000000000e+00
4.020000000000000000e+02 6.366483647939600843e+01 0.000000000000000000e+00 0.000000000000000000e+00
4.030000000000000000e+02 6.405571980241498409e+01 0.000000000000000000e+00 0.000000000000000000e+00
4.040000000000000000e+02 6.399040718895582103e+01 2.000000000000000000e+00 0.000000000000000000e+00
4.050000000000000000e+02 6.408955502400925752e+01 0.000000000000000000e+00 0.000000000000000000e+00
4.060000000000000000e+02 6.470387643061080496e+01 0.000000000000000000e+00 0.000000000000000000e+00
4.070000000000000000e+02 6.708331267644003049e+01 0.000000000000000000e+00 0.000000000000000000e+00
4.080000000000000000e+02 6.756570172086436799e+01 0.000000000000000000e+00 0.000000000000000000e+00
4.090000000000000000e+02 6.713197191632779948e+01 1.000000000000000000e+00 0.000000000000000000e+00
4.100000000000000000e+02 6.885518135027216147e+01 1.000000000000000000e+00 0.000000000000000000e+00
4.110000000000000000e+02 6.957670326373295211e+01 0.000000000000000000e+00 0.000000000000000000e+00
4.120000000000000000e+02 7.037890474505579164e+01 1.000000000000000000e+00 0.000000000000000000e+00
4.130000000000000000e+02 6.944106515318283357e+01 0.000000000000000000e+00 0.000000000000000000e+00
4.140000000000000000e+02 7.035435270635693428e+01 1.000000000000000000e+00 0.000000000000000000e+00
4.150000000000000000e+02 6.916929361285205857e+01 1.000000000000000000e+00 0.000000000000000000e+00
4.160000000000000000e+02 7.022948516753437787e+01 0.000000000000000000e+00 0.000000000000000000e+00
4.170000000000000000e+02 7.035804040530544512e+01 1.000000000000000000e+00 0.000000000000000000e+00
4.180000000000000000e+02 7.090835756438532655e+01 2.000000000000000000e+00 0.000000000000000000e+00
4.190000000000000000e+02 7.107745418254432934e+01 0.000000000000000000e+00 0.000000000000000000e+00
4.200000000000000000e+02 7.085325655160056613e+01 0.000000000000000000e+00 0.000000000000000000e+00
4.210000000000000000e+02 7.000872556222024912e+01 2.000000000000000000e+00 0.000000000000000000e+00
4.220000000000000000e+02 6.962489258440727724e+01 1.000000000000000000e+00 0.000000000000000000e+00
4.230000000000000000e+02 7.123393533495433871e+01 1.000000000000000000e+00 0.000000000000000000e+00
4.240000000000000000e+02 7.122544527367222145e+01 1.000000000000000000e+00 0.000000000000000000e+00
4.250000000000000000e+02 7.045717715631948863e+01 1.000000000000000000e+00 0.000000000000000000e+00
4.260000000000000000e+02 7.268500646791267172e+01 0.000000000000000000e+00 0.000000000000000000e+00
4.270000000000000000e+02 7.182147636592901563e+01 2.000000000000000000e+00 0.000000000000000000e+00
4.280000000000000000e+02 7.272308147507841625e+01 0.000000000000000000e+00 0.000000000000000000e+00
4.290000000000000000e+02 7.123287374240075565e+01 2.000000000000000000e+00 0.000000000000000000e+00
4.300000000000000000e+02 7.121923642164939849e+01 2.000000000000000000e+00 0.000000000000000000e+00
4.310000000000000000e+02 6.882661207103039658e+01 2.000000000000000000e+00 0.000000000000000000e+00
4.320000000000000000e+02 6.893790382120043603e+01 2.000000000000000000e+00 0.000000000000000000e+00
4.330000000000000000e+02 6.921277315488069348e+01 0.000000000000000000e+00 0.000000000000000000e+00
4.340000000000000000e+02 7.007518519638213661e+01 0.000000000000000000e+00 0.000000000000000000e+00
4.350000000000000000e+02 6.877833490250409909e+01 2.000000000000000000e+00 0.000000000000000000e+00
4.360000000000000000e+02 6.831204921424728127e+01 0.000000000000000000e+00 0.000000000000000000e+00
4.370000000000000000e+02 7.009787760136184431e+01 0.000000000000000000e+00 0.000000000000000000e+00
4.380000000000000000e+02 7.191158828254373248e+01 0.000000000000000000e+00 0.000000000000000000e+00
4.390000000000000000e+02 7.290204406333839415e+01 1.000000000000000000e+00 0.000000000000000000e+00
4.400000000000000000e+02 7.342340847819993144e+01 0.000000000000000000e+00 0.000000000000000000e+00
4.410000000000000000e+02 7.439696450914553338e+01 0.000000000000000000e+00 0.000000000000000000e+00
4.420000000000000000e+02 7.318261691674226199e+01 1.000000000000000000e+00 0.000000000000000000e+00
4.430000000000000000e+02 7.185088577762701334e+01 2.000000000000000000e+00 0.000000000000000000e+00
4.440000000000000000e+02 7.430017832118329579e+01 0.000000000000000000e+00 0.000000000000000000e+00
4.450000000000000000e+02 7.518810961106608204e+01 0.000000000000000000e+00 0.000000000000000000e+00
4.460000000000000000e+02 7.432127458791438812e+01 2.000000000000000000e+00 0.000000000000000000e+00
4.470000000000000000e+02 7.532049359922235965e+01 0.000000000000000000e+00 0.000000000000000000e+00
4.480000000000000000e+02 7.395037427112501405e+01 2.000000000000000000e+00 0.000000000000000000e+00
4.490000000000000000e+02 7.337869001873619368e+01 2.000000000000000000e+00 0.000000000000000000e+00
4.500000000000000000e+02 7.358036827793615942e+01 2.000000000000000000e+00 0.000000000000000000e+00
4.510000000000000000e+02 7.273714665417089975e+01 0.000000000000000000e+00 0.000000000000000000e+00
4.520000000000000000e+02 7.346282430272702868e+01 1.000000000000000000e+00 0.000000000000000000e+00
4.530000000000000000e+02 7.521249113579706602e+01 0.000000000000000000e+00 0.000000000000000000e+00
4.540000000000000000e+02 7.372867272471661693e+01 1.000000000000000000e+00 0.000000000000000000e+00
4.550000000000000000e+02 7.416996201265760646e+01 1.000000000000000000e+00 0.000000000000000000e+00
4.560000000000000000e+02 7.489860918929524303e+01 0.000000000000000000e+00 0.000000000000000000e+00
4.570000000000000000e+02 7.493511023153496353e+01 1.000000000000000000e+00 0.000000000000000000e+00
4.580000000000000000e+02 7.313711586521111485e+01 2.000000000000000000e+00 0.000000000000000000e+00
4.590000000000000000e+02 7.448975395567038049e+01 1.000000000000000000e+00 0.000000000000000000e+00
4.600000000000000000e+02 7.537749849334593932e+01 0.000000000000000000e+00 0.000000000000000000e+00
4.610000000000000000e+02 7.532454390414903855e+01 1.000000000000000000e+00 0.000000000000000000e+00
4.620000000000000000e+02 7.726218639306623004e+01 0.000000000000000000e+00 0.000000000000000000e+00
4.630000000000000000e+02 7.552921195507246921e+01 2.000000000000000000e+00 0.000000000000000000e+00
4.640000000000000000e+02 7.296735260532804546e+01 2.000000000000000000e+00 0.000000000000000000e+00
4.650000000000000000e+02 7.485227273179147289e+01 0.000000000000000000e+00 0.000000000000000000e+00
4.660000000000000000e+02 7.624552126306086564e+01 0.000000000000000000e+00 0.000000000000000000e+00
4.670000000000000000e+02 7.544240199800906055e+01 2.000000000000000000e+00 0.000000000000000000e+00
4.680000000000000000e+02 7.560049939934442875e+01 0.000000000000000000e+00 0.000000000000000000e+00
4.690000000000000000e+02 7.589932933741349075e+01 1.000000000000000000e+00 0.000000000000000000e+00
4.700000000000000000e+02 7.541639626814479413e+01 2.000000000000000000e+00 0.000000000000000000e+00
4.710000000000000000e+02 7.596071309727545895e+01 1.000000000000000000e+00 0.000000000000000000e+00
4.720000000000000000e+02 7.532995280132981009e+01 1.000000000000000000e+00 0.000000000000000000e+00
4.730000000000000000e+02 7.475292066428963267e+01 1.000000000000000000e+00 0.000000000000000000e+00
4.740000000000000000e+02 7.702820554225613137e+01 0.000000000000000000e+00 0.000000000000000000e+00
4.750000000000000000e+02 7.566098001545731222e+01 2.000000000000000000e+00 0.000000000000000000e+00
4.760000000000000000e+02 7.747997111698037997e+01 0.000000000000000000e+00 0.000000000000000000e+00
4.770000000000000000e+02 7.638959148174656377e+01 0.000000000000000000e+00 0.000000000000000000e+00
4.780000000000000000e+02 7.578892738569491883e+01 2.000000000000000000e+00 0.000000000000000000e+00
4.790000000000000000e+02 7.739788592801845368e+01 1.000000000000000000e+00 0.000000000000000000e+00
4.800000000000000000e+02 7.492286145961051602e+01 2.000000000000000000e+00 0.000000000000000000e+00
4.810000000000000000e+02 7.615936319707714119e+01 0.000000000000000000e+00 0.000000000000000000e+00
4.820000000000000000e+02 7.521677540850008370e+01 2.000000000000000000e+00 0.000000000000000000e+00
4.830000000000000000e+02 7.520416020691340009e+01 2.000000000000000000e+00 0.000000000000000000e+00
4.840000000000000000e+02 7.521568220405086436e+01 0.000000000000000000e+00 0.000000000000000000e+00
4.850000000000000000e+02 7.729607999997385548e+01 0.000000000000000000e+00 0.000000000000000000e+00
4.860000000000000000e+02 7.646938272084632615e+01 0.000000000000000000e+00 0.000000000000000000e+00
4.870000000000000000e+02 7.697043964017973394e+01 2.000000000000000000e+00 0.000000000000000000e+00
4.880000000000000000e+02 7.525453424268405911e+01 0.000000000000000000e+00 0.000000000000000000e+00
4.890000000000000000e+02 7.606499528464340187e+01 2.000000000000000000e+00 0.000000000000000000e+00
4.900000000000000000e+02 7.729161235577863920e+01 0.000000000000000000e+00 0.000000000000000000e+00
4.910000000000000000e+02 7.678396763403381442e+01 0.000000000000000000e+00 0.000000000000000000e+00
4.920000000000000000e+02 7.938735979008846755e+01 0.000000000000000000e+00 0.000000000000000000e+00
4.930000000000000000e+02 7.999257629730746544e+01 0.000000000000000000e+00 0.000000000000000000e+00
4.940000000000000000e+02 8.156980579859417446e+01 0.000000000000000000e+00 0.000000000000000000e+00
4.950000000000000000e+02 8.293464264028114030e+01 0.000000000000000000e+00 0.000000000000000000e+00
4.960000000000000000e+02 8.145892381643099611e+01 1.000000000000000000e+00 0.000000000000000000e+00
4.970000000000000000e+02 8.238062663667210472e+01 1.000000000000000000e+00 0.000000000000000000e+00
4.980000000000000000e+02 8.323757731863243237e+01 0.000000000000000000e+00 0.000000000000000000e+00
4.990000000000000000e+02 8.130571325124550697e+01 2.000000000000000000e+00 0.000000000000000000e+00
5.000000000000000000e+02 8.422329284534428950e+01 0.000000000000000000e+00 0.000000000000000000e+00
5.010000000000000000e+02 8.329200991715110547e+01 1.000000000000000000e+00 0.000000000000000000e+00
5.020000000000000000e+02 8.456128527918409077e+01 0.000000000000000000e+00 0.000000000000000000e+00
5.030000000000000000e+02 8.418702515835695976e+01 1.000000000000000000e+00 0.000000000000000000e+00
5.040000000000000000e+02 8.474301243898995040e+01 0.000000000000000000e+00 0.000000000000000000e+00
5.050000000000000000e+02 8.749536962033032239e+01 0.000000000000000000e+00 0.000000000000000000e+00
5.060000000000000000e+02 8.323072724096792285e+01 2.000000000000000000e+00 0.000000000000000000e+00
5.070000000000000000e+02 8.367000657865679614e+01 2.000000000000000000e+00 0.000000000000000000e+00
5.080000000000000000e+02 8.469278340740073929e+01 0.000000000000000000e+00 0.000000000000000000e+00
5.090000000000000000e+02 8.410603500017344913e+01 2.000000000000000000e+00 0.000000000000000000e+00
5.100000000000000000e+02 8.377125112359848913e+01 2.000000000000000000e+00 0.000000000000000000e+00
5.110000000000000000e+02 8.521385484320040860e+01 0.000000000000000000e+00 0.000000000000000000e+00
5.120000000000000000e+02 8.378610066002649148e+01 1.000000000000000000e+00 0.000000000000000000e+00
5.130000000000000000e+02 8.200681909519516921e+01 2.000000000000000000e+00 0.000000000000000000e+00
5.140000000000000000e+02 8.224904902456044908e+01 1.000000000000000000e+00 0.000000000000000000e+00
5.150000000000000000e+02 8.463278011087609798e+01 0.000000000000000000e+00 0.000000000000000000e+00
5.160000000000000000e+02 8.312295255522855086e+01 1.000000000000000000e+00 0.000000000000000000e+00
5.170000000000000000e+02 8.450317918348272883e+01 0.000000000000000000e+00 0.000000000000000000e+00
5.180000000000000000e+02 8.388628792761224418e+01 2.000000000000000000e+00 0.000000000000000000e+00
5.190000000000000000e+02 8.427444015953393830e+01 0.000000000000000000e+00 0.000000000000000000e+00
5.200000000000000000e+02 8.426909499098201195e+01 2.000000000000000000e+00 0.000000000000000000e+00
5.210000000000000000e+02 8.560816997746366042e+01 0.000000000000000000e+00 0.000000000000000000e+00
5.220000000000000000e+02 8.511539303140165202e+01 1.000000000000000000e+00 0.000000000000000000e+00
5.230000000000000000e+02 8.484227984748656581e+01 1.000000000000000000e+00 0.000000000000000000e+00
5.240000000000000000e+02 8.368083875854719622e+01 2.000000000000000000e+00 0.000000000000000000e+00
5.250000000000000000e+02 8.459733917605024089e+01 0.000000000000000000e+00 0.000000000000000000e+00
5.260000000000000000e+02 8.759196760354461730e+01 0.000000000000000000e+00 0.000000000000000000e+00
5.270000000000000000e+02 8.535898105183095197e+01 1.000000000000000000e+00 0.000000000000000000e+00
5.280000000000000000e+02 8.753102949099792340e+01 1.000000000000000000e+00 0.000000000000000000e+00
5.290000000000000000e+02 8.665272595073000161e+01 0.000000000000000000e+00 0.000000000000000000e+00
5.300000000000000000e+02 8.651401538608061514e+01 1.000000000000000000e+00 0.000000000000000000e+00
5.310000000000000000e+02 8.674461044826044542e+01 1.000000000000000000e+00 0.000000000000000000e+00
5.320000000000000000e+02 8.715169337052357434e+01 0.000000000000000000e+00 0.000000000000000000e+00
5.330000000000000000e+02 8.777554784911050945e+01 2.000000000000000000e+00 0.000000000000000000e+00
5.340000000000000000e+02 8.781417047453339819e+01 0.000000000000000000e+00 0.000000000000000000e+00
5.350000000000000000e+02 8.778930883979910504e+01 1.000000000000000000e+00 0.000000000000000000e+00
5.360000000000000000e+02 8.742257450430170707e+01 0.000000000000000000e+00 0.000000000000000000e+00
5.370000000000000000e+02 8.884650953229183301e+01 1.000000000000000000e+00 0.000000000000000000e+00
5.380000000000000000e+02 8.910958032402965046e+01 2.000000000000000000e+00 0.000000000000000000e+00
5.390000000000000000e+02 8.804002982270769451e+01 2.000000000000000000e+00 0.000000000000000000e+00
5.400000000000000000e+02 8.737126189065111248e+01 0.000000000000000000e+00 0.000000000000000000e+00
5.410000000000000000e+02 8.937140006144571203e+01 0.000000000000000000e+00 0.000000000000000000e+00
5.420000000000000000e+02 8.787538201187193465e+01 2.000000000000000000e+00 0.000000000000000000e+00
5.430000000000000000e+02 8.750285324558647915e+01 1.000000000000000000e+00 0.000000000000000000e+00
5.440000000000000000e+02 8.855782570836451839e+01 0.000000000000000000e+00 0.000000000000000000e+00
5.450000000000000000e+02 8.842479282300064369e+01 1.000000000000000000e+00 0.000000000000000000e+00
5.460000000000000000e+02 8.794085808478676825e+01 2.000000000000000000e+00 0.000000000000000000e+00
5.470000000000000000e+02 8.716002285864740884e+01 2.000000000000000000e+00 0.000000000000000000e+00
5.480000000000000000e+02 8.824140667095538504e+01 0.000000000000000000e+00 0.000000000000000000e+00
5.490000000000000000e+02 8.849971578316166188e+01 0.000000000000000000e+00 0.000000000000000000e+00
5.500000000000000000e+02 8.878658217725313762e+01 1.000000000000000000e+00 0.000000000000000000e+00
5.510000000000000000e+02 9.053631357773430466e+01 0.000000000000000000e+00 0.000000000000000000e+00
5.520000000000000000e+02 9.217935486996630345e+01 0.000000000000000000e+00 0.000000000000000000e+00
5.530000000000000000e+02 9.085005857505100835e+01 1.000000000000000000e+00 0.000000000000000000e+00
5.540000000000000000e+02 9.291291434570950969e+01 0.000000000000000000e+00 0.000000000000000000e+00
5.550000000000000000e+02 9.375496968628378625e+01 0.000000000000000000e+00 0.000000000000000000e+00
5.560000000000000000e+02 9.267197642974991822e+01 2.000000000000000000e+00 0.000000000000000000e+00
5.570000000000000000e+02 9.060239137850889790e+01 2.000000000000000000e+00 0.000000000000000000e+00
5.580000000000000000e+02 9.264610323571480421e+01 0.000000000000000000e+00 0.000000000000000000e+00
5.590000000000000000e+02 9.226733329098527747e+01 1.000000000000000000e+00 0.000000000000000000e+00
5.600000000000000000e+02 9.357094210070037832e+01 0.000000000000000000e+00 0.000000000000000000e+00
5.610000000000000000e+02 9.168257122126425429e+01 2.000000000000000000e+00 0.000000000000000000e+00
5.620000000000000000e+02 9.357908179851581565e+01 0.000000000000000000e+00 0.000000000000000000e+00
5.630000000000000000e+02 9.220296937440755869e+01 1.000000000000000000e+00 0.000000000000000000e+00
5.640000000000000000e+02 9.443033691536385277e+01 0.000000000000000000e+00 0.000000000000000000e+00
5.650000000000000000e+02 9.292551443560748226e+01 2.000000000000000000e+00 0.000000000000000000e+00
5.660000000000000000e+02 9.325873128362411535e+01 1.000000000000000000e+00 0.000000000000000000e+00
5.670000000000000000e+02 9.494211791354803154e+01 0.000000000000000000e+00 0.000000000000000000e+00
5.680000000000000000e+02 9.429395851821433894e+01 2.000000000000000000e+00 0.000000000000000000e+00
5.690000000000000000e+02 9.392917746768291920e+01 0.000000000000000000e+00 0.000000000000000000e+00
5.700000000000000000e+02 9.601897351466075747e+01 0.000000000000000000e+00 0.000000000000000000e+00
5.710000000000000000e+02 9.609826859553848522e+01 0.000000000000000000e+00 0.000000000000000000e+00
5.720000000000000000e+02 9.666103796571619000e+01 0.000000000000000000e+00 0.000000000000000000e+00
5.730000000000000000e+02 9.634052233966407641e+01 1.000000000000000000e+00 0.000000000000000000e+00
5.740000000000000000e+02 9.893316806604255476e+01 0.000000000000000000e+00 0.000000000000000000e+00
5.750000000000000000e+02 9.822684638485350206e+01 0.000000000000000000e+00 0.000000000000000000e+00
5.760000000000000000e+02 1.003818759569157351e+02 0.000000000000000000e+00 0.000000000000000000e+00
5.770000000000000000e+02 9.949142918571617145e+01 0.000000000000000000e+00 0.000000000000000000e+00
5.780000000000000000e+02 1.019827408788925140e+02 1.000000000000000000e+00 0.000000000000000000e+00
5.790000000000000000e+02 1.026004948591662895e+02 0.000000000000000000e+00 0.000000000000000000e+00
5.800000000000000000e+02 9.967953460959539314e+01 2.000000000000000000e+00 0.000000000000000000e+00
5.810000000000000000e+02 1.006687421937818385e+02 0.000000000000000000e+00 0.000000000000000000e+00
5.820000000000000000e+02 1.016524348417758290e+02 0.000000000000000000e+00 0.000000000000000000e+00
5.830000000000000000e+02 1.028549059452240186e+02 1.000000000000000000e+00 0.000000000000000000e+00
5.840000000000000000e+02 1.014789301604072307e+02 2.000000000000000000e+00 0.000000000000000000e+00
5.850000000000000000e+02 1.041234818959926685e+02 0.000000000000000000e+00 0.000000000000000000e+00
5.860000000000000000e+02 1.023304214191263668e+02 1.000000000000000000e+00 0.000000000000000000e+00
5.870000000000000000e+02 1.037355791860651095e+02 1.000000000000000000e+00 0.000000000000000000e+00
5.880000000000000000e+02 1.043276487813370323e+02 0.000000000000000000e+00 0.000000000000000000e+00
5.890000000000000000e+02 1.031311904403732314e+02 2.000000000000000000e+00 0.000000000000000000e+00
5.900000000000000000e+02 1.046514491839050152e+02 0.000000000000000000e+00 0.000000000000000000e+00
5.910000000000000000e+02 1.027569407590114992e+02 2.000000000000000000e+00 0.000000000000000000e+00
5.920000000000000000e+02 1.049398339589605058e+02 0.000000000000000000e+00 0.000000000000000000e+00
5.930000000000000000e+02 1.047642882907836963e+02 1.000000000000000000e+00 0.000000000000000000e+00
5.940000000000000000e+02 1.035878902450178174e+02 1.000000000000000000e+00 0.000000000000000000e+00
5.950000000000000000e+02 1.017115753645310861e+02 2.000000000000000000e+00 0.000000000000000000e+00
5.960000000000000000e+02 1.025612028846610571e+02 1.000000000000000000e+00 0.000000000000000000e+00
5.970000000000000000e+02 1.042213729680835428e+02 0.000000000000000000e+00 0.000000000000000000e+00
5.980000000000000000e+02 1.047829697496131871e+02 1.000000000000000000e+00 0.000000000000000000e+00
5.990000000000000000e+02 1.017197506483772571e+02 2.000000000000000000e+00 0.000000000000000000e+00
6.000000000000000000e+02 1.031846383183029019e+02 0.000000000000000000e+00 0.000000000000000000e+00
6.010000000000000000e+02 1.021958400040991677e+02 2.000000000000000000e+00 0.000000000000000000e+00
6.020000000000000000e+02 1.052420087723549642e+02 0.000000000000000000e+00 0.000000000000000000e+00
6.030000000000000000e+02 1.026528872582021847e+02 2.000000000000000000e+00 0.000000000000000000e+00
6.040000000000000000e+02 1.041618057304272043e+02 0.000000000000000000e+00 0.000000000000000000e+00
6.050000000000000000e+02 1.048607750152830675e+02 1.000000000000000000e+00 0.000000000000000000e+00
6.060000000000000000e+02 1.053668878574715393e+02 1.000000000000000000e+00 0.000000000000000000e+00
6.070000000000000000e+02 1.044779586728935215e+02 0.000000000000000000e+00 0.000000000000000000e+00
6.080000000000000000e+02 1.058591127875102416e+02 0.000000000000000000e+00 0.000000000000000000e+00
6.090000000000000000e+02 1.048551956043075535e+02 2.000000000000000000e+00 0.000000000000000000e+00
6.100000000000000000e+02 1.065916142842003467e+02 0.000000000000000000e+00 0.000000000000000000e+00
6.110000000000000000e+02 1.068424937273767910e+02 0.000000000000000000e+00 0.000000000000000000e+00
6.120000000000000000e+02 1.056202758540028555e+02 2.000000000000000000e+00 0.000000000000000000e+00
6.130000000000000000e+02 1.056796753713717720e+02 2.000000000000000000e+00 0.000000000000000000e+00
6.140000000000000000e+02 1.039536562847851116e+02 1.000000000000000000e+00 0.000000000000000000e+00
6.150000000000000000e+02 1.044948779727056092e+02 0.000000000000000000e+00 0.000000000000000000e+00
6.160000000000000000e+02 1.086793452457072249e+02 0.000000000000000000e+00 0.000000000000000000e+00
6.170000000000000000e+02 1.081621758231310793e+02 0.000000000000000000e+00 0.000000000000000000e+00
6.180000000000000000e+02 1.092523782798583198e+02 0.000000000000000000e+00 0.000000000000000000e+00
6.190000000000000000e+02 1.077683223149341671e+02 2.000000000000000000e+00 0.000000000000000000e+00
6.200000000000000000e+02 1.079603275162333063e+02 1.000000000000000000e+00 0.000000000000000000e+00
6.210000000000000000e+02 1.077644368146322194e+02 0.000000000000000000e+00 0.000000000000000000e+00
6.220000000000000000e+02 1.100407538117855211e+02 0.000000000000000000e+00 0.000000000000000000e+00
6.230000000000000000e+02 1.098185141368001183e+02 2.000000000000000000e+00 0.000000000000000000e+00
6.240000000000000000e+02 1.080735920039959836e+02 2.000000000000000000e+00 0.000000000000000000e+00
6.250000000000000000e+02 1.094002117450867502e+02 0.000000000000000000e+00 0.000000000000000000e+00
6.260000000000000000e+02 1.099697963644249228e+02 0.000000000000000000e+00 0.000000000000000000e+00
6.270000000000000000e+02 1.081533120488576998e+02 2.000000000000000000e+00 0.000000000000000000e+00
6.280000000000000000e+02 1.091505340848075605e+02 1.000000000000000000e+00 0.000000000000000000e+00
6.290000000000000000e+02 1.087739225209253107e+02 1.000000000000000000e+00 0.000000000000000000e+00
6.300000000000000000e+02 1.096943500791558677e+02 1.000000000000000000e+00 0.000000000000000000e+00
6.310000000000000000e+02 1.076387620639821847e+02 0.000000000000000000e+00 0.000000000000000000e+00
6.320000000000000000e+02 1.123669029732345876e+02 0.000000000000000000e+00 0.000000000000000000e+00
6.330000000000000000e+02 1.138240538633163652e+02 0.000000000000000000e+00 0.000000000000000000e+00
6.340000000000000000e+02 1.116970020954807268e+02 2.000000000000000000e+00 0.000000000000000000e+00
6.350000000000000000e+02 1.110342823492207174e+02 1.000000000000000000e+00 0.000000000000000000e+00
6.360000000000000000e+02 1.109167814494172148e+02 1.000000000000000000e+00 0.000000000000000000e+00
6.370000000000000000e+02 1.078796817054043089e+02 2.000000000000000000e+00 0.000000000000000000e+00
6.380000000000000000e+02 1.122845006779663208e+02 0.000000000000000000e+00 0.000000000000000000e+00
6.390000000000000000e+02 1.112647392581240950e+02 1.000000000000000000e+00 0.000000000000000000e+00
6.400000000000000000e+02 1.107058449086055703e+02 0.000000000000000000e+00 0.000000000000000000e+00
6.410000000000000000e+02 1.102287584517558372e+02 2.000000000000000000e+00 0.000000000000000000e+00
6.420000000000000000e+02 1.115367507907125884e+02 0.000000000000000000e+00 0.000000000000000000e+00
6.430000000000000000e+02 1.103698763364884741e+02 2.000000000000000000e+00 0.000000000000000000e+00
6.440000000000000000e+02 1.122660179941474468e+02 0.000000000000000000e+00 0.000000000000000000e+00
6.450000000000000000e+02 1.129781969957394949e+02 2.000000000000000000e+00 0.000000000000000000e+00
6.460000000000000000e+02 1.123758739491568690e+02 0.000000000000000000e+00 0.000000000000000000e+00
6.470000000000000000e+02 1.118806282041005460e+02 0.000000000000000000e+00 0.000000000000000000e+00
6.480000000000000000e+02 1.116797057471001864e+02 2.000000000000000000e+00 0.000000000000000000e+00
6.490000000000000000e+02 1.109913544193325663e+02 1.000000000000000000e+00 0.000000000000000000e+00
6.500000000000000000e+02 1.110663259989423608e+02 1.000000000000000000e+00 0.000000000000000000e+00
6.510000000000000000e+02 1.100868736664668432e+02 2.000000000000000000e+00 0.000000000000000000e+00
6.520000000000000000e+02 1.109385306984603687e+02 1.000000000000000000e+00 0.000000000000000000e+00
6.530000000000000000e+02 1.107864018034274096e+02 0.000000000000000000e+00 0.000000000000000000e+00
6.540000000000000000e+02 1.119680984225737177e+02 2.000000000000000000e+00 0.000000000000000000e+00
6.550000000000000000e+02 1.124755962775560079e+02 0.000000000000000000e+00 0.000000000000000000e+00
6.560000000000000000e+02 1.135016146891814657e+02 0.000000000000000000e+00 0.000000000000000000e+00
6.570000000000000000e+02 1.139769556566258757e+02 0.000000000000000000e+00 0.000000000000000000e+00
6.580000000000000000e+02 1.132097224255791872e+02 2.000000000000000000e+00 0.000000000000000000e+00
6.590000000000000000e+02 1.115871863669505331e+02 2.000000000000000000e+00 0.000000000000000000e+00
6.600000000000000000e+02 1.091914333546234843e+02 2.000000000000000000e+00 0.000000000000000000e+00
6.610000000000000000e+02 1.119788037207410696e+02 0.000000000000000000e+00 0.000000000000000000e+00
6.620000000000000000e+02 1.125885555969055503e+02 1.000000000000000000e+00 0.000000000000000000e+00
6.630000000000000000e+02 1.108826904363696428e+02 2.000000000000000000e+00 0.000000000000000000e+00
6.640000000000000000e+02 1.110388206224647121e+02 0.000000000000000000e+00 0.000000000000000000e+00
6.650000000000000000e+02 1.124476875593387746e+02 1.000000000000000000e+00 0.000000000000000000e+00
6.660000000000000000e+02 1.109714382534688468e+02 2.000000000000000000e+00 0.000000000000000000e+00
6.670000000000000000e+02 1.125242177549114189e+02 0.000000000000000000e+00 0.000000000000000000e+00
6.680000000000000000e+02 1.127048045362293749e+02 2.000000000000000000e+00 0.000000000000000000e+00
6.690000000000000000e+02 1.129188990052878694e+02 0.000000000000000000e+00 0.000000000000000000e+00
6.700000000000000000e+02 1.139088740928823285e+02 0.000000000000000000e+00 0.000000000000000000e+00
6.710000000000000000e+02 1.119633637970503486e+02 2.000000000000000000e+00 0.000000000000000000e+00
6.720000000000000000e+02 1.120729225543236112e+02 1.000000000000000000e+00 0.000000000000000000e+00
6.730000000000000000e+02 1.107106835196167793e+02 2.000000000000000000e+00 0.000000000000000000e+00
6.740000000000000000e+02 1.111694851300881481e+02 0.000000000000000000e+00 0.000000000000000000e+00
6.750000000000000000e+02 1.105676589063508288e+02 2.000000000000000000e+00 0.000000000000000000e+00
6.760000000000000000e+02 1.105321059437623887e+02 1.000000000000000000e+00 0.000000000000000000e+00
6.770000000000000000e+02 1.108529214103075873e+02 2.000000000000000000e+00 0.000000000000000000e+00
6.780000000000000000e+02 1.088037455335908703e+02 1.000000000000000000e+00 0.000000000000000000e+00
6.790000000000000000e+02 1.113397953986194295e+02 0.000000000000000000e+00 0.000000000000000000e+00
6.800000000000000000e+02 1.103829437180146158e+02 0.000000000000000000e+00 0.000000000000000000e+00
6.810000000000000000e+02 1.140228712479582640e+02 0.000000000000000000e+00 0.000000000000000000e+00
6.820000000000000000e+02 1.126919966065906920e+02 1.000000000000000000e+00 0.000000000000000000e+00
6.830000000000000000e+02 1.137754846885693354e+02 0.000000000000000000e+00 0.000000000000000000e+00
6.840000000000000000e+02 1.147856886054901082e+02 1.000000000000000000e+00 0.000000000000000000e+00
6.850000000000000000e+02 1.142548901940122192e+02 1.000000000000000000e+00 0.000000000000000000e+00
6.860000000000000000e+02 1.139264059756798559e+02 1.000000000000000000e+00 0.000000000000000000e+00
6.870000000000000000e+02 1.142554601231103391e+02 1.000000000000000000e+00 0.000000000000000000e+00
6.880000000000000000e+02 1.137909843078502661e+02 0.000000000000000000e+00 0.000000000000000000e+00
6.890000000000000000e+02 1.127317421408310025e+02 2.000000000000000000e+00 0.000000000000000000e+00
6.900000000000000000e+02 1.125481453767674509e+02 2.000000000000000000e+00 0.000000000000000000e+00
6.910000000000000000e+02 1.133318383299144330e+02 0.000000000000000000e+00 0.000000000000000000e+00
6.920000000000000000e+02 1.139415498219183007e+02 2.000000000000000000e+00 0.000000000000000000e+00
6.930000000000000000e+02 1.144154177489998574e+02 0.000000000000000000e+00 0.000000000000000000e+00
6.940000000000000000e+02 1.136316560647189391e+02 2.000000000000000000e+00 0.000000000000000000e+00
6.950000000000000000e+02 1.133403064899356707e+02 0.000000000000000000e+00 0.000000000000000000e+00
6.960000000000000000e+02 1.114296285328515239e+02 2.000000000000000000e+00 0.000000000000000000e+00
6.970000000000000000e+02 1.138229229580828701e+02 0.000000000000000000e+00 0.000000000000000000e+00
6.980000000000000000e+02 1.141109243517170455e+02 0.000000000000000000e+00 0.000000000000000000e+00
6.990000000000000000e+02 1.155012316298124802e+02 0.000000000000000000e+00 0.000000000000000000e+00
7.000000000000000000e+02 1.152835215802309250e+02 2.000000000000000000e+00 0.000000000000000000e+00
7.010000000000000000e+02 1.160725847838833857e+02 0.000000000000000000e+00 0.000000000000000000e+00
7.020000000000000000e+02 1.168185660551250464e+02 1.000000000000000000e+00 0.000000000000000000e+00
7.030000000000000000e+02 1.179406255137442940e+02 0.000000000000000000e+00 0.000000000000000000e+00
7.040000000000000000e+02 1.168008871179724224e+02 2.000000000000000000e+00 0.000000000000000000e+00
7.050000000000000000e+02 1.167540955707662960e+02 0.000000000000000000e+00 0.000000000000000000e+00
7.060000000000000000e+02 1.185823725456202880e+02 0.000000000000000000e+00 0.000000000000000000e+00
7.070000000000000000e+02 1.166661073409105427e+02 2.000000000000000000e+00 0.000000000000000000e+00
7.080000000000000000e+02 1.172533958477048657e+02 0.000000000000000000e+00 0.000000000000000000e+00
7.090000000000000000e+02 1.183766484208591265e+02 2.000000000000000000e+00 0.000000000000000000e+00
7.100000000000000000e+02 1.184103573277177190e+02 0.000000000000000000e+00 0.000000000000000000e+00
7.110000000000000000e+02 1.188144621846446967e+02 2.000000000000000000e+00 0.000000000000000000e+00
7.120000000000000000e+02 1.176685696608311673e+02 0.000000000000000000e+00 0.000000000000000000e+00
7.130000000000000000e+02 1.179482400067147836e+02 0.000000000000000000e+00 0.000000000000000000e+00
7.140000000000000000e+02 1.191111739380631462e+02 0.000000000000000000e+00 0.000000000000000000e+00
7.150000000000000000e+02 1.197114965883492488e+02 0.000000000000000000e+00 0.000000000000000000e+00
7.160000000000000000e+02 1.211474521370938078e+02 0.000000000000000000e+00 0.000000000000000000e+00
7.170000000000000000e+02 1.215609386914179311e+02 1.000000000000000000e+00 0.000000000000000000e+00
7.180000000000000000e+02 1.207261400697949512e+02 2.000000000000000000e+00 0.000000000000000000e+00
7.190000000000000000e+02 1.199224159698106149e+02 2.000000000000000000e+00 0.000000000000000000e+00
7.200000000000000000e+02 1.196746350286622373e+02 2.000000000000000000e+00 0.000000000000000000e+00
7.210000000000000000e+02 1.178193770029811844e+02 2.000000000000000000e+00 0.000000000000000000e+00
7.220000000000000000e+02 1.202552588092771657e+02 0.000000000000000000e+00 0.000000000000000000e+00
7.230000000000000000e+02 1.202093927879529076e+02 0.000000000000000000e+00 0.000000000000000000e+00
7.240000000000000000e+02 1.201932201452972748e+02 1.000000000000000000e+00 0.000000000000000000e+00
7.250000000000000000e+02 1.193399002469296875e+02 1.000000000000000000e+00 0.000000000000000000e+00
7.260000000000000000e+02 1.212013660983668757e+02 0.000000000000000000e+00 0.000000000000000000e+00
7.270000000000000000e+02 1.202052334301801437e+02 1.000000000000000000e+00 0.000000000000000000e+00
7.280000000000000000e+02 1.195869903509755403e+02 2.000000000000000000e+00 0.000000000000000000e+00
7.290000000000000000e+02 1.203490819591616088e+02 0.000000000000000000e+00 0.000000000000000000e+00
7.300000000000000000e+02 1.190835812703312371e+02 2.000000000000000000e+00 0.000000000000000000e+00
7.310000000000000000e+02 1.219699273225765097e+02 0.000000000000000000e+00 0.000000000000000000e+00
7.320000000000000000e+02 1.222284025129397946e+02 0.000000000000000000e+00 0.000000000000000000e+00
7.330000000000000000e+02 1.218936252999979786e+02 0.000000000000000000e+00 0.000000000000000000e+00
7.340000000000000000e+02 1.232446532033782773e+02 0.000000000000000000e+00 0.000000000000000000e+00
7.350000000000000000e+02 1.245531301105784365e+02 2.000000000000000000e+00 0.000000000000000000e+00
7.360000000000000000e+02 1.228829481767159990e+02 2.000000000000000000e+00 0.000000000000000000e+00
7.370000000000000000e+02 1.209660677250964795e+02 2.000000000000000000e+00 0.000000000000000000e+00
7.380000000000000000e+02 1.215505029844615450e+02 0.000000000000000000e+00 0.000000000000000000e+00
7.390000000000000000e+02 1.218114750105987696e+02 2.000000000000000000e+00 0.000000000000000000e+00
7.400000000000000000e+02 1.215305707548833851e+02 0.000000000000000000e+00 0.000000000000000000e+00
7.410000000000000000e+02 1.215150964883215323e+02 2.000000000000000000e+00 0.000000000000000000e+00
7.420000000000000000e+02 1.215615250596952706e+02 0.000000000000000000e+00 0.000000000000000000e+00
7.430000000000000000e+02 1.221621676020541400e+02 1.000000000000000000e+00 0.000000000000000000e+00
7.440000000000000000e+02 1.237811922948495180e+02 1.000000000000000000e+00 0.000000000000000000e+00
7.450000000000000000e+02 1.227072689206596721e+02 1.000000000000000000e+00 0.000000000000000000e+00
7.460000000000000000e+02 1.241362413448548239e+02 0.000000000000000000e+00 0.000000000000000000e+00
7.470000000000000000e+02 1.226092835203340172e+02 2.000000000000000000e+00 0.000000000000000000e+00
7.480000000000000000e+02 1.242241690793496787e+02 0.000000000000000000e+00 0.000000000000000000e+00
7.490000000000000000e+02 1.225583911028643485e+02 0.000000000000000000e+00 0.000000000000000000e+00
7.500000000000000000e+02 1.229025171783013093e+02 2.000000000000000000e+00 0.000000000000000000e+00
7.510000000000000000e+02 1.230927494840940852e+02 0.000000000000000000e+00 0.000000000000000000e+00
7.520000000000000000e+02 1.254656402777986699e+02 0.000000000000000000e+00 0.000000000000000000e+00
7.530000000000000000e+02 1.248715293561630517e+02 1.000000000000000000e+00 0.000000000000000000e+00
7.540000000000000000e+02 1.246402798094241433e+02 1.000000000000000000e+00 0.000000000000000000e+00
7.550000000000000000e+02 1.233031725746865277e+02 2.000000000000000000e+00 0.000000000000000000e+00
7.560000000000000000e+02 1.260978238895227150e+02 0.000000000000000000e+00 0.000000000000000000e+00
7.570000000000000000e+02 1.255973726117920819e+02 1.000000000000000000e+00 0.000000000000000000e+00
7.580000000000000000e+02 1.248353949496800936e+02 0.000000000000000000e+00 0.000000000000000000e+00
7.590000000000000000e+02 1.246623780253226812e+02 2.000000000000000000e+00 0.000000000000000000e+00
7.600000000000000000e+02 1.244759659492909094e+02 0.000000000000000000e+00 0.000000000000000000e+00
7.610000000000000000e+02 1.276424243867621726e+02 0.000000000000000000e+00 0.000000000000000000e+00
7.620000000000000000e+02 1.264781117839160913e+02 1.000000000000000000e+00 0.000000000000000000e+00
7.630000000000000000e+02 1.287477432456580857e+02 0.000000000000000000e+00 0.000000000000000000e+00
7.640000000000000000e+02 1.290470735339620774e+02 0.000000000000000000e+00 0.000000000000000000e+00
7.650000000000000000e+02 1.273037715188156653e+02 2.000000000000000000e+00 0.000000000000000000e+00
7.660000000000000000e+02 1.292496329267628425e+02 0.000000000000000000e+00 0.000000000000000000e+00
7.670000000000000000e+02 1.281291596871060960e+02 2.000000000000000000e+00 0.000000000000000000e+00
7.680000000000000000e+02 1.291944867599047768e+02 0.000000000000000000e+00 0.000000000000000000e+00
7.690000000000000000e+02 1.265797391042326865e+02 2.000000000000000000e+00 0.000000000000000000e+00
7.700000000000000000e+02 1.289674350045466156e+02 0.000000000000000000e+00 0.000000000000000000e+00
7.710000000000000000e+02 1.280117349719572530e+02 1.000000000000000000e+00 0.000000000000000000e+00
7.720000000000000000e+02 1.299019328376247699e+02 0.000000000000000000e+00 0.000000000000000000e+00
7.730000000000000000e+02 1.282272504560117738e+02 2.000000000000000000e+00 0.000000000000000000e+00
7.740000000000000000e+02 1.306093083823434995e+02 0.000000000000000000e+00 0.000000000000000000e+00
7.750000000000000000e+02 1.293261652086854951e+02 2.000000000000000000e+00 0.000000000000000000e+00
7.760000000000000000e+02 1.281130301290016291e+02 2.000000000000000000e+00 0.000000000000000000e+00
7.770000000000000000e+02 1.280152555204967939e+02 2.000000000000000000e+00 0.000000000000000000e+00
7.780000000000000000e+02 1.283174915844223563e+02 0.000000000000000000e+00 0.000000000000000000e+00
7.790000000000000000e+02 1.299375804647162340e+02 0.000000000000000000e+00 0.000000000000000000e+00
7.800000000000000000e+02 1.307346543753645278e+02 0.000000000000000000e+00 0.000000000000000000e+00
7.810000000000000000e+02 1.295746347635113978e+02 0.000000000000000000e+00 0.000000000000000000e+00
7.820000000000000000e+02 1.307716839113718663e+02 2.000000000000000000e+00 0.000000000000000000e+00
7.830000000000000000e+02 1.285889965293157218e+02 2.000000000000000000e+00 0.000000000000000000e+00
7.840000000000000000e+02 1.282895635820709686e+02 2.000000000000000000e+00 0.000000000000000000e+00
7.850000000000000000e+02 1.286972548178856641e+02 0.000000000000000000e+00 0.000000000000000000e+00
7.860000000000000000e+02 1.283303400810609958e+02 2.000000000000000000e+00 0.000000000000000000e+00
7.870000000000000000e+02 1.259292487471845021e+02 2.000000000000000000e+00 0.000000000000000000e+00
7.880000000000000000e+02 1.279840315582228527e+02 0.000000000000000000e+00 0.000000000000000000e+00
7.890000000000000000e+02 1.269394458380165531e+02 2.000000000000000000e+00 0.000000000000000000e+00
7.900000000000000000e+02 1.271022403079833651e+02 0.000000000000000000e+00 0.000000000000000000e+00
7.910000000000000000e+02 1.277916836682440334e+02 1.000000000000000000e+00 0.000000000000000000e+00
7.920000000000000000e+02 1.279486180214090183e+02 1.000000000000000000e+00 0.000000000000000000e+00
7.930000000000000000e+02 1.283368834531186451e+02 0.000000000000000000e+00 0.000000000000000000e+00
7.940000000000000000e+02 1.291303794035831061e+02 1.000000000000000000e+00 0.000000000000000000e+00
7.950000000000000000e+02 1.293352831905772007e+02 0.000000000000000000e+00 0.000000000000000000e+00
7.960000000000000000e+02 1.296080195439198803e+02 2.000000000000000000e+00 0.000000000000000000e+00
7.970000000000000000e+02 1.301886741225114577e+02 0.000000000000000000e+00 0.000000000000000000e+00
7.980000000000000000e+02 1.299456607658379710e+02 2.000000000000000000e+00 0.000000000000000000e+00
7.990000000000000000e+02 1.306795306002562143e+02 0.000000000000000000e+00 0.000000000000000000e+00
8.000000000000000000e+02 1.296459042852121399e+02 1.000000000000000000e+00 0.000000000000000000e+00
