time	position	state	ATP_bound
1.000000000000000000e+00 0.000000000000000000e+00 2.000000000000000000e+00 0.000000000000000000e+00
2.000000000000000000e+00 3.595141412577338436e-01 0.000000000000000000e+00 0.000000000000000000e+00
3.000000000000000000e+00 1.061047786700433537e+00 1.000000000000000000e+00 0.000000000000000000e+00
4.000000000000000000e+00 1.078147384893904492e+00 1.000000000000000000e+00 0.000000000000000000e+00
5.000000000000000000e+00 1.818634552360536283e+00 2.000000000000000000e+00 0.000000000000000000e+00
6.000000000000000000e+00 2.289015616824125132e+00 0.000000000000000000e+00 0.000000000000000000e+00
7.000000000000000000e+00 1.822968724019932818e+00 1.000000000000000000e+00 0.000000000000000000e+00
8.000000000000000000e+00 2.153740625896818806e+00 0.000000000000000000e+00 0.000000000000000000e+00
9.000000000000000000e+00 2.673144437723177891e+00 1.000000000000000000e+00 0.000000000000000000e+00
1.000000000000000000e+01 2.032242785022572384e+00 1.000000000000000000e+00 0.000000000000000000e+00
1.100000000000000000e+01 2.130947197911438273e+00 0.000000000000000000e+00 0.000000000000000000e+00
1.200000000000000000e+01 3.606023749005606405e+00 1.000000000000000000e+00 0.000000000000000000e+00
1.300000000000000000e+01 2.838616070826446514e+00 0.000000000000000000e+00 0.000000000000000000e+00
1.400000000000000000e+01 4.669270363363613896e+00 1.000000000000000000e+00 0.000000000000000000e+00
1.500000000000000000e+01 5.565027188519446000e+00 0.000000000000000000e+00 0.000000000000000000e+00
1.600000000000000000e+01 5.513856726535006025e+00 0.000000000000000000e+00 0.000000000000000000e+00
1.700000000000000000e+01 6.348065951269543206e+00 1.000000000000000000e+00 0.000000000000000000e+00
1.800000000000000000e+01 7.113237546208543094e+00 0.000000000000000000e+00 0.000000000000000000e+00
1.900000000000000000e+01 5.853887651037635642e+00 2.000000000000000000e+00 0.000000000000000000e+00
2.000000000000000000e+01 5.792793025150882791e+00 0.000000000000000000e+00 0.000000000000000000e+00
2.100000000000000000e+01 8.235778021896694057e+00 0.000000000000000000e+00 0.000000000000000000e+00
2.200000000000000000e+01 9.097311224053635570e+00 0.000000000000000000e+00 0.000000000000000000e+00
2.300000000000000000e+01 1.213775458355456216e+01 0.000000000000000000e+00 0.000000000000000000e+00
2.400000000000000000e+01 1.107310521726873453e+01 0.000000000000000000e+00 0.000000000000000000e+00
2.500000000000000000e+01 1.397212888903719730e+01 0.000000000000000000e+00 0.000000000000000000e+00
2.600000000000000000e+01 1.312177899075477860e+01 2.000000000000000000e+00 0.000000000000000000e+00
2.700000000000000000e+01 1.066145764772844373e+01 2.000000000000000000e+00 0.000000000000000000e+00
2.800000000000000000e+01 1.062679975729551174e+01 0.000000000000000000e+00 0.000000000000000000e+00
2.900000000000000000e+01 1.121204080833579653e+01 1.000000000000000000e+00 0.000000000000000000e+00
3.000000000000000000e+01 9.474564220073883547e+00 2.000000000000000000e+00 0.000000000000000000e+00
3.100000000000000000e+01 1.019127181306515872e+01 0.000000000000000000e+00 0.000000000000000000e+00
3.200000000000000000e+01 1.073106763920964291e+01 2.000000000000000000e+00 0.000000000000000000e+00
3.300000000000000000e+01 9.856283597988905854e+00 0.000000000000000000e+00 0.000000000000000000e+00
3.400000000000000000e+01 9.833356444193848134e+00 2.000000000000000000e+00 0.000000000000000000e+00
3.500000000000000000e+01 1.169276017069654827e+01 0.000000000000000000e+00 0.000000000000000000e+00
3.600000000000000000e+01 1.060893686427362681e+01 1.000000000000000000e+00 0.000000000000000000e+00
3.700000000000000000e+01 1.161314343133893345e+01 1.000000000000000000e+00 0.000000000000000000e+00
3.800000000000000000e+01 1.159499255415548014e+01 0.000000000000000000e+00 0.000000000000000000e+00
3.900000000000000000e+01 1.373114601842052807e+01 0.000000000000000000e+00 0.000000000000000000e+00
4.000000000000000000e+01 1.185939805518730239e+01 2.000000000000000000e+00 0.000000000000000000e+00
4.100000000000000000e+01 1.332652310763036496e+01 1.000000000000000000e+00 0.000000000000000000e+00
4.200000000000000000e+01 1.115115077392374587e+01 1.000000000000000000e+00 0.000000000000000000e+00
4.300000000000000000e+01 1.435524485879052037e+01 0.000000000000000000e+00 0.000000000000000000e+00
4.400000000000000000e+01 1.357064400120459702e+01 1.000000000000000000e+00 0.000000000000000000e+00
4.500000000000000000e+01 1.633133866370917531e+01 0.000000000000000000e+00 0.000000000000000000e+00
4.600000000000000000e+01 1.574745247683842386e+01 1.000000000000000000e+00 0.000000000000000000e+00
4.700000000000000000e+01 1.211972584140328202e+01 2.000000000000000000e+00 0.000000000000000000e+00
4.800000000000000000e+01 1.435037413980458965e+01 0.000000000000000000e+00 0.000000000000000000e+00
4.900000000000000000e+01 1.348859965426375318e+01 1.000000000000000000e+00 0.000000000000000000e+00
5.000000000000000000e+01 1.267736410983154016e+01 2.000000000000000000e+00 0.000000000000000000e+00
5.100000000000000000e+01 1.440538136031450378e+01 0.000000000000000000e+00 0.000000000000000000e+00
5.200000000000000000e+01 1.526274808488254386e+01 0.000000000000000000e+00 0.000000000000000000e+00
5.300000000000000000e+01 1.267479234852288172e+01 2.000000000000000000e+00 0.000000000000000000e+00
5.400000000000000000e+01 1.480555704980834086e+01 0.000000000000000000e+00 0.000000000000000000e+00
5.500000000000000000e+01 1.572544671625832002e+01 1.000000000000000000e+00 0.000000000000000000e+00
5.600000000000000000e+01 1.670801186258682947e+01 1.000000000000000000e+00 0.000000000000000000e+00
5.700000000000000000e+01 1.477493277088982460e+01 2.000000000000000000e+00 0.000000000000000000e+00
5.800000000000000000e+01 1.296567482008284777e+01 2.000000000000000000e+00 0.000000000000000000e+00
5.900000000000000000e+01 1.236034810382769145e+01 0.000000000000000000e+00 0.000000000000000000e+00
6.000000000000000000e+01 1.624442874792816838e+01 0.000000000000000000e+00 0.000000000000000000e+00
6.100000000000000000e+01 1.407628170931982758e+01 1.000000000000000000e+00 0.000000000000000000e+00
6.200000000000000000e+01 1.511100630223725361e+01 0.000000000000000000e+00 0.000000000000000000e+00
6.300000000000000000e+01 1.632468089742903672e+01 1.000000000000000000e+00 0.000000000000000000e+00
6.400000000000000000e+01 1.398800918777881819e+01 2.000000000000000000e+00 0.000000000000000000e+00
6.500000000000000000e+01 1.211111395782869238e+01 2.000000000000000000e+00 0.000000000000000000e+00
6.600000000000000000e+01 1.395693584381668551e+01 0.000000000000000000e+00 0.000000000000000000e+00
6.700000000000000000e+01 1.382208928531110104e+01 2.000000000000000000e+00 0.000000000000000000e+00
6.800000000000000000e+01 1.369272420019568770e+01 1.000000000000000000e+00 0.000000000000000000e+00
6.900000000000000000e+01 1.373442341931007604e+01 1.000000000000000000e+00 0.000000000000000000e+00
7.000000000000000000e+01 1.485445250725473088e+01 0.000000000000000000e+00 0.000000000000000000e+00
7.100000000000000000e+01 1.377635933314145866e+01 2.000000000000000000e+00 0.000000000000000000e+00
7.200000000000000000e+01 1.515284703832193536e+01 1.000000000000000000e+00 0.000000000000000000e+00
7.300000000000000000e+01 1.445039759326372852e+01 0.000000000000000000e+00 0.000000000000000000e+00
7.400000000000000000e+01 1.639589054916229927e+01 0.000000000000000000e+00 0.000000000000000000e+00
7.500000000000000000e+01 1.702665636627140699e+01 1.000000000000000000e+00 0.000000000000000000e+00
7.600000000000000000e+01 1.615354305464581586e+01 0.000000000000000000e+00 0.000000000000000000e+00
7.700000000000000000e+01 1.806962105146644504e+01 0.000000000000000000e+00 0.000000000000000000e+00
7.800000000000000000e+01 1.702277959266685414e+01 2.000000000000000000e+00 0.000000000000000000e+00
7.900000000000000000e+01 1.792246170721075416e+01 0.000000000000000000e+00 0.000000000000000000e+00
8.000000000000000000e+01 1.897801998961622516e+01 2.000000000000000000e+00 0.000000000000000000e+00
8.100000000000000000e+01 1.832936191055814845e+01 0.000000000000000000e+00 0.000000000000000000e+00
8.200000000000000000e+01 1.684305153363024488e+01 1.000000000000000000e+00 0.000000000000000000e+00
8.300000000000000000e+01 1.626729218580035763e+01 1.000000000000000000e+00 0.000000000000000000e+00
8.400000000000000000e+01 1.907900129630481345e+01 1.000000000000000000e+00 0.000000000000000000e+00
8.500000000000000000e+01 1.727257320160956056e+01 2.000000000000000000e+00 0.000000000000000000e+00
8.600000000000000000e+01 1.767410161035732585e+01 0.000000000000000000e+00 0.000000000000000000e+00
8.700000000000000000e+01 1.768546443777642452e+01 2.000000000000000000e+00 0.000000000000000000e+00
8.800000000000000000e+01 1.614714885048456239e+01 1.000000000000000000e+00 0.000000000000000000e+00
8.900000000000000000e+01 1.554846877810304662e+01 1.000000000000000000e+00 0.000000000000000000e+00
9.000000000000000000e+01 1.471391991540545341e+01 2.000000000000000000e+00 0.000000000000000000e+00
9.100000000000000000e+01 1.744665557397641820e+01 0.000000000000000000e+00 0.000000000000000000e+00
9.200000000000000000e+01 1.744131792225233468e+01 0.000000000000000000e+00 0.000000000000000000e+00
9.300000000000000000e+01 1.633338354681345095e+01 2.000000000000000000e+00 0.000000000000000000e+00
9.400000000000000000e+01 1.786404132908231546e+01 1.000000000000000000e+00 0.000000000000000000e+00
9.500000000000000000e+01 1.683585843997493825e+01 1.000000000000000000e+00 0.000000000000000000e+00
9.600000000000000000e+01 1.734333032602015834e+01 1.000000000000000000e+00 0.000000000000000000e+00
9.700000000000000000e+01 1.640451890863899109e+01 2.000000000000000000e+00 0.000000000000000000e+00
9.800000000000000000e+01 1.753492676597965882e+01 1.000000000000000000e+00 0.000000000000000000e+00
9.900000000000000000e+01 1.553490329280546689e+01 1.000000000000000000e+00 0.000000000000000000e+00
1.000000000000000000e+02 1.649807315485373138e+01 1.000000000000000000e+00 0.000000000000000000e+00
1.010000000000000000e+02 1.421263890283170284e+01 2.000000000000000000e+00 0.000000000000000000e+00
1.020000000000000000e+02 1.375470391504709156e+01 1.000000000000000000e+00 0.000000000000000000e+00
1.030000000000000000e+02 1.608675353827267074e+01 0.000000000000000000e+00 0.000000000000000000e+00
1.040000000000000000e+02 1.822562825035313949e+01 0.000000000000000000e+00 0.000000000000000000e+00
1.050000000000000000e+02 1.910756585020765286e+01 0.000000000000000000e+00 0.000000000000000000e+00
1.060000000000000000e+02 1.926957119889189229e+01 0.000000000000000000e+00 0.000000000000000000e+00
1.070000000000000000e+02 1.844799532529180297e+01 2.000000000000000000e+00 0.000000000000000000e+00
1.080000000000000000e+02 1.976051310053312093e+01 0.000000000000000000e+00 0.000000000000000000e+00
1.090000000000000000e+02 2.064628053368221572e+01 0.000000000000000000e+00 0.000000000000000000e+00
1.100000000000000000e+02 2.053011213899189258e+01 1.000000000000000000e+00 0.000000000000000000e+00
1.110000000000000000e+02 2.167267364589451262e+01 0.000000000000000000e+00 0.000000000000000000e+00
1.120000000000000000e+02 1.969910995294544520e+01 2.000000000000000000e+00 0.000000000000000000e+00
1.130000000000000000e+02 1.871887481923173624e+01 2.000000000000000000e+00 0.000000000000000000e+00
1.140000000000000000e+02 2.009693074297177517e+01 0.000000000000000000e+00 0.000000000000000000e+00
1.150000000000000000e+02 2.015540773823186527e+01 1.000000000000000000e+00 0.000000000000000000e+00
1.160000000000000000e+02 2.156018156536665842e+01 0.000000000000000000e+00 0.000000000000000000e+00
1.170000000000000000e+02 2.074987025408024977e+01 0.000000000000000000e+00 0.000000000000000000e+00
1.180000000000000000e+02 2.273097606331887022e+01 0.000000000000000000e+00 0.000000000000000000e+00
1.190000000000000000e+02 2.082838283867634743e+01 2.000000000000000000e+00 0.000000000000000000e+00
1.200000000000000000e+02 2.288895916532266384e+01 0.000000000000000000e+00 0.000000000000000000e+00
1.210000000000000000e+02 2.386733747427995667e+01 0.000000000000000000e+00 0.000000000000000000e+00
1.220000000000000000e+02 2.292253598948614624e+01 2.000000000000000000e+00 0.000000000000000000e+00
1.230000000000000000e+02 2.419148949201350263e+01 0.000000000000000000e+00 0.000000000000000000e+00
1.240000000000000000e+02 2.650216695347052109e+01 0.000000000000000000e+00 0.000000000000000000e+00
1.250000000000000000e+02 2.396717851432875435e+01 2.000000000000000000e+00 0.000000000000000000e+00
1.260000000000000000e+02 2.472856999110212328e+01 0.000000000000000000e+00 0.000000000000000000e+00
1.270000000000000000e+02 2.564766602840896326e+01 0.000000000000000000e+00 0.000000000000000000e+00
1.280000000000000000e+02 2.764743282506613298e+01 0.000000000000000000e+00 0.000000000000000000e+00
1.290000000000000000e+02 2.454892511001030186e+01 2.000000000000000000e+00 0.000000000000000000e+00
1.300000000000000000e+02 2.814339906775639477e+01 0.000000000000000000e+00 0.000000000000000000e+00
1.310000000000000000e+02 2.637413044007716323e+01 0.000000000000000000e+00 0.000000000000000000e+00
1.320000000000000000e+02 2.668785085037810489e+01 2.000000000000000000e+00 0.000000000000000000e+00
1.330000000000000000e+02 2.819022442488287794e+01 0.000000000000000000e+00 0.000000000000000000e+00
1.340000000000000000e+02 2.857283660033538553e+01 1.000000000000000000e+00 0.000000000000000000e+00
1.350000000000000000e+02 2.717622183218032816e+01 1.000000000000000000e+00 0.000000000000000000e+00
1.360000000000000000e+02 2.936568464409351620e+01 2.000000000000000000e+00 0.000000000000000000e+00
1.370000000000000000e+02 2.859579404479221054e+01 0.000000000000000000e+00 0.000000000000000000e+00
1.380000000000000000e+02 2.801412162111515869e+01 1.000000000000000000e+00 0.000000000000000000e+00
1.390000000000000000e+02 3.019836903307555787e+01 0.000000000000000000e+00 0.000000000000000000e+00
1.400000000000000000e+02 2.928936415233343382e+01 2.000000000000000000e+00 0.000000000000000000e+00
1.410000000000000000e+02 3.032980613325748109e+01 0.000000000000000000e+00 0.000000000000000000e+00
1.420000000000000000e+02 3.052609315190560579e+01 0.000000000000000000e+00 0.000000000000000000e+00
1.430000000000000000e+02 3.047046521284880427e+01 0.000000000000000000e+00 0.000000000000000000e+00
1.440000000000000000e+02 3.298726872731289461e+01 0.000000000000000000e+00 0.000000000000000000e+00
1.450000000000000000e+02 3.374896945606753462e+01 0.000000000000000000e+00 0.000000000000000000e+00
1.460000000000000000e+02 3.127444698960580993e+01 1.000000000000000000e+00 0.000000000000000000e+00
1.470000000000000000e+02 3.415886983905649288e+01 0.000000000000000000e+00 0.000000000000000000e+00
1.480000000000000000e+02 3.478951310606195335e+01 1.000000000000000000e+00 0.000000000000000000e+00
1.490000000000000000e+02 3.241924472047679018e+01 2.000000000000000000e+00 0.000000000000000000e+00
1.500000000000000000e+02 3.329350030789910875e+01 1.000000000000000000e+00 0.000000000000000000e+00
1.510000000000000000e+02 3.172726142641866076e+01 1.000000000000000000e+00 0.000000000000000000e+00
1.520000000000000000e+02 3.326408509857444074e+01 1.000000000000000000e+00 0.000000000000000000e+00
1.530000000000000000e+02 3.472100802650947315e+01 1.000000000000000000e+00 0.000000000000000000e+00
1.540000000000000000e+02 3.457265510583780355e+01 0.000000000000000000e+00 0.000000000000000000e+00
1.550000000000000000e+02 3.536913830314311724e+01 0.000000000000000000e+00 0.000000000000000000e+00
1.560000000000000000e+02 3.444083688414167455e+01 1.000000000000000000e+00 0.000000000000000000e+00
1.570000000000000000e+02 3.490652636613523896e+01 1.000000000000000000e+00 0.000000000000000000e+00
1.580000000000000000e+02 3.400693965552907372e+01 2.000000000000000000e+00 0.000000000000000000e+00
1.590000000000000000e+02 3.283597953321119434e+01 1.000000000000000000e+00 0.000000000000000000e+00
1.600000000000000000e+02 3.416237131716780340e+01 1.000000000000000000e+00 0.000000000000000000e+00
1.610000000000000000e+02 3.410946202910417924e+01 1.000000000000000000e+00 0.000000000000000000e+00
1.620000000000000000e+02 3.365696112422323694e+01 0.000000000000000000e+00 0.000000000000000000e+00
1.630000000000000000e+02 3.511488718787656893e+01 1.000000000000000000e+00 0.000000000000000000e+00
1.640000000000000000e+02 3.431507806717861087e+01 1.000000000000000000e+00 0.000000000000000000e+00
1.650000000000000000e+02 3.543362887356883562e+01 0.000000000000000000e+00 0.000000000000000000e+00
1.660000000000000000e+02 3.440527777974851631e+01 2.000000000000000000e+00 0.000000000000000000e+00
1.670000000000000000e+02 3.390917893653499959e+01 1.000000000000000000e+00 0.000000000000000000e+00
1.680000000000000000e+02 3.376914222603267746e+01 1.000000000000000000e+00 0.000000000000000000e+00
1.690000000000000000e+02 3.383981537937021500e+01 1.000000000000000000e+00 0.000000000000000000e+00
1.700000000000000000e+02 3.459309382412131839e+01 1.000000000000000000e+00 0.000000000000000000e+00
1.710000000000000000e+02 3.557890609102267376e+01 0.000000000000000000e+00 0.000000000000000000e+00
1.720000000000000000e+02 3.733945233586396739e+01 0.000000000000000000e+00 0.000000000000000000e+00
1.730000000000000000e+02 3.769886458057727907e+01 1.000000000000000000e+00 0.000000000000000000e+00
1.740000000000000000e+02 3.614123169489261755e+01 1.000000000000000000e+00 0.000000000000000000e+00
1.750000000000000000e+02 3.618865066632130834e+01 1.000000000000000000e+00 0.000000000000000000e+00
1.760000000000000000e+02 3.698232328180430528e+01 1.000000000000000000e+00 0.000000000000000000e+00
1.770000000000000000e+02 3.821006619097735779e+01 0.000000000000000000e+00 0.000000000000000000e+00
1.780000000000000000e+02 3.814451224386393591e+01 2.000000000000000000e+00 0.000000000000000000e+00
1.790000000000000000e+02 3.657788847092411544e+01 1.000000000000000000e+00 0.000000000000000000e+00
1.800000000000000000e+02 3.830009222972825000e+01 0.000000000000000000e+00 0.000000000000000000e+00
1.810000000000000000e+02 3.611978448074555104e+01 2.000000000000000000e+00 0.000000000000000000e+00
1.820000000000000000e+02 3.655939502668091734e+01 1.000000000000000000e+00 0.000000000000000000e+00
1.830000000000000000e+02 3.824138433844736085e+01 1.000000000000000000e+00 0.000000000000000000e+00
1.840000000000000000e+02 3.802844072338141501e+01 0.000000000000000000e+00 0.000000000000000000e+00
1.850000000000000000e+02 3.922166938896711486e+01 0.000000000000000000e+00 0.000000000000000000e+00
1.860000000000000000e+02 3.938679302672324667e+01 0.000000000000000000e+00 0.000000000000000000e+00
1.870000000000000000e+02 4.116129048301386462e+01 1.000000000000000000e+00 0.000000000000000000e+00
1.880000000000000000e+02 3.919159048478001495e+01 2.000000000000000000e+00 0.000000000000000000e+00
1.890000000000000000e+02 3.850707435382017252e+01 0.000000000000000000e+00 0.000000000000000000e+00
1.900000000000000000e+02 3.969440318752282337e+01 1.000000000000000000e+00 0.000000000000000000e+00
1.910000000000000000e+02 3.957457054819439435e+01 2.000000000000000000e+00 0.000000000000000000e+00
1.920000000000000000e+02 4.010427244471109987e+01 0.000000000000000000e+00 0.000000000000000000e+00
1.930000000000000000e+02 4.188273740646627630e+01 0.000000000000000000e+00 0.000000000000000000e+00
1.940000000000000000e+02 3.962183750481288058e+01 1.000000000000000000e+00 0.000000000000000000e+00
1.950000000000000000e+02 4.002120852561436237e+01 2.000000000000000000e+00 0.000000000000000000e+00
1.960000000000000000e+02 4.004251385106246630e+01 1.000000000000000000e+00 0.000000000000000000e+00
1.970000000000000000e+02 3.987768628846190211e+01 1.000000000000000000e+00 0.000000000000000000e+00
1.980000000000000000e+02 3.979312350381182739e+01 1.000000000000000000e+00 0.000000000000000000e+00
1.990000000000000000e+02 4.110500832405749350e+01 0.000000000000000000e+00 0.000000000000000000e+00
2.000000000000000000e+02 4.159615986606586091e+01 0.000000000000000000e+00 0.000000000000000000e+00
2.010000000000000000e+02 4.128382103591835772e+01 2.000000000000000000e+00 0.000000000000000000e+00
2.020000000000000000e+02 4.114423794785781041e+01 0.000000000000000000e+00 0.000000000000000000e+00
2.030000000000000000e+02 4.196555861532177545e+01 1.000000000000000000e+00 0.000000000000000000e+00
2.040000000000000000e+02 4.231270173954958835e+01 1.000000000000000000e+00 0.000000000000000000e+00
2.050000000000000000e+02 4.242211304017568807e+01 0.000000000000000000e+00 0.000000000000000000e+00
2.060000000000000000e+02 4.376015607882784053e+01 0.000000000000000000e+00 0.000000000000000000e+00
2.070000000000000000e+02 4.599937642689837247e+01 0.000000000000000000e+00 0.000000000000000000e+00
2.080000000000000000e+02 4.494883548662413375e+01 1.000000000000000000e+00 0.000000000000000000e+00
2.090000000000000000e+02 4.308985603761354355e+01 2.000000000000000000e+00 0.000000000000000000e+00
2.100000000000000000e+02 4.501361006786670771e+01 0.000000000000000000e+00 0.000000000000000000e+00
2.110000000000000000e+02 4.571822977861488368e+01 1.000000000000000000e+00 0.000000000000000000e+00
2.120000000000000000e+02 4.759197835844517499e+01 0.000000000000000000e+00 0.000000000000000000e+00
2.130000000000000000e+02 4.666736528530852723e+01 0.000000000000000000e+00 0.000000000000000000e+00
2.140000000000000000e+02 4.913944754449201469e+01 0.000000000000000000e+00 0.000000000000000000e+00
2.150000000000000000e+02 4.835306073675769056e+01 1.000000000000000000e+00 0.000000000000000000e+00
2.160000000000000000e+02 4.890287270865653824e+01 0.000000000000000000e+00 0.000000000000000000e+00
2.170000000000000000e+02 4.896529418633367214e+01 0.000000000000000000e+00 0.000000000000000000e+00
2.180000000000000000e+02 4.941218315692432839e+01 1.000000000000000000e+00 0.000000000000000000e+00
2.190000000000000000e+02 5.024848103357315665e+01 1.000000000000000000e+00 0.000000000000000000e+00
2.200000000000000000e+02 4.969891211614793747e+01 1.000000000000000000e+00 0.000000000000000000e+00
2.210000000000000000e+02 4.915101668163766391e+01 2.000000000000000000e+00 0.000000000000000000e+00
2.220000000000000000e+02 4.981834598895839150e+01 0.000000000000000000e+00 0.000000000000000000e+00
2.230000000000000000e+02 5.066810789249623070e+01 0.000000000000000000e+00 0.000000000000000000e+00
2.240000000000000000e+02 5.170308440939106731e+01 1.000000000000000000e+00 0.000000000000000000e+00
2.250000000000000000e+02 5.003398008778685124e+01 1.000000000000000000e+00 0.000000000000000000e+00
2.260000000000000000e+02 5.100907854702833788e+01 0.000000000000000000e+00 0.000000000000000000e+00
2.270000000000000000e+02 5.203882802591246559e+01 1.000000000000000000e+00 0.000000000000000000e+00
2.280000000000000000e+02 5.215535303629243913e+01 1.000000000000000000e+00 0.000000000000000000e+00
2.290000000000000000e+02 5.149435735298193606e+01 2.000000000000000000e+00 0.000000000000000000e+00
2.300000000000000000e+02 5.115668361979876266e+01 2.000000000000000000e+00 0.000000000000000000e+00
2.310000000000000000e+02 5.007702240202532096e+01 1.000000000000000000e+00 0.000000000000000000e+00
2.320000000000000000e+02 5.060700735148819263e+01 0.000000000000000000e+00 0.000000000000000000e+00
2.330000000000000000e+02 5.217896215290979001e+01 0.000000000000000000e+00 0.000000000000000000e+00
2.340000000000000000e+02 4.995952945877631635e+01 2.000000000000000000e+00 0.000000000000000000e+00
2.350000000000000000e+02 5.135295004269585206e+01 1.000000000000000000e+00 0.000000000000000000e+00
2.360000000000000000e+02 5.267855641342207917e+01 0.000000000000000000e+00 0.000000000000000000e+00
2.370000000000000000e+02 5.083092098488459243e+01 2.000000000000000000e+00 0.000000000000000000e+00
2.380000000000000000e+02 4.983364836916639717e+01 0.000000000000000000e+00 0.000000000000000000e+00
2.390000000000000000e+02 5.328609718251415472e+01 0.000000000000000000e+00 0.000000000000000000e+00
2.400000000000000000e+02 5.219298390159685397e+01 1.000000000000000000e+00 0.000000000000000000e+00
2.410000000000000000e+02 5.136433762125450642e+01 2.000000000000000000e+00 0.000000000000000000e+00
2.420000000000000000e+02 5.263908820432179425e+01 1.000000000000000000e+00 0.000000000000000000e+00
2.430000000000000000e+02 5.203410180549369102e+01 1.000000000000000000e+00 0.000000000000000000e+00
2.440000000000000000e+02 5.278456096883186888e+01 0.000000000000000000e+00 0.000000000000000000e+00
2.450000000000000000e+02 5.420135975545273510e+01 0.000000000000000000e+00 0.000000000000000000e+00
2.460000000000000000e+02 5.341745098155331561e+01 0.000000000000000000e+00 0.000000000000000000e+00
2.470000000000000000e+02 5.614201138743643327e+01 0.000000000000000000e+00 0.000000000000000000e+00
2.480000000000000000e+02 5.607049322726874863e+01 1.000000000000000000e+00 0.000000000000000000e+00
2.490000000000000000e+02 5.651498371600344228e+01 0.000000000000000000e+00 0.000000000000000000e+00
2.500000000000000000e+02 5.828539096276443132e+01 0.000000000000000000e+00 0.000000000000000000e+00
2.510000000000000000e+02 5.851437732304970041e+01 1.000000000000000000e+00 0.000000000000000000e+00
2.520000000000000000e+02 5.822137855922726857e+01 0.000000000000000000e+00 0.000000000000000000e+00
2.530000000000000000e+02 5.931729749441080912e+01 2.000000000000000000e+00 0.000000000000000000e+00
2.540000000000000000e+02 5.921581666897512974e+01 0.000000000000000000e+00 0.000000000000000000e+00
2.550000000000000000e+02 5.950685769229964706e+01 0.000000000000000000e+00 0.000000000000000000e+00
2.560000000000000000e+02 5.798445232200894139e+01 1.000000000000000000e+00 0.000000000000000000e+00
2.570000000000000000e+02 5.981040495709203952e+01 2.000000000000000000e+00 0.000000000000000000e+00
2.580000000000000000e+02 6.036948339404421660e+01 0.000000000000000000e+00 0.000000000000000000e+00
2.590000000000000000e+02 5.944358070493944979e+01 1.000000000000000000e+00 0.000000000000000000e+00
2.600000000000000000e+02 6.035674604679264377e+01 0.000000000000000000e+00 0.000000000000000000e+00
2.610000000000000000e+02 6.085073223852047875e+01 2.000000000000000000e+00 0.000000000000000000e+00
2.620000000000000000e+02 5.940521196617289945e+01 2.000000000000000000e+00 0.000000000000000000e+00
2.630000000000000000e+02 5.897388735874469745e+01 0.000000000000000000e+00 0.000000000000000000e+00
2.640000000000000000e+02 6.228206685088017736e+01 0.000000000000000000e+00 0.000000000000000000e+00
2.650000000000000000e+02 6.221950333975386371e+01 1.000000000000000000e+00 0.000000000000000000e+00
2.660000000000000000e+02 6.199987754763853331e+01 0.000000000000000000e+00 0.000000000000000000e+00
2.670000000000000000e+02 6.250067451007510044e+01 0.000000000000000000e+00 0.000000000000000000e+00
2.680000000000000000e+02 6.190723510650110484e+01 2.000000000000000000e+00 0.000000000000000000e+00
2.690000000000000000e+02 6.397491630920026751e+01 0.000000000000000000e+00 0.000000000000000000e+00
2.700000000000000000e+02 6.267588892312021898e+01 2.000000000000000000e+00 0.000000000000000000e+00
2.710000000000000000e+02 6.166427568628054701e+01 1.000000000000000000e+00 0.000000000000000000e+00
2.720000000000000000e+02 6.153239635455463485e+01 1.000000000000000000e+00 0.000000000000000000e+00
2.730000000000000000e+02 6.304068312596312751e+01 0.000000000000000000e+00 0.000000000000000000e+00
2.740000000000000000e+02 6.130560199678498634e+01 2.000000000000000000e+00 0.000000000000000000e+00
2.750000000000000000e+02 6.054571427861947086e+01 2.000000000000000000e+00 0.000000000000000000e+00
2.760000000000000000e+02 6.105467572063476211e+01 0.000000000000000000e+00 0.000000000000000000e+00
2.770000000000000000e+02 6.201308473082581685e+01 1.000000000000000000e+00 0.000000000000000000e+00
2.780000000000000000e+02 6.282185660278423711e+01 1.000000000000000000e+00 0.000000000000000000e+00
2.790000000000000000e+02 6.276068282909708529e+01 0.000000000000000000e+00 0.000000000000000000e+00
2.800000000000000000e+02 6.519864131036074184e+01 0.000000000000000000e+00 0.000000000000000000e+00
2.810000000000000000e+02 6.458458169175162311e+01 1.000000000000000000e+00 0.000000000000000000e+00
2.820000000000000000e+02 6.465478102905274227e+01 0.000000000000000000e+00 0.000000000000000000e+00
2.830000000000000000e+02 6.580292760515881412e+01 0.000000000000000000e+00 0.000000000000000000e+00
2.840000000000000000e+02 6.589524249311330095e+01 1.000000000000000000e+00 0.000000000000000000e+00
2.850000000000000000e+02 6.595359673816122381e+01 2.000000000000000000e+00 0.000000000000000000e+00
2.860000000000000000e+02 6.349975088825799929e+01 1.000000000000000000e+00 0.000000000000000000e+00
2.870000000000000000e+02 6.455136079126648951e+01 1.000000000000000000e+00 0.000000000000000000e+00
2.880000000000000000e+02 6.261932022063698611e+01 2.000000000000000000e+00 0.000000000000000000e+00
2.890000000000000000e+02 6.531369358017042259e+01 0.000000000000000000e+00 0.000000000000000000e+00
2.900000000000000000e+02 6.505677247680409891e+01 1.000000000000000000e+00 0.000000000000000000e+00
2.910000000000000000e+02 6.337436153299739061e+01 1.000000000000000000e+00 0.000000000000000000e+00
2.920000000000000000e+02 6.448096603138898786e+01 1.000000000000000000e+00 0.000000000000000000e+00
2.930000000000000000e+02 6.556511704639812876e+01 1.000000000000000000e+00 0.000000000000000000e+00
2.940000000000000000e+02 6.513920986283240211e+01 1.000000000000000000e+00 0.000000000000000000e+00
2.950000000000000000e+02 6.644840256234603260e+01 0.000000000000000000e+00 0.000000000000000000e+00
2.960000000000000000e+02 6.612773703974281148e+01 0.000000000000000000e+00 0.000000000000000000e+00
2.970000000000000000e+02 6.737413779685431336e+01 0.000000000000000000e+00 0.000000000000000000e+00
2.980000000000000000e+02 7.002221177789826356e+01 0.000000000000000000e+00 0.000000000000000000e+00
2.990000000000000000e+02 7.003526327514340721e+01 0.000000000000000000e+00 0.000000000000000000e+00
3.000000000000000000e+02 6.834147161830064476e+01 2.000000000000000000e+00 0.000000000000000000e+00
3.010000000000000000e+02 6.826004138001128752e+01 1.000000000000000000e+00 0.000000000000000000e+00
3.020000000000000000e+02 6.802138440227429328e+01 2.000000000000000000e+00 0.000000000000000000e+00
3.030000000000000000e+02 6.619906587413453281e+01 2.000000000000000000e+00 0.000000000000000000e+00
3.040000000000000000e+02 6.740435857877544379e+01 0.000000000000000000e+00 0.000000000000000000e+00
3.050000000000000000e+02 6.904966590723654463e+01 0.000000000000000000e+00 0.000000000000000000e+00
3.060000000000000000e+02 6.796415434215741413e+01 1.000000000000000000e+00 0.000000000000000000e+00
3.070000000000000000e+02 6.999511858321554314e+01 0.000000000000000000e+00 0.000000000000000000e+00
3.080000000000000000e+02 6.931341734744039229e+01 1.000000000000000000e+00 0.000000000000000000e+00
3.090000000000000000e+02 7.146569399661981947e+01 0.000000000000000000e+00 0.000000000000000000e+00
3.100000000000000000e+02 7.263918032263823932e+01 0.000000000000000000e+00 0.000000000000000000e+00
3.110000000000000000e+02 7.223283174658027406e+01 0.000000000000000000e+00 0.000000000000000000e+00
3.120000000000000000e+02 7.218565079910341353e+01 2.000000000000000000e+00 0.000000000000000000e+00
3.130000000000000000e+02 7.285794087994749191e+01 0.000000000000000000e+00 0.000000000000000000e+00
3.140000000000000000e+02 7.250380038927384874e+01 1.000000000000000000e+00 0.000000000000000000e+00
3.150000000000000000e+02 7.144122423405869426e+01 1.000000000000000000e+00 0.000000000000000000e+00
3.160000000000000000e+02 7.410332343184320791e+01 1.000000000000000000e+00 0.000000000000000000e+00
3.170000000000000000e+02 7.282044724140881442e+01 1.000000000000000000e+00 0.000000000000000000e+00
3.180000000000000000e+02 7.185335063275979905e+01 2.000000000000000000e+00 0.000000000000000000e+00
3.190000000000000000e+02 7.216730440573239491e+01 0.000000000000000000e+00 0.000000000000000000e+00
3.200000000000000000e+02 7.158417410717453322e+01 2.000000000000000000e+00 0.000000000000000000e+00
3.210000000000000000e+02 7.231648305377228780e+01 1.000000000000000000e+00 0.000000000000000000e+00
3.220000000000000000e+02 7.372390745145763447e+01 0.000000000000000000e+00 0.000000000000000000e+00
3.230000000000000000e+02 7.315896403961917827e+01 1.000000000000000000e+00 0.000000000000000000e+00
3.240000000000000000e+02 7.459696610233513070e+01 0.000000000000000000e+00 0.000000000000000000e+00
3.250000000000000000e+02 7.295974629724574356e+01 2.000000000000000000e+00 0.000000000000000000e+00
3.260000000000000000e+02 7.348777843362547912e+01 0.000000000000000000e+00 0.000000000000000000e+00
3.270000000000000000e+02 7.402518525430474483e+01 2.000000000000000000e+00 0.000000000000000000e+00
3.280000000000000000e+02 7.277140660065467159e+01 2.000000000000000000e+00 0.000000000000000000e+00
3.290000000000000000e+02 7.279199057180376542e+01 0.000000000000000000e+00 0.000000000000000000e+00
3.300000000000000000e+02 7.350583507134282968e+01 2.000000000000000000e+00 0.000000000000000000e+00
3.310000000000000000e+02 7.136515300654956206e+01 0.000000000000000000e+00 0.000000000000000000e+00
3.320000000000000000e+02 7.266108735874200875e+01 0.000000000000000000e+00 0.000000000000000000e+00
3.330000000000000000e+02 7.277405602573576004e+01 2.000000000000000000e+00 0.000000000000000000e+00
3.340000000000000000e+02 7.374376169195691944e+01 0.000000000000000000e+00 0.000000000000000000e+00
3.350000000000000000e+02 7.082686911777676642e+01 2.000000000000000000e+00 0.000000000000000000e+00
3.360000000000000000e+02 7.344497113567985025e+01 0.000000000000000000e+00 0.000000000000000000e+00
3.370000000000000000e+02 7.580301338028519353e+01 0.000000000000000000e+00 0.000000000000000000e+00
3.380000000000000000e+02 7.432288132855390472e+01 1.000000000000000000e+00 0.000000000000000000e+00
3.390000000000000000e+02 7.588264903208566636e+01 1.000000000000000000e+00 0.000000000000000000e+00
3.400000000000000000e+02 7.525632061615714008e+01 1.000000000000000000e+00 0.000000000000000000e+00
3.410000000000000000e+02 7.425838533664779106e+01 0.000000000000000000e+00 0.000000000000000000e+00
3.420000000000000000e+02 7.643486249593250648e+01 1.000000000000000000e+00 0.000000000000000000e+00
3.430000000000000000e+02 7.724806994738310095e+01 0.000000000000000000e+00 0.000000000000000000e+00
3.440000000000000000e+02 7.722019951819088135e+01 0.000000000000000000e+00 0.000000000000000000e+00
3.450000000000000000e+02 7.808828480891986601e+01 2.000000000000000000e+00 0.000000000000000000e+00
3.460000000000000000e+02 7.790618463053783671e+01 0.000000000000000000e+00 0.000000000000000000e+00
3.470000000000000000e+02 7.915337836247408632e+01 0.000000000000000000e+00 0.000000000000000000e+00
3.480000000000000000e+02 8.053666946412732841e+01 0.000000000000000000e+00 0.000000000000000000e+00
3.490000000000000000e+02 7.785098231666340496e+01 2.000000000000000000e+00 0.000000000000000000e+00
3.500000000000000000e+02 7.929180820283940534e+01 0.000000000000000000e+00 0.000000000000000000e+00
3.510000000000000000e+02 8.111410328506418921e+01 1.000000000000000000e+00 0.000000000000000000e+00
3.520000000000000000e+02 8.195449291401595815e+01 0.000000000000000000e+00 0.000000000000000000e+00
3.530000000000000000e+02 7.895319476896054312e+01 2.000000000000000000e+00 0.000000000000000000e+00
3.540000000000000000e+02 8.039808766966156384e+01 0.000000000000000000e+00 0.000000000000000000e+00
3.550000000000000000e+02 8.180609608248462905e+01 0.000000000000000000e+00 0.000000000000000000e+00
3.560000000000000000e+02 8.063082742131057046e+01 2.000000000000000000e+00 0.000000000000000000e+00
3.570000000000000000e+02 8.300975267555456583e+01 0.000000000000000000e+00 0.000000000000000000e+00
3.580000000000000000e+02 8.363670504068645073e+01 0.000000000000000000e+00 0.000000000000000000e+00
3.590000000000000000e+02 8.018345380929645216e+01 2.000000000000000000e+00 0.000000000000000000e+00
3.600000000000000000e+02 8.148823880962567046e+01 2.000000000000000000e+00 0.000000000000000000e+00
3.610000000000000000e+02 8.027954107821621221e+01 2.000000000000000000e+00 0.000000000000000000e+00
3.620000000000000000e+02 8.047507539723478942e+01 0.000000000000000000e+00 0.000000000000000000e+00
3.630000000000000000e+02 8.185635469782621954e+01 1.000000000000000000e+00 0.000000000000000000e+00
3.640000000000000000e+02 8.346954658338079014e+01 0.000000000000000000e+00 0.000000000000000000e+00
3.650000000000000000e+02 8.220726852037282129e+01 1.000000000000000000e+00 0.000000000000000000e+00
3.660000000000000000e+02 8.134332821645993761e+01 2.000000000000000000e+00 0.000000000000000000e+00
3.670000000000000000e+02 7.942999001549421223e+01 1.000000000000000000e+00 0.000000000000000000e+00
3.680000000000000000e+02 8.043286119433614090e+01 1.000000000000000000e+00 0.000000000000000000e+00
3.690000000000000000e+02 8.018525828154037072e+01 1.000000000000000000e+00 0.000000000000000000e+00
3.700000000000000000e+02 8.161207345956196946e+01 1.000000000000000000e+00 0.000000000000000000e+00
3.710000000000000000e+02 8.137021578524053211e+01 1.000000000000000000e+00 0.000000000000000000e+00
3.720000000000000000e+02 8.090932696568208371e+01 1.000000000000000000e+00 0.000000000000000000e+00
3.730000000000000000e+02 8.041995377328743189e+01 1.000000000000000000e+00 0.000000000000000000e+00
3.740000000000000000e+02 8.214630652895688456e+01 1.000000000000000000e+00 0.000000000000000000e+00
3.750000000000000000e+02 8.097425798557092946e+01 1.000000000000000000e+00 0.000000000000000000e+00
3.760000000000000000e+02 8.099423360316349374e+01 2.000000000000000000e+00 0.000000000000000000e+00
3.770000000000000000e+02 7.997189936880221239e+01 1.000000000000000000e+00 0.000000000000000000e+00
3.780000000000000000e+02 7.995392154528232709e+01 1.000000000000000000e+00 0.000000000000000000e+00
3.790000000000000000e+02 7.956576626288656939e+01 0.000000000000000000e+00 0.000000000000000000e+00
3.800000000000000000e+02 8.077350058143490230e+01 1.000000000000000000e+00 0.000000000000000000e+00
3.810000000000000000e+02 8.102640312185540949e+01 1.000000000000000000e+00 0.000000000000000000e+00
3.820000000000000000e+02 8.104936452961693760e+01 0.000000000000000000e+00 0.000000000000000000e+00
3.830000000000000000e+02 8.124403883077806654e+01 1.000000000000000000e+00 0.000000000000000000e+00
3.840000000000000000e+02 8.299949006986426525e+01 0.000000000000000000e+00 0.000000000000000000e+00
3.850000000000000000e+02 8.188575860136066353e+01 2.000000000000000000e+00 0.000000000000000000e+00
3.860000000000000000e+02 8.175183786097912275e+01 1.000000000000000000e+00 0.000000000000000000e+00
3.870000000000000000e+02 8.282429419375499435e+01 2.000000000000000000e+00 0.000000000000000000e+00
3.880000000000000000e+02 8.191500219394475835e+01 0.000000000000000000e+00 0.000000000000000000e+00
3.890000000000000000e+02 8.141352821093195757e+01 1.000000000000000000e+00 0.000000000000000000e+00
3.900000000000000000e+02 8.386234699594501762e+01 0.000000000000000000e+00 0.000000000000000000e+00
3.910000000000000000e+02 8.210507363181625351e+01 2.000000000000000000e+00 0.000000000000000000e+00
3.920000000000000000e+02 8.282258751347903569e+01 0.000000000000000000e+00 0.000000000000000000e+00
3.930000000000000000e+02 8.291948907541167557e+01 1.000000000000000000e+00 0.000000000000000000e+00
3.940000000000000000e+02 8.332946536093312773e+01 0.000000000000000000e+00 0.000000000000000000e+00
3.950000000000000000e+02 8.344095197271917641e+01 1.000000000000000000e+00 0.000000000000000000e+00
3.960000000000000000e+02 8.369465112359037562e+01 0.000000000000000000e+00 0.000000000000000000e+00
3.970000000000000000e+02 8.646128971694874110e+01 0.000000000000000000e+00 0.000000000000000000e+00
3.980000000000000000e+02 8.503481775982236002e+01 2.000000000000000000e+00 0.000000000000000000e+00
3.990000000000000000e+02 8.433335678701291727e+01 2.000000000000000000e+00 0.000000000000000000e+00
4.000000000000000000e+02 8.350426613532938802e+01 1.000000000000000000e+00 0.000000000000000000e+00
4.010000000000000000e+02 8.442005406192953387e+01 1.000000000000000000e+00 0.000000000000000000e+00
4.020000000000000000e+02 8.342283813018329397e+01 2.000000000000000000e+00 0.000000000000000000e+00
4.030000000000000000e+02 8.410605421411837312e+01 0.000000000000000000e+00 0.000000000000000000e+00
4.040000000000000000e+02 8.333180983174396772e+01 1.000000000000000000e+00 0.000000000000000000e+00
4.050000000000000000e+02 8.385913657777545893e+01 1.000000000000000000e+00 0.000000000000000000e+00
4.060000000000000000e+02 8.306665030174242759e+01 2.000000000000000000e+00 0.000000000000000000e+00
4.070000000000000000e+02 8.426748044725913189e+01 1.000000000000000000e+00 0.000000000000000000e+00
4.080000000000000000e+02 8.369225501027449354e+01 0.000000000000000000e+00 0.000000000000000000e+00
4.090000000000000000e+02 8.260740438667919250e+01 2.000000000000000000e+00 0.000000000000000000e+00
4.100000000000000000e+02 8.262623882678947496e+01 1.000000000000000000e+00 0.000000000000000000e+00
4.110000000000000000e+02 8.213856445109036031e+01 0.000000000000000000e+00 0.000000000000000000e+00
4.120000000000000000e+02 8.328823069628417386e+01 2.000000000000000000e+00 0.000000000000000000e+00
4.130000000000000000e+02 8.352243777076526499e+01 1.000000000000000000e+00 0.000000000000000000e+00
4.140000000000000000e+02 8.446797390965305397e+01 0.000000000000000000e+00 0.000000000000000000e+00
4.150000000000000000e+02 8.453445214125851237e+01 0.000000000000000000e+00 0.000000000000000000e+00
4.160000000000000000e+02 8.646259040822744169e+01 1.000000000000000000e+00 0.000000000000000000e+00
4.170000000000000000e+02 8.310329813165891721e+01 1.000000000000000000e+00 0.000000000000000000e+00
4.180000000000000000e+02 8.491914486643682380e+01 1.000000000000000000e+00 0.000000000000000000e+00
4.190000000000000000e+02 8.562960173380091078e+01 0.000000000000000000e+00 0.000000000000000000e+00
4.200000000000000000e+02 8.546129819239186531e+01 1.000000000000000000e+00 0.000000000000000000e+00
4.210000000000000000e+02 8.741526107996527628e+01 0.000000000000000000e+00 0.000000000000000000e+00
4.220000000000000000e+02 8.764934040838710416e+01 0.000000000000000000e+00 0.000000000000000000e+00
4.230000000000000000e+02 8.823780956563084032e+01 1.000000000000000000e+00 0.000000000000000000e+00
4.240000000000000000e+02 8.866147135408260738e+01 0.000000000000000000e+00 0.000000000000000000e+00
4.250000000000000000e+02 8.860557644533261623e+01 2.000000000000000000e+00 0.000000000000000000e+00
4.260000000000000000e+02 8.817900617250904816e+01 0.000000000000000000e+00 0.000000000000000000e+00
4.270000000000000000e+02 8.795670194187898971e+01 2.000000000000000000e+00 0.000000000000000000e+00
4.280000000000000000e+02 8.924432850936698003e+01 1.000000000000000000e+00 0.000000000000000000e+00
4.290000000000000000e+02 8.904560267922362016e+01 1.000000000000000000e+00 0.000000000000000000e+00
4.300000000000000000e+02 8.681798481781081023e+01 2.000000000000000000e+00 0.000000000000000000e+00
4.310000000000000000e+02 8.669537820575492049e+01 0.000000000000000000e+00 0.000000000000000000e+00
4.320000000000000000e+02 8.920642080260786599e+01 0.000000000000000000e+00 0.000000000000000000e+00
4.330000000000000000e+02 8.889153435275738957e+01 1.000000000000000000e+00 0.000000000000000000e+00
4.340000000000000000e+02 8.798115912087558854e+01 1.000000000000000000e+00 0.000000000000000000e+00
4.350000000000000000e+02 8.956263837394038774e+01 0.000000000000000000e+00 0.000000000000000000e+00
4.360000000000000000e+02 8.869432425368397332e+01 1.000000000000000000e+00 0.000000000000000000e+00
4.370000000000000000e+02 9.082156351324675825e+01 0.000000000000000000e+00 0.000000000000000000e+00
4.380000000000000000e+02 9.115452211597227006e+01 0.000000000000000000e+00 0.000000000000000000e+00
4.390000000000000000e+02 9.373285996262538333e+01 0.000000000000000000e+00 0.000000000000000000e+00
4.400000000000000000e+02 9.133688819822452842e+01 2.000000000000000000e+00 0.000000000000000000e+00
4.410000000000000000e+02 9.397279278422163884e+01 0.000000000000000000e+00 0.000000000000000000e+00
4.420000000000000000e+02 9.535019252856980643e+01 0.000000000000000000e+00 0.000000000000000000e+00
4.430000000000000000e+02 9.231345283791526413e+01 2.000000000000000000e+00 0.000000000000000000e+00
4.440000000000000000e+02 9.467778029345566893e+01 0.000000000000000000e+00 0.000000000000000000e+00
4.450000000000000000e+02 9.356266495946147188e+01 1.000000000000000000e+00 0.000000000000000000e+00
4.460000000000000000e+02 9.218535332156224626e+01 2.000000000000000000e+00 0.000000000000000000e+00
4.470000000000000000e+02 9.467049357018993305e+01 0.000000000000000000e+00 0.000000000000000000e+00
4.480000000000000000e+02 9.394207756343134008e+01 0.000000000000000000e+00 0.000000000000000000e+00
4.490000000000000000e+02 9.419046480626852258e+01 1.000000000000000000e+00 0.000000000000000000e+00
4.500000000000000000e+02 9.357980310275839031e+01 1.000000000000000000e+00 0.000000000000000000e+00
4.510000000000000000e+02 9.425893195075742881e+01 1.000000000000000000e+00 0.000000000000000000e+00
4.520000000000000000e+02 9.468283323209601576e+01 1.000000000000000000e+00 0.000000000000000000e+00
4.530000000000000000e+02 9.523320979490540594e+01 1.000000000000000000e+00 0.000000000000000000e+00
4.540000000000000000e+02 9.783210087270762756e+01 0.000000000000000000e+00 0.000000000000000000e+00
4.550000000000000000e+02 9.709647064959024476e+01 0.000000000000000000e+00 0.000000000000000000e+00
4.560000000000000000e+02 9.858503798711299737e+01 0.000000000000000000e+00 0.000000000000000000e+00
4.570000000000000000e+02 9.646537845314057336e+01 1.000000000000000000e+00 0.000000000000000000e+00
4.580000000000000000e+02 9.629606563711870137e+01 2.000000000000000000e+00 0.000000000000000000e+00
4.590000000000000000e+02 9.754284473565358837e+01 0.000000000000000000e+00 0.000000000000000000e+00
4.600000000000000000e+02 9.753106409024059076e+01 2.000000000000000000e+00 0.000000000000000000e+00
4.610000000000000000e+02 9.751599779372808996e+01 0.000000000000000000e+00 0.000000000000000000e+00
4.620000000000000000e+02 9.775064235220166609e+01 2.000000000000000000e+00 0.000000000000000000e+00
4.630000000000000000e+02 9.868913875251310230e+01 0.000000000000000000e+00 0.000000000000000000e+00
4.640000000000000000e+02 9.622496578883794882e+01 2.000000000000000000e+00 0.000000000000000000e+00
4.650000000000000000e+02 9.687125921028609810e+01 1.000000000000000000e+00 0.000000000000000000e+00
4.660000000000000000e+02 9.782630327815900273e+01 0.000000000000000000e+00 0.000000000000000000e+00
4.670000000000000000e+02 9.689218589675861892e+01 2.000000000000000000e+00 0.000000000000000000e+00
4.680000000000000000e+02 9.879747668114669068e+01 0.000000000000000000e+00 0.000000000000000000e+00
4.690000000000000000e+02 9.770631802128131937e+01 1.000000000000000000e+00 0.000000000000000000e+00
4.700000000000000000e+02 9.740948630239994088e+01 1.000000000000000000e+00 0.000000000000000000e+00
4.710000000000000000e+02 1.001780939516217899e+02 0.000000000000000000e+00 0.000000000000000000e+00
4.720000000000000000e+02 9.814162605494283298e+01 1.000000000000000000e+00 0.000000000000000000e+00
4.730000000000000000e+02 9.973411850621610597e+01 1.000000000000000000e+00 0.000000000000000000e+00
4.740000000000000000e+02 9.938826894328566652e+01 0.000000000000000000e+00 0.000000000000000000e+00
4.750000000000000000e+02 1.014481981691961039e+02 0.000000000000000000e+00 0.000000000000000000e+00
4.760000000000000000e+02 1.024426811170749971e+02 0.000000000000000000e+00 0.000000000000000000e+00
4.770000000000000000e+02 1.016281224831784442e+02 1.000000000000000000e+00 0.000000000000000000e+00
4.780000000000000000e+02 1.031059042432333257e+02 0.000000000000000000e+00 0.000000000000000000e+00
4.790000000000000000e+02 1.024308061668690328e+02 2.000000000000000000e+00 0.000000000000000000e+00
4.800000000000000000e+02 1.040286127361902686e+02 0.000000000000000000e+00 0.000000000000000000e+00
4.810000000000000000e+02 1.039097237632202564e+02 1.000000000000000000e+00 0.000000000000000000e+00
4.820000000000000000e+02 1.055824937474040155e+02 0.000000000000000000e+00 0.000000000000000000e+00
4.830000000000000000e+02 1.044237511330616428e+02 0.000000000000000000e+00 0.000000000000000000e+00
4.840000000000000000e+02 1.059744063480315930e+02 0.000000000000000000e+00 0.000000000000000000e+00
4.850000000000000000e+02 1.065431049095732590e+02 0.000000000000000000e+00 0.000000000000000000e+00
4.860000000000000000e+02 1.069148366496766442e+02 1.000000000000000000e+00 0.000000000000000000e+00
4.870000000000000000e+02 1.062126557046935602e+02 1.000000000000000000e+00 0.000000000000000000e+00
4.880000000000000000e+02 1.067796253545198510e+02 2.000000000000000000e+00 0.000000000000000000e+00
4.890000000000000000e+02 1.058691414100304087e+02 1.000000000000000000e+00 0.000000000000000000e+00
4.900000000000000000e+02 1.043870319709509431e+02 2.000000000000000000e+00 0.000000000000000000e+00
4.910000000000000000e+02 1.067315560245255739e+02 0.000000000000000000e+00 0.000000000000000000e+00
4.920000000000000000e+02 1.066856930307412767e+02 0.000000000000000000e+00 0.000000000000000000e+00
4.930000000000000000e+02 1.067542704294795186e+02 1.000000000000000000e+00 0.000000000000000000e+00
4.940000000000000000e+02 1.067492974109415229e+02 1.000000000000000000e+00 0.000000000000000000e+00
4.950000000000000000e+02 1.066748790959736652e+02 1.000000000000000000e+00 0.000000000000000000e+00
4.960000000000000000e+02 1.079925673400522186e+02 1.000000000000000000e+00 0.000000000000000000e+00
4.970000000000000000e+02 1.068662763646265148e+02 1.000000000000000000e+00 0.000000000000000000e+00
4.980000000000000000e+02 1.081354299577439377e+02 1.000000000000000000e+00 0.000000000000000000e+00
4.990000000000000000e+02 1.087739778807132893e+02 0.000000000000000000e+00 0.000000000000000000e+00
5.000000000000000000e+02 1.089790517013832414e+02 0.000000000000000000e+00 0.000000000000000000e+00
5.010000000000000000e+02 1.082040123335313808e+02 2.000000000000000000e+00 0.000000000000000000e+00
5.020000000000000000e+02 1.062026101668609215e+02 2.000000000000000000e+00 0.000000000000000000e+00
5.030000000000000000e+02 1.082712058260036798e+02 0.000000000000000000e+00 0.000000000000000000e+00
5.040000000000000000e+02 1.096731510364929392e+02 0.000000000000000000e+00 0.000000000000000000e+00
5.050000000000000000e+02 1.091203552388966642e+02 2.000000000000000000e+00 0.000000000000000000e+00
5.060000000000000000e+02 1.085785105297066053e+02 0.000000000000000000e+00 0.000000000000000000e+00
5.070000000000000000e+02 1.095532682697165541e+02 0.000000000000000000e+00 0.000000000000000000e+00
5.080000000000000000e+02 1.084021644184086739e+02 2.000000000000000000e+00 0.000000000000000000e+00
5.090000000000000000e+02 1.100973423467399499e+02 0.000000000000000000e+00 0.000000000000000000e+00
5.100000000000000000e+02 1.095199436053960937e+02 0.000000000000000000e+00 0.000000000000000000e+00
5.110000000000000000e+02 1.097971976716743967e+02 2.000000000000000000e+00 0.000000000000000000e+00
5.120000000000000000e+02 1.097956362113482385e+02 2.000000000000000000e+00 0.000000000000000000e+00
5.130000000000000000e+02 1.092065764822755654e+02 0.000000000000000000e+00 0.000000000000000000e+00
5.140000000000000000e+02 1.097080993190816400e+02 1.000000000000000000e+00 0.000000000000000000e+00
5.150000000000000000e+02 1.096550968720925283e+02 2.000000000000000000e+00 0.000000000000000000e+00
5.160000000000000000e+02 1.085388124670659380e+02 2.000000000000000000e+00 0.000000000000000000e+00
5.170000000000000000e+02 1.089739259275922194e+02 0.000000000000000000e+00 0.000000000000000000e+00
5.180000000000000000e+02 1.077272301906718326e+02 2.000000000000000000e+00 0.000000000000000000e+00
5.190000000000000000e+02 1.076264238031031653e+02 0.000000000000000000e+00 0.000000000000000000e+00
5.200000000000000000e+02 1.095042783347904418e+02 0.000000000000000000e+00 0.000000000000000000e+00
5.210000000000000000e+02 1.081774926743777030e+02 2.000000000000000000e+00 0.000000000000000000e+00
5.220000000000000000e+02 1.102437452095875585e+02 0.000000000000000000e+00 0.000000000000000000e+00
5.230000000000000000e+02 1.083900971684073227e+02 2.000000000000000000e+00 0.000000000000000000e+00
5.240000000000000000e+02 1.093109922643725440e+02 1.000000000000000000e+00 0.000000000000000000e+00
5.250000000000000000e+02 1.079749009436065847e+02 2.000000000000000000e+00 0.000000000000000000e+00
5.260000000000000000e+02 1.057185250122586808e+02 2.000000000000000000e+00 0.000000000000000000e+00
5.270000000000000000e+02 1.061204331792284279e+02 0.000000000000000000e+00 0.000000000000000000e+00
5.280000000000000000e+02 1.066323805928620629e+02 2.000000000000000000e+00 0.000000000000000000e+00
5.290000000000000000e+02 1.054340603069837954e+02 2.000000000000000000e+00 0.000000000000000000e+00
5.300000000000000000e+02 1.064794422175187520e+02 0.000000000000000000e+00 0.000000000000000000e+00
5.310000000000000000e+02 1.073794677777801638e+02 1.000000000000000000e+00 0.000000000000000000e+00
5.320000000000000000e+02 1.096528779469948205e+02 0.000000000000000000e+00 0.000000000000000000e+00
5.330000000000000000e+02 1.081981364301273629e+02 1.000000000000000000e+00 0.000000000000000000e+00
5.340000000000000000e+02 1.075262539127910770e+02 1.000000000000000000e+00 0.000000000000000000e+00
5.350000000000000000e+02 1.086429917929187070e+02 0.000000000000000000e+00 0.000000000000000000e+00
5.360000000000000000e+02 1.074091008039305422e+02 2.000000000000000000e+00 0.000000000000000000e+00
5.370000000000000000e+02 1.090360408349893220e+02 0.000000000000000000e+00 0.000000000000000000e+00
5.380000000000000000e+02 1.087950750669695310e+02 1.000000000000000000e+00 0.000000000000000000e+00
5.390000000000000000e+02 1.110504076222601100e+02 1.000000000000000000e+00 0.000000000000000000e+00
5.400000000000000000e+02 1.098420193976224937e+02 0.000000000000000000e+00 0.000000000000000000e+00
5.410000000000000000e+02 1.084487057667455616e+02 2.000000000000000000e+00 0.000000000000000000e+00
5.420000000000000000e+02 1.085530419554496007e+02 2.000000000000000000e+00 0.000000000000000000e+00
5.430000000000000000e+02 1.106848250183635685e+02 0.000000000000000000e+00 0.000000000000000000e+00
5.440000000000000000e+02 1.095077739596526527e+02 1.000000000000000000e+00 0.000000000000000000e+00
5.450000000000000000e+02 1.075663441254900619e+02 2.000000000000000000e+00 0.000000000000000000e+00
5.460000000000000000e+02 1.075980587807764977e+02 1.000000000000000000e+00 0.000000000000000000e+00
5.470000000000000000e+02 1.088225253667094705e+02 0.000000000000000000e+00 0.000000000000000000e+00
5.480000000000000000e+02 1.099014208559690218e+02 2.000000000000000000e+00 0.000000000000000000e+00
5.490000000000000000e+02 1.084914681834489159e+02 0.000000000000000000e+00 0.000000000000000000e+00
5.500000000000000000e+02 1.087000542997698602e+02 1.000000000000000000e+00 0.000000000000000000e+00
5.510000000000000000e+02 1.094225169569571534e+02 0.000000000000000000e+00 0.000000000000000000e+00
5.520000000000000000e+02 1.094254108991030705e+02 1.000000000000000000e+00 0.000000000000000000e+00
5.530000000000000000e+02 1.103931326046935766e+02 0.000000000000000000e+00 0.000000000000000000e+00
5.540000000000000000e+02 1.126216517995595012e+02 0.000000000000000000e+00 0.000000000000000000e+00
5.550000000000000000e+02 1.118875448405880491e+02 2.000000000000000000e+00 0.000000000000000000e+00
5.560000000000000000e+02 1.128918744178854752e+02 0.000000000000000000e+00 0.000000000000000000e+00
5.570000000000000000e+02 1.108279911855986057e+02 2.000000000000000000e+00 0.000000000000000000e+00
5.580000000000000000e+02 1.114133783989387183e+02 0.000000000000000000e+00 0.000000000000000000e+00
5.590000000000000000e+02 1.106555385642551670e+02 2.000000000000000000e+00 0.000000000000000000e+00
5.600000000000000000e+02 1.098033673537494508e+02 2.000000000000000000e+00 0.000000000000000000e+00
5.610000000000000000e+02 1.113414488645607037e+02 0.000000000000000000e+00 0.000000000000000000e+00
5.620000000000000000e+02 1.109750019326155979e+02 2.000000000000000000e+00 0.000000000000000000e+00
5.630000000000000000e+02 1.078692442956655952e+02 2.000000000000000000e+00 0.000000000000000000e+00
5.640000000000000000e+02 1.102170267091486977e+02 0.000000000000000000e+00 0.000000000000000000e+00
5.650000000000000000e+02 1.089851922160284232e+02 2.000000000000000000e+00 0.000000000000000000e+00
5.660000000000000000e+02 1.088639232238718932e+02 2.000000000000000000e+00 0.000000000000000000e+00
5.670000000000000000e+02 1.104833360099057984e+02 0.000000000000000000e+00 0.000000000000000000e+00
5.680000000000000000e+02 1.078433366401689995e+02 2.000000000000000000e+00 0.000000000000000000e+00
5.690000000000000000e+02 1.089727829518688651e+02 0.000000000000000000e+00 0.000000000000000000e+00
5.700000000000000000e+02 1.086614686885264263e+02 1.000000000000000000e+00 0.000000000000000000e+00
5.710000000000000000e+02 1.106746945963850095e+02 0.000000000000000000e+00 0.000000000000000000e+00
5.720000000000000000e+02 1.091453208337481158e+02 1.000000000000000000e+00 0.000000000000000000e+00
5.730000000000000000e+02 1.085921175047500213e+02 2.000000000000000000e+00 0.000000000000000000e+00
5.740000000000000000e+02 1.102843280651332805e+02 0.000000000000000000e+00 0.000000000000000000e+00
5.750000000000000000e+02 1.097094054839173651e+02 1.000000000000000000e+00 0.000000000000000000e+00
5.760000000000000000e+02 1.113970900954500252e+02 0.000000000000000000e+00 0.000000000000000000e+00
5.770000000000000000e+02 1.113509385681801120e+02 1.000000000000000000e+00 0.000000000000000000e+00
5.780000000000000000e+02 1.086441294367583481e+02 2.000000000000000000e+00 0.000000000000000000e+00
5.790000000000000000e+02 1.109300253775054301e+02 0.000000000000000000e+00 0.000000000000000000e+00
5.800000000000000000e+02 1.114651069993640391e+02 0.000000000000000000e+00 0.000000000000000000e+00
5.810000000000000000e+02 1.140112389913834221e+02 0.000000000000000000e+00 0.000000000000000000e+00
5.820000000000000000e+02 1.131507733629062926e+02 1.000000000000000000e+00 0.000000000000000000e+00
5.830000000000000000e+02 1.131579417340169300e+02 1.000000000000000000e+00 0.000000000000000000e+00
5.840000000000000000e+02 1.117869950870820759e+02 2.000000000000000000e+00 0.000000000000000000e+00
5.850000000000000000e+02 1.124294040496939857e+02 0.000000000000000000e+00 0.000000000000000000e+00
5.860000000000000000e+02 1.125504493412954758e+02 0.000000000000000000e+00 0.000000000000000000e+00
5.870000000000000000e+02 1.139125237476754080e+02 1.000000000000000000e+00 0.000000000000000000e+00
5.880000000000000000e+02 1.148396835775370732e+02 0.000000000000000000e+00 0.000000000000000000e+00
5.890000000000000000e+02 1.158792771561770110e+02 0.000000000000000000e+00 0.000000000000000000e+00
5.900000000000000000e+02 1.172383912417274843e+02 0.000000000000000000e+00 0.000000000000000000e+00
5.910000000000000000e+02 1.187528267839435046e+02 0.000000000000000000e+00 0.000000000000000000e+00
5.920000000000000000e+02 1.185155580455315629e+02 1.000000000000000000e+00 0.000000000000000000e+00
5.930000000000000000e+02 1.193738762795245663e+02 0.000000000000000000e+00 0.000000000000000000e+00
5.940000000000000000e+02 1.200009845020738197e+02 1.000000000000000000e+00 0.000000000000000000e+00
5.950000000000000000e+02 1.184687213656111453e+02 1.000000000000000000e+00 0.000000000000000000e+00
5.960000000000000000e+02 1.191550287675077442e+02 0.000000000000000000e+00 0.000000000000000000e+00
5.970000000000000000e+02 1.186927480396979888e+02 1.000000000000000000e+00 0.000000000000000000e+00
5.980000000000000000e+02 1.183166175808857332e+02 1.000000000000000000e+00 0.000000000000000000e+00
5.990000000000000000e+02 1.211750224123561566e+02 0.000000000000000000e+00 0.000000000000000000e+00
6.000000000000000000e+02 1.202934131498438290e+02 2.000000000000000000e+00 0.000000000000000000e+00
6.010000000000000000e+02 1.209802569562748147e+02 0.000000000000000000e+00 0.000000000000000000e+00
6.020000000000000000e+02 1.194892831496107988e+02 1.000000000000000000e+00 0.000000000000000000e+00
6.030000000000000000e+02 1.204768503697586652e+02 1.000000000000000000e+00 0.000000000000000000e+00
6.040000000000000000e+02 1.231285112240449280e+02 1.000000000000000000e+00 0.000000000000000000e+00
6.050000000000000000e+02 1.219263051384525340e+02 1.000000000000000000e+00 0.000000000000000000e+00
6.060000000000000000e+02 1.225034963405482529e+02 0.000000000000000000e+00 0.000000000000000000e+00
6.070000000000000000e+02 1.226555682340702589e+02 1.000000000000000000e+00 0.000000000000000000e+00
6.080000000000000000e+02 1.209196826963333535e+02 2.000000000000000000e+00 0.000000000000000000e+00
6.090000000000000000e+02 1.230005611028634434e+02 0.000000000000000000e+00 0.000000000000000000e+00
6.100000000000000000e+02 1.209607874970553496e+02 2.000000000000000000e+00 0.000000000000000000e+00
6.110000000000000000e+02 1.210169672655988506e+02 1.000000000000000000e+00 0.000000000000000000e+00
6.120000000000000000e+02 1.204213049820495627e+02 0.000000000000000000e+00 0.000000000000000000e+00
6.130000000000000000e+02 1.213124285694683095e+02 1.000000000000000000e+00 0.000000000000000000e+00
6.140000000000000000e+02 1.213829845170856885e+02 2.000000000000000000e+00 0.000000000000000000e+00
6.150000000000000000e+02 1.212850840074623875e+02 1.000000000000000000e+00 0.000000000000000000e+00
6.160000000000000000e+02 1.222916011230421276e+02 0.000000000000000000e+00 0.000000000000000000e+00
6.170000000000000000e+02 1.202151339700230750e+02 2.000000000000000000e+00 0.000000000000000000e+00
6.180000000000000000e+02 1.220103320500026456e+02 1.000000000000000000e+00 0.000000000000000000e+00
6.190000000000000000e+02 1.203170924340476802e+02 1.000000000000000000e+00 0.000000000000000000e+00
6.200000000000000000e+02 1.211328234033060625e+02 1.000000000000000000e+00 0.000000000000000000e+00
6.210000000000000000e+02 1.210449238585358245e+02 1.000000000000000000e+00 0.000000000000000000e+00
6.220000000000000000e+02 1.212896729633164483e+02 1.000000000000000000e+00 0.000000000000000000e+00
6.230000000000000000e+02 1.191675891146880559e+02 2.000000000000000000e+00 0.000000000000000000e+00
6.240000000000000000e+02 1.207355574238043943e+02 0.000000000000000000e+00 0.000000000000000000e+00
6.250000000000000000e+02 1.223509110865806377e+02 0.000000000000000000e+00 0.000000000000000000e+00
6.260000000000000000e+02 1.213873407729785612e+02 2.000000000000000000e+00 0.000000000000000000e+00
6.270000000000000000e+02 1.228432719971049210e+02 0.000000000000000000e+00 0.000000000000000000e+00
6.280000000000000000e+02 1.234942240230615766e+02 0.000000000000000000e+00 0.000000000000000000e+00
6.290000000000000000e+02 1.209791571978464759e+02 2.000000000000000000e+00 0.000000000000000000e+00
6.300000000000000000e+02 1.242027457111442885e+02 0.000000000000000000e+00 0.000000000000000000e+00
6.310000000000000000e+02 1.238294188942983851e+02 0.000000000000000000e+00 0.000000000000000000e+00
6.320000000000000000e+02 1.242523962226911891e+02 1.000000000000000000e+00 0.000000000000000000e+00
6.330000000000000000e+02 1.227088916302938628e+02 2.000000000000000000e+00 0.000000000000000000e+00
6.340000000000000000e+02 1.238610103238606683e+02 1.000000000000000000e+00 0.000000000000000000e+00
6.350000000000000000e+02 1.231196249691208493e+02 1.000000000000000000e+00 0.000000000000000000e+00
6.360000000000000000e+02 1.226331726104138653e+02 0.000000000000000000e+00 0.000000000000000000e+00
6.370000000000000000e+02 1.229158511563216365e+02 1.000000000000000000e+00 0.000000000000000000e+00
6.380000000000000000e+02 1.242785184989803042e+02 1.000000000000000000e+00 0.000000000000000000e+00
6.390000000000000000e+02 1.248096892539398368e+02 0.000000000000000000e+00 0.000000000000000000e+00
6.400000000000000000e+02 1.239853734928415321e+02 2.000000000000000000e+00 0.000000000000000000e+00
6.410000000000000000e+02 1.236664563961295613e+02 0.000000000000000000e+00 0.000000000000000000e+00
6.420000000000000000e+02 1.262878609461811266e+02 0.000000000000000000e+00 0.000000000000000000e+00
6.430000000000000000e+02 1.253710060143380076e+02 1.000000000000000000e+00 0.000000000000000000e+00
6.440000000000000000e+02 1.274415831868520854e+02 0.000000000000000000e+00 0.000000000000000000e+00
6.450000000000000000e+02 1.279311145340658697e+02 0.000000000000000000e+00 0.000000000000000000e+00
6.460000000000000000e+02 1.265155098316767379e+02 0.000000000000000000e+00 0.000000000000000000e+00
6.470000000000000000e+02 1.289582482593679345e+02 2.000000000000000000e+00 0.000000000000000000e+00
6.480000000000000000e+02 1.293089438434109866e+02 0.000000000000000000e+00 0.000000000000000000e+00
6.490000000000000000e+02 1.289503194165162085e+02 1.000000000000000000e+00 0.000000000000000000e+00
6.500000000000000000e+02 1.273451146210088325e+02 2.000000000000000000e+00 0.000000000000000000e+00
6.510000000000000000e+02 1.280189467097482634e+02 1.000000000000000000e+00 0.000000000000000000e+00
6.520000000000000000e+02 1.269881721329370663e+02 2.000000000000000000e+00 0.000000000000000000e+00
6.530000000000000000e+02 1.250556724220980556e+02 2.000000000000000000e+00 0.000000000000000000e+00
6.540000000000000000e+02 1.252418425106497466e+02 1.000000000000000000e+00 0.000000000000000000e+00
6.550000000000000000e+02 1.264046389893229332e+02 1.000000000000000000e+00 0.000000000000000000e+00
6.560000000000000000e+02 1.258684292654328374e+02 0.000000000000000000e+00 0.000000000000000000e+00
6.570000000000000000e+02 1.258645102835610317e+02 2.000000000000000000e+00 0.000000000000000000e+00
6.580000000000000000e+02 1.248481532578433360e+02 1.000000000000000000e+00 0.000000000000000000e+00
6.590000000000000000e+02 1.241680897775619599e+02 2.000000000000000000e+00 0.000000000000000000e+00
6.600000000000000000e+02 1.269188139693751936e+02 0.000000000000000000e+00 0.000000000000000000e+00
6.610000000000000000e+02 1.247195867971879863e+02 2.000000000000000000e+00 0.000000000000000000e+00
6.620000000000000000e+02 1.252460895194947454e+02 0.000000000000000000e+00 0.000000000000000000e+00
6.630000000000000000e+02 1.253532677611870696e+02 0.000000000000000000e+00 0.000000000000000000e+00
6.640000000000000000e+02 1.273098943793588660e+02 1.000000000000000000e+00 0.000000000000000000e+00
6.650000000000000000e+02 1.273362058937666461e+02 0.000000000000000000e+00 0.000000000000000000e+00
6.660000000000000000e+02 1.282958256530639858e+02 0.000000000000000000e+00 0.000000000000000000e+00
6.670000000000000000e+02 1.297306522426228241e+02 0.000000000000000000e+00 0.000000000000000000e+00
6.680000000000000000e+02 1.294330748600218897e+02 2.000000000000000000e+00 0.000000000000000000e+00
6.690000000000000000e+02 1.299654912068125441e+02 0.000000000000000000e+00 0.000000000000000000e+00
6.700000000000000000e+02 1.310358622960199284e+02 0.000000000000000000e+00 0.000000000000000000e+00
6.710000000000000000e+02 1.296852688053375857e+02 2.000000000000000000e+00 0.000000000000000000e+00
6.720000000000000000e+02 1.301466025124150860e+02 0.000000000000000000e+00 0.000000000000000000e+00
6.730000000000000000e+02 1.328528296938094115e+02 0.000000000000000000e+00 0.000000000000000000e+00
6.740000000000000000e+02 1.331065414878150932e+02 1.000000000000000000e+00 0.000000000000000000e+00
6.750000000000000000e+02 1.338743020826669010e+02 0.000000000000000000e+00 0.000000000000000000e+00
6.760000000000000000e+02 1.324527218853233137e+02 2.000000000000000000e+00 0.000000000000000000e+00
6.770000000000000000e+02 1.338242950638994557e+02 0.000000000000000000e+00 0.000000000000000000e+00
6.780000000000000000e+02 1.333613991714802012e+02 1.000000000000000000e+00 0.000000000000000000e+00
6.790000000000000000e+02 1.331412408619150085e+02 1.000000000000000000e+00 0.000000000000000000e+00
6.800000000000000000e+02 1.327751783812219912e+02 1.000000000000000000e+00 0.000000000000000000e+00
6.810000000000000000e+02 1.323388556014466246e+02 2.000000000000000000e+00 0.000000000000000000e+00
6.820000000000000000e+02 1.310806789915259287e+02 1.000000000000000000e+00 0.000000000000000000e+00
6.830000000000000000e+02 1.314288837472882392e+02 1.000000000000000000e+00 0.000000000000000000e+00
6.840000000000000000e+02 1.301559509354788418e+02 2.000000000000000000e+00 0.000000000000000000e+00
6.850000000000000000e+02 1.294400888185145959e+02 2.000000000000000000e+00 0.000000000000000000e+00
6.860000000000000000e+02 1.314604728108749327e+02 0.000000000000000000e+00 0.000000000000000000e+00
6.870000000000000000e+02 1.313338848376691885e+02 0.000000000000000000e+00 0.000000000000000000e+00
6.880000000000000000e+02 1.339767034140392639e+02 0.000000000000000000e+00 0.000000000000000000e+00
6.890000000000000000e+02 1.307830104453685180e+02 2.000000000000000000e+00 0.000000000000000000e+00
6.900000000000000000e+02 1.325809078234626099e+02 0.000000000000000000e+00 0.000000000000000000e+00
6.910000000000000000e+02 1.334414738631705859e+02 0.000000000000000000e+00 0.000000000000000000e+00
6.920000000000000000e+02 1.342559902123670099e+02 1.000000000000000000e+00 0.000000000000000000e+00
6.930000000000000000e+02 1.342211907747292798e+02 0.000000000000000000e+00 0.000000000000000000e+00
6.940000000000000000e+02 1.363785158028989599e+02 0.000000000000000000e+00 0.000000000000000000e+00
6.950000000000000000e+02 1.363716421671418573e+02 1.000000000000000000e+00 0.000000000000000000e+00
6.960000000000000000e+02 1.376956863344540238e+02 0.000000000000000000e+00 0.000000000000000000e+00
6.970000000000000000e+02 1.385076156959611069e+02 0.000000000000000000e+00 0.000000000000000000e+00
6.980000000000000000e+02 1.374470600926804593e+02 2.000000000000000000e+00 0.000000000000000000e+00
6.990000000000000000e+02 1.387685915539959751e+02 0.000000000000000000e+00 0.000000000000000000e+00
7.000000000000000000e+02 1.382989031351050642e+02 0.000000000000000000e+00 0.000000000000000000e+00
7.010000000000000000e+02 1.383304415658213031e+02 2.000000000000000000e+00 0.000000000000000000e+00
7.020000000000000000e+02 1.392024000428537249e+02 0.000000000000000000e+00 0.000000000000000000e+00
7.030000000000000000e+02 1.398151441055235011e+02 0.000000000000000000e+00 0.000000000000000000e+00
7.040000000000000000e+02 1.407872361602169633e+02 0.000000000000000000e+00 0.000000000000000000e+00
7.050000000000000000e+02 1.409800444774883772e+02 0.000000000000000000e+00 0.000000000000000000e+00
7.060000000000000000e+02 1.403744584846041903e+02 2.000000000000000000e+00 0.000000000000000000e+00
7.070000000000000000e+02 1.419007264658237091e+02 0.000000000000000000e+00 0.000000000000000000e+00
7.080000000000000000e+02 1.422589057766099359e+02 1.000000000000000000e+00 0.000000000000000000e+00
7.090000000000000000e+02 1.428245527615293611e+02 0.000000000000000000e+00 0.000000000000000000e+00
7.100000000000000000e+02 1.432730862011237036e+02 1.000000000000000000e+00 0.000000000000000000e+00
7.110000000000000000e+02 1.434662121138456996e+02 1.000000000000000000e+00 0.000000000000000000e+00
7.120000000000000000e+02 1.424203190458255506e+02 0.000000000000000000e+00 0.000000000000000000e+00
7.130000000000000000e+02 1.420046585467881357e+02 2.000000000000000000e+00 0.000000000000000000e+00
7.140000000000000000e+02 1.432636866184974167e+02 0.000000000000000000e+00 0.000000000000000000e+00
7.150000000000000000e+02 1.441617695156047603e+02 0.000000000000000000e+00 0.000000000000000000e+00
7.160000000000000000e+02 1.452562641815109146e+02 0.000000000000000000e+00 0.000000000000000000e+00
7.170000000000000000e+02 1.444436663778495813e+02 2.000000000000000000e+00 0.000000000000000000e+00
7.180000000000000000e+02 1.453205813786144631e+02 0.000000000000000000e+00 0.000000000000000000e+00
7.190000000000000000e+02 1.469486949799650688e+02 0.000000000000000000e+00 0.000000000000000000e+00
7.200000000000000000e+02 1.469003833031094359e+02 0.000000000000000000e+00 0.000000000000000000e+00
7.210000000000000000e+02 1.480071846150980548e+02 1.000000000000000000e+00 0.000000000000000000e+00
7.220000000000000000e+02 1.485605275584458695e+02 0.000000000000000000e+00 0.000000000000000000e+00
7.230000000000000000e+02 1.482824376033827889e+02 2.000000000000000000e+00 0.000000000000000000e+00
7.240000000000000000e+02 1.470629539015674823e+02 2.000000000000000000e+00 0.000000000000000000e+00
7.250000000000000000e+02 1.489999522511852490e+02 0.000000000000000000e+00 0.000000000000000000e+00
7.260000000000000000e+02 1.492347709019143736e+02 0.000000000000000000e+00 0.000000000000000000e+00
7.270000000000000000e+02 1.491125720271999171e+02 2.000000000000000000e+00 0.000000000000000000e+00
7.280000000000000000e+02 1.480451783529515808e+02 0.000000000000000000e+00 0.000000000000000000e+00
7.290000000000000000e+02 1.490764482446936654e+02 2.000000000000000000e+00 0.000000000000000000e+00
7.300000000000000000e+02 1.475917178374518812e+02 0.000000000000000000e+00 0.000000000000000000e+00
7.310000000000000000e+02 1.499166538884736042e+02 0.000000000000000000e+00 0.000000000000000000e+00
7.320000000000000000e+02 1.491135702262832865e+02 2.000000000000000000e+00 0.000000000000000000e+00
7.330000000000000000e+02 1.483682285813929411e+02 0.000000000000000000e+00 0.000000000000000000e+00
7.340000000000000000e+02 1.510618256694421575e+02 0.000000000000000000e+00 0.000000000000000000e+00
7.350000000000000000e+02 1.519529371615729474e+02 0.000000000000000000e+00 0.000000000000000000e+00
7.360000000000000000e+02 1.517147816580323365e+02 2.000000000000000000e+00 0.000000000000000000e+00
7.370000000000000000e+02 1.498844736092544281e+02 1.000000000000000000e+00 0.000000000000000000e+00
7.380000000000000000e+02 1.523089718125966954e+02 1.000000000000000000e+00 0.000000000000000000e+00
7.390000000000000000e+02 1.492099051431649457e+02 1.000000000000000000e+00 0.000000000000000000e+00
7.400000000000000000e+02 1.519694997747012621e+02 1.000000000000000000e+00 0.000000000000000000e+00
7.410000000000000000e+02 1.518932780649573715e+02 1.000000000000000000e+00 0.000000000000000000e+00
7.420000000000000000e+02 1.509487822866830697e+02 1.000000000000000000e+00 0.000000000000000000e+00
7.430000000000000000e+02 1.513647739776792776e+02 1.000000000000000000e+00 0.000000000000000000e+00
7.440000000000000000e+02 1.516536924365372272e+02 0.000000000000000000e+00 0.000000000000000000e+00
7.450000000000000000e+02 1.519600123887025518e+02 1.000000000000000000e+00 0.000000000000000000e+00
7.460000000000000000e+02 1.531119948572519434e+02 0.000000000000000000e+00 0.000000000000000000e+00
7.470000000000000000e+02 1.556316423268101232e+02 0.000000000000000000e+00 0.000000000000000000e+00
7.480000000000000000e+02 1.538209577523711289e+02 1.000000000000000000e+00 0.000000000000000000e+00
7.490000000000000000e+02 1.559477275055491248e+02 1.000000000000000000e+00 0.000000000000000000e+00
7.500000000000000000e+02 1.518927943081846479e+02 2.000000000000000000e+00 0.000000000000000000e+00
7.510000000000000000e+02 1.538730529237201949e+02 1.000000000000000000e+00 0.000000000000000000e+00
7.520000000000000000e+02 1.528425201305403505e+02 0.000000000000000000e+00 0.000000000000000000e+00
7.530000000000000000e+02 1.541403301027980888e+02 0.000000000000000000e+00 0.000000000000000000e+00
7.540000000000000000e+02 1.545327725661290401e+02 1.000000000000000000e+00 0.000000000000000000e+00
7.550000000000000000e+02 1.548983825755701673e+02 1.000000000000000000e+00 0.000000000000000000e+00
7.560000000000000000e+02 1.538285516804794213e+02 2.000000000000000000e+00 0.000000000000000000e+00
7.570000000000000000e+02 1.537655342545116355e+02 1.000000000000000000e+00 0.000000000000000000e+00
7.580000000000000000e+02 1.555594476338835932e+02 0.000000000000000000e+00 0.000000000000000000e+00
7.590000000000000000e+02 1.547455813464075902e+02 1.000000000000000000e+00 0.000000000000000000e+00
7.600000000000000000e+02 1.543459602769800938e+02 1.000000000000000000e+00 0.000000000000000000e+00
7.610000000000000000e+02 1.557620923545330527e+02 0.000000000000000000e+00 0.000000000000000000e+00
7.620000000000000000e+02 1.553652254038254341e+02 2.000000000000000000e+00 0.000000000000000000e+00
7.630000000000000000e+02 1.559815507874875777e+02 0.000000000000000000e+00 0.000000000000000000e+00
7.640000000000000000e+02 1.554770252079898398e+02 1.000000000000000000e+00 0.000000000000000000e+00
7.650000000000000000e+02 1.554815282425441296e+02 1.000000000000000000e+00 0.000000000000000000e+00
7.660000000000000000e+02 1.573697675571485775e+02 1.000000000000000000e+00 0.000000000000000000e+00
7.670000000000000000e+02 1.580169726088442133e+02 0.000000000000000000e+00 0.000000000000000000e+00
7.680000000000000000e+02 1.583194231205199856e+02 1.000000000000000000e+00 0.000000000000000000e+00
7.690000000000000000e+02 1.590320334911969553e+02 0.000000000000000000e+00 0.000000000000000000e+00
7.700000000000000000e+02 1.583566487787182382e+02 1.000000000000000000e+00 0.000000000000000000e+00
7.710000000000000000e+02 1.585786993680966930e+02 1.000000000000000000e+00 0.000000000000000000e+00
7.720000000000000000e+02 1.592976303068006700e+02 0.000000000000000000e+00 0.000000000000000000e+00
7.730000000000000000e+02 1.572956310464223861e+02 2.000000000000000000e+00 0.000000000000000000e+00
7.740000000000000000e+02 1.576991522395273364e+02 2.000000000000000000e+00 0.000000000000000000e+00
7.750000000000000000e+02 1.566185899426889421e+02 0.000000000000000000e+00 0.000000000000000000e+00
7.760000000000000000e+02 1.591773724945975346e+02 0.000000000000000000e+00 0.000000000000000000e+00
7.770000000000000000e+02 1.612305640737280896e+02 0.000000000000000000e+00 0.000000000000000000e+00
7.780000000000000000e+02 1.599204447414778940e+02 2.000000000000000000e+00 0.000000000000000000e+00
7.790000000000000000e+02 1.574312809590342397e+02 2.000000000000000000e+00 0.000000000000000000e+00
7.800000000000000000e+02 1.597674731524162439e+02 0.000000000000000000e+00 0.000000000000000000e+00
7.810000000000000000e+02 1.599555174865112690e+02 1.000000000000000000e+00 0.000000000000000000e+00
7.820000000000000000e+02 1.595992003573304032e+02 1.000000000000000000e+00 0.000000000000000000e+00
7.830000000000000000e+02 1.603697308851972423e+02 0.000000000000000000e+00 0.000000000000000000e+00
7.840000000000000000e+02 1.580534393599999987e+02 2.000000000000000000e+00 0.000000000000000000e+00
7.850000000000000000e+02 1.588933270103413804e+02 2.000000000000000000e+00 0.000000000000000000e+00
7.860000000000000000e+02 1.589303262377073622e+02 0.000000000000000000e+00 0.000000000000000000e+00
7.870000000000000000e+02 1.584583952287086390e+02 2.000000000000000000e+00 0.000000000000000000e+00
7.880000000000000000e+02 1.584331513726822607e+02 1.000000000000000000e+00 0.000000000000000000e+00
7.890000000000000000e+02 1.580650674926884562e+02 1.000000000000000000e+00 0.000000000000000000e+00
7.900000000000000000e+02 1.571554508940278083e+02 1.000000000000000000e+00 0.000000000000000000e+00
7.910000000000000000e+02 1.569942920154388446e+02 1.000000000000000000e+00 0.000000000000000000e+00
7.920000000000000000e+02 1.595015395428899296e+02 0.000000000000000000e+00 0.000000000000000000e+00
7.930000000000000000e+02 1.590769526630593589e+02 0.000000000000000000e+00 0.000000000000000000e+00
7.940000000000000000e+02 1.581856512443810061e+02 1.000000000000000000e+00 0.000000000000000000e+00
7.950000000000000000e+02 1.596797185621821882e+02 2.000000000000000000e+00 0.000000000000000000e+00
7.960000000000000000e+02 1.593486467385353080e+02 0.000000000000000000e+00 0.000000000000000000e+00
7.970000000000000000e+02 1.598290299222868214e+02 2.000000000000000000e+00 0.000000000000000000e+00
7.980000000000000000e+02 1.589735135662188839e+02 0.000000000000000000e+00 0.000000000000000000e+00
7.990000000000000000e+02 1.600969192962317607e+02 1.000000000000000000e+00 0.000000000000000000e+00
8.000000000000000000e+02 1.598714823823115125e+02 0.000000000000000000e+00 0.000000000000000000e+00
