time	position	state	ATP_bound
1.000000000000000000e+00 0.000000000000000000e+00 1.000000000000000000e+00 0.000000000000000000e+00
2.000000000000000000e+00 0.000000000000000000e+00 1.000000000000000000e+00 0.000000000000000000e+00
3.000000000000000000e+00 0.000000000000000000e+00 1.000000000000000000e+00 0.000000000000000000e+00
4.000000000000000000e+00 0.000000000000000000e+00 1.000000000000000000e+00 0.000000000000000000e+00
5.000000000000000000e+00 6.282710572322125486e-01 1.000000000000000000e+00 0.000000000000000000e+00
6.000000000000000000e+00 1.116181905764423998e+00 1.000000000000000000e+00 0.000000000000000000e+00
7.000000000000000000e+00 0.000000000000000000e+00 2.000000000000000000e+00 0.000000000000000000e+00
8.000000000000000000e+00 1.303162058138098711e-01 1.000000000000000000e+00 0.000000000000000000e+00
9.000000000000000000e+00 0.000000000000000000e+00 0.000000000000000000e+00 0.000000000000000000e+00
1.000000000000000000e+01 1.862258304202117909e+00 1.000000000000000000e+00 0.000000000000000000e+00
1.100000000000000000e+01 2.363095944772810597e-01 1.000000000000000000e+00 0.000000000000000000e+00
1.200000000000000000e+01 7.881764145369343222e-01 1.000000000000000000e+00 0.000000000000000000e+00
1.300000000000000000e+01 8.513524060690078610e-01 1.000000000000000000e+00 0.000000000000000000e+00
1.400000000000000000e+01 2.380635438700583251e+00 0.000000000000000000e+00 0.000000000000000000e+00
1.500000000000000000e+01 2.407205366472764840e+00 2.000000000000000000e+00 0.000000000000000000e+00
1.600000000000000000e+01 0.000000000000000000e+00 2.000000000000000000e+00 0.000000000000000000e+00
1.700000000000000000e+01 0.000000000000000000e+00 2.000000000000000000e+00 0.000000000000000000e+00
1.800000000000000000e+01 1.269635027423508200e+00 0.000000000000000000e+00 0.000000000000000000e+00
1.900000000000000000e+01 4.067706079300765776e-01 2.000000000000000000e+00 0.000000000000000000e+00
2.000000000000000000e+01 1.598901962804784471e+00 0.000000000000000000e+00 0.000000000000000000e+00
2.100000000000000000e+01 9.150357470913328406e-01 1.000000000000000000e+00 0.000000000000000000e+00
2.200000000000000000e+01 2.139196972369096894e+00 1.000000000000000000e+00 0.000000000000000000e+00
2.300000000000000000e+01 7.072352233068008864e-01 1.000000000000000000e+00 0.000000000000000000e+00
2.400000000000000000e+01 9.515187544249583684e-01 0.000000000000000000e+00 0.000000000000000000e+00
2.500000000000000000e+01 3.594084836592721821e+00 1.000000000000000000e+00 0.000000000000000000e+00
2.600000000000000000e+01 2.093424325546980214e+00 1.000000000000000000e+00 0.000000000000000000e+00
2.700000000000000000e+01 1.938266858993376474e+00 1.000000000000000000e+00 0.000000000000000000e+00
2.800000000000000000e+01 1.670598188692538955e+00 0.000000000000000000e+00 0.000000000000000000e+00
2.900000000000000000e+01 3.658460918787215466e+00 0.000000000000000000e+00 0.000000000000000000e+00
3.000000000000000000e+01 3.761627355186479615e+00 1.000000000000000000e+00 0.000000000000000000e+00
3.100000000000000000e+01 3.430244715938523647e+00 1.000000000000000000e+00 0.000000000000000000e+00
3.200000000000000000e+01 4.856979835723635119e+00 0.000000000000000000e+00 0.000000000000000000e+00
3.300000000000000000e+01 4.912515194911588168e+00 2.000000000000000000e+00 0.000000000000000000e+00
3.400000000000000000e+01 1.748469700880630917e+00 2.000000000000000000e+00 0.000000000000000000e+00
3.500000000000000000e+01 3.539377803979534498e+00 0.000000000000000000e+00 0.000000000000000000e+00
3.600000000000000000e+01 2.264750268491841467e+00 2.000000000000000000e+00 0.000000000000000000e+00
3.700000000000000000e+01 4.074635919429802300e+00 0.000000000000000000e+00 0.000000000000000000e+00
3.800000000000000000e+01 5.418141088883277057e+00 0.000000000000000000e+00 0.000000000000000000e+00
3.900000000000000000e+01 4.496642507824667234e+00 1.000000000000000000e+00 0.000000000000000000e+00
4.000000000000000000e+01 5.172512614764417371e+00 0.000000000000000000e+00 0.000000000000000000e+00
4.100000000000000000e+01 5.907836177824325574e+00 1.000000000000000000e+00 0.000000000000000000e+00
4.200000000000000000e+01 6.046561057069058442e+00 1.000000000000000000e+00 0.000000000000000000e+00
4.300000000000000000e+01 7.728568420731307675e+00 0.000000000000000000e+00 0.000000000000000000e+00
4.400000000000000000e+01 7.357360458455701746e+00 0.000000000000000000e+00 0.000000000000000000e+00
4.500000000000000000e+01 8.480381121715842241e+00 0.000000000000000000e+00 0.000000000000000000e+00
4.600000000000000000e+01 8.845813845598922143e+00 1.000000000000000000e+00 0.000000000000000000e+00
4.700000000000000000e+01 1.044560142488280796e+01 0.000000000000000000e+00 0.000000000000000000e+00
4.800000000000000000e+01 9.501039201111041166e+00 1.000000000000000000e+00 0.000000000000000000e+00
4.900000000000000000e+01 1.068655452701045938e+01 1.000000000000000000e+00 0.000000000000000000e+00
5.000000000000000000e+01 9.589734034816590480e+00 1.000000000000000000e+00 0.000000000000000000e+00
5.100000000000000000e+01 1.037900548881409257e+01 1.000000000000000000e+00 0.000000000000000000e+00
5.200000000000000000e+01 1.044584906413757253e+01 1.000000000000000000e+00 0.000000000000000000e+00
5.300000000000000000e+01 8.837167373380390600e+00 0.000000000000000000e+00 0.000000000000000000e+00
5.400000000000000000e+01 9.927267130937295292e+00 2.000000000000000000e+00 0.000000000000000000e+00
5.500000000000000000e+01 9.993992510686485531e+00 1.000000000000000000e+00 0.000000000000000000e+00
5.600000000000000000e+01 1.149577531388071883e+01 0.000000000000000000e+00 0.000000000000000000e+00
5.700000000000000000e+01 1.150271886249637987e+01 1.000000000000000000e+00 0.000000000000000000e+00
5.800000000000000000e+01 1.133197680592649093e+01 1.000000000000000000e+00 0.000000000000000000e+00
5.900000000000000000e+01 1.171351351930568185e+01 0.000000000000000000e+00 0.000000000000000000e+00
6.000000000000000000e+01 1.015316926745644821e+01 2.000000000000000000e+00 0.000000000000000000e+00
6.100000000000000000e+01 1.197534113485232865e+01 0.000000000000000000e+00 0.000000000000000000e+00
6.200000000000000000e+01 1.164661194895490404e+01 2.000000000000000000e+00 0.000000000000000000e+00
6.300000000000000000e+01 1.095006665826720393e+01 0.000000000000000000e+00 0.000000000000000000e+00
6.400000000000000000e+01 1.109401810979408154e+01 2.000000000000000000e+00 0.000000000000000000e+00
6.500000000000000000e+01 1.053781597549383875e+01 1.000000000000000000e+00 0.000000000000000000e+00
6.600000000000000000e+01 9.627600615818609597e+00 2.000000000000000000e+00 0.000000000000000000e+00
6.700000000000000000e+01 1.240641172452407837e+01 0.000000000000000000e+00 0.000000000000000000e+00
6.800000000000000000e+01 1.218203407792800697e+01 0.000000000000000000e+00 0.000000000000000000e+00
6.900000000000000000e+01 1.094399073252989041e+01 1.000000000000000000e+00 0.000000000000000000e+00
7.000000000000000000e+01 1.192049354972018982e+01 1.000000000000000000e+00 0.000000000000000000e+00
7.100000000000000000e+01 1.155794183993065261e+01 2.000000000000000000e+00 0.000000000000000000e+00
7.200000000000000000e+01 1.188677960239016684e+01 0.000000000000000000e+00 0.000000000000000000e+00
7.300000000000000000e+01 1.233213360807872938e+01 0.000000000000000000e+00 0.000000000000000000e+00
7.400000000000000000e+01 1.300828906169868837e+01 2.000000000000000000e+00 0.000000000000000000e+00
7.500000000000000000e+01 1.313325308229608979e+01 0.000000000000000000e+00 0.000000000000000000e+00
7.600000000000000000e+01 1.194438527920986459e+01 2.000000000000000000e+00 0.000000000000000000e+00
7.700000000000000000e+01 1.256596981642702815e+01 0.000000000000000000e+00 0.000000000000000000e+00
7.800000000000000000e+01 1.386377462356379908e+01 1.000000000000000000e+00 0.000000000000000000e+00
7.900000000000000000e+01 1.460085164850892880e+01 0.000000000000000000e+00 0.000000000000000000e+00
8.000000000000000000e+01 1.532657766915913733e+01 0.000000000000000000e+00 0.000000000000000000e+00
8.100000000000000000e+01 1.599542635818682434e+01 0.000000000000000000e+00 0.000000000000000000e+00
8.200000000000000000e+01 1.739993250679275150e+01 0.000000000000000000e+00 0.000000000000000000e+00
8.300000000000000000e+01 1.581458881870921829e+01 0.000000000000000000e+00 0.000000000000000000e+00
8.400000000000000000e+01 1.792122194053979811e+01 2.000000000000000000e+00 0.000000000000000000e+00
8.500000000000000000e+01 1.884873821035919050e+01 0.000000000000000000e+00 0.000000000000000000e+00
8.600000000000000000e+01 1.692340181605534610e+01 2.000000000000000000e+00 0.000000000000000000e+00
8.700000000000000000e+01 1.710894381482195570e+01 1.000000000000000000e+00 0.000000000000000000e+00
8.800000000000000000e+01 1.773178538481943889e+01 1.000000000000000000e+00 0.000000000000000000e+00
8.900000000000000000e+01 1.821557447239511873e+01 0.000000000000000000e+00 0.000000000000000000e+00
9.000000000000000000e+01 1.725326477818896009e+01 1.000000000000000000e+00 0.000000000000000000e+00
9.100000000000000000e+01 1.859357194795486379e+01 1.000000000000000000e+00 0.000000000000000000e+00
9.200000000000000000e+01 1.937543810665020061e+01 0.000000000000000000e+00 0.000000000000000000e+00
9.300000000000000000e+01 2.056676615519641871e+01 0.000000000000000000e+00 0.000000000000000000e+00
9.400000000000000000e+01 2.171520787272222464e+01 0.000000000000000000e+00 0.000000000000000000e+00
9.500000000000000000e+01 2.235240300950142966e+01 0.000000000000000000e+00 0.000000000000000000e+00
9.600000000000000000e+01 2.407829116606083630e+01 0.000000000000000000e+00 0.000000000000000000e+00
9.700000000000000000e+01 2.367941553644072172e+01 0.000000000000000000e+00 0.000000000000000000e+00
9.800000000000000000e+01 2.506610309168964790e+01 0.000000000000000000e+00 0.000000000000000000e+00
9.900000000000000000e+01 2.314363023637078953e+01 1.000000000000000000e+00 0.000000000000000000e+00
1.000000000000000000e+02 2.572807437824306476e+01 1.000000000000000000e+00 0.000000000000000000e+00
1.010000000000000000e+02 2.554785843308489035e+01 1.000000000000000000e+00 0.000000000000000000e+00
1.020000000000000000e+02 2.637811031030383546e+01 0.000000000000000000e+00 0.000000000000000000e+00
1.030000000000000000e+02 2.541452069550685877e+01 2.000000000000000000e+00 0.000000000000000000e+00
1.040000000000000000e+02 2.652079985896515169e+01 0.000000000000000000e+00 0.000000000000000000e+00
1.050000000000000000e+02 2.692988064072353893e+01 0.000000000000000000e+00 0.000000000000000000e+00
1.060000000000000000e+02 2.439350705080130766e+01 2.000000000000000000e+00 0.000000000000000000e+00
1.070000000000000000e+02 2.637775573957135222e+01 1.000000000000000000e+00 0.000000000000000000e+00
1.080000000000000000e+02 2.536897177400546255e+01 1.000000000000000000e+00 0.000000000000000000e+00
1.090000000000000000e+02 2.752086740293352207e+01 0.000000000000000000e+00 0.000000000000000000e+00
1.100000000000000000e+02 2.709056812491418853e+01 2.000000000000000000e+00 0.000000000000000000e+00
1.110000000000000000e+02 2.705591630639534984e+01 0.000000000000000000e+00 0.000000000000000000e+00
1.120000000000000000e+02 2.883003783972630885e+01 0.000000000000000000e+00 0.000000000000000000e+00
1.130000000000000000e+02 2.548138561936562496e+01 2.000000000000000000e+00 0.000000000000000000e+00
1.140000000000000000e+02 2.909248162847946872e+01 0.000000000000000000e+00 0.000000000000000000e+00
1.150000000000000000e+02 2.757736094012737382e+01 1.000000000000000000e+00 0.000000000000000000e+00
1.160000000000000000e+02 2.875917370210578383e+01 0.000000000000000000e+00 0.000000000000000000e+00
1.170000000000000000e+02 2.926024266741190871e+01 2.000000000000000000e+00 0.000000000000000000e+00
1.180000000000000000e+02 2.801273295797203033e+01 1.000000000000000000e+00 0.000000000000000000e+00
1.190000000000000000e+02 3.024087285230447364e+01 0.000000000000000000e+00 0.000000000000000000e+00
1.200000000000000000e+02 2.978875369294180331e+01 1.000000000000000000e+00 0.000000000000000000e+00
1.210000000000000000e+02 2.881126233540366144e+01 2.000000000000000000e+00 0.000000000000000000e+00
1.220000000000000000e+02 2.749323892649828949e+01 0.000000000000000000e+00 0.000000000000000000e+00
1.230000000000000000e+02 2.843019908482336788e+01 1.000000000000000000e+00 0.000000000000000000e+00
1.240000000000000000e+02 2.697219135299020110e+01 2.000000000000000000e+00 0.000000000000000000e+00
1.250000000000000000e+02 2.867763651100673172e+01 0.000000000000000000e+00 0.000000000000000000e+00
1.260000000000000000e+02 2.626162063056149165e+01 2.000000000000000000e+00 0.000000000000000000e+00
1.270000000000000000e+02 2.758459941377583391e+01 1.000000000000000000e+00 0.000000000000000000e+00
1.280000000000000000e+02 2.793626017560664820e+01 0.000000000000000000e+00 0.000000000000000000e+00
1.290000000000000000e+02 2.998605352012684833e+01 0.000000000000000000e+00 0.000000000000000000e+00
1.300000000000000000e+02 3.135614914670210496e+01 0.000000000000000000e+00 0.000000000000000000e+00
1.310000000000000000e+02 3.060232989655924740e+01 2.000000000000000000e+00 0.000000000000000000e+00
1.320000000000000000e+02 3.027300065187526457e+01 0.000000000000000000e+00 0.000000000000000000e+00
1.330000000000000000e+02 3.305637745638740199e+01 0.000000000000000000e+00 0.000000000000000000e+00
1.340000000000000000e+02 3.319320533685196040e+01 1.000000000000000000e+00 0.000000000000000000e+00
1.350000000000000000e+02 3.234064105106801890e+01 0.000000000000000000e+00 0.000000000000000000e+00
1.360000000000000000e+02 3.309615137408358976e+01 1.000000000000000000e+00 0.000000000000000000e+00
1.370000000000000000e+02 3.095111954351673589e+01 2.000000000000000000e+00 0.000000000000000000e+00
1.380000000000000000e+02 3.389096421200871845e+01 0.000000000000000000e+00 0.000000000000000000e+00
1.390000000000000000e+02 3.554423037845629096e+01 0.000000000000000000e+00 0.000000000000000000e+00
1.400000000000000000e+02 3.464575133542273733e+01 1.000000000000000000e+00 0.000000000000000000e+00
1.410000000000000000e+02 3.359611584967011311e+01 2.000000000000000000e+00 0.000000000000000000e+00
1.420000000000000000e+02 3.326409816625710647e+01 0.000000000000000000e+00 0.000000000000000000e+00
1.430000000000000000e+02 3.442321325970655010e+01 0.000000000000000000e+00 0.000000000000000000e+00
1.440000000000000000e+02 3.444491279350224744e+01 1.000000000000000000e+00 0.000000000000000000e+00
1.450000000000000000e+02 3.587200701434343841e+01 0.000000000000000000e+00 0.000000000000000000e+00
1.460000000000000000e+02 3.480237946883065092e+01 2.000000000000000000e+00 0.000000000000000000e+00
1.470000000000000000e+02 3.447328072605031224e+01 1.000000000000000000e+00 0.000000000000000000e+00
1.480000000000000000e+02 3.445010278946237037e+01 1.000000000000000000e+00 0.000000000000000000e+00
1.490000000000000000e+02 3.520174523000405031e+01 1.000000000000000000e+00 0.000000000000000000e+00
1.500000000000000000e+02 3.428127712906484703e+01 1.000000000000000000e+00 0.000000000000000000e+00
1.510000000000000000e+02 3.233234590637022876e+01 2.000000000000000000e+00 0.000000000000000000e+00
1.520000000000000000e+02 3.594442358769226331e+01 0.000000000000000000e+00 0.000000000000000000e+00
1.530000000000000000e+02 3.350546886904141530e+01 2.000000000000000000e+00 0.000000000000000000e+00
1.540000000000000000e+02 3.482289868624409479e+01 0.000000000000000000e+00 0.000000000000000000e+00
1.550000000000000000e+02 3.382804310645830981e+01 2.000000000000000000e+00 0.000000000000000000e+00
1.560000000000000000e+02 3.386464580683897907e+01 0.000000000000000000e+00 0.000000000000000000e+00
1.570000000000000000e+02 3.569369282986173175e+01 1.000000000000000000e+00 0.000000000000000000e+00
1.580000000000000000e+02 3.404511810267300831e+01 1.000000000000000000e+00 0.000000000000000000e+00
1.590000000000000000e+02 3.315705729102237598e+01 2.000000000000000000e+00 0.000000000000000000e+00
1.600000000000000000e+02 3.388299834573313518e+01 1.000000000000000000e+00 0.000000000000000000e+00
1.610000000000000000e+02 3.418553059996133214e+01 0.000000000000000000e+00 0.000000000000000000e+00
1.620000000000000000e+02 3.498609896986508971e+01 1.000000000000000000e+00 0.000000000000000000e+00
1.630000000000000000e+02 3.577362363263686262e+01 1.000000000000000000e+00 0.000000000000000000e+00
1.640000000000000000e+02 3.398105984569770044e+01 0.000000000000000000e+00 0.000000000000000000e+00
1.650000000000000000e+02 3.539096273869956377e+01 1.000000000000000000e+00 0.000000000000000000e+00
1.660000000000000000e+02 3.728942664311143318e+01 1.000000000000000000e+00 0.000000000000000000e+00
1.670000000000000000e+02 3.709824297009873817e+01 1.000000000000000000e+00 0.000000000000000000e+00
1.680000000000000000e+02 3.595185345129512910e+01 1.000000000000000000e+00 0.000000000000000000e+00
1.690000000000000000e+02 3.662468254578868709e+01 0.000000000000000000e+00 0.000000000000000000e+00
1.700000000000000000e+02 3.814789584472539019e+01 0.000000000000000000e+00 0.000000000000000000e+00
1.710000000000000000e+02 3.648412652394376465e+01 2.000000000000000000e+00 0.000000000000000000e+00
1.720000000000000000e+02 3.770122571895746688e+01 1.000000000000000000e+00 0.000000000000000000e+00
1.730000000000000000e+02 3.520817020202002112e+01 1.000000000000000000e+00 0.000000000000000000e+00
1.740000000000000000e+02 3.522057391249693126e+01 2.000000000000000000e+00 0.000000000000000000e+00
1.750000000000000000e+02 3.473627360009723475e+01 2.000000000000000000e+00 0.000000000000000000e+00
1.760000000000000000e+02 3.581171955169314458e+01 1.000000000000000000e+00 0.000000000000000000e+00
1.770000000000000000e+02 3.538451889364623071e+01 0.000000000000000000e+00 0.000000000000000000e+00
1.780000000000000000e+02 3.571658885073340883e+01 2.000000000000000000e+00 0.000000000000000000e+00
1.790000000000000000e+02 3.547695905743280065e+01 2.000000000000000000e+00 0.000000000000000000e+00
1.800000000000000000e+02 3.452023949948978299e+01 0.000000000000000000e+00 0.000000000000000000e+00
1.810000000000000000e+02 3.442406676430408652e+01 2.000000000000000000e+00 0.000000000000000000e+00
1.820000000000000000e+02 3.552200743182574882e+01 0.000000000000000000e+00 0.000000000000000000e+00
1.830000000000000000e+02 3.342485742204654997e+01 2.000000000000000000e+00 0.000000000000000000e+00
1.840000000000000000e+02 3.459564429129428476e+01 0.000000000000000000e+00 0.000000000000000000e+00
1.850000000000000000e+02 3.271986533083887139e+01 2.000000000000000000e+00 0.000000000000000000e+00
1.860000000000000000e+02 3.527662114183905118e+01 0.000000000000000000e+00 0.000000000000000000e+00
1.870000000000000000e+02 3.471208469250739626e+01 1.000000000000000000e+00 0.000000000000000000e+00
1.880000000000000000e+02 3.542855148527175402e+01 1.000000000000000000e+00 0.000000000000000000e+00
1.890000000000000000e+02 3.460807084296426694e+01 1.000000000000000000e+00 0.000000000000000000e+00
1.900000000000000000e+02 3.712460562610566939e+01 0.000000000000000000e+00 0.000000000000000000e+00
1.910000000000000000e+02 3.713562132761428103e+01 0.000000000000000000e+00 0.000000000000000000e+00
1.920000000000000000e+02 3.727003695253412019e+01 0.000000000000000000e+00 0.000000000000000000e+00
1.930000000000000000e+02 3.848892445509576987e+01 0.000000000000000000e+00 0.000000000000000000e+00
1.940000000000000000e+02 3.758443042594820582e+01 2.000000000000000000e+00 0.000000000000000000e+00
1.950000000000000000e+02 3.675360921812616510e+01 2.000000000000000000e+00 0.000000000000000000e+00
1.960000000000000000e+02 3.629835682469218483e+01 2.000000000000000000e+00 0.000000000000000000e+00
1.970000000000000000e+02 3.678360722722893428e+01 0.000000000000000000e+00 0.000000000000000000e+00
1.980000000000000000e+02 3.724323659225232319e+01 1.000000000000000000e+00 0.000000000000000000e+00
1.990000000000000000e+02 3.916414680158666783e+01 0.000000000000000000e+00 0.000000000000000000e+00
2.000000000000000000e+02 3.763887973797179143e+01 0.000000000000000000e+00 0.000000000000000000e+00
2.010000000000000000e+02 3.781818981998601004e+01 2.000000000000000000e+00 0.000000000000000000e+00
2.020000000000000000e+02 3.547185140026341088e+01 1.000000000000000000e+00 0.000000000000000000e+00
2.030000000000000000e+02 3.845439491124009379e+01 1.000000000000000000e+00 0.000000000000000000e+00
2.040000000000000000e+02 3.832513674710286011e+01 0.000000000000000000e+00 0.000000000000000000e+00
2.050000000000000000e+02 3.835499475364201061e+01 1.000000000000000000e+00 0.000000000000000000e+00
2.060000000000000000e+02 3.712365626190719325e+01 1.000000000000000000e+00 0.000000000000000000e+00
2.070000000000000000e+02 3.952172739823624426e+01 0.000000000000000000e+00 0.000000000000000000e+00
2.080000000000000000e+02 4.089938954894524414e+01 0.000000000000000000e+00 0.000000000000000000e+00
2.090000000000000000e+02 4.296379493080182499e+01 0.000000000000000000e+00 0.000000000000000000e+00
2.100000000000000000e+02 4.258471398243796102e+01 1.000000000000000000e+00 0.000000000000000000e+00
2.110000000000000000e+02 4.192270686475259822e+01 1.000000000000000000e+00 0.000000000000000000e+00
2.120000000000000000e+02 4.268628441753317304e+01 0.000000000000000000e+00 0.000000000000000000e+00
2.130000000000000000e+02 4.267065946375890917e+01 1.000000000000000000e+00 0.000000000000000000e+00
2.140000000000000000e+02 4.488439108598570471e+01 0.000000000000000000e+00 0.000000000000000000e+00
2.150000000000000000e+02 4.395676863609102014e+01 0.000000000000000000e+00 0.000000000000000000e+00
2.160000000000000000e+02 4.443693694758476198e+01 2.000000000000000000e+00 0.000000000000000000e+00
2.170000000000000000e+02 4.574947872510244906e+01 0.000000000000000000e+00 0.000000000000000000e+00
2.180000000000000000e+02 4.567217264513615760e+01 1.000000000000000000e+00 0.000000000000000000e+00
2.190000000000000000e+02 4.542942909864640200e+01 1.000000000000000000e+00 0.000000000000000000e+00
2.200000000000000000e+02 4.568730348866208857e+01 0.000000000000000000e+00 0.000000000000000000e+00
2.210000000000000000e+02 4.468596007393838931e+01 1.000000000000000000e+00 0.000000000000000000e+00
2.220000000000000000e+02 4.757911801271757923e+01 0.000000000000000000e+00 0.000000000000000000e+00
2.230000000000000000e+02 4.672380094000103412e+01 0.000000000000000000e+00 0.000000000000000000e+00
2.240000000000000000e+02 4.716193626141651407e+01 1.000000000000000000e+00 0.000000000000000000e+00
2.250000000000000000e+02 4.948802995881491285e+01 0.000000000000000000e+00 0.000000000000000000e+00
2.260000000000000000e+02 5.023939869361718280e+01 0.000000000000000000e+00 0.000000000000000000e+00
2.270000000000000000e+02 5.001241126460572417e+01 1.000000000000000000e+00 0.000000000000000000e+00
2.280000000000000000e+02 5.203542799364422677e+01 0.000000000000000000e+00 0.000000000000000000e+00
2.290000000000000000e+02 4.993502501774936775e+01 2.000000000000000000e+00 0.000000000000000000e+00
2.300000000000000000e+02 4.795787105099902448e+01 2.000000000000000000e+00 0.000000000000000000e+00
2.310000000000000000e+02 5.089395794873326651e+01 0.000000000000000000e+00 0.000000000000000000e+00
2.320000000000000000e+02 4.905331893524905951e+01 1.000000000000000000e+00 0.000000000000000000e+00
2.330000000000000000e+02 5.125274959184046963e+01 0.000000000000000000e+00 0.000000000000000000e+00
2.340000000000000000e+02 5.156134239178709322e+01 1.000000000000000000e+00 0.000000000000000000e+00
2.350000000000000000e+02 5.076010392485811451e+01 1.000000000000000000e+00 0.000000000000000000e+00
2.360000000000000000e+02 5.203785278247788426e+01 1.000000000000000000e+00 0.000000000000000000e+00
2.370000000000000000e+02 5.157447805158714260e+01 1.000000000000000000e+00 0.000000000000000000e+00
2.380000000000000000e+02 5.324205882040575943e+01 1.000000000000000000e+00 0.000000000000000000e+00
2.390000000000000000e+02 5.174270957328901943e+01 1.000000000000000000e+00 0.000000000000000000e+00
2.400000000000000000e+02 5.102494368771318278e+01 2.000000000000000000e+00 0.000000000000000000e+00
2.410000000000000000e+02 4.998881868550459728e+01 0.000000000000000000e+00 0.000000000000000000e+00
2.420000000000000000e+02 5.083061779917893119e+01 2.000000000000000000e+00 0.000000000000000000e+00
2.430000000000000000e+02 5.185830305964995546e+01 0.000000000000000000e+00 0.000000000000000000e+00
2.440000000000000000e+02 5.019800000930533201e+01 1.000000000000000000e+00 0.000000000000000000e+00
2.450000000000000000e+02 5.079531654789199280e+01 1.000000000000000000e+00 0.000000000000000000e+00
2.460000000000000000e+02 5.160208198393910095e+01 1.000000000000000000e+00 0.000000000000000000e+00
2.470000000000000000e+02 5.057300871840637768e+01 1.000000000000000000e+00 0.000000000000000000e+00
2.480000000000000000e+02 4.986556822667524358e+01 2.000000000000000000e+00 0.000000000000000000e+00
2.490000000000000000e+02 4.905157735445614975e+01 1.000000000000000000e+00 0.000000000000000000e+00
2.500000000000000000e+02 4.981728019869344593e+01 1.000000000000000000e+00 0.000000000000000000e+00
2.510000000000000000e+02 4.924676301259644617e+01 1.000000000000000000e+00 0.000000000000000000e+00
2.520000000000000000e+02 4.992841409370277717e+01 1.000000000000000000e+00 0.000000000000000000e+00
2.530000000000000000e+02 5.002656141861887562e+01 0.000000000000000000e+00 0.000000000000000000e+00
2.540000000000000000e+02 5.278568583973803641e+01 0.000000000000000000e+00 0.000000000000000000e+00
2.550000000000000000e+02 5.349109641341957655e+01 0.000000000000000000e+00 0.000000000000000000e+00
2.560000000000000000e+02 5.322497859812798282e+01 0.000000000000000000e+00 0.000000000000000000e+00
2.570000000000000000e+02 5.284276648505246499e+01 2.000000000000000000e+00 0.000000000000000000e+00
2.580000000000000000e+02 5.086807351052573978e+01 2.000000000000000000e+00 0.000000000000000000e+00
2.590000000000000000e+02 5.325666034429718110e+01 0.000000000000000000e+00 0.000000000000000000e+00
2.600000000000000000e+02 5.176831946459574141e+01 2.000000000000000000e+00 0.000000000000000000e+00
2.610000000000000000e+02 5.333159449953753040e+01 0.000000000000000000e+00 0.000000000000000000e+00
2.620000000000000000e+02 5.357703336201143429e+01 0.000000000000000000e+00 0.000000000000000000e+00
2.630000000000000000e+02 5.382454701887576221e+01 2.000000000000000000e+00 0.000000000000000000e+00
2.640000000000000000e+02 5.556221122277116109e+01 0.000000000000000000e+00 0.000000000000000000e+00
2.650000000000000000e+02 5.419098901948873248e+01 1.000000000000000000e+00 0.000000000000000000e+00
2.660000000000000000e+02 5.302680470884448738e+01 2.000000000000000000e+00 0.000000000000000000e+00
2.670000000000000000e+02 5.396764513535808305e+01 0.000000000000000000e+00 0.000000000000000000e+00
2.680000000000000000e+02 5.378786695999077949e+01 2.000000000000000000e+00 0.000000000000000000e+00
2.690000000000000000e+02 5.400658968578395758e+01 0.000000000000000000e+00 0.000000000000000000e+00
2.700000000000000000e+02 5.298775003785004856e+01 2.000000000000000000e+00 0.000000000000000000e+00
2.710000000000000000e+02 5.185056417607695067e+01 1.000000000000000000e+00 0.000000000000000000e+00
2.720000000000000000e+02 5.189070652394872241e+01 1.000000000000000000e+00 0.000000000000000000e+00
2.730000000000000000e+02 5.140214457057226838e+01 1.000000000000000000e+00 0.000000000000000000e+00
2.740000000000000000e+02 5.449498831994176840e+01 1.000000000000000000e+00 0.000000000000000000e+00
2.750000000000000000e+02 5.231346940691753389e+01 2.000000000000000000e+00 0.000000000000000000e+00
2.760000000000000000e+02 5.154487768410567838e+01 1.000000000000000000e+00 0.000000000000000000e+00
2.770000000000000000e+02 5.110633083790733622e+01 0.000000000000000000e+00 0.000000000000000000e+00
2.780000000000000000e+02 5.189587015940302450e+01 1.000000000000000000e+00 0.000000000000000000e+00
2.790000000000000000e+02 5.212854716705199820e+01 1.000000000000000000e+00 0.000000000000000000e+00
2.800000000000000000e+02 5.301891159331134418e+01 1.000000000000000000e+00 0.000000000000000000e+00
2.810000000000000000e+02 5.361136297459440669e+01 1.000000000000000000e+00 0.000000000000000000e+00
2.820000000000000000e+02 5.442197374767001605e+01 0.000000000000000000e+00 0.000000000000000000e+00
2.830000000000000000e+02 5.316961583955404791e+01 2.000000000000000000e+00 0.000000000000000000e+00
2.840000000000000000e+02 5.317385262901549936e+01 0.000000000000000000e+00 0.000000000000000000e+00
2.850000000000000000e+02 5.572553347219463404e+01 0.000000000000000000e+00 0.000000000000000000e+00
2.860000000000000000e+02 5.560543664631915561e+01 1.000000000000000000e+00 0.000000000000000000e+00
2.870000000000000000e+02 5.563520352822781234e+01 0.000000000000000000e+00 0.000000000000000000e+00
2.880000000000000000e+02 5.683808828676469460e+01 1.000000000000000000e+00 0.000000000000000000e+00
2.890000000000000000e+02 5.718091491506479684e+01 0.000000000000000000e+00 0.000000000000000000e+00
2.900000000000000000e+02 5.666199757008918425e+01 1.000000000000000000e+00 0.000000000000000000e+00
2.910000000000000000e+02 5.689209579727211974e+01 0.000000000000000000e+00 0.000000000000000000e+00
2.920000000000000000e+02 5.723348630593596909e+01 1.000000000000000000e+00 0.000000000000000000e+00
2.930000000000000000e+02 5.890143551276913314e+01 1.000000000000000000e+00 0.000000000000000000e+00
2.940000000000000000e+02 5.840664125902178228e+01 1.000000000000000000e+00 0.000000000000000000e+00
2.950000000000000000e+02 5.746299756584075880e+01 1.000000000000000000e+00 0.000000000000000000e+00
2.960000000000000000e+02 5.906470789397667431e+01 0.000000000000000000e+00 0.000000000000000000e+00
2.970000000000000000e+02 5.947331349396269928e+01 1.000000000000000000e+00 0.000000000000000000e+00
2.980000000000000000e+02 5.914879741551865777e+01 1.000000000000000000e+00 0.000000000000000000e+00
2.990000000000000000e+02 5.946634579661834152e+01 0.000000000000000000e+00 0.000000000000000000e+00
3.000000000000000000e+02 5.987966754779080247e+01 1.000000000000000000e+00 0.000000000000000000e+00
3.010000000000000000e+02 6.215953054925168431e+01 0.000000000000000000e+00 0.000000000000000000e+00
3.020000000000000000e+02 6.346698605901789136e+01 0.000000000000000000e+00 0.000000000000000000e+00
3.030000000000000000e+02 6.168304169256970937e+01 1.000000000000000000e+00 0.000000000000000000e+00
3.040000000000000000e+02 6.122666206990104598e+01 2.000000000000000000e+00 0.000000000000000000e+00
3.050000000000000000e+02 6.111669768095204347e+01 0.000000000000000000e+00 0.000000000000000000e+00
3.060000000000000000e+02 6.150800461920309203e+01 2.000000000000000000e+00 0.000000000000000000e+00
3.070000000000000000e+02 6.180950054009345962e+01 0.000000000000000000e+00 0.000000000000000000e+00
3.080000000000000000e+02 6.076241153599352174e+01 1.000000000000000000e+00 0.000000000000000000e+00
3.090000000000000000e+02 6.351750797832880835e+01 0.000000000000000000e+00 0.000000000000000000e+00
3.100000000000000000e+02 6.244753541973888389e+01 1.000000000000000000e+00 0.000000000000000000e+00
3.110000000000000000e+02 6.314260557802479923e+01 1.000000000000000000e+00 0.000000000000000000e+00
3.120000000000000000e+02 6.424156460144777725e+01 0.000000000000000000e+00 0.000000000000000000e+00
3.130000000000000000e+02 6.475748476100861240e+01 1.000000000000000000e+00 0.000000000000000000e+00
3.140000000000000000e+02 6.455808598897210970e+01 1.000000000000000000e+00 0.000000000000000000e+00
3.150000000000000000e+02 6.313847160684645843e+01 1.000000000000000000e+00 0.000000000000000000e+00
3.160000000000000000e+02 6.362918431717186252e+01 0.000000000000000000e+00 0.000000000000000000e+00
3.170000000000000000e+02 6.524161871452429295e+01 1.000000000000000000e+00 0.000000000000000000e+00
3.180000000000000000e+02 6.816332361411744500e+01 0.000000000000000000e+00 0.000000000000000000e+00
3.190000000000000000e+02 6.612252555870796300e+01 2.000000000000000000e+00 0.000000000000000000e+00
3.200000000000000000e+02 6.529975959375542516e+01 0.000000000000000000e+00 0.000000000000000000e+00
3.210000000000000000e+02 6.712755302127112600e+01 0.000000000000000000e+00 0.000000000000000000e+00
3.220000000000000000e+02 6.750440412591881056e+01 1.000000000000000000e+00 0.000000000000000000e+00
3.230000000000000000e+02 6.623100837853991152e+01 1.000000000000000000e+00 0.000000000000000000e+00
3.240000000000000000e+02 6.939562310502090270e+01 0.000000000000000000e+00 0.000000000000000000e+00
3.250000000000000000e+02 6.725203138299998784e+01 2.000000000000000000e+00 0.000000000000000000e+00
3.260000000000000000e+02 6.781121965928943496e+01 0.000000000000000000e+00 0.000000000000000000e+00
3.270000000000000000e+02 6.858057484632506373e+01 1.000000000000000000e+00 0.000000000000000000e+00
3.280000000000000000e+02 6.894187525434276154e+01 0.000000000000000000e+00 0.000000000000000000e+00
3.290000000000000000e+02 7.042877068838201637e+01 0.000000000000000000e+00 0.000000000000000000e+00
3.300000000000000000e+02 7.096619186026642012e+01 1.000000000000000000e+00 0.000000000000000000e+00
3.310000000000000000e+02 7.099489001134249122e+01 0.000000000000000000e+00 0.000000000000000000e+00
3.320000000000000000e+02 7.113585226311496967e+01 0.000000000000000000e+00 0.000000000000000000e+00
3.330000000000000000e+02 7.211360046505974708e+01 1.000000000000000000e+00 0.000000000000000000e+00
3.340000000000000000e+02 7.262481150312986244e+01 1.000000000000000000e+00 0.000000000000000000e+00
3.350000000000000000e+02 7.078016331680481699e+01 2.000000000000000000e+00 0.000000000000000000e+00
3.360000000000000000e+02 7.320650035689645563e+01 0.000000000000000000e+00 0.000000000000000000e+00
3.370000000000000000e+02 7.185670775891142625e+01 1.000000000000000000e+00 0.000000000000000000e+00
3.380000000000000000e+02 7.135865958306472123e+01 1.000000000000000000e+00 0.000000000000000000e+00
3.390000000000000000e+02 7.189800878473980106e+01 0.000000000000000000e+00 0.000000000000000000e+00
3.400000000000000000e+02 7.214082105833337266e+01 2.000000000000000000e+00 0.000000000000000000e+00
3.410000000000000000e+02 7.299743716786848324e+01 0.000000000000000000e+00 0.000000000000000000e+00
3.420000000000000000e+02 7.162037805098070464e+01 2.000000000000000000e+00 0.000000000000000000e+00
3.430000000000000000e+02 7.197746359197860500e+01 0.000000000000000000e+00 0.000000000000000000e+00
3.440000000000000000e+02 7.007356809047595902e+01 2.000000000000000000e+00 0.000000000000000000e+00
3.450000000000000000e+02 7.325568404094234154e+01 0.000000000000000000e+00 0.000000000000000000e+00
3.460000000000000000e+02 7.369672174505764417e+01 0.000000000000000000e+00 0.000000000000000000e+00
3.470000000000000000e+02 7.426346048547885914e+01 1.000000000000000000e+00 0.000000000000000000e+00
3.480000000000000000e+02 7.295142029381800342e+01 2.000000000000000000e+00 0.000000000000000000e+00
3.490000000000000000e+02 7.403734075598811160e+01 0.000000000000000000e+00 0.000000000000000000e+00
3.500000000000000000e+02 7.529462673060388056e+01 0.000000000000000000e+00 0.000000000000000000e+00
3.510000000000000000e+02 7.384037948381885030e+01 2.000000000000000000e+00 0.000000000000000000e+00
3.520000000000000000e+02 7.512621760304243423e+01 0.000000000000000000e+00 0.000000000000000000e+00
3.530000000000000000e+02 7.579410495626099475e+01 0.000000000000000000e+00 0.000000000000000000e+00
3.540000000000000000e+02 7.554524036480610505e+01 2.000000000000000000e+00 0.000000000000000000e+00
3.550000000000000000e+02 7.706517372675946831e+01 0.000000000000000000e+00 0.000000000000000000e+00
3.560000000000000000e+02 7.635209134446051848e+01 1.000000000000000000e+00 0.000000000000000000e+00
3.570000000000000000e+02 7.688300997874516440e+01 0.000000000000000000e+00 0.000000000000000000e+00
3.580000000000000000e+02 7.690003344813456465e+01 1.000000000000000000e+00 0.000000000000000000e+00
3.590000000000000000e+02 7.604757375597615976e+01 1.000000000000000000e+00 0.000000000000000000e+00
3.600000000000000000e+02 7.597448822274934344e+01 2.000000000000000000e+00 0.000000000000000000e+00
3.610000000000000000e+02 7.510084480527874007e+01 2.000000000000000000e+00 0.000000000000000000e+00
3.620000000000000000e+02 7.572068584102579791e+01 1.000000000000000000e+00 0.000000000000000000e+00
3.630000000000000000e+02 7.710543055672961543e+01 0.000000000000000000e+00 0.000000000000000000e+00
3.640000000000000000e+02 7.524998516914635616e+01 2.000000000000000000e+00 0.000000000000000000e+00
3.650000000000000000e+02 7.616172621662576603e+01 0.000000000000000000e+00 0.000000000000000000e+00
3.660000000000000000e+02 7.552933106533650687e+01 1.000000000000000000e+00 0.000000000000000000e+00
3.670000000000000000e+02 7.532883787098920436e+01 1.000000000000000000e+00 0.000000000000000000e+00
3.680000000000000000e+02 7.623742995381802245e+01 1.000000000000000000e+00 0.000000000000000000e+00
3.690000000000000000e+02 7.933577170784370480e+01 0.000000000000000000e+00 0.000000000000000000e+00
3.700000000000000000e+02 7.742749074123589992e+01 0.000000000000000000e+00 0.000000000000000000e+00
3.710000000000000000e+02 7.750951396294517792e+01 2.000000000000000000e+00 0.000000000000000000e+00
3.720000000000000000e+02 7.742533755596991796e+01 1.000000000000000000e+00 0.000000000000000000e+00
3.730000000000000000e+02 7.805572343314624106e+01 1.000000000000000000e+00 0.000000000000000000e+00
3.740000000000000000e+02 7.551276371258923348e+01 2.000000000000000000e+00 0.000000000000000000e+00
3.750000000000000000e+02 7.540153505057418215e+01 1.000000000000000000e+00 0.000000000000000000e+00
3.760000000000000000e+02 7.612701990280179132e+01 2.000000000000000000e+00 0.000000000000000000e+00
3.770000000000000000e+02 7.498059234378520443e+01 1.000000000000000000e+00 0.000000000000000000e+00
3.780000000000000000e+02 7.366554207807034516e+01 2.000000000000000000e+00 0.000000000000000000e+00
3.790000000000000000e+02 7.314031194026362925e+01 2.000000000000000000e+00 0.000000000000000000e+00
3.800000000000000000e+02 7.180496712902089484e+01 2.000000000000000000e+00 0.000000000000000000e+00
3.810000000000000000e+02 7.466241710357448369e+01 0.000000000000000000e+00 0.000000000000000000e+00
3.820000000000000000e+02 7.286518198922223633e+01 1.000000000000000000e+00 0.000000000000000000e+00
3.830000000000000000e+02 7.347475718227693164e+01 0.000000000000000000e+00 0.000000000000000000e+00
3.840000000000000000e+02 7.339196418087483664e+01 1.000000000000000000e+00 0.000000000000000000e+00
3.850000000000000000e+02 7.603766589530583531e+01 0.000000000000000000e+00 0.000000000000000000e+00
3.860000000000000000e+02 7.353850529321371710e+01 2.000000000000000000e+00 0.000000000000000000e+00
3.870000000000000000e+02 7.482777483357375559e+01 0.000000000000000000e+00 0.000000000000000000e+00
3.880000000000000000e+02 7.530213395573190382e+01 2.000000000000000000e+00 0.000000000000000000e+00
3.890000000000000000e+02 7.540247434016977479e+01 0.000000000000000000e+00 0.000000000000000000e+00
3.900000000000000000e+02 7.558866884928275454e+01 1.000000000000000000e+00 0.000000000000000000e+00
3.910000000000000000e+02 7.716835636724744063e+01 0.000000000000000000e+00 0.000000000000000000e+00
3.920000000000000000e+02 7.543599571862624487e+01 1.000000000000000000e+00 0.000000000000000000e+00
3.930000000000000000e+02 7.753221474838973393e+01 0.000000000000000000e+00 0.000000000000000000e+00
3.940000000000000000e+02 7.657131164909148424e+01 2.000000000000000000e+00 0.000000000000000000e+00
3.950000000000000000e+02 7.803016145760375366e+01 0.000000000000000000e+00 0.000000000000000000e+00
3.960000000000000000e+02 7.666315306509746108e+01 2.000000000000000000e+00 0.000000000000000000e+00
3.970000000000000000e+02 7.626189070864424480e+01 0.000000000000000000e+00 0.000000000000000000e+00
3.980000000000000000e+02 7.782412130848312870e+01 1.000000000000000000e+00 0.000000000000000000e+00
3.990000000000000000e+02 7.664134672369762313e+01 2.000000000000000000e+00 0.000000000000000000e+00
4.000000000000000000e+02 7.371235341602795188e+01 2.000000000000000000e+00 0.000000000000000000e+00
4.010000000000000000e+02 7.486582344970808833e+01 2.000000000000000000e+00 0.000000000000000000e+00
4.020000000000000000e+02 7.614405853487110676e+01 0.000000000000000000e+00 0.000000000000000000e+00
4.030000000000000000e+02 7.491477742876328705e+01 1.000000000000000000e+00 0.000000000000000000e+00
4.040000000000000000e+02 7.482708436447710199e+01 1.000000000000000000e+00 0.000000000000000000e+00
4.050000000000000000e+02 7.502301175877038020e+01 1.000000000000000000e+00 0.000000000000000000e+00
4.060000000000000000e+02 7.466427486693196158e+01 2.000000000000000000e+00 0.000000000000000000e+00
4.070000000000000000e+02 7.357961395937225291e+01 2.000000000000000000e+00 0.000000000000000000e+00
4.080000000000000000e+02 7.482850725033537742e+01 0.000000000000000000e+00 0.000000000000000000e+00
4.090000000000000000e+02 7.298953658596120420e+01 1.000000000000000000e+00 0.000000000000000000e+00
4.100000000000000000e+02 7.386164370786113409e+01 0.000000000000000000e+00 0.000000000000000000e+00
4.110000000000000000e+02 7.485006226945007768e+01 1.000000000000000000e+00 0.000000000000000000e+00
4.120000000000000000e+02 7.538542522996651485e+01 1.000000000000000000e+00 0.000000000000000000e+00
4.130000000000000000e+02 7.342836166244553908e+01 1.000000000000000000e+00 0.000000000000000000e+00
4.140000000000000000e+02 7.484819839879870074e+01 0.000000000000000000e+00 0.000000000000000000e+00
4.150000000000000000e+02 7.846224792436581197e+01 0.000000000000000000e+00 0.000000000000000000e+00
4.160000000000000000e+02 7.632650411704608473e+01 1.000000000000000000e+00 0.000000000000000000e+00
4.170000000000000000e+02 7.845339108576884257e+01 0.000000000000000000e+00 0.000000000000000000e+00
4.180000000000000000e+02 7.866212334985782206e+01 1.000000000000000000e+00 0.000000000000000000e+00
4.190000000000000000e+02 7.856363873360804462e+01 0.000000000000000000e+00 0.000000000000000000e+00
4.200000000000000000e+02 8.111080575494187883e+01 0.000000000000000000e+00 0.000000000000000000e+00
4.210000000000000000e+02 8.015852943637204930e+01 1.000000000000000000e+00 0.000000000000000000e+00
4.220000000000000000e+02 7.945687154870117297e+01 0.000000000000000000e+00 0.000000000000000000e+00
4.230000000000000000e+02 8.060410066185161782e+01 1.000000000000000000e+00 0.000000000000000000e+00
4.240000000000000000e+02 8.060943404277330160e+01 2.000000000000000000e+00 0.000000000000000000e+00
4.250000000000000000e+02 7.955477597395071143e+01 1.000000000000000000e+00 0.000000000000000000e+00
4.260000000000000000e+02 8.160027284922401236e+01 0.000000000000000000e+00 0.000000000000000000e+00
4.270000000000000000e+02 8.142173620377832322e+01 0.000000000000000000e+00 0.000000000000000000e+00
4.280000000000000000e+02 8.251253686549947020e+01 0.000000000000000000e+00 0.000000000000000000e+00
4.290000000000000000e+02 8.225745982579034887e+01 2.000000000000000000e+00 0.000000000000000000e+00
4.300000000000000000e+02 8.418082347121404041e+01 0.000000000000000000e+00 0.000000000000000000e+00
4.310000000000000000e+02 8.145194319053420884e+01 2.000000000000000000e+00 0.000000000000000000e+00
4.320000000000000000e+02 8.167618466263881771e+01 0.000000000000000000e+00 0.000000000000000000e+00
4.330000000000000000e+02 8.109752770057365012e+01 2.000000000000000000e+00 0.000000000000000000e+00
4.340000000000000000e+02 8.345703947697246861e+01 0.000000000000000000e+00 0.000000000000000000e+00
4.350000000000000000e+02 8.419288890060578012e+01 0.000000000000000000e+00 0.000000000000000000e+00
4.360000000000000000e+02 8.541962182773126244e+01 1.000000000000000000e+00 0.000000000000000000e+00
4.370000000000000000e+02 8.360361847084099907e+01 1.000000000000000000e+00 0.000000000000000000e+00
4.380000000000000000e+02 8.527970336084989356e+01 0.000000000000000000e+00 0.000000000000000000e+00
4.390000000000000000e+02 8.521060896651046335e+01 1.000000000000000000e+00 0.000000000000000000e+00
4.400000000000000000e+02 8.427396410976476204e+01 1.000000000000000000e+00 0.000000000000000000e+00
4.410000000000000000e+02 8.573913527922127287e+01 1.000000000000000000e+00 0.000000000000000000e+00
4.420000000000000000e+02 8.635028689566929927e+01 0.000000000000000000e+00 0.000000000000000000e+00
4.430000000000000000e+02 8.533022399680783110e+01 2.000000000000000000e+00 0.000000000000000000e+00
4.440000000000000000e+02 8.636633953528047414e+01 0.000000000000000000e+00 0.000000000000000000e+00
4.450000000000000000e+02 8.526510185112596218e+01 2.000000000000000000e+00 0.000000000000000000e+00
4.460000000000000000e+02 8.526418537542954823e+01 1.000000000000000000e+00 0.000000000000000000e+00
4.470000000000000000e+02 8.491537254367668197e+01 1.000000000000000000e+00 0.000000000000000000e+00
4.480000000000000000e+02 8.451271364506810357e+01 0.000000000000000000e+00 0.000000000000000000e+00
4.490000000000000000e+02 8.395153170481222560e+01 2.000000000000000000e+00 0.000000000000000000e+00
4.500000000000000000e+02 8.578786180054311217e+01 0.000000000000000000e+00 0.000000000000000000e+00
4.510000000000000000e+02 8.525765570208596955e+01 2.000000000000000000e+00 0.000000000000000000e+00
4.520000000000000000e+02 8.483752881057488082e+01 1.000000000000000000e+00 0.000000000000000000e+00
4.530000000000000000e+02 8.543407898723572202e+01 1.000000000000000000e+00 0.000000000000000000e+00
4.540000000000000000e+02 8.337001147180231442e+01 2.000000000000000000e+00 0.000000000000000000e+00
4.550000000000000000e+02 8.609178444791481866e+01 0.000000000000000000e+00 0.000000000000000000e+00
4.560000000000000000e+02 8.396819676753131034e+01 2.000000000000000000e+00 0.000000000000000000e+00
4.570000000000000000e+02 8.468787611283866568e+01 1.000000000000000000e+00 0.000000000000000000e+00
4.580000000000000000e+02 8.455265717857456309e+01 1.000000000000000000e+00 0.000000000000000000e+00
4.590000000000000000e+02 8.536121621006461169e+01 0.000000000000000000e+00 0.000000000000000000e+00
4.600000000000000000e+02 8.495123250518985003e+01 0.000000000000000000e+00 0.000000000000000000e+00
4.610000000000000000e+02 8.607550634612205442e+01 1.000000000000000000e+00 0.000000000000000000e+00
4.620000000000000000e+02 8.801294087708811276e+01 0.000000000000000000e+00 0.000000000000000000e+00
4.630000000000000000e+02 8.600556366231361949e+01 2.000000000000000000e+00 0.000000000000000000e+00
4.640000000000000000e+02 8.717834546719164734e+01 0.000000000000000000e+00 0.000000000000000000e+00
4.650000000000000000e+02 8.722713922017997845e+01 0.000000000000000000e+00 0.000000000000000000e+00
4.660000000000000000e+02 8.902681299920969593e+01 1.000000000000000000e+00 0.000000000000000000e+00
4.670000000000000000e+02 8.749785925932769715e+01 1.000000000000000000e+00 0.000000000000000000e+00
4.680000000000000000e+02 8.821287616972617229e+01 1.000000000000000000e+00 0.000000000000000000e+00
4.690000000000000000e+02 8.699883105365542235e+01 1.000000000000000000e+00 0.000000000000000000e+00
4.700000000000000000e+02 8.657811246533569260e+01 2.000000000000000000e+00 0.000000000000000000e+00
4.710000000000000000e+02 8.609044668468969519e+01 1.000000000000000000e+00 0.000000000000000000e+00
4.720000000000000000e+02 8.704574732108564206e+01 0.000000000000000000e+00 0.000000000000000000e+00
4.730000000000000000e+02 8.700933925020092374e+01 2.000000000000000000e+00 0.000000000000000000e+00
4.740000000000000000e+02 8.775567900962205670e+01 0.000000000000000000e+00 0.000000000000000000e+00
4.750000000000000000e+02 8.898430414849127601e+01 1.000000000000000000e+00 0.000000000000000000e+00
4.760000000000000000e+02 8.925799657714068758e+01 0.000000000000000000e+00 0.000000000000000000e+00
4.770000000000000000e+02 8.905097972015202856e+01 1.000000000000000000e+00 0.000000000000000000e+00
4.780000000000000000e+02 8.837795422830164682e+01 2.000000000000000000e+00 0.000000000000000000e+00
4.790000000000000000e+02 8.943808897534344737e+01 0.000000000000000000e+00 0.000000000000000000e+00
4.800000000000000000e+02 8.840666960173156497e+01 2.000000000000000000e+00 0.000000000000000000e+00
4.810000000000000000e+02 9.054447792890684354e+01 0.000000000000000000e+00 0.000000000000000000e+00
4.820000000000000000e+02 8.849137803816701364e+01 0.000000000000000000e+00 0.000000000000000000e+00
4.830000000000000000e+02 9.037083463835902819e+01 0.000000000000000000e+00 0.000000000000000000e+00
4.840000000000000000e+02 8.903825324866225799e+01 2.000000000000000000e+00 0.000000000000000000e+00
4.850000000000000000e+02 8.986789412163790303e+01 2.000000000000000000e+00 0.000000000000000000e+00
4.860000000000000000e+02 9.010826064492938769e+01 0.000000000000000000e+00 0.000000000000000000e+00
4.870000000000000000e+02 8.870448569058488886e+01 2.000000000000000000e+00 0.000000000000000000e+00
4.880000000000000000e+02 8.991562806917573880e+01 0.000000000000000000e+00 0.000000000000000000e+00
4.890000000000000000e+02 8.978741774954330879e+01 2.000000000000000000e+00 0.000000000000000000e+00
4.900000000000000000e+02 8.894807427036978709e+01 1.000000000000000000e+00 0.000000000000000000e+00
4.910000000000000000e+02 8.948348302094554185e+01 1.000000000000000000e+00 0.000000000000000000e+00
4.920000000000000000e+02 8.858908145727291128e+01 0.000000000000000000e+00 0.000000000000000000e+00
4.930000000000000000e+02 9.001774266047391393e+01 1.000000000000000000e+00 0.000000000000000000e+00
4.940000000000000000e+02 9.218103994170220972e+01 0.000000000000000000e+00 0.000000000000000000e+00
4.950000000000000000e+02 9.307435057348277496e+01 0.000000000000000000e+00 0.000000000000000000e+00
4.960000000000000000e+02 9.181700818498011074e+01 2.000000000000000000e+00 0.000000000000000000e+00
4.970000000000000000e+02 9.221793297841742287e+01 0.000000000000000000e+00 0.000000000000000000e+00
4.980000000000000000e+02 9.160404550721023043e+01 2.000000000000000000e+00 0.000000000000000000e+00
4.990000000000000000e+02 8.927975833188388322e+01 2.000000000000000000e+00 0.000000000000000000e+00
5.000000000000000000e+02 9.002155596279374095e+01 0.000000000000000000e+00 0.000000000000000000e+00
5.010000000000000000e+02 9.163816289866272768e+01 1.000000000000000000e+00 0.000000000000000000e+00
5.020000000000000000e+02 9.151787281600424251e+01 0.000000000000000000e+00 0.000000000000000000e+00
5.030000000000000000e+02 9.315014935114150774e+01 1.000000000000000000e+00 0.000000000000000000e+00
5.040000000000000000e+02 9.101449168003667012e+01 1.000000000000000000e+00 0.000000000000000000e+00
5.050000000000000000e+02 9.122433721616870628e+01 1.000000000000000000e+00 0.000000000000000000e+00
5.060000000000000000e+02 9.047190439296515763e+01 1.000000000000000000e+00 0.000000000000000000e+00
5.070000000000000000e+02 9.112752722539990202e+01 1.000000000000000000e+00 0.000000000000000000e+00
5.080000000000000000e+02 9.326472113673811748e+01 0.000000000000000000e+00 0.000000000000000000e+00
5.090000000000000000e+02 9.403367397492711177e+01 0.000000000000000000e+00 0.000000000000000000e+00
5.100000000000000000e+02 9.515353634484876011e+01 1.000000000000000000e+00 0.000000000000000000e+00
5.110000000000000000e+02 9.338474022349554104e+01 0.000000000000000000e+00 0.000000000000000000e+00
5.120000000000000000e+02 9.681690476570661019e+01 0.000000000000000000e+00 0.000000000000000000e+00
5.130000000000000000e+02 9.674649622244535863e+01 0.000000000000000000e+00 0.000000000000000000e+00
5.140000000000000000e+02 9.748048635438706810e+01 1.000000000000000000e+00 0.000000000000000000e+00
5.150000000000000000e+02 9.764915950208265372e+01 1.000000000000000000e+00 0.000000000000000000e+00
5.160000000000000000e+02 9.748053679588241494e+01 1.000000000000000000e+00 0.000000000000000000e+00
5.170000000000000000e+02 9.714462099057448086e+01 0.000000000000000000e+00 0.000000000000000000e+00
5.180000000000000000e+02 9.891840661867907158e+01 1.000000000000000000e+00 0.000000000000000000e+00
5.190000000000000000e+02 9.907174921830485914e+01 0.000000000000000000e+00 0.000000000000000000e+00
5.200000000000000000e+02 9.835596676306893471e+01 2.000000000000000000e+00 0.000000000000000000e+00
5.210000000000000000e+02 9.654826609589370889e+01 2.000000000000000000e+00 0.000000000000000000e+00
5.220000000000000000e+02 9.502288002133489897e+01 2.000000000000000000e+00 0.000000000000000000e+00
5.230000000000000000e+02 9.366826534641310786e+01 2.000000000000000000e+00 0.000000000000000000e+00
5.240000000000000000e+02 9.610297326253244421e+01 0.000000000000000000e+00 0.000000000000000000e+00
5.250000000000000000e+02 9.619617085287947589e+01 1.000000000000000000e+00 0.000000000000000000e+00
5.260000000000000000e+02 9.565054932637355023e+01 1.000000000000000000e+00 0.000000000000000000e+00
5.270000000000000000e+02 9.634513305510759551e+01 1.000000000000000000e+00 0.000000000000000000e+00
5.280000000000000000e+02 9.657133222089719027e+01 0.000000000000000000e+00 0.000000000000000000e+00
5.290000000000000000e+02 9.476667073456222568e+01 2.000000000000000000e+00 0.000000000000000000e+00
5.300000000000000000e+02 9.706632962712626522e+01 0.000000000000000000e+00 0.000000000000000000e+00
5.310000000000000000e+02 9.837145559083155888e+01 0.000000000000000000e+00 0.000000000000000000e+00
5.320000000000000000e+02 9.631207357131155788e+01 2.000000000000000000e+00 0.000000000000000000e+00
5.330000000000000000e+02 9.607103905277817546e+01 2.000000000000000000e+00 0.000000000000000000e+00
5.340000000000000000e+02 9.565558237199724090e+01 2.000000000000000000e+00 0.000000000000000000e+00
5.350000000000000000e+02 9.583837973174350111e+01 2.000000000000000000e+00 0.000000000000000000e+00
5.360000000000000000e+02 9.540478112656339249e+01 0.000000000000000000e+00 0.000000000000000000e+00
5.370000000000000000e+02 9.644339622752123375e+01 0.000000000000000000e+00 0.000000000000000000e+00
5.380000000000000000e+02 9.678341214806478376e+01 0.000000000000000000e+00 0.000000000000000000e+00
5.390000000000000000e+02 9.679390385283892329e+01 1.000000000000000000e+00 0.000000000000000000e+00
5.400000000000000000e+02 9.747261605609391211e+01 0.000000000000000000e+00 0.000000000000000000e+00
5.410000000000000000e+02 9.840918438270733759e+01 0.000000000000000000e+00 0.000000000000000000e+00
5.420000000000000000e+02 9.914703325523704791e+01 1.000000000000000000e+00 0.000000000000000000e+00
5.430000000000000000e+02 9.798060236772690246e+01 2.000000000000000000e+00 0.000000000000000000e+00
5.440000000000000000e+02 9.840931765712191748e+01 0.000000000000000000e+00 0.000000000000000000e+00
5.450000000000000000e+02 9.996203506858734045e+01 0.000000000000000000e+00 0.000000000000000000e+00
5.460000000000000000e+02 9.771606961276354752e+01 2.000000000000000000e+00 0.000000000000000000e+00
5.470000000000000000e+02 1.005348459592833734e+02 0.000000000000000000e+00 0.000000000000000000e+00
5.480000000000000000e+02 9.933047148081691091e+01 2.000000000000000000e+00 0.000000000000000000e+00
5.490000000000000000e+02 9.960371186074156924e+01 0.000000000000000000e+00 0.000000000000000000e+00
5.500000000000000000e+02 9.886499862618359202e+01 1.000000000000000000e+00 0.000000000000000000e+00
5.510000000000000000e+02 1.006964247036488871e+02 1.000000000000000000e+00 0.000000000000000000e+00
5.520000000000000000e+02 1.013172267777167974e+02 0.000000000000000000e+00 0.000000000000000000e+00
5.530000000000000000e+02 1.012333076444701874e+02 2.000000000000000000e+00 0.000000000000000000e+00
5.540000000000000000e+02 1.015564066556701590e+02 0.000000000000000000e+00 0.000000000000000000e+00
5.550000000000000000e+02 1.009449048061977408e+02 1.000000000000000000e+00 0.000000000000000000e+00
5.560000000000000000e+02 1.006686304288729872e+02 2.000000000000000000e+00 0.000000000000000000e+00
5.570000000000000000e+02 9.961050241763726376e+01 1.000000000000000000e+00 0.000000000000000000e+00
5.580000000000000000e+02 9.956561407760842997e+01 2.000000000000000000e+00 0.000000000000000000e+00
5.590000000000000000e+02 9.962177985810718894e+01 0.000000000000000000e+00 0.000000000000000000e+00
5.600000000000000000e+02 9.929149852308904656e+01 2.000000000000000000e+00 0.000000000000000000e+00
5.610000000000000000e+02 9.750719762180519012e+01 1.000000000000000000e+00 0.000000000000000000e+00
5.620000000000000000e+02 9.674482898270085229e+01 1.000000000000000000e+00 0.000000000000000000e+00
5.630000000000000000e+02 1.003946735640950862e+02 0.000000000000000000e+00 0.000000000000000000e+00
5.640000000000000000e+02 9.834717454837115724e+01 1.000000000000000000e+00 0.000000000000000000e+00
5.650000000000000000e+02 1.016043202588069647e+02 0.000000000000000000e+00 0.000000000000000000e+00
5.660000000000000000e+02 9.991837614090039210e+01 2.000000000000000000e+00 0.000000000000000000e+00
5.670000000000000000e+02 1.008757125963363706e+02 0.000000000000000000e+00 0.000000000000000000e+00
5.680000000000000000e+02 1.020999530015043746e+02 0.000000000000000000e+00 0.000000000000000000e+00
5.690000000000000000e+02 1.025814033476531790e+02 1.000000000000000000e+00 0.000000000000000000e+00
5.700000000000000000e+02 1.013850996101471935e+02 0.000000000000000000e+00 0.000000000000000000e+00
5.710000000000000000e+02 1.010477210103002932e+02 2.000000000000000000e+00 0.000000000000000000e+00
5.720000000000000000e+02 1.025650229985172217e+02 1.000000000000000000e+00 0.000000000000000000e+00
5.730000000000000000e+02 1.041940369350635649e+02 0.000000000000000000e+00 0.000000000000000000e+00
5.740000000000000000e+02 1.038013702405778815e+02 0.000000000000000000e+00 0.000000000000000000e+00
5.750000000000000000e+02 1.034550498478935481e+02 2.000000000000000000e+00 0.000000000000000000e+00
5.760000000000000000e+02 1.011523788968330280e+02 2.000000000000000000e+00 0.000000000000000000e+00
5.770000000000000000e+02 1.011630856565738270e+02 2.000000000000000000e+00 0.000000000000000000e+00
5.780000000000000000e+02 1.032745229423346274e+02 0.000000000000000000e+00 0.000000000000000000e+00
5.790000000000000000e+02 1.039493303418159087e+02 0.000000000000000000e+00 0.000000000000000000e+00
5.800000000000000000e+02 1.025890547758582869e+02 0.000000000000000000e+00 0.000000000000000000e+00
5.810000000000000000e+02 1.029465929276405518e+02 2.000000000000000000e+00 0.000000000000000000e+00
5.820000000000000000e+02 1.029724388629335436e+02 0.000000000000000000e+00 0.000000000000000000e+00
5.830000000000000000e+02 1.051910957954446530e+02 0.000000000000000000e+00 0.000000000000000000e+00
5.840000000000000000e+02 1.053239786293309237e+02 1.000000000000000000e+00 0.000000000000000000e+00
5.850000000000000000e+02 1.052518372937475419e+02 1.000000000000000000e+00 0.000000000000000000e+00
5.860000000000000000e+02 1.065447323428289650e+02 0.000000000000000000e+00 0.000000000000000000e+00
5.870000000000000000e+02 1.056567349131480285e+02 0.000000000000000000e+00 0.000000000000000000e+00
5.880000000000000000e+02 1.064548802285057008e+02 2.000000000000000000e+00 0.000000000000000000e+00
5.890000000000000000e+02 1.065168954453124428e+02 1.000000000000000000e+00 0.000000000000000000e+00
5.900000000000000000e+02 1.068661497802196578e+02 1.000000000000000000e+00 0.000000000000000000e+00
5.910000000000000000e+02 1.043229969503819206e+02 2.000000000000000000e+00 0.000000000000000000e+00
5.920000000000000000e+02 1.043220199507507147e+02 2.000000000000000000e+00 0.000000000000000000e+00
5.930000000000000000e+02 1.055310416616058546e+02 0.000000000000000000e+00 0.000000000000000000e+00
5.940000000000000000e+02 1.063142847567896752e+02 0.000000000000000000e+00 0.000000000000000000e+00
5.950000000000000000e+02 1.058726683390089391e+02 1.000000000000000000e+00 0.000000000000000000e+00
5.960000000000000000e+02 1.063897493849405862e+02 1.000000000000000000e+00 0.000000000000000000e+00
5.970000000000000000e+02 1.053701887649279030e+02 1.000000000000000000e+00 0.000000000000000000e+00
5.980000000000000000e+02 1.084210566614196125e+02 0.000000000000000000e+00 0.000000000000000000e+00
5.990000000000000000e+02 1.065030383408290504e+02 1.000000000000000000e+00 0.000000000000000000e+00
6.000000000000000000e+02 1.064111094298430515e+02 1.000000000000000000e+00 0.000000000000000000e+00
6.010000000000000000e+02 1.072211441347299541e+02 0.000000000000000000e+00 0.000000000000000000e+00
6.020000000000000000e+02 1.071224749688655606e+02 2.000000000000000000e+00 0.000000000000000000e+00
6.030000000000000000e+02 1.078712824436558577e+02 1.000000000000000000e+00 0.000000000000000000e+00
6.040000000000000000e+02 1.081006568564888539e+02 0.000000000000000000e+00 0.000000000000000000e+00
6.050000000000000000e+02 1.064149209916577661e+02 2.000000000000000000e+00 0.000000000000000000e+00
6.060000000000000000e+02 1.066416601297265743e+02 1.000000000000000000e+00 0.000000000000000000e+00
6.070000000000000000e+02 1.076729725064794678e+02 0.000000000000000000e+00 0.000000000000000000e+00
6.080000000000000000e+02 1.074416506525979003e+02 1.000000000000000000e+00 0.000000000000000000e+00
6.090000000000000000e+02 1.071286689140982133e+02 2.000000000000000000e+00 0.000000000000000000e+00
6.100000000000000000e+02 1.072482012953032751e+02 1.000000000000000000e+00 0.000000000000000000e+00
6.110000000000000000e+02 1.077480979729972432e+02 1.000000000000000000e+00 0.000000000000000000e+00
6.120000000000000000e+02 1.065602126300342150e+02 1.000000000000000000e+00 0.000000000000000000e+00
6.130000000000000000e+02 1.077899907796222578e+02 1.000000000000000000e+00 0.000000000000000000e+00
6.140000000000000000e+02 1.068810214405022805e+02 2.000000000000000000e+00 0.000000000000000000e+00
6.150000000000000000e+02 1.064159381992879503e+02 2.000000000000000000e+00 0.000000000000000000e+00
6.160000000000000000e+02 1.070347249966178396e+02 0.000000000000000000e+00 0.000000000000000000e+00
6.170000000000000000e+02 1.069216148777594242e+02 0.000000000000000000e+00 0.000000000000000000e+00
6.180000000000000000e+02 1.082550136503588902e+02 0.000000000000000000e+00 0.000000000000000000e+00
6.190000000000000000e+02 1.078645094069017034e+02 1.000000000000000000e+00 0.000000000000000000e+00
6.200000000000000000e+02 1.077699053541779080e+02 0.000000000000000000e+00 0.000000000000000000e+00
6.210000000000000000e+02 1.107302690120911848e+02 0.000000000000000000e+00 0.000000000000000000e+00
6.220000000000000000e+02 1.109494789203637879e+02 1.000000000000000000e+00 0.000000000000000000e+00
6.230000000000000000e+02 1.108664494889897298e+02 0.000000000000000000e+00 0.000000000000000000e+00
6.240000000000000000e+02 1.106888604873149404e+02 1.000000000000000000e+00 0.000000000000000000e+00
6.250000000000000000e+02 1.117892768784224131e+02 1.000000000000000000e+00 0.000000000000000000e+00
6.260000000000000000e+02 1.107674673006690256e+02 2.000000000000000000e+00 0.000000000000000000e+00
6.270000000000000000e+02 1.107795057501135858e+02 0.000000000000000000e+00 0.000000000000000000e+00
6.280000000000000000e+02 1.096700068261451122e+02 2.000000000000000000e+00 0.000000000000000000e+00
6.290000000000000000e+02 1.102599676374127853e+02 0.000000000000000000e+00 0.000000000000000000e+00
6.300000000000000000e+02 1.110432338218433017e+02 1.000000000000000000e+00 0.000000000000000000e+00
6.310000000000000000e+02 1.111577126575927394e+02 0.000000000000000000e+00 0.000000000000000000e+00
6.320000000000000000e+02 1.119480702115762369e+02 2.000000000000000000e+00 0.000000000000000000e+00
6.330000000000000000e+02 1.121938685352117204e+02 0.000000000000000000e+00 0.000000000000000000e+00
6.340000000000000000e+02 1.129333205425034095e+02 1.000000000000000000e+00 0.000000000000000000e+00
6.350000000000000000e+02 1.131158123126927109e+02 0.000000000000000000e+00 0.000000000000000000e+00
6.360000000000000000e+02 1.111455163411069691e+02 2.000000000000000000e+00 0.000000000000000000e+00
6.370000000000000000e+02 1.102545586058496951e+02 2.000000000000000000e+00 0.000000000000000000e+00
6.380000000000000000e+02 1.117749435980945378e+02 1.000000000000000000e+00 0.000000000000000000e+00
6.390000000000000000e+02 1.114641041444433114e+02 1.000000000000000000e+00 0.000000000000000000e+00
6.400000000000000000e+02 1.110046904717169696e+02 0.000000000000000000e+00 0.000000000000000000e+00
6.410000000000000000e+02 1.134400025522938193e+02 0.000000000000000000e+00 0.000000000000000000e+00
6.420000000000000000e+02 1.124981874722601276e+02 2.000000000000000000e+00 0.000000000000000000e+00
6.430000000000000000e+02 1.102740936618320262e+02 2.000000000000000000e+00 0.000000000000000000e+00
6.440000000000000000e+02 1.124239288742325016e+02 0.000000000000000000e+00 0.000000000000000000e+00
6.450000000000000000e+02 1.105629549593345615e+02 2.000000000000000000e+00 0.000000000000000000e+00
6.460000000000000000e+02 1.115056797926924617e+02 1.000000000000000000e+00 0.000000000000000000e+00
6.470000000000000000e+02 1.121547486512120457e+02 0.000000000000000000e+00 0.000000000000000000e+00
6.480000000000000000e+02 1.109700561151849882e+02 2.000000000000000000e+00 0.000000000000000000e+00
6.490000000000000000e+02 1.109567689024842281e+02 1.000000000000000000e+00 0.000000000000000000e+00
6.500000000000000000e+02 1.085515505983794498e+02 2.000000000000000000e+00 0.000000000000000000e+00
6.510000000000000000e+02 1.087206837811477698e+02 2.000000000000000000e+00 0.000000000000000000e+00
6.520000000000000000e+02 1.083895756896314566e+02 1.000000000000000000e+00 0.000000000000000000e+00
6.530000000000000000e+02 1.100901451877625021e+02 0.000000000000000000e+00 0.000000000000000000e+00
6.540000000000000000e+02 1.107169858840184133e+02 0.000000000000000000e+00 0.000000000000000000e+00
6.550000000000000000e+02 1.109808139195892664e+02 2.000000000000000000e+00 0.000000000000000000e+00
6.560000000000000000e+02 1.106328203314191541e+02 1.000000000000000000e+00 0.000000000000000000e+00
6.570000000000000000e+02 1.114989075673212966e+02 0.000000000000000000e+00 0.000000000000000000e+00
6.580000000000000000e+02 1.104417220714810810e+02 2.000000000000000000e+00 0.000000000000000000e+00
6.590000000000000000e+02 1.102174989031007328e+02 0.000000000000000000e+00 0.000000000000000000e+00
6.600000000000000000e+02 1.113520890651542032e+02 1.000000000000000000e+00 0.000000000000000000e+00
6.610000000000000000e+02 1.116446202853851304e+02 0.000000000000000000e+00 0.000000000000000000e+00
6.620000000000000000e+02 1.134385811219689373e+02 0.000000000000000000e+00 0.000000000000000000e+00
6.630000000000000000e+02 1.148935721224785880e+02 0.000000000000000000e+00 0.000000000000000000e+00
6.640000000000000000e+02 1.143783899556012926e+02 0.000000000000000000e+00 0.000000000000000000e+00
6.650000000000000000e+02 1.145402498058136871e+02 2.000000000000000000e+00 0.000000000000000000e+00
6.660000000000000000e+02 1.156199429343050440e+02 0.000000000000000000e+00 0.000000000000000000e+00
6.670000000000000000e+02 1.136626474428145457e+02 2.000000000000000000e+00 0.000000000000000000e+00
6.680000000000000000e+02 1.154003391565347130e+02 0.000000000000000000e+00 0.000000000000000000e+00
6.690000000000000000e+02 1.162151855208435194e+02 0.000000000000000000e+00 0.000000000000000000e+00
6.700000000000000000e+02 1.164313613683276571e+02 1.000000000000000000e+00 0.000000000000000000e+00
6.710000000000000000e+02 1.161899440147458904e+02 0.000000000000000000e+00 0.000000000000000000e+00
6.720000000000000000e+02 1.155167159456841830e+02 2.000000000000000000e+00 0.000000000000000000e+00
6.730000000000000000e+02 1.167577015981023578e+02 0.000000000000000000e+00 0.000000000000000000e+00
6.740000000000000000e+02 1.178460586227530769e+02 0.000000000000000000e+00 0.000000000000000000e+00
6.750000000000000000e+02 1.184828095667994035e+02 2.000000000000000000e+00 0.000000000000000000e+00
6.760000000000000000e+02 1.186962543575750146e+02 1.000000000000000000e+00 0.000000000000000000e+00
6.770000000000000000e+02 1.166087118741648538e+02 2.000000000000000000e+00 0.000000000000000000e+00
6.780000000000000000e+02 1.160037205237654234e+02 0.000000000000000000e+00 0.000000000000000000e+00
6.790000000000000000e+02 1.161741582563176252e+02 2.000000000000000000e+00 0.000000000000000000e+00
6.800000000000000000e+02 1.161000183150057978e+02 0.000000000000000000e+00 0.000000000000000000e+00
6.810000000000000000e+02 1.160440630194317464e+02 1.000000000000000000e+00 0.000000000000000000e+00
6.820000000000000000e+02 1.161911319683379986e+02 0.000000000000000000e+00 0.000000000000000000e+00
6.830000000000000000e+02 1.169349667429934527e+02 2.000000000000000000e+00 0.000000000000000000e+00
6.840000000000000000e+02 1.173706939392164372e+02 1.000000000000000000e+00 0.000000000000000000e+00
6.850000000000000000e+02 1.158394768389943579e+02 2.000000000000000000e+00 0.000000000000000000e+00
6.860000000000000000e+02 1.167293402000401983e+02 0.000000000000000000e+00 0.000000000000000000e+00
6.870000000000000000e+02 1.152637786824744239e+02 2.000000000000000000e+00 0.000000000000000000e+00
6.880000000000000000e+02 1.176153595070074829e+02 0.000000000000000000e+00 0.000000000000000000e+00
6.890000000000000000e+02 1.158957780155103592e+02 1.000000000000000000e+00 0.000000000000000000e+00
6.900000000000000000e+02 1.190063865300716657e+02 0.000000000000000000e+00 0.000000000000000000e+00
6.910000000000000000e+02 1.172906945586971261e+02 2.000000000000000000e+00 0.000000000000000000e+00
6.920000000000000000e+02 1.188621777253894720e+02 0.000000000000000000e+00 0.000000000000000000e+00
6.930000000000000000e+02 1.167048287875770001e+02 1.000000000000000000e+00 0.000000000000000000e+00
6.940000000000000000e+02 1.176823129770469762e+02 0.000000000000000000e+00 0.000000000000000000e+00
6.950000000000000000e+02 1.174078519885439533e+02 2.000000000000000000e+00 0.000000000000000000e+00
6.960000000000000000e+02 1.160750378662646085e+02 2.000000000000000000e+00 0.000000000000000000e+00
6.970000000000000000e+02 1.172251880866761979e+02 0.000000000000000000e+00 0.000000000000000000e+00
6.980000000000000000e+02 1.192379997398530946e+02 0.000000000000000000e+00 0.000000000000000000e+00
6.990000000000000000e+02 1.194403670663749182e+02 0.000000000000000000e+00 0.000000000000000000e+00
7.000000000000000000e+02 1.210154695750407541e+02 0.000000000000000000e+00 0.000000000000000000e+00
7.010000000000000000e+02 1.212029266440432593e+02 1.000000000000000000e+00 0.000000000000000000e+00
7.020000000000000000e+02 1.206943184500751300e+02 2.000000000000000000e+00 0.000000000000000000e+00
7.030000000000000000e+02 1.192184870087064184e+02 1.000000000000000000e+00 0.000000000000000000e+00
7.040000000000000000e+02 1.213486646050611881e+02 0.000000000000000000e+00 0.000000000000000000e+00
7.050000000000000000e+02 1.231324380840179202e+02 0.000000000000000000e+00 0.000000000000000000e+00
7.060000000000000000e+02 1.216246302333321836e+02 2.000000000000000000e+00 0.000000000000000000e+00
7.070000000000000000e+02 1.220219008161275269e+02 1.000000000000000000e+00 0.000000000000000000e+00
7.080000000000000000e+02 1.212548938585718616e+02 1.000000000000000000e+00 0.000000000000000000e+00
7.090000000000000000e+02 1.197816505711986821e+02 2.000000000000000000e+00 0.000000000000000000e+00
7.100000000000000000e+02 1.190025632951950882e+02 2.000000000000000000e+00 0.000000000000000000e+00
7.110000000000000000e+02 1.198611549896660904e+02 0.000000000000000000e+00 0.000000000000000000e+00
7.120000000000000000e+02 1.193889700006534440e+02 2.000000000000000000e+00 0.000000000000000000e+00
7.130000000000000000e+02 1.194088916446206383e+02 0.000000000000000000e+00 0.000000000000000000e+00
7.140000000000000000e+02 1.185439486919550234e+02 2.000000000000000000e+00 0.000000000000000000e+00
7.150000000000000000e+02 1.174002531921502879e+02 2.000000000000000000e+00 0.000000000000000000e+00
7.160000000000000000e+02 1.165734732372164189e+02 2.000000000000000000e+00 0.000000000000000000e+00
7.170000000000000000e+02 1.165363511227904496e+02 1.000000000000000000e+00 0.000000000000000000e+00
7.180000000000000000e+02 1.182177600680000609e+02 0.000000000000000000e+00 0.000000000000000000e+00
7.190000000000000000e+02 1.188682663473807679e+02 0.000000000000000000e+00 0.000000000000000000e+00
7.200000000000000000e+02 1.189213348564203585e+02 1.000000000000000000e+00 0.000000000000000000e+00
7.210000000000000000e+02 1.185390863437092008e+02 1.000000000000000000e+00 0.000000000000000000e+00
7.220000000000000000e+02 1.171430165384004169e+02 2.000000000000000000e+00 0.000000000000000000e+00
7.230000000000000000e+02 1.176400981250103541e+02 1.000000000000000000e+00 0.000000000000000000e+00
7.240000000000000000e+02 1.180168116979467641e+02 0.000000000000000000e+00 0.000000000000000000e+00
7.250000000000000000e+02 1.198283779807411662e+02 0.000000000000000000e+00 0.000000000000000000e+00
7.260000000000000000e+02 1.213295687162881080e+02 0.000000000000000000e+00 0.000000000000000000e+00
7.270000000000000000e+02 1.216077697996583566e+02 1.000000000000000000e+00 0.000000000000000000e+00
7.280000000000000000e+02 1.204356509913630759e+02 0.000000000000000000e+00 0.000000000000000000e+00
7.290000000000000000e+02 1.222113051817560461e+02 2.000000000000000000e+00 0.000000000000000000e+00
7.300000000000000000e+02 1.226110720754653016e+02 0.000000000000000000e+00 0.000000000000000000e+00
7.310000000000000000e+02 1.213373804796832616e+02 2.000000000000000000e+00 0.000000000000000000e+00
7.320000000000000000e+02 1.218210964426546070e+02 0.000000000000000000e+00 0.000000000000000000e+00
7.330000000000000000e+02 1.209333068205843489e+02 0.000000000000000000e+00 0.000000000000000000e+00
7.340000000000000000e+02 1.229568403031152712e+02 2.000000000000000000e+00 0.000000000000000000e+00
7.350000000000000000e+02 1.226888413545228076e+02 0.000000000000000000e+00 0.000000000000000000e+00
7.360000000000000000e+02 1.212934308585267331e+02 2.000000000000000000e+00 0.000000000000000000e+00
7.370000000000000000e+02 1.230183140498907761e+02 0.000000000000000000e+00 0.000000000000000000e+00
7.380000000000000000e+02 1.218356925193711362e+02 2.000000000000000000e+00 0.000000000000000000e+00
7.390000000000000000e+02 1.229299647780553215e+02 0.000000000000000000e+00 0.000000000000000000e+00
7.400000000000000000e+02 1.222379728465929958e+02 2.000000000000000000e+00 0.000000000000000000e+00
7.410000000000000000e+02 1.202034220720834696e+02 2.000000000000000000e+00 0.000000000000000000e+00
7.420000000000000000e+02 1.204401957524152778e+02 2.000000000000000000e+00 0.000000000000000000e+00
7.430000000000000000e+02 1.213014565476130997e+02 0.000000000000000000e+00 0.000000000000000000e+00
7.440000000000000000e+02 1.211827600175790423e+02 1.000000000000000000e+00 0.000000000000000000e+00
7.450000000000000000e+02 1.228375584405261094e+02 0.000000000000000000e+00 0.000000000000000000e+00
7.460000000000000000e+02 1.205202890822098709e+02 2.000000000000000000e+00 0.000000000000000000e+00
7.470000000000000000e+02 1.213860910606099708e+02 0.000000000000000000e+00 0.000000000000000000e+00
7.480000000000000000e+02 1.219104920387892577e+02 2.000000000000000000e+00 0.000000000000000000e+00
7.490000000000000000e+02 1.214833163937320535e+02 1.000000000000000000e+00 0.000000000000000000e+00
7.500000000000000000e+02 1.205806849317963128e+02 0.000000000000000000e+00 0.000000000000000000e+00
7.510000000000000000e+02 1.222415000692346894e+02 1.000000000000000000e+00 0.000000000000000000e+00
7.520000000000000000e+02 1.206943430105079216e+02 2.000000000000000000e+00 0.000000000000000000e+00
7.530000000000000000e+02 1.227609770602620785e+02 0.000000000000000000e+00 0.000000000000000000e+00
7.540000000000000000e+02 1.225069824259205831e+02 0.000000000000000000e+00 0.000000000000000000e+00
7.550000000000000000e+02 1.257264754967836069e+02 0.000000000000000000e+00 0.000000000000000000e+00
7.560000000000000000e+02 1.240825570107091949e+02 0.000000000000000000e+00 0.000000000000000000e+00
7.570000000000000000e+02 1.249022785687748751e+02 1.000000000000000000e+00 0.000000000000000000e+00
7.580000000000000000e+02 1.245349498896116955e+02 2.000000000000000000e+00 0.000000000000000000e+00
7.590000000000000000e+02 1.256517220517164901e+02 0.000000000000000000e+00 0.000000000000000000e+00
7.600000000000000000e+02 1.272703109763187257e+02 0.000000000000000000e+00 0.000000000000000000e+00
7.610000000000000000e+02 1.252888880599017369e+02 0.000000000000000000e+00 0.000000000000000000e+00
7.620000000000000000e+02 1.277374195592248469e+02 1.000000000000000000e+00 0.000000000000000000e+00
7.630000000000000000e+02 1.286360114789524403e+02 0.000000000000000000e+00 0.000000000000000000e+00
7.640000000000000000e+02 1.276745090716740805e+02 2.000000000000000000e+00 0.000000000000000000e+00
7.650000000000000000e+02 1.276034481722724081e+02 0.000000000000000000e+00 0.000000000000000000e+00
7.660000000000000000e+02 1.263399436774970042e+02 1.000000000000000000e+00 0.000000000000000000e+00
7.670000000000000000e+02 1.285181154304615916e+02 0.000000000000000000e+00 0.000000000000000000e+00
7.680000000000000000e+02 1.262613098518741737e+02 1.000000000000000000e+00 0.000000000000000000e+00
7.690000000000000000e+02 1.272468220351171766e+02 2.000000000000000000e+00 0.000000000000000000e+00
7.700000000000000000e+02 1.283716733397736789e+02 1.000000000000000000e+00 0.000000000000000000e+00
7.710000000000000000e+02 1.291328761639689731e+02 0.000000000000000000e+00 0.000000000000000000e+00
7.720000000000000000e+02 1.277103601489536402e+02 1.000000000000000000e+00 0.000000000000000000e+00
7.730000000000000000e+02 1.308780857345196296e+02 0.000000000000000000e+00 0.000000000000000000e+00
7.740000000000000000e+02 1.311307691980332208e+02 0.000000000000000000e+00 0.000000000000000000e+00
7.750000000000000000e+02 1.315271059799035527e+02 1.000000000000000000e+00 0.000000000000000000e+00
7.760000000000000000e+02 1.304424126114194280e+02 1.000000000000000000e+00 0.000000000000000000e+00
7.770000000000000000e+02 1.301235584245253278e+02 1.000000000000000000e+00 0.000000000000000000e+00
7.780000000000000000e+02 1.301811062943755815e+02 0.000000000000000000e+00 0.000000000000000000e+00
7.790000000000000000e+02 1.336579406807702242e+02 0.000000000000000000e+00 0.000000000000000000e+00
7.800000000000000000e+02 1.340499195365934213e+02 0.000000000000000000e+00 0.000000000000000000e+00
7.810000000000000000e+02 1.360206831911010283e+02 0.000000000000000000e+00 0.000000000000000000e+00
7.820000000000000000e+02 1.348295868090124827e+02 0.000000000000000000e+00 0.000000000000000000e+00
7.830000000000000000e+02 1.359705084799212784e+02 1.000000000000000000e+00 0.000000000000000000e+00
7.840000000000000000e+02 1.355790342881279003e+02 2.000000000000000000e+00 0.000000000000000000e+00
7.850000000000000000e+02 1.358988757106877756e+02 1.000000000000000000e+00 0.000000000000000000e+00
7.860000000000000000e+02 1.361807565584294082e+02 0.000000000000000000e+00 0.000000000000000000e+00
7.870000000000000000e+02 1.358424112068361751e+02 0.000000000000000000e+00 0.000000000000000000e+00
7.880000000000000000e+02 1.372209362757660074e+02 1.000000000000000000e+00 0.000000000000000000e+00
7.890000000000000000e+02 1.394949980867709769e+02 0.000000000000000000e+00 0.000000000000000000e+00
7.900000000000000000e+02 1.362347417192685839e+02 2.000000000000000000e+00 0.000000000000000000e+00
7.910000000000000000e+02 1.379367885727884584e+02 0.000000000000000000e+00 0.000000000000000000e+00
7.920000000000000000e+02 1.379382791373570285e+02 2.000000000000000000e+00 0.000000000000000000e+00
7.930000000000000000e+02 1.360761334982257722e+02 0.000000000000000000e+00 0.000000000000000000e+00
7.940000000000000000e+02 1.362702879362943236e+02 2.000000000000000000e+00 0.000000000000000000e+00
7.950000000000000000e+02 1.362218534889193791e+02 1.000000000000000000e+00 0.000000000000000000e+00
7.960000000000000000e+02 1.394084398061712307e+02 0.000000000000000000e+00 0.000000000000000000e+00
7.970000000000000000e+02 1.391534053684741536e+02 0.000000000000000000e+00 0.000000000000000000e+00
7.980000000000000000e+02 1.403210452053127142e+02 0.000000000000000000e+00 0.000000000000000000e+00
7.990000000000000000e+02 1.403476014749950878e+02 1.000000000000000000e+00 0.000000000000000000e+00
8.000000000000000000e+02 1.414744420899378383e+02 0.000000000000000000e+00 0.000000000000000000e+00
