time	position	state	ATP_bound
1.000000000000000000e+00 1.375680019256287467e+00 0.000000000000000000e+00 0.000000000000000000e+00
2.000000000000000000e+00 9.572127279256514854e-01 0.000000000000000000e+00 0.000000000000000000e+00
3.000000000000000000e+00 3.263146856744953972e+00 0.000000000000000000e+00 0.000000000000000000e+00
4.000000000000000000e+00 1.003378691590870453e+00 2.000000000000000000e+00 0.000000000000000000e+00
5.000000000000000000e+00 1.478448982009283874e+00 2.000000000000000000e+00 0.000000000000000000e+00
6.000000000000000000e+00 1.406893356021043706e+00 1.000000000000000000e+00 0.000000000000000000e+00
7.000000000000000000e+00 1.698011898655968022e+00 1.000000000000000000e+00 0.000000000000000000e+00
8.000000000000000000e+00 1.772283025268018397e+00 0.000000000000000000e+00 0.000000000000000000e+00
9.000000000000000000e+00 5.384394096108467309e+00 0.000000000000000000e+00 0.000000000000000000e+00
1.000000000000000000e+01 3.829526123320461384e+00 0.000000000000000000e+00 0.000000000000000000e+00
1.100000000000000000e+01 4.543682651094230529e+00 2.000000000000000000e+00 0.000000000000000000e+00
1.200000000000000000e+01 3.233665449416790683e+00 1.000000000000000000e+00 0.000000000000000000e+00
1.300000000000000000e+01 2.477211085487139197e+00 1.000000000000000000e+00 0.000000000000000000e+00
1.400000000000000000e+01 3.058247107471276482e+00 0.000000000000000000e+00 0.000000000000000000e+00
1.500000000000000000e+01 5.315497450164378357e+00 0.000000000000000000e+00 0.000000000000000000e+00
1.600000000000000000e+01 5.864689015095450486e+00 0.000000000000000000e+00 0.000000000000000000e+00
1.700000000000000000e+01 5.401295341467224453e+00 1.000000000000000000e+00 0.000000000000000000e+00
1.800000000000000000e+01 6.010972166988590715e+00 1.000000000000000000e+00 0.000000000000000000e+00
1.900000000000000000e+01 6.371348297296133723e+00 2.000000000000000000e+00 0.000000000000000000e+00
2.000000000000000000e+01 5.585976945326869725e+00 0.000000000000000000e+00 0.000000000000000000e+00
2.100000000000000000e+01 4.516082976508605462e+00 2.000000000000000000e+00 0.000000000000000000e+00
2.200000000000000000e+01 6.305369290883805711e+00 0.000000000000000000e+00 0.000000000000000000e+00
2.300000000000000000e+01 6.279575972662555294e+00 1.000000000000000000e+00 0.000000000000000000e+00
2.400000000000000000e+01 7.579909740260131201e+00 1.000000000000000000e+00 0.000000000000000000e+00
2.500000000000000000e+01 6.607136260830838381e+00 0.000000000000000000e+00 0.000000000000000000e+00
2.600000000000000000e+01 5.348936731382491594e+00 2.000000000000000000e+00 0.000000000000000000e+00
2.700000000000000000e+01 5.458008436434979238e+00 0.000000000000000000e+00 0.000000000000000000e+00
2.800000000000000000e+01 5.855326403490770382e+00 2.000000000000000000e+00 0.000000000000000000e+00
2.900000000000000000e+01 6.916434194806329927e+00 0.000000000000000000e+00 0.000000000000000000e+00
3.000000000000000000e+01 6.196764440812329688e+00 1.000000000000000000e+00 0.000000000000000000e+00
3.100000000000000000e+01 6.992584260296480281e+00 1.000000000000000000e+00 0.000000000000000000e+00
3.200000000000000000e+01 6.700492249207771422e+00 2.000000000000000000e+00 0.000000000000000000e+00
3.300000000000000000e+01 4.145707478621096342e+00 2.000000000000000000e+00 0.000000000000000000e+00
3.400000000000000000e+01 6.551658382237383726e+00 0.000000000000000000e+00 0.000000000000000000e+00
3.500000000000000000e+01 5.818153178527678548e+00 1.000000000000000000e+00 0.000000000000000000e+00
3.600000000000000000e+01 6.531269520206989476e+00 1.000000000000000000e+00 0.000000000000000000e+00
3.700000000000000000e+01 5.892936804876431012e+00 0.000000000000000000e+00 0.000000000000000000e+00
3.800000000000000000e+01 6.130396026136253340e+00 2.000000000000000000e+00 0.000000000000000000e+00
3.900000000000000000e+01 8.289346894598613957e+00 0.000000000000000000e+00 0.000000000000000000e+00
4.000000000000000000e+01 8.684059883627854859e+00 0.000000000000000000e+00 0.000000000000000000e+00
4.100000000000000000e+01 9.350085168013523074e+00 0.000000000000000000e+00 0.000000000000000000e+00
4.200000000000000000e+01 8.958404814282328488e+00 2.000000000000000000e+00 0.000000000000000000e+00
4.300000000000000000e+01 7.199318813689528085e+00 2.000000000000000000e+00 0.000000000000000000e+00
4.400000000000000000e+01 6.473807422096079733e+00 0.000000000000000000e+00 0.000000000000000000e+00
4.500000000000000000e+01 1.033529584899553377e+01 0.000000000000000000e+00 0.000000000000000000e+00
4.600000000000000000e+01 1.070918057258835709e+01 0.000000000000000000e+00 0.000000000000000000e+00
4.700000000000000000e+01 9.956204388902138547e+00 0.000000000000000000e+00 0.000000000000000000e+00
4.800000000000000000e+01 1.297149421067330977e+01 0.000000000000000000e+00 0.000000000000000000e+00
4.900000000000000000e+01 1.155741330530109678e+01 0.000000000000000000e+00 0.000000000000000000e+00
5.000000000000000000e+01 1.322115590109876671e+01 1.000000000000000000e+00 0.000000000000000000e+00
5.100000000000000000e+01 1.173081814742973883e+01 0.000000000000000000e+00 0.000000000000000000e+00
5.200000000000000000e+01 1.253101829791745025e+01 2.000000000000000000e+00 0.000000000000000000e+00
5.300000000000000000e+01 1.136387561203806129e+01 2.000000000000000000e+00 0.000000000000000000e+00
5.400000000000000000e+01 1.051802137805937676e+01 2.000000000000000000e+00 0.000000000000000000e+00
5.500000000000000000e+01 1.254638367550647260e+01 0.000000000000000000e+00 0.000000000000000000e+00
5.600000000000000000e+01 1.186438846278951154e+01 1.000000000000000000e+00 0.000000000000000000e+00
5.700000000000000000e+01 1.265479817079280167e+01 0.000000000000000000e+00 0.000000000000000000e+00
5.800000000000000000e+01 1.412384365110187900e+01 1.000000000000000000e+00 0.000000000000000000e+00
5.900000000000000000e+01 1.320238317790799520e+01 1.000000000000000000e+00 0.000000000000000000e+00
6.000000000000000000e+01 1.400061220203232715e+01 0.000000000000000000e+00 0.000000000000000000e+00
6.100000000000000000e+01 1.524773661876387543e+01 0.000000000000000000e+00 0.000000000000000000e+00
6.200000000000000000e+01 1.348700779385371185e+01 2.000000000000000000e+00 0.000000000000000000e+00
6.300000000000000000e+01 1.523565899529237377e+01 0.000000000000000000e+00 0.000000000000000000e+00
6.400000000000000000e+01 1.496351034609976338e+01 2.000000000000000000e+00 0.000000000000000000e+00
6.500000000000000000e+01 1.420530236077174990e+01 1.000000000000000000e+00 0.000000000000000000e+00
6.600000000000000000e+01 1.566761134314785764e+01 0.000000000000000000e+00 0.000000000000000000e+00
6.700000000000000000e+01 1.389208242928043724e+01 2.000000000000000000e+00 0.000000000000000000e+00
6.800000000000000000e+01 1.340314746711669791e+01 2.000000000000000000e+00 0.000000000000000000e+00
6.900000000000000000e+01 1.354664624636376935e+01 1.000000000000000000e+00 0.000000000000000000e+00
7.000000000000000000e+01 1.249512148153369395e+01 1.000000000000000000e+00 0.000000000000000000e+00
7.100000000000000000e+01 1.417606159509518449e+01 1.000000000000000000e+00 0.000000000000000000e+00
7.200000000000000000e+01 1.273713476225798402e+01 2.000000000000000000e+00 0.000000000000000000e+00
7.300000000000000000e+01 1.112124368815251074e+01 1.000000000000000000e+00 0.000000000000000000e+00
7.400000000000000000e+01 1.285837525544039117e+01 0.000000000000000000e+00 0.000000000000000000e+00
7.500000000000000000e+01 1.297146064528839204e+01 2.000000000000000000e+00 0.000000000000000000e+00
7.600000000000000000e+01 1.231391687852496020e+01 0.000000000000000000e+00 0.000000000000000000e+00
7.700000000000000000e+01 1.303392541037813146e+01 2.000000000000000000e+00 0.000000000000000000e+00
7.800000000000000000e+01 1.335029971243027447e+01 0.000000000000000000e+00 0.000000000000000000e+00
7.900000000000000000e+01 1.216442140310394571e+01 2.000000000000000000e+00 0.000000000000000000e+00
8.000000000000000000e+01 1.282889225929633881e+01 0.000000000000000000e+00 0.000000000000000000e+00
8.100000000000000000e+01 1.197989911021069886e+01 1.000000000000000000e+00 0.000000000000000000e+00
8.200000000000000000e+01 1.347136744746985393e+01 1.000000000000000000e+00 0.000000000000000000e+00
8.300000000000000000e+01 1.309912264561790707e+01 2.000000000000000000e+00 0.000000000000000000e+00
8.400000000000000000e+01 1.334751645304489109e+01 0.000000000000000000e+00 0.000000000000000000e+00
8.500000000000000000e+01 1.281808562533904805e+01 1.000000000000000000e+00 0.000000000000000000e+00
8.600000000000000000e+01 1.319894633334125267e+01 1.000000000000000000e+00 0.000000000000000000e+00
8.700000000000000000e+01 1.197235894016546887e+01 1.000000000000000000e+00 0.000000000000000000e+00
8.800000000000000000e+01 1.343437565476353690e+01 1.000000000000000000e+00 0.000000000000000000e+00
8.900000000000000000e+01 1.498496389948310714e+01 0.000000000000000000e+00 0.000000000000000000e+00
9.000000000000000000e+01 1.520170356302990733e+01 0.000000000000000000e+00 0.000000000000000000e+00
9.100000000000000000e+01 1.607828926851123441e+01 0.000000000000000000e+00 0.000000000000000000e+00
9.200000000000000000e+01 1.716571043678112929e+01 0.000000000000000000e+00 0.000000000000000000e+00
9.300000000000000000e+01 1.768454472492040708e+01 0.000000000000000000e+00 0.000000000000000000e+00
9.400000000000000000e+01 1.550329423641231408e+01 2.000000000000000000e+00 0.000000000000000000e+00
9.500000000000000000e+01 1.948624638163861178e+01 0.000000000000000000e+00 0.000000000000000000e+00
9.600000000000000000e+01 1.842061204993702361e+01 0.000000000000000000e+00 0.000000000000000000e+00
9.700000000000000000e+01 2.048854417823090657e+01 0.000000000000000000e+00 0.000000000000000000e+00
9.800000000000000000e+01 1.960849942050869643e+01 2.000000000000000000e+00 0.000000000000000000e+00
9.900000000000000000e+01 1.894022662643955357e+01 2.000000000000000000e+00 0.000000000000000000e+00
1.000000000000000000e+02 2.024350256243318569e+01 0.000000000000000000e+00 0.000000000000000000e+00
1.010000000000000000e+02 1.939655862518834084e+01 1.000000000000000000e+00 0.000000000000000000e+00
1.020000000000000000e+02 1.905840896745362656e+01 2.000000000000000000e+00 0.000000000000000000e+00
1.030000000000000000e+02 1.793483566922048666e+01 2.000000000000000000e+00 0.000000000000000000e+00
1.040000000000000000e+02 1.847508185744127829e+01 0.000000000000000000e+00 0.000000000000000000e+00
1.050000000000000000e+02 1.581155016960616422e+01 2.000000000000000000e+00 0.000000000000000000e+00
1.060000000000000000e+02 1.765072977090632378e+01 1.000000000000000000e+00 0.000000000000000000e+00
1.070000000000000000e+02 1.810759930549383867e+01 0.000000000000000000e+00 0.000000000000000000e+00
1.080000000000000000e+02 1.857362608200994103e+01 0.000000000000000000e+00 0.000000000000000000e+00
1.090000000000000000e+02 1.789950820482809846e+01 2.000000000000000000e+00 0.000000000000000000e+00
1.100000000000000000e+02 1.705022086989490049e+01 2.000000000000000000e+00 0.000000000000000000e+00
1.110000000000000000e+02 1.617724686490450026e+01 2.000000000000000000e+00 0.000000000000000000e+00
1.120000000000000000e+02 1.632721505833614373e+01 1.000000000000000000e+00 0.000000000000000000e+00
1.130000000000000000e+02 1.542466957586307075e+01 1.000000000000000000e+00 0.000000000000000000e+00
1.140000000000000000e+02 1.611010952047718803e+01 1.000000000000000000e+00 0.000000000000000000e+00
1.150000000000000000e+02 1.437416389938116090e+01 2.000000000000000000e+00 0.000000000000000000e+00
1.160000000000000000e+02 1.700739936847892153e+01 0.000000000000000000e+00 0.000000000000000000e+00
1.170000000000000000e+02 1.610386272300857158e+01 1.000000000000000000e+00 0.000000000000000000e+00
1.180000000000000000e+02 1.759433395014198709e+01 0.000000000000000000e+00 0.000000000000000000e+00
1.190000000000000000e+02 1.842612093760197212e+01 0.000000000000000000e+00 0.000000000000000000e+00
1.200000000000000000e+02 1.749119128269164491e+01 2.000000000000000000e+00 0.000000000000000000e+00
1.210000000000000000e+02 1.614499856121654631e+01 2.000000000000000000e+00 0.000000000000000000e+00
1.220000000000000000e+02 1.863108496621496002e+01 0.000000000000000000e+00 0.000000000000000000e+00
1.230000000000000000e+02 1.704432197447715680e+01 1.000000000000000000e+00 0.000000000000000000e+00
1.240000000000000000e+02 1.558874040067820133e+01 1.000000000000000000e+00 0.000000000000000000e+00
1.250000000000000000e+02 1.807773873855811431e+01 2.000000000000000000e+00 0.000000000000000000e+00
1.260000000000000000e+02 1.601792204997153846e+01 1.000000000000000000e+00 0.000000000000000000e+00
1.270000000000000000e+02 1.686473413081311179e+01 0.000000000000000000e+00 0.000000000000000000e+00
1.280000000000000000e+02 1.724815453001550125e+01 0.000000000000000000e+00 0.000000000000000000e+00
1.290000000000000000e+02 1.880549807763187076e+01 1.000000000000000000e+00 0.000000000000000000e+00
1.300000000000000000e+02 2.021431488803373711e+01 0.000000000000000000e+00 0.000000000000000000e+00
1.310000000000000000e+02 1.808727948203569014e+01 2.000000000000000000e+00 0.000000000000000000e+00
1.320000000000000000e+02 1.851805607675931142e+01 0.000000000000000000e+00 0.000000000000000000e+00
1.330000000000000000e+02 1.825693044194714076e+01 1.000000000000000000e+00 0.000000000000000000e+00
1.340000000000000000e+02 1.897379096938572118e+01 1.000000000000000000e+00 0.000000000000000000e+00
1.350000000000000000e+02 1.797249242145340986e+01 2.000000000000000000e+00 0.000000000000000000e+00
1.360000000000000000e+02 1.759211825022046227e+01 1.000000000000000000e+00 0.000000000000000000e+00
1.370000000000000000e+02 1.893242977967411989e+01 0.000000000000000000e+00 0.000000000000000000e+00
1.380000000000000000e+02 1.808249113560723842e+01 2.000000000000000000e+00 0.000000000000000000e+00
1.390000000000000000e+02 1.928828219183956350e+01 0.000000000000000000e+00 0.000000000000000000e+00
1.400000000000000000e+02 1.765281677763238832e+01 1.000000000000000000e+00 0.000000000000000000e+00
1.410000000000000000e+02 1.894067227465811598e+01 1.000000000000000000e+00 0.000000000000000000e+00
1.420000000000000000e+02 1.828845636820741660e+01 1.000000000000000000e+00 0.000000000000000000e+00
1.430000000000000000e+02 1.904317595283602671e+01 0.000000000000000000e+00 0.000000000000000000e+00
1.440000000000000000e+02 2.040105070250475805e+01 1.000000000000000000e+00 0.000000000000000000e+00
1.450000000000000000e+02 1.991111570711168710e+01 0.000000000000000000e+00 0.000000000000000000e+00
1.460000000000000000e+02 2.039573534098160579e+01 2.000000000000000000e+00 0.000000000000000000e+00
1.470000000000000000e+02 2.106479921685130918e+01 0.000000000000000000e+00 0.000000000000000000e+00
1.480000000000000000e+02 2.195717165610501098e+01 0.000000000000000000e+00 0.000000000000000000e+00
1.490000000000000000e+02 2.243587000485728211e+01 1.000000000000000000e+00 0.000000000000000000e+00
1.500000000000000000e+02 2.257943054953668138e+01 1.000000000000000000e+00 0.000000000000000000e+00
1.510000000000000000e+02 1.936483024768131500e+01 2.000000000000000000e+00 0.000000000000000000e+00
1.520000000000000000e+02 2.003121723998475190e+01 2.000000000000000000e+00 0.000000000000000000e+00
1.530000000000000000e+02 2.090725108757512629e+01 0.000000000000000000e+00 0.000000000000000000e+00
1.540000000000000000e+02 2.176936122819255459e+01 0.000000000000000000e+00 0.000000000000000000e+00
1.550000000000000000e+02 1.973727691570281806e+01 2.000000000000000000e+00 0.000000000000000000e+00
1.560000000000000000e+02 2.417371824694142290e+01 0.000000000000000000e+00 0.000000000000000000e+00
1.570000000000000000e+02 2.281515111648798921e+01 1.000000000000000000e+00 0.000000000000000000e+00
1.580000000000000000e+02 2.305851917893522085e+01 1.000000000000000000e+00 0.000000000000000000e+00
1.590000000000000000e+02 2.210138437786073951e+01 1.000000000000000000e+00 0.000000000000000000e+00
1.600000000000000000e+02 2.172268265720297364e+01 2.000000000000000000e+00 0.000000000000000000e+00
1.610000000000000000e+02 1.982818006994099136e+01 2.000000000000000000e+00 0.000000000000000000e+00
1.620000000000000000e+02 1.933136575419341696e+01 2.000000000000000000e+00 0.000000000000000000e+00
1.630000000000000000e+02 1.815152184749410580e+01 2.000000000000000000e+00 0.000000000000000000e+00
1.640000000000000000e+02 1.916927470428245073e+01 1.000000000000000000e+00 0.000000000000000000e+00
1.650000000000000000e+02 1.720402354458820682e+01 1.000000000000000000e+00 0.000000000000000000e+00
1.660000000000000000e+02 1.863521853717767129e+01 0.000000000000000000e+00 0.000000000000000000e+00
1.670000000000000000e+02 1.883370938782913129e+01 1.000000000000000000e+00 0.000000000000000000e+00
1.680000000000000000e+02 2.124776863534780702e+01 0.000000000000000000e+00 0.000000000000000000e+00
1.690000000000000000e+02 2.008703893123030682e+01 0.000000000000000000e+00 0.000000000000000000e+00
1.700000000000000000e+02 2.081831068565137244e+01 1.000000000000000000e+00 0.000000000000000000e+00
1.710000000000000000e+02 2.161503912076388900e+01 1.000000000000000000e+00 0.000000000000000000e+00
1.720000000000000000e+02 2.307649722773193446e+01 0.000000000000000000e+00 0.000000000000000000e+00
1.730000000000000000e+02 2.038981887291955530e+01 2.000000000000000000e+00 0.000000000000000000e+00
1.740000000000000000e+02 2.172056766388648441e+01 0.000000000000000000e+00 0.000000000000000000e+00
1.750000000000000000e+02 2.294080970869768166e+01 0.000000000000000000e+00 0.000000000000000000e+00
1.760000000000000000e+02 2.135365738584600948e+01 2.000000000000000000e+00 0.000000000000000000e+00
1.770000000000000000e+02 2.139115705585473037e+01 2.000000000000000000e+00 0.000000000000000000e+00
1.780000000000000000e+02 2.177214979524873328e+01 0.000000000000000000e+00 0.000000000000000000e+00
1.790000000000000000e+02 2.348658155555648008e+01 0.000000000000000000e+00 0.000000000000000000e+00
1.800000000000000000e+02 2.310561480983168536e+01 1.000000000000000000e+00 0.000000000000000000e+00
1.810000000000000000e+02 2.428405739869861080e+01 0.000000000000000000e+00 0.000000000000000000e+00
1.820000000000000000e+02 2.389402511050079880e+01 1.000000000000000000e+00 0.000000000000000000e+00
1.830000000000000000e+02 2.385220792366101605e+01 0.000000000000000000e+00 0.000000000000000000e+00
1.840000000000000000e+02 2.601723630870274562e+01 0.000000000000000000e+00 0.000000000000000000e+00
1.850000000000000000e+02 2.634517702929304050e+01 1.000000000000000000e+00 0.000000000000000000e+00
1.860000000000000000e+02 2.546200501526687532e+01 1.000000000000000000e+00 0.000000000000000000e+00
1.870000000000000000e+02 2.591481986743374222e+01 1.000000000000000000e+00 0.000000000000000000e+00
1.880000000000000000e+02 2.778973221667360249e+01 0.000000000000000000e+00 0.000000000000000000e+00
1.890000000000000000e+02 2.592846558128089640e+01 2.000000000000000000e+00 0.000000000000000000e+00
1.900000000000000000e+02 2.536424727404316570e+01 1.000000000000000000e+00 0.000000000000000000e+00
1.910000000000000000e+02 2.552579656611271730e+01 0.000000000000000000e+00 0.000000000000000000e+00
1.920000000000000000e+02 2.601349066380882036e+01 2.000000000000000000e+00 0.000000000000000000e+00
1.930000000000000000e+02 2.748770228033069429e+01 0.000000000000000000e+00 0.000000000000000000e+00
1.940000000000000000e+02 2.796750949208082204e+01 0.000000000000000000e+00 0.000000000000000000e+00
1.950000000000000000e+02 2.694293974035927519e+01 2.000000000000000000e+00 0.000000000000000000e+00
1.960000000000000000e+02 2.644500437233003964e+01 1.000000000000000000e+00 0.000000000000000000e+00
1.970000000000000000e+02 2.766852035418970956e+01 0.000000000000000000e+00 0.000000000000000000e+00
1.980000000000000000e+02 2.872462290996283940e+01 1.000000000000000000e+00 0.000000000000000000e+00
1.990000000000000000e+02 2.744605068033382977e+01 2.000000000000000000e+00 0.000000000000000000e+00
2.000000000000000000e+02 2.751220750378434232e+01 0.000000000000000000e+00 0.000000000000000000e+00
2.010000000000000000e+02 2.803805345415253214e+01 1.000000000000000000e+00 0.000000000000000000e+00
2.020000000000000000e+02 2.889469171810243964e+01 1.000000000000000000e+00 0.000000000000000000e+00
2.030000000000000000e+02 2.802990095800132408e+01 0.000000000000000000e+00 0.000000000000000000e+00
2.040000000000000000e+02 2.906510535290581032e+01 2.000000000000000000e+00 0.000000000000000000e+00
2.050000000000000000e+02 2.813486413395708752e+01 1.000000000000000000e+00 0.000000000000000000e+00
2.060000000000000000e+02 2.710841958676577335e+01 2.000000000000000000e+00 0.000000000000000000e+00
2.070000000000000000e+02 2.700082288998689961e+01 2.000000000000000000e+00 0.000000000000000000e+00
2.080000000000000000e+02 2.527622920858351208e+01 2.000000000000000000e+00 0.000000000000000000e+00
2.090000000000000000e+02 2.599032720404664687e+01 0.000000000000000000e+00 0.000000000000000000e+00
2.100000000000000000e+02 2.625064061868901888e+01 0.000000000000000000e+00 0.000000000000000000e+00
2.110000000000000000e+02 2.843872179985719129e+01 0.000000000000000000e+00 0.000000000000000000e+00
2.120000000000000000e+02 2.757368333108907876e+01 1.000000000000000000e+00 0.000000000000000000e+00
2.130000000000000000e+02 2.698031407748145583e+01 0.000000000000000000e+00 0.000000000000000000e+00
2.140000000000000000e+02 2.910441141930686726e+01 2.000000000000000000e+00 0.000000000000000000e+00
2.150000000000000000e+02 2.795740745768076607e+01 0.000000000000000000e+00 0.000000000000000000e+00
2.160000000000000000e+02 2.789680800559538199e+01 1.000000000000000000e+00 0.000000000000000000e+00
2.170000000000000000e+02 2.885513075110419479e+01 1.000000000000000000e+00 0.000000000000000000e+00
2.180000000000000000e+02 3.000150552049381503e+01 0.000000000000000000e+00 0.000000000000000000e+00
2.190000000000000000e+02 2.782219601537895315e+01 2.000000000000000000e+00 0.000000000000000000e+00
2.200000000000000000e+02 2.863092851645400216e+01 2.000000000000000000e+00 0.000000000000000000e+00
2.210000000000000000e+02 2.976096359395736712e+01 0.000000000000000000e+00 0.000000000000000000e+00
2.220000000000000000e+02 2.915414497720437481e+01 1.000000000000000000e+00 0.000000000000000000e+00
2.230000000000000000e+02 2.895571626606156102e+01 1.000000000000000000e+00 0.000000000000000000e+00
2.240000000000000000e+02 2.827334432944347853e+01 1.000000000000000000e+00 0.000000000000000000e+00
2.250000000000000000e+02 2.939063537117441172e+01 2.000000000000000000e+00 0.000000000000000000e+00
2.260000000000000000e+02 2.821696414279852050e+01 2.000000000000000000e+00 0.000000000000000000e+00
2.270000000000000000e+02 2.745694047597146081e+01 1.000000000000000000e+00 0.000000000000000000e+00
2.280000000000000000e+02 2.615461780517168577e+01 1.000000000000000000e+00 0.000000000000000000e+00
2.290000000000000000e+02 2.726191318970815303e+01 1.000000000000000000e+00 0.000000000000000000e+00
2.300000000000000000e+02 2.694447131765132752e+01 0.000000000000000000e+00 0.000000000000000000e+00
2.310000000000000000e+02 2.776108359602339704e+01 2.000000000000000000e+00 0.000000000000000000e+00
2.320000000000000000e+02 2.862816068686017346e+01 0.000000000000000000e+00 0.000000000000000000e+00
2.330000000000000000e+02 2.717053640275948823e+01 2.000000000000000000e+00 0.000000000000000000e+00
2.340000000000000000e+02 2.630953825734829010e+01 2.000000000000000000e+00 0.000000000000000000e+00
2.350000000000000000e+02 2.631902953527828970e+01 0.000000000000000000e+00 0.000000000000000000e+00
2.360000000000000000e+02 2.566165604645274811e+01 2.000000000000000000e+00 0.000000000000000000e+00
2.370000000000000000e+02 2.632588520430901013e+01 2.000000000000000000e+00 0.000000000000000000e+00
2.380000000000000000e+02 2.641856555559564157e+01 0.000000000000000000e+00 0.000000000000000000e+00
2.390000000000000000e+02 2.317658594240062797e+01 2.000000000000000000e+00 0.000000000000000000e+00
2.400000000000000000e+02 2.714423861200317845e+01 0.000000000000000000e+00 0.000000000000000000e+00
2.410000000000000000e+02 2.536319152315564907e+01 1.000000000000000000e+00 0.000000000000000000e+00
2.420000000000000000e+02 2.573573572399284615e+01 2.000000000000000000e+00 0.000000000000000000e+00
2.430000000000000000e+02 2.522947592727672017e+01 0.000000000000000000e+00 0.000000000000000000e+00
2.440000000000000000e+02 2.534699089608330524e+01 0.000000000000000000e+00 0.000000000000000000e+00
2.450000000000000000e+02 2.821070930530001064e+01 0.000000000000000000e+00 0.000000000000000000e+00
2.460000000000000000e+02 2.662245505673976353e+01 2.000000000000000000e+00 0.000000000000000000e+00
2.470000000000000000e+02 2.621071780141831908e+01 1.000000000000000000e+00 0.000000000000000000e+00
2.480000000000000000e+02 2.639322475493889897e+01 1.000000000000000000e+00 0.000000000000000000e+00
2.490000000000000000e+02 2.741348165191447350e+01 2.000000000000000000e+00 0.000000000000000000e+00
2.500000000000000000e+02 2.772000230963578105e+01 0.000000000000000000e+00 0.000000000000000000e+00
2.510000000000000000e+02 2.798189553951850783e+01 0.000000000000000000e+00 0.000000000000000000e+00
2.520000000000000000e+02 2.753752163880947634e+01 1.000000000000000000e+00 0.000000000000000000e+00
2.530000000000000000e+02 2.853750120024750458e+01 0.000000000000000000e+00 0.000000000000000000e+00
2.540000000000000000e+02 2.917345159511306818e+01 0.000000000000000000e+00 0.000000000000000000e+00
2.550000000000000000e+02 3.176367243715520772e+01 0.000000000000000000e+00 0.000000000000000000e+00
2.560000000000000000e+02 3.238645297483942187e+01 1.000000000000000000e+00 0.000000000000000000e+00
2.570000000000000000e+02 3.330006926705671333e+01 0.000000000000000000e+00 0.000000000000000000e+00
2.580000000000000000e+02 3.218191100037491026e+01 1.000000000000000000e+00 0.000000000000000000e+00
2.590000000000000000e+02 3.223283182959985993e+01 1.000000000000000000e+00 0.000000000000000000e+00
2.600000000000000000e+02 3.250193806478797143e+01 0.000000000000000000e+00 0.000000000000000000e+00
2.610000000000000000e+02 3.381417783181071002e+01 1.000000000000000000e+00 0.000000000000000000e+00
2.620000000000000000e+02 3.130180293134116098e+01 1.000000000000000000e+00 0.000000000000000000e+00
2.630000000000000000e+02 3.216356022750836274e+01 1.000000000000000000e+00 0.000000000000000000e+00
2.640000000000000000e+02 3.449972502179895884e+01 0.000000000000000000e+00 0.000000000000000000e+00
2.650000000000000000e+02 3.485318047934372743e+01 0.000000000000000000e+00 0.000000000000000000e+00
2.660000000000000000e+02 3.513779609630780953e+01 1.000000000000000000e+00 0.000000000000000000e+00
2.670000000000000000e+02 3.616809009966283384e+01 0.000000000000000000e+00 0.000000000000000000e+00
2.680000000000000000e+02 3.841730333412120757e+01 0.000000000000000000e+00 0.000000000000000000e+00
2.690000000000000000e+02 3.931501400988925354e+01 0.000000000000000000e+00 0.000000000000000000e+00
2.700000000000000000e+02 3.795647995311658462e+01 1.000000000000000000e+00 0.000000000000000000e+00
2.710000000000000000e+02 3.663168190628245213e+01 2.000000000000000000e+00 0.000000000000000000e+00
2.720000000000000000e+02 3.705707707932487693e+01 0.000000000000000000e+00 0.000000000000000000e+00
2.730000000000000000e+02 3.915883493854357056e+01 0.000000000000000000e+00 0.000000000000000000e+00
2.740000000000000000e+02 3.775569969200640230e+01 2.000000000000000000e+00 0.000000000000000000e+00
2.750000000000000000e+02 3.936911630404592444e+01 0.000000000000000000e+00 0.000000000000000000e+00
2.760000000000000000e+02 3.774190521783243923e+01 2.000000000000000000e+00 0.000000000000000000e+00
2.770000000000000000e+02 3.999299553527531970e+01 0.000000000000000000e+00 0.000000000000000000e+00
2.780000000000000000e+02 3.921168776691948921e+01 0.000000000000000000e+00 0.000000000000000000e+00
2.790000000000000000e+02 3.864479146560714184e+01 2.000000000000000000e+00 0.000000000000000000e+00
2.800000000000000000e+02 3.850566898927012716e+01 1.000000000000000000e+00 0.000000000000000000e+00
2.810000000000000000e+02 3.916179354735228202e+01 1.000000000000000000e+00 0.000000000000000000e+00
2.820000000000000000e+02 4.074778330673010629e+01 1.000000000000000000e+00 0.000000000000000000e+00
2.830000000000000000e+02 3.767511915471372674e+01 1.000000000000000000e+00 0.000000000000000000e+00
2.840000000000000000e+02 3.940618790240073110e+01 0.000000000000000000e+00 0.000000000000000000e+00
2.850000000000000000e+02 4.009838612811438452e+01 1.000000000000000000e+00 0.000000000000000000e+00
2.860000000000000000e+02 3.941056333255397703e+01 2.000000000000000000e+00 0.000000000000000000e+00
2.870000000000000000e+02 4.029360961808416874e+01 0.000000000000000000e+00 0.000000000000000000e+00
2.880000000000000000e+02 3.924144308346994592e+01 1.000000000000000000e+00 0.000000000000000000e+00
2.890000000000000000e+02 3.963890217759406909e+01 1.000000000000000000e+00 0.000000000000000000e+00
2.900000000000000000e+02 4.232021905917254401e+01 0.000000000000000000e+00 0.000000000000000000e+00
2.910000000000000000e+02 4.033323607738083894e+01 2.000000000000000000e+00 0.000000000000000000e+00
2.920000000000000000e+02 3.934338285685419123e+01 2.000000000000000000e+00 0.000000000000000000e+00
2.930000000000000000e+02 4.159876071984310641e+01 0.000000000000000000e+00 0.000000000000000000e+00
2.940000000000000000e+02 4.255106109486028743e+01 0.000000000000000000e+00 0.000000000000000000e+00
2.950000000000000000e+02 3.936187227358101381e+01 2.000000000000000000e+00 0.000000000000000000e+00
2.960000000000000000e+02 4.168945154655035878e+01 0.000000000000000000e+00 0.000000000000000000e+00
2.970000000000000000e+02 3.993997834892179100e+01 1.000000000000000000e+00 0.000000000000000000e+00
2.980000000000000000e+02 4.149414793687402891e+01 0.000000000000000000e+00 0.000000000000000000e+00
2.990000000000000000e+02 4.007216720552167999e+01 1.000000000000000000e+00 0.000000000000000000e+00
3.000000000000000000e+02 4.068888460694666520e+01 1.000000000000000000e+00 0.000000000000000000e+00
3.010000000000000000e+02 4.294264477361555521e+01 0.000000000000000000e+00 0.000000000000000000e+00
3.020000000000000000e+02 4.210322059935433714e+01 1.000000000000000000e+00 0.000000000000000000e+00
3.030000000000000000e+02 4.448974337543843660e+01 1.000000000000000000e+00 0.000000000000000000e+00
3.040000000000000000e+02 4.297340567555065149e+01 1.000000000000000000e+00 0.000000000000000000e+00
3.050000000000000000e+02 4.436899714647962156e+01 0.000000000000000000e+00 0.000000000000000000e+00
3.060000000000000000e+02 4.452839052786823260e+01 0.000000000000000000e+00 0.000000000000000000e+00
3.070000000000000000e+02 4.318110913201596190e+01 2.000000000000000000e+00 0.000000000000000000e+00
3.080000000000000000e+02 4.505807232966810005e+01 1.000000000000000000e+00 0.000000000000000000e+00
3.090000000000000000e+02 4.426482262474260665e+01 1.000000000000000000e+00 0.000000000000000000e+00
3.100000000000000000e+02 4.654926777067257859e+01 0.000000000000000000e+00 0.000000000000000000e+00
3.110000000000000000e+02 4.733562705392515824e+01 0.000000000000000000e+00 0.000000000000000000e+00
3.120000000000000000e+02 4.555757124405321434e+01 2.000000000000000000e+00 0.000000000000000000e+00
3.130000000000000000e+02 4.518496467242480463e+01 0.000000000000000000e+00 0.000000000000000000e+00
3.140000000000000000e+02 4.419952021645325857e+01 2.000000000000000000e+00 0.000000000000000000e+00
3.150000000000000000e+02 4.553947321592055175e+01 1.000000000000000000e+00 0.000000000000000000e+00
3.160000000000000000e+02 4.376335273646866852e+01 2.000000000000000000e+00 0.000000000000000000e+00
3.170000000000000000e+02 4.458859466150772732e+01 0.000000000000000000e+00 0.000000000000000000e+00
3.180000000000000000e+02 4.504509674426667232e+01 1.000000000000000000e+00 0.000000000000000000e+00
3.190000000000000000e+02 4.276736386233337583e+01 2.000000000000000000e+00 0.000000000000000000e+00
3.200000000000000000e+02 4.506481224289465359e+01 1.000000000000000000e+00 0.000000000000000000e+00
3.210000000000000000e+02 4.533872276480445151e+01 0.000000000000000000e+00 0.000000000000000000e+00
3.220000000000000000e+02 4.551859311528362184e+01 0.000000000000000000e+00 0.000000000000000000e+00
3.230000000000000000e+02 4.610806858286465371e+01 1.000000000000000000e+00 0.000000000000000000e+00
3.240000000000000000e+02 4.533338047432356888e+01 2.000000000000000000e+00 0.000000000000000000e+00
3.250000000000000000e+02 4.563538174878384979e+01 1.000000000000000000e+00 0.000000000000000000e+00
3.260000000000000000e+02 4.459758053535441036e+01 1.000000000000000000e+00 0.000000000000000000e+00
3.270000000000000000e+02 4.494788668024468592e+01 1.000000000000000000e+00 0.000000000000000000e+00
3.280000000000000000e+02 4.287695030903291382e+01 2.000000000000000000e+00 0.000000000000000000e+00
3.290000000000000000e+02 4.515007997198340917e+01 0.000000000000000000e+00 0.000000000000000000e+00
3.300000000000000000e+02 4.605625594872383033e+01 0.000000000000000000e+00 0.000000000000000000e+00
3.310000000000000000e+02 4.497562354798765227e+01 2.000000000000000000e+00 0.000000000000000000e+00
3.320000000000000000e+02 4.453137544051384822e+01 1.000000000000000000e+00 0.000000000000000000e+00
3.330000000000000000e+02 4.567180708558318258e+01 0.000000000000000000e+00 0.000000000000000000e+00
3.340000000000000000e+02 4.621904047760653356e+01 2.000000000000000000e+00 0.000000000000000000e+00
3.350000000000000000e+02 4.586315775949663731e+01 1.000000000000000000e+00 0.000000000000000000e+00
3.360000000000000000e+02 4.542624499754754197e+01 1.000000000000000000e+00 0.000000000000000000e+00
3.370000000000000000e+02 4.311982327372379586e+01 1.000000000000000000e+00 0.000000000000000000e+00
3.380000000000000000e+02 4.615574095288199885e+01 0.000000000000000000e+00 0.000000000000000000e+00
3.390000000000000000e+02 4.729870775326118348e+01 0.000000000000000000e+00 0.000000000000000000e+00
3.400000000000000000e+02 4.690676012134124306e+01 0.000000000000000000e+00 0.000000000000000000e+00
3.410000000000000000e+02 4.771332283358585613e+01 1.000000000000000000e+00 0.000000000000000000e+00
3.420000000000000000e+02 4.727458817324158247e+01 1.000000000000000000e+00 0.000000000000000000e+00
3.430000000000000000e+02 4.814866399423850396e+01 1.000000000000000000e+00 0.000000000000000000e+00
3.440000000000000000e+02 4.906869422910885703e+01 0.000000000000000000e+00 0.000000000000000000e+00
3.450000000000000000e+02 4.868871490591887152e+01 2.000000000000000000e+00 0.000000000000000000e+00
3.460000000000000000e+02 4.745743885196704070e+01 2.000000000000000000e+00 0.000000000000000000e+00
3.470000000000000000e+02 4.833907965022169861e+01 1.000000000000000000e+00 0.000000000000000000e+00
3.480000000000000000e+02 4.777707818046500421e+01 1.000000000000000000e+00 0.000000000000000000e+00
3.490000000000000000e+02 4.900695168071882790e+01 0.000000000000000000e+00 0.000000000000000000e+00
3.500000000000000000e+02 4.653184005352058961e+01 2.000000000000000000e+00 0.000000000000000000e+00
3.510000000000000000e+02 4.770351559969009259e+01 0.000000000000000000e+00 0.000000000000000000e+00
3.520000000000000000e+02 4.704444430962437451e+01 1.000000000000000000e+00 0.000000000000000000e+00
3.530000000000000000e+02 4.694560880440629802e+01 0.000000000000000000e+00 0.000000000000000000e+00
3.540000000000000000e+02 4.788500786260470221e+01 2.000000000000000000e+00 0.000000000000000000e+00
3.550000000000000000e+02 4.981543916646962344e+01 0.000000000000000000e+00 0.000000000000000000e+00
3.560000000000000000e+02 5.055500027675200414e+01 0.000000000000000000e+00 0.000000000000000000e+00
3.570000000000000000e+02 4.845326005398415248e+01 1.000000000000000000e+00 0.000000000000000000e+00
3.580000000000000000e+02 4.897672834514582973e+01 1.000000000000000000e+00 0.000000000000000000e+00
3.590000000000000000e+02 4.991655807546044343e+01 0.000000000000000000e+00 0.000000000000000000e+00
3.600000000000000000e+02 4.990905096296879151e+01 1.000000000000000000e+00 0.000000000000000000e+00
3.610000000000000000e+02 5.217070845269670798e+01 1.000000000000000000e+00 0.000000000000000000e+00
3.620000000000000000e+02 5.232295419049496132e+01 0.000000000000000000e+00 0.000000000000000000e+00
3.630000000000000000e+02 5.123407888553080625e+01 1.000000000000000000e+00 0.000000000000000000e+00
3.640000000000000000e+02 5.443250795002376918e+01 0.000000000000000000e+00 0.000000000000000000e+00
3.650000000000000000e+02 5.436750830408103496e+01 0.000000000000000000e+00 0.000000000000000000e+00
3.660000000000000000e+02 5.424917007922502421e+01 1.000000000000000000e+00 0.000000000000000000e+00
3.670000000000000000e+02 5.460967996944974345e+01 1.000000000000000000e+00 0.000000000000000000e+00
3.680000000000000000e+02 5.416024174657492551e+01 0.000000000000000000e+00 0.000000000000000000e+00
3.690000000000000000e+02 5.510605489312975180e+01 0.000000000000000000e+00 0.000000000000000000e+00
3.700000000000000000e+02 5.582304627181382983e+01 1.000000000000000000e+00 0.000000000000000000e+00
3.710000000000000000e+02 5.823389529072697712e+01 0.000000000000000000e+00 0.000000000000000000e+00
3.720000000000000000e+02 5.690959782980406345e+01 0.000000000000000000e+00 0.000000000000000000e+00
3.730000000000000000e+02 5.777906993418739745e+01 2.000000000000000000e+00 0.000000000000000000e+00
3.740000000000000000e+02 5.781885822434551869e+01 0.000000000000000000e+00 0.000000000000000000e+00
3.750000000000000000e+02 5.731278068944397575e+01 1.000000000000000000e+00 0.000000000000000000e+00
3.760000000000000000e+02 5.857499729701109459e+01 1.000000000000000000e+00 0.000000000000000000e+00
3.770000000000000000e+02 5.726548410150679302e+01 2.000000000000000000e+00 0.000000000000000000e+00
3.780000000000000000e+02 5.603609202677259304e+01 1.000000000000000000e+00 0.000000000000000000e+00
3.790000000000000000e+02 5.694844559487314228e+01 0.000000000000000000e+00 0.000000000000000000e+00
3.800000000000000000e+02 5.718199268840583471e+01 1.000000000000000000e+00 0.000000000000000000e+00
3.810000000000000000e+02 5.753004179303835741e+01 1.000000000000000000e+00 0.000000000000000000e+00
3.820000000000000000e+02 5.717359775440611713e+01 2.000000000000000000e+00 0.000000000000000000e+00
3.830000000000000000e+02 5.834838328792240247e+01 0.000000000000000000e+00 0.000000000000000000e+00
3.840000000000000000e+02 5.756186358783158852e+01 2.000000000000000000e+00 0.000000000000000000e+00
3.850000000000000000e+02 5.543268877179688303e+01 2.000000000000000000e+00 0.000000000000000000e+00
3.860000000000000000e+02 5.643539289042478657e+01 2.000000000000000000e+00 0.000000000000000000e+00
3.870000000000000000e+02 5.659203875236385528e+01 0.000000000000000000e+00 0.000000000000000000e+00
3.880000000000000000e+02 5.520995641614205596e+01 2.000000000000000000e+00 0.000000000000000000e+00
3.890000000000000000e+02 5.712466735299173592e+01 0.000000000000000000e+00 0.000000000000000000e+00
3.900000000000000000e+02 5.802193799132776775e+01 0.000000000000000000e+00 0.000000000000000000e+00
3.910000000000000000e+02 5.838506623232036219e+01 0.000000000000000000e+00 0.000000000000000000e+00
3.920000000000000000e+02 5.830457765258199743e+01 0.000000000000000000e+00 0.000000000000000000e+00
3.930000000000000000e+02 5.743258004205457468e+01 2.000000000000000000e+00 0.000000000000000000e+00
3.940000000000000000e+02 5.900690294449572804e+01 1.000000000000000000e+00 0.000000000000000000e+00
3.950000000000000000e+02 5.708332239695859300e+01 2.000000000000000000e+00 0.000000000000000000e+00
3.960000000000000000e+02 5.940251057909769372e+01 0.000000000000000000e+00 0.000000000000000000e+00
3.970000000000000000e+02 5.874487570920889112e+01 1.000000000000000000e+00 0.000000000000000000e+00
3.980000000000000000e+02 5.760976893933259646e+01 1.000000000000000000e+00 0.000000000000000000e+00
3.990000000000000000e+02 5.781746382117675154e+01 1.000000000000000000e+00 0.000000000000000000e+00
4.000000000000000000e+02 5.668558616860038057e+01 2.000000000000000000e+00 0.000000000000000000e+00
4.010000000000000000e+02 5.694496411580282569e+01 1.000000000000000000e+00 0.000000000000000000e+00
4.020000000000000000e+02 5.846342108232002488e+01 0.000000000000000000e+00 0.000000000000000000e+00
4.030000000000000000e+02 5.843990624362330522e+01 0.000000000000000000e+00 0.000000000000000000e+00
4.040000000000000000e+02 5.797337192137103301e+01 2.000000000000000000e+00 0.000000000000000000e+00
4.050000000000000000e+02 5.867939332075739145e+01 0.000000000000000000e+00 0.000000000000000000e+00
4.060000000000000000e+02 5.905651784406617111e+01 1.000000000000000000e+00 0.000000000000000000e+00
4.070000000000000000e+02 5.782101190974532301e+01 0.000000000000000000e+00 0.000000000000000000e+00
4.080000000000000000e+02 5.858756856585297612e+01 1.000000000000000000e+00 0.000000000000000000e+00
4.090000000000000000e+02 6.043367307794390086e+01 2.000000000000000000e+00 0.000000000000000000e+00
4.100000000000000000e+02 6.084415481982759388e+01 1.000000000000000000e+00 0.000000000000000000e+00
4.110000000000000000e+02 5.985408858878606253e+01 0.000000000000000000e+00 0.000000000000000000e+00
4.120000000000000000e+02 6.161629397996754420e+01 1.000000000000000000e+00 0.000000000000000000e+00
4.130000000000000000e+02 6.071315708028040348e+01 0.000000000000000000e+00 0.000000000000000000e+00
4.140000000000000000e+02 6.111717959355154051e+01 1.000000000000000000e+00 0.000000000000000000e+00
4.150000000000000000e+02 6.147669241954940844e+01 1.000000000000000000e+00 0.000000000000000000e+00
4.160000000000000000e+02 6.274566614916547991e+01 0.000000000000000000e+00 0.000000000000000000e+00
4.170000000000000000e+02 6.288821006462116259e+01 1.000000000000000000e+00 0.000000000000000000e+00
4.180000000000000000e+02 6.307086313182164616e+01 0.000000000000000000e+00 0.000000000000000000e+00
4.190000000000000000e+02 6.284214362074415305e+01 1.000000000000000000e+00 0.000000000000000000e+00
4.200000000000000000e+02 6.281142216591869243e+01 1.000000000000000000e+00 0.000000000000000000e+00
4.210000000000000000e+02 6.322030497049705389e+01 0.000000000000000000e+00 0.000000000000000000e+00
4.220000000000000000e+02 6.404212271034882065e+01 1.000000000000000000e+00 0.000000000000000000e+00
4.230000000000000000e+02 6.497445348947987043e+01 0.000000000000000000e+00 0.000000000000000000e+00
4.240000000000000000e+02 6.465747145492132120e+01 1.000000000000000000e+00 0.000000000000000000e+00
4.250000000000000000e+02 6.554957974126905640e+01 0.000000000000000000e+00 0.000000000000000000e+00
4.260000000000000000e+02 6.749646838700270735e+01 0.000000000000000000e+00 0.000000000000000000e+00
4.270000000000000000e+02 6.721140099046245098e+01 1.000000000000000000e+00 0.000000000000000000e+00
4.280000000000000000e+02 6.586694013039316076e+01 1.000000000000000000e+00 0.000000000000000000e+00
4.290000000000000000e+02 6.781578719674108413e+01 0.000000000000000000e+00 0.000000000000000000e+00
4.300000000000000000e+02 6.657097605162033460e+01 2.000000000000000000e+00 0.000000000000000000e+00
4.310000000000000000e+02 6.748038004003433343e+01 0.000000000000000000e+00 0.000000000000000000e+00
4.320000000000000000e+02 6.738952755243514048e+01 1.000000000000000000e+00 0.000000000000000000e+00
4.330000000000000000e+02 6.919277219248598954e+01 0.000000000000000000e+00 0.000000000000000000e+00
4.340000000000000000e+02 6.953208696293947355e+01 1.000000000000000000e+00 0.000000000000000000e+00
4.350000000000000000e+02 6.939181546397156808e+01 0.000000000000000000e+00 0.000000000000000000e+00
4.360000000000000000e+02 6.963840523975078156e+01 0.000000000000000000e+00 0.000000000000000000e+00
4.370000000000000000e+02 7.255558754240480823e+01 1.000000000000000000e+00 0.000000000000000000e+00
4.380000000000000000e+02 7.232119370436073780e+01 1.000000000000000000e+00 0.000000000000000000e+00
4.390000000000000000e+02 7.186606760975772090e+01 1.000000000000000000e+00 0.000000000000000000e+00
4.400000000000000000e+02 7.267491843932303652e+01 0.000000000000000000e+00 0.000000000000000000e+00
4.410000000000000000e+02 7.191977304688668937e+01 1.000000000000000000e+00 0.000000000000000000e+00
4.420000000000000000e+02 7.300493182743061027e+01 0.000000000000000000e+00 0.000000000000000000e+00
4.430000000000000000e+02 7.435373393760417571e+01 1.000000000000000000e+00 0.000000000000000000e+00
4.440000000000000000e+02 7.246956783027857796e+01 2.000000000000000000e+00 0.000000000000000000e+00
4.450000000000000000e+02 7.275840299021224666e+01 0.000000000000000000e+00 0.000000000000000000e+00
4.460000000000000000e+02 7.328651035625931343e+01 2.000000000000000000e+00 0.000000000000000000e+00
4.470000000000000000e+02 7.350586626014337810e+01 0.000000000000000000e+00 0.000000000000000000e+00
4.480000000000000000e+02 7.153354127434364784e+01 1.000000000000000000e+00 0.000000000000000000e+00
4.490000000000000000e+02 7.350769128346992431e+01 1.000000000000000000e+00 0.000000000000000000e+00
4.500000000000000000e+02 7.429070614490507296e+01 0.000000000000000000e+00 0.000000000000000000e+00
4.510000000000000000e+02 7.470043378818542124e+01 0.000000000000000000e+00 0.000000000000000000e+00
4.520000000000000000e+02 7.470192500095252797e+01 0.000000000000000000e+00 0.000000000000000000e+00
4.530000000000000000e+02 7.653961942173557986e+01 0.000000000000000000e+00 0.000000000000000000e+00
4.540000000000000000e+02 7.473826584715999388e+01 2.000000000000000000e+00 0.000000000000000000e+00
4.550000000000000000e+02 7.833417989043195462e+01 0.000000000000000000e+00 0.000000000000000000e+00
4.560000000000000000e+02 7.789330191420759775e+01 1.000000000000000000e+00 0.000000000000000000e+00
4.570000000000000000e+02 7.853924081950653147e+01 0.000000000000000000e+00 0.000000000000000000e+00
4.580000000000000000e+02 7.820552567021626089e+01 1.000000000000000000e+00 0.000000000000000000e+00
4.590000000000000000e+02 7.737818535619314275e+01 0.000000000000000000e+00 0.000000000000000000e+00
4.600000000000000000e+02 7.891334102668326977e+01 2.000000000000000000e+00 0.000000000000000000e+00
4.610000000000000000e+02 7.887707581287887137e+01 0.000000000000000000e+00 0.000000000000000000e+00
4.620000000000000000e+02 7.925428171232456975e+01 1.000000000000000000e+00 0.000000000000000000e+00
4.630000000000000000e+02 7.948378447062289354e+01 0.000000000000000000e+00 0.000000000000000000e+00
4.640000000000000000e+02 8.049334853895631170e+01 1.000000000000000000e+00 0.000000000000000000e+00
4.650000000000000000e+02 8.148493996411268370e+01 0.000000000000000000e+00 0.000000000000000000e+00
4.660000000000000000e+02 8.020069820628651769e+01 1.000000000000000000e+00 0.000000000000000000e+00
4.670000000000000000e+02 8.128697295562939473e+01 1.000000000000000000e+00 0.000000000000000000e+00
4.680000000000000000e+02 8.055609347731532921e+01 2.000000000000000000e+00 0.000000000000000000e+00
4.690000000000000000e+02 8.022294339703242372e+01 0.000000000000000000e+00 0.000000000000000000e+00
4.700000000000000000e+02 8.341958746982778905e+01 0.000000000000000000e+00 0.000000000000000000e+00
4.710000000000000000e+02 8.215834456788037699e+01 1.000000000000000000e+00 0.000000000000000000e+00
4.720000000000000000e+02 8.225146732851111153e+01 0.000000000000000000e+00 0.000000000000000000e+00
4.730000000000000000e+02 8.355331954143233020e+01 1.000000000000000000e+00 0.000000000000000000e+00
4.740000000000000000e+02 8.532739584933115395e+01 0.000000000000000000e+00 0.000000000000000000e+00
4.750000000000000000e+02 8.326738248685207111e+01 1.000000000000000000e+00 0.000000000000000000e+00
4.760000000000000000e+02 8.406669310417571239e+01 1.000000000000000000e+00 0.000000000000000000e+00
4.770000000000000000e+02 8.650786173077892727e+01 0.000000000000000000e+00 0.000000000000000000e+00
4.780000000000000000e+02 8.383457464953477256e+01 2.000000000000000000e+00 0.000000000000000000e+00
4.790000000000000000e+02 8.505377769955875067e+01 0.000000000000000000e+00 0.000000000000000000e+00
4.800000000000000000e+02 8.443402039074553045e+01 2.000000000000000000e+00 0.000000000000000000e+00
4.810000000000000000e+02 8.439446259999152744e+01 0.000000000000000000e+00 0.000000000000000000e+00
4.820000000000000000e+02 8.330274742390021459e+01 2.000000000000000000e+00 0.000000000000000000e+00
4.830000000000000000e+02 8.438773665305254212e+01 0.000000000000000000e+00 0.000000000000000000e+00
4.840000000000000000e+02 8.466418510896249927e+01 1.000000000000000000e+00 0.000000000000000000e+00
4.850000000000000000e+02 8.497631362213094519e+01 1.000000000000000000e+00 0.000000000000000000e+00
4.860000000000000000e+02 8.509969648978544399e+01 1.000000000000000000e+00 0.000000000000000000e+00
4.870000000000000000e+02 8.722677001881392300e+01 0.000000000000000000e+00 0.000000000000000000e+00
4.880000000000000000e+02 8.667216924592494820e+01 1.000000000000000000e+00 0.000000000000000000e+00
4.890000000000000000e+02 8.545659570872861366e+01 1.000000000000000000e+00 0.000000000000000000e+00
4.900000000000000000e+02 8.450839311883484584e+01 1.000000000000000000e+00 0.000000000000000000e+00
4.910000000000000000e+02 8.634304014084398204e+01 0.000000000000000000e+00 0.000000000000000000e+00
4.920000000000000000e+02 8.727681991233987446e+01 1.000000000000000000e+00 0.000000000000000000e+00
4.930000000000000000e+02 8.854077953395150757e+01 0.000000000000000000e+00 0.000000000000000000e+00
4.940000000000000000e+02 8.655260025772511767e+01 2.000000000000000000e+00 0.000000000000000000e+00
4.950000000000000000e+02 8.716531872639484391e+01 0.000000000000000000e+00 0.000000000000000000e+00
4.960000000000000000e+02 8.876053737882875794e+01 1.000000000000000000e+00 0.000000000000000000e+00
4.970000000000000000e+02 8.842379070541232977e+01 2.000000000000000000e+00 0.000000000000000000e+00
4.980000000000000000e+02 8.675246610028077043e+01 0.000000000000000000e+00 0.000000000000000000e+00
4.990000000000000000e+02 8.785627404546886510e+01 1.000000000000000000e+00 0.000000000000000000e+00
5.000000000000000000e+02 8.920627430176827488e+01 0.000000000000000000e+00 0.000000000000000000e+00
5.010000000000000000e+02 8.687302080303828689e+01 1.000000000000000000e+00 0.000000000000000000e+00
5.020000000000000000e+02 8.891190346627963947e+01 1.000000000000000000e+00 0.000000000000000000e+00
5.030000000000000000e+02 8.890923832266591376e+01 2.000000000000000000e+00 0.000000000000000000e+00
5.040000000000000000e+02 8.819957012466969104e+01 0.000000000000000000e+00 0.000000000000000000e+00
5.050000000000000000e+02 8.750482872356271002e+01 2.000000000000000000e+00 0.000000000000000000e+00
5.060000000000000000e+02 8.925576825879605281e+01 0.000000000000000000e+00 0.000000000000000000e+00
5.070000000000000000e+02 9.000613900034024084e+01 0.000000000000000000e+00 0.000000000000000000e+00
5.080000000000000000e+02 9.104347989625838977e+01 1.000000000000000000e+00 0.000000000000000000e+00
5.090000000000000000e+02 8.967805266172774736e+01 0.000000000000000000e+00 0.000000000000000000e+00
5.100000000000000000e+02 9.187174568121858442e+01 1.000000000000000000e+00 0.000000000000000000e+00
5.110000000000000000e+02 9.115863375183889161e+01 1.000000000000000000e+00 0.000000000000000000e+00
5.120000000000000000e+02 9.150988928240253983e+01 1.000000000000000000e+00 0.000000000000000000e+00
5.130000000000000000e+02 9.235967438534419216e+01 0.000000000000000000e+00 0.000000000000000000e+00
5.140000000000000000e+02 9.077816504100646000e+01 2.000000000000000000e+00 0.000000000000000000e+00
5.150000000000000000e+02 9.011650480142355946e+01 2.000000000000000000e+00 0.000000000000000000e+00
5.160000000000000000e+02 9.105505555074697099e+01 1.000000000000000000e+00 0.000000000000000000e+00
5.170000000000000000e+02 9.086766720953761478e+01 0.000000000000000000e+00 0.000000000000000000e+00
5.180000000000000000e+02 8.998344076405639669e+01 1.000000000000000000e+00 0.000000000000000000e+00
5.190000000000000000e+02 9.136655096331334391e+01 0.000000000000000000e+00 0.000000000000000000e+00
5.200000000000000000e+02 9.241929230613646951e+01 0.000000000000000000e+00 0.000000000000000000e+00
5.210000000000000000e+02 9.312536368953672650e+01 0.000000000000000000e+00 0.000000000000000000e+00
5.220000000000000000e+02 9.439828125724542929e+01 1.000000000000000000e+00 0.000000000000000000e+00
5.230000000000000000e+02 9.279072491880961593e+01 2.000000000000000000e+00 0.000000000000000000e+00
5.240000000000000000e+02 9.246234612097848071e+01 0.000000000000000000e+00 0.000000000000000000e+00
5.250000000000000000e+02 9.129603966081535305e+01 2.000000000000000000e+00 0.000000000000000000e+00
5.260000000000000000e+02 9.153862773273010589e+01 2.000000000000000000e+00 0.000000000000000000e+00
5.270000000000000000e+02 9.272929683382388077e+01 0.000000000000000000e+00 0.000000000000000000e+00
5.280000000000000000e+02 9.273986514131051706e+01 2.000000000000000000e+00 0.000000000000000000e+00
5.290000000000000000e+02 9.250117002253266207e+01 1.000000000000000000e+00 0.000000000000000000e+00
5.300000000000000000e+02 9.261643497288591220e+01 0.000000000000000000e+00 0.000000000000000000e+00
5.310000000000000000e+02 9.496077976903883666e+01 0.000000000000000000e+00 0.000000000000000000e+00
5.320000000000000000e+02 9.454212848353292031e+01 1.000000000000000000e+00 0.000000000000000000e+00
5.330000000000000000e+02 9.437185863871880542e+01 0.000000000000000000e+00 0.000000000000000000e+00
5.340000000000000000e+02 9.507906686667638496e+01 0.000000000000000000e+00 0.000000000000000000e+00
5.350000000000000000e+02 9.556387005590509887e+01 1.000000000000000000e+00 0.000000000000000000e+00
5.360000000000000000e+02 9.512458883681162547e+01 2.000000000000000000e+00 0.000000000000000000e+00
5.370000000000000000e+02 9.581199296972009449e+01 2.000000000000000000e+00 0.000000000000000000e+00
5.380000000000000000e+02 9.334166695362105770e+01 1.000000000000000000e+00 0.000000000000000000e+00
5.390000000000000000e+02 9.469155512320872958e+01 0.000000000000000000e+00 0.000000000000000000e+00
5.400000000000000000e+02 9.472676285153846720e+01 0.000000000000000000e+00 0.000000000000000000e+00
5.410000000000000000e+02 9.751595595645353853e+01 0.000000000000000000e+00 0.000000000000000000e+00
5.420000000000000000e+02 9.678092307673836103e+01 0.000000000000000000e+00 0.000000000000000000e+00
5.430000000000000000e+02 9.884421808567637413e+01 0.000000000000000000e+00 0.000000000000000000e+00
5.440000000000000000e+02 9.950557701008041533e+01 0.000000000000000000e+00 0.000000000000000000e+00
5.450000000000000000e+02 1.011258615326066490e+02 0.000000000000000000e+00 0.000000000000000000e+00
5.460000000000000000e+02 1.004631865572448532e+02 2.000000000000000000e+00 0.000000000000000000e+00
5.470000000000000000e+02 1.008819975914966136e+02 0.000000000000000000e+00 0.000000000000000000e+00
5.480000000000000000e+02 1.027009958106927598e+02 0.000000000000000000e+00 0.000000000000000000e+00
5.490000000000000000e+02 1.007150839603208112e+02 1.000000000000000000e+00 0.000000000000000000e+00
5.500000000000000000e+02 1.010536242192281691e+02 2.000000000000000000e+00 0.000000000000000000e+00
5.510000000000000000e+02 1.006634882581129631e+02 2.000000000000000000e+00 0.000000000000000000e+00
5.520000000000000000e+02 1.009341414210453678e+02 1.000000000000000000e+00 0.000000000000000000e+00
5.530000000000000000e+02 9.922842240820779125e+01 1.000000000000000000e+00 0.000000000000000000e+00
5.540000000000000000e+02 9.930076961076728992e+01 2.000000000000000000e+00 0.000000000000000000e+00
5.550000000000000000e+02 9.897079405463244939e+01 0.000000000000000000e+00 0.000000000000000000e+00
5.560000000000000000e+02 9.858192758153448665e+01 2.000000000000000000e+00 0.000000000000000000e+00
5.570000000000000000e+02 1.004656712235869662e+02 0.000000000000000000e+00 0.000000000000000000e+00
5.580000000000000000e+02 9.920793189809995738e+01 2.000000000000000000e+00 0.000000000000000000e+00
5.590000000000000000e+02 9.897021321623670076e+01 1.000000000000000000e+00 0.000000000000000000e+00
5.600000000000000000e+02 9.969037949947782806e+01 0.000000000000000000e+00 0.000000000000000000e+00
5.610000000000000000e+02 9.894317530404298111e+01 1.000000000000000000e+00 0.000000000000000000e+00
5.620000000000000000e+02 1.008426433663077404e+02 0.000000000000000000e+00 0.000000000000000000e+00
5.630000000000000000e+02 1.000401039827013960e+02 0.000000000000000000e+00 0.000000000000000000e+00
5.640000000000000000e+02 9.934759029847199940e+01 2.000000000000000000e+00 0.000000000000000000e+00
5.650000000000000000e+02 1.004172792436024650e+02 2.000000000000000000e+00 0.000000000000000000e+00
5.660000000000000000e+02 9.952959196570685663e+01 2.000000000000000000e+00 0.000000000000000000e+00
5.670000000000000000e+02 1.004941308406328204e+02 0.000000000000000000e+00 0.000000000000000000e+00
5.680000000000000000e+02 9.829870464693149756e+01 2.000000000000000000e+00 0.000000000000000000e+00
5.690000000000000000e+02 9.983674947920805209e+01 0.000000000000000000e+00 0.000000000000000000e+00
5.700000000000000000e+02 1.007375996721179234e+02 1.000000000000000000e+00 0.000000000000000000e+00
5.710000000000000000e+02 9.819203659583536137e+01 1.000000000000000000e+00 0.000000000000000000e+00
5.720000000000000000e+02 9.962907424317774030e+01 2.000000000000000000e+00 0.000000000000000000e+00
5.730000000000000000e+02 1.002542942072424239e+02 0.000000000000000000e+00 0.000000000000000000e+00
5.740000000000000000e+02 1.005630592819645557e+02 1.000000000000000000e+00 0.000000000000000000e+00
5.750000000000000000e+02 1.003624996227944735e+02 1.000000000000000000e+00 0.000000000000000000e+00
5.760000000000000000e+02 1.004137840579715117e+02 1.000000000000000000e+00 0.000000000000000000e+00
5.770000000000000000e+02 1.014018142081248328e+02 0.000000000000000000e+00 0.000000000000000000e+00
5.780000000000000000e+02 9.961888906550954914e+01 2.000000000000000000e+00 0.000000000000000000e+00
5.790000000000000000e+02 1.015003146913023784e+02 0.000000000000000000e+00 0.000000000000000000e+00
5.800000000000000000e+02 1.019916706796623629e+02 1.000000000000000000e+00 0.000000000000000000e+00
5.810000000000000000e+02 1.027332879536703132e+02 0.000000000000000000e+00 0.000000000000000000e+00
5.820000000000000000e+02 1.023037011632975037e+02 1.000000000000000000e+00 0.000000000000000000e+00
5.830000000000000000e+02 1.037258486295269364e+02 1.000000000000000000e+00 0.000000000000000000e+00
5.840000000000000000e+02 1.025182216620834623e+02 0.000000000000000000e+00 0.000000000000000000e+00
5.850000000000000000e+02 1.038826587656569131e+02 1.000000000000000000e+00 0.000000000000000000e+00
5.860000000000000000e+02 1.032449850109553182e+02 1.000000000000000000e+00 0.000000000000000000e+00
5.870000000000000000e+02 1.039884965376483592e+02 1.000000000000000000e+00 0.000000000000000000e+00
5.880000000000000000e+02 1.022886312254131269e+02 1.000000000000000000e+00 0.000000000000000000e+00
5.890000000000000000e+02 1.023857584324353809e+02 2.000000000000000000e+00 0.000000000000000000e+00
5.900000000000000000e+02 1.019388232315158120e+02 0.000000000000000000e+00 0.000000000000000000e+00
5.910000000000000000e+02 1.048080004280218844e+02 0.000000000000000000e+00 0.000000000000000000e+00
5.920000000000000000e+02 1.026576679998379689e+02 2.000000000000000000e+00 0.000000000000000000e+00
5.930000000000000000e+02 1.043682444900823185e+02 0.000000000000000000e+00 0.000000000000000000e+00
5.940000000000000000e+02 1.029183041588667749e+02 0.000000000000000000e+00 0.000000000000000000e+00
5.950000000000000000e+02 1.047823348742388703e+02 1.000000000000000000e+00 0.000000000000000000e+00
5.960000000000000000e+02 1.065614157234063839e+02 0.000000000000000000e+00 0.000000000000000000e+00
5.970000000000000000e+02 1.036525898017496985e+02 2.000000000000000000e+00 0.000000000000000000e+00
5.980000000000000000e+02 1.056121151778266238e+02 0.000000000000000000e+00 0.000000000000000000e+00
5.990000000000000000e+02 1.078774007587801549e+02 0.000000000000000000e+00 0.000000000000000000e+00
6.000000000000000000e+02 1.064781800673650451e+02 1.000000000000000000e+00 0.000000000000000000e+00
6.010000000000000000e+02 1.071679718017059031e+02 0.000000000000000000e+00 0.000000000000000000e+00
6.020000000000000000e+02 1.074368859174958004e+02 2.000000000000000000e+00 0.000000000000000000e+00
6.030000000000000000e+02 1.064177661591006512e+02 2.000000000000000000e+00 0.000000000000000000e+00
6.040000000000000000e+02 1.052651429684345743e+02 0.000000000000000000e+00 0.000000000000000000e+00
6.050000000000000000e+02 1.085960584767524182e+02 0.000000000000000000e+00 0.000000000000000000e+00
6.060000000000000000e+02 1.076660041647586041e+02 1.000000000000000000e+00 0.000000000000000000e+00
6.070000000000000000e+02 1.086786916593211885e+02 1.000000000000000000e+00 0.000000000000000000e+00
6.080000000000000000e+02 1.074667103209653050e+02 1.000000000000000000e+00 0.000000000000000000e+00
6.090000000000000000e+02 1.054979123849629303e+02 2.000000000000000000e+00 0.000000000000000000e+00
6.100000000000000000e+02 1.085005585521365674e+02 0.000000000000000000e+00 0.000000000000000000e+00
6.110000000000000000e+02 1.057001821528447181e+02 2.000000000000000000e+00 0.000000000000000000e+00
6.120000000000000000e+02 1.089622061981258696e+02 0.000000000000000000e+00 0.000000000000000000e+00
6.130000000000000000e+02 1.094402175918074249e+02 0.000000000000000000e+00 0.000000000000000000e+00
6.140000000000000000e+02 1.074041073957270669e+02 2.000000000000000000e+00 0.000000000000000000e+00
6.150000000000000000e+02 1.064290281528178355e+02 2.000000000000000000e+00 0.000000000000000000e+00
6.160000000000000000e+02 1.075774237641153377e+02 0.000000000000000000e+00 0.000000000000000000e+00
6.170000000000000000e+02 1.066417299723994461e+02 2.000000000000000000e+00 0.000000000000000000e+00
6.180000000000000000e+02 1.076540090234860685e+02 1.000000000000000000e+00 0.000000000000000000e+00
6.190000000000000000e+02 1.079374362590855156e+02 0.000000000000000000e+00 0.000000000000000000e+00
6.200000000000000000e+02 1.068262774004032565e+02 1.000000000000000000e+00 0.000000000000000000e+00
6.210000000000000000e+02 1.076274683657829456e+02 1.000000000000000000e+00 0.000000000000000000e+00
6.220000000000000000e+02 1.082608082207262328e+02 1.000000000000000000e+00 0.000000000000000000e+00
6.230000000000000000e+02 1.088949606055083734e+02 0.000000000000000000e+00 0.000000000000000000e+00
6.240000000000000000e+02 1.096882786600431388e+02 1.000000000000000000e+00 0.000000000000000000e+00
6.250000000000000000e+02 1.073225347047829814e+02 2.000000000000000000e+00 0.000000000000000000e+00
6.260000000000000000e+02 1.108045189552835410e+02 0.000000000000000000e+00 0.000000000000000000e+00
6.270000000000000000e+02 1.082747166996918651e+02 1.000000000000000000e+00 0.000000000000000000e+00
6.280000000000000000e+02 1.103414222034098202e+02 0.000000000000000000e+00 0.000000000000000000e+00
6.290000000000000000e+02 1.111102791674154986e+02 0.000000000000000000e+00 0.000000000000000000e+00
6.300000000000000000e+02 1.116210695922591469e+02 0.000000000000000000e+00 0.000000000000000000e+00
6.310000000000000000e+02 1.127551133548087847e+02 1.000000000000000000e+00 0.000000000000000000e+00
6.320000000000000000e+02 1.127920051925302545e+02 1.000000000000000000e+00 0.000000000000000000e+00
6.330000000000000000e+02 1.127459709059337598e+02 0.000000000000000000e+00 0.000000000000000000e+00
6.340000000000000000e+02 1.135605814659117954e+02 0.000000000000000000e+00 0.000000000000000000e+00
6.350000000000000000e+02 1.150176752284760511e+02 0.000000000000000000e+00 0.000000000000000000e+00
6.360000000000000000e+02 1.147012356776317148e+02 2.000000000000000000e+00 0.000000000000000000e+00
6.370000000000000000e+02 1.144877783015992776e+02 0.000000000000000000e+00 0.000000000000000000e+00
6.380000000000000000e+02 1.153379904659892787e+02 2.000000000000000000e+00 0.000000000000000000e+00
6.390000000000000000e+02 1.141999886883738782e+02 1.000000000000000000e+00 0.000000000000000000e+00
6.400000000000000000e+02 1.142138970652740966e+02 0.000000000000000000e+00 0.000000000000000000e+00
6.410000000000000000e+02 1.140463252761317392e+02 2.000000000000000000e+00 0.000000000000000000e+00
6.420000000000000000e+02 1.147970217096438716e+02 1.000000000000000000e+00 0.000000000000000000e+00
6.430000000000000000e+02 1.129272141079187293e+02 1.000000000000000000e+00 0.000000000000000000e+00
6.440000000000000000e+02 1.147561335996288676e+02 0.000000000000000000e+00 0.000000000000000000e+00
6.450000000000000000e+02 1.164736565420320744e+02 0.000000000000000000e+00 0.000000000000000000e+00
6.460000000000000000e+02 1.160904659695584655e+02 1.000000000000000000e+00 0.000000000000000000e+00
6.470000000000000000e+02 1.172196700493213086e+02 0.000000000000000000e+00 0.000000000000000000e+00
6.480000000000000000e+02 1.171802439547744825e+02 1.000000000000000000e+00 0.000000000000000000e+00
6.490000000000000000e+02 1.179855989096237465e+02 1.000000000000000000e+00 0.000000000000000000e+00
6.500000000000000000e+02 1.179888384545856042e+02 1.000000000000000000e+00 0.000000000000000000e+00
6.510000000000000000e+02 1.173405730028333096e+02 1.000000000000000000e+00 0.000000000000000000e+00
6.520000000000000000e+02 1.166561528535856667e+02 0.000000000000000000e+00 0.000000000000000000e+00
6.530000000000000000e+02 1.174067439930093997e+02 1.000000000000000000e+00 0.000000000000000000e+00
6.540000000000000000e+02 1.195977720228735279e+02 0.000000000000000000e+00 0.000000000000000000e+00
6.550000000000000000e+02 1.201399942125921854e+02 1.000000000000000000e+00 0.000000000000000000e+00
6.560000000000000000e+02 1.204290044694707120e+02 1.000000000000000000e+00 0.000000000000000000e+00
6.570000000000000000e+02 1.202915244753458524e+02 0.000000000000000000e+00 0.000000000000000000e+00
6.580000000000000000e+02 1.196822405585327402e+02 2.000000000000000000e+00 0.000000000000000000e+00
6.590000000000000000e+02 1.203157280102189617e+02 0.000000000000000000e+00 0.000000000000000000e+00
6.600000000000000000e+02 1.191938410926013319e+02 2.000000000000000000e+00 0.000000000000000000e+00
6.610000000000000000e+02 1.180563356643466335e+02 1.000000000000000000e+00 0.000000000000000000e+00
6.620000000000000000e+02 1.193356765653195595e+02 1.000000000000000000e+00 0.000000000000000000e+00
6.630000000000000000e+02 1.171272216614693065e+02 2.000000000000000000e+00 0.000000000000000000e+00
6.640000000000000000e+02 1.154364353635329792e+02 2.000000000000000000e+00 0.000000000000000000e+00
6.650000000000000000e+02 1.164978920373987421e+02 0.000000000000000000e+00 0.000000000000000000e+00
6.660000000000000000e+02 1.203767640785518012e+02 0.000000000000000000e+00 0.000000000000000000e+00
6.670000000000000000e+02 1.180558178590354856e+02 1.000000000000000000e+00 0.000000000000000000e+00
6.680000000000000000e+02 1.191140990595673088e+02 1.000000000000000000e+00 0.000000000000000000e+00
6.690000000000000000e+02 1.203353335965213091e+02 1.000000000000000000e+00 0.000000000000000000e+00
6.700000000000000000e+02 1.199776461893087998e+02 0.000000000000000000e+00 0.000000000000000000e+00
6.710000000000000000e+02 1.196517837632966064e+02 1.000000000000000000e+00 0.000000000000000000e+00
6.720000000000000000e+02 1.193329315181319572e+02 2.000000000000000000e+00 0.000000000000000000e+00
6.730000000000000000e+02 1.182638243211945479e+02 0.000000000000000000e+00 0.000000000000000000e+00
6.740000000000000000e+02 1.195646706237531589e+02 1.000000000000000000e+00 0.000000000000000000e+00
6.750000000000000000e+02 1.210543977542265281e+02 0.000000000000000000e+00 0.000000000000000000e+00
6.760000000000000000e+02 1.218442279316405461e+02 1.000000000000000000e+00 0.000000000000000000e+00
6.770000000000000000e+02 1.210574653757879702e+02 1.000000000000000000e+00 0.000000000000000000e+00
6.780000000000000000e+02 1.224360878834459072e+02 0.000000000000000000e+00 0.000000000000000000e+00
6.790000000000000000e+02 1.217813993785886737e+02 2.000000000000000000e+00 0.000000000000000000e+00
6.800000000000000000e+02 1.206790911808833329e+02 1.000000000000000000e+00 0.000000000000000000e+00
6.810000000000000000e+02 1.206816567181124356e+02 1.000000000000000000e+00 0.000000000000000000e+00
6.820000000000000000e+02 1.212003340315884827e+02 1.000000000000000000e+00 0.000000000000000000e+00
6.830000000000000000e+02 1.212389303588065417e+02 0.000000000000000000e+00 0.000000000000000000e+00
6.840000000000000000e+02 1.221098459535852783e+02 2.000000000000000000e+00 0.000000000000000000e+00
6.850000000000000000e+02 1.219616252036924209e+02 2.000000000000000000e+00 0.000000000000000000e+00
6.860000000000000000e+02 1.217234223533129409e+02 0.000000000000000000e+00 0.000000000000000000e+00
6.870000000000000000e+02 1.222087523912085345e+02 0.000000000000000000e+00 0.000000000000000000e+00
6.880000000000000000e+02 1.217400065992226530e+02 0.000000000000000000e+00 0.000000000000000000e+00
6.890000000000000000e+02 1.236906897932084775e+02 0.000000000000000000e+00 0.000000000000000000e+00
6.900000000000000000e+02 1.235793176303210430e+02 1.000000000000000000e+00 0.000000000000000000e+00
6.910000000000000000e+02 1.245964515720539367e+02 0.000000000000000000e+00 0.000000000000000000e+00
6.920000000000000000e+02 1.247298814393240178e+02 1.000000000000000000e+00 0.000000000000000000e+00
6.930000000000000000e+02 1.267446063211467902e+02 0.000000000000000000e+00 0.000000000000000000e+00
6.940000000000000000e+02 1.263879018287418603e+02 2.000000000000000000e+00 0.000000000000000000e+00
6.950000000000000000e+02 1.267727195237119560e+02 0.000000000000000000e+00 0.000000000000000000e+00
6.960000000000000000e+02 1.249238599420091447e+02 1.000000000000000000e+00 0.000000000000000000e+00
6.970000000000000000e+02 1.284337605318745261e+02 0.000000000000000000e+00 0.000000000000000000e+00
6.980000000000000000e+02 1.271894800655303470e+02 2.000000000000000000e+00 0.000000000000000000e+00
6.990000000000000000e+02 1.242962361776406226e+02 2.000000000000000000e+00 0.000000000000000000e+00
7.000000000000000000e+02 1.242342344594449060e+02 2.000000000000000000e+00 0.000000000000000000e+00
7.010000000000000000e+02 1.255294832184461740e+02 0.000000000000000000e+00 0.000000000000000000e+00
7.020000000000000000e+02 1.257612583989598249e+02 1.000000000000000000e+00 0.000000000000000000e+00
7.030000000000000000e+02 1.244277705787898469e+02 1.000000000000000000e+00 0.000000000000000000e+00
7.040000000000000000e+02 1.243596496984638549e+02 1.000000000000000000e+00 0.000000000000000000e+00
7.050000000000000000e+02 1.258862090710244530e+02 1.000000000000000000e+00 0.000000000000000000e+00
7.060000000000000000e+02 1.261240561472050530e+02 0.000000000000000000e+00 0.000000000000000000e+00
7.070000000000000000e+02 1.251981129914382649e+02 2.000000000000000000e+00 0.000000000000000000e+00
7.080000000000000000e+02 1.269041916016602016e+02 0.000000000000000000e+00 0.000000000000000000e+00
7.090000000000000000e+02 1.243449047423239193e+02 1.000000000000000000e+00 0.000000000000000000e+00
7.100000000000000000e+02 1.260068721193091221e+02 1.000000000000000000e+00 0.000000000000000000e+00
7.110000000000000000e+02 1.269662593688393173e+02 0.000000000000000000e+00 0.000000000000000000e+00
7.120000000000000000e+02 1.278551565408059076e+02 1.000000000000000000e+00 0.000000000000000000e+00
7.130000000000000000e+02 1.284613758830024608e+02 0.000000000000000000e+00 0.000000000000000000e+00
7.140000000000000000e+02 1.289268540569224228e+02 1.000000000000000000e+00 0.000000000000000000e+00
7.150000000000000000e+02 1.278577474192190238e+02 0.000000000000000000e+00 0.000000000000000000e+00
7.160000000000000000e+02 1.294396037792393770e+02 0.000000000000000000e+00 0.000000000000000000e+00
7.170000000000000000e+02 1.293180204327092326e+02 1.000000000000000000e+00 0.000000000000000000e+00
7.180000000000000000e+02 1.292436322676026919e+02 1.000000000000000000e+00 0.000000000000000000e+00
7.190000000000000000e+02 1.320920629169054621e+02 0.000000000000000000e+00 0.000000000000000000e+00
7.200000000000000000e+02 1.303580972606282842e+02 1.000000000000000000e+00 0.000000000000000000e+00
7.210000000000000000e+02 1.304364040263786535e+02 1.000000000000000000e+00 0.000000000000000000e+00
7.220000000000000000e+02 1.322398858266699051e+02 0.000000000000000000e+00 0.000000000000000000e+00
7.230000000000000000e+02 1.323447994968909427e+02 0.000000000000000000e+00 0.000000000000000000e+00
7.240000000000000000e+02 1.326937926108332988e+02 2.000000000000000000e+00 0.000000000000000000e+00
7.250000000000000000e+02 1.319945062461206930e+02 0.000000000000000000e+00 0.000000000000000000e+00
7.260000000000000000e+02 1.325049053972069260e+02 2.000000000000000000e+00 0.000000000000000000e+00
7.270000000000000000e+02 1.315725621134703829e+02 1.000000000000000000e+00 0.000000000000000000e+00
7.280000000000000000e+02 1.308874924591108027e+02 1.000000000000000000e+00 0.000000000000000000e+00
7.290000000000000000e+02 1.323157489108047002e+02 1.000000000000000000e+00 0.000000000000000000e+00
7.300000000000000000e+02 1.300197408066046307e+02 2.000000000000000000e+00 0.000000000000000000e+00
7.310000000000000000e+02 1.313351427275675292e+02 0.000000000000000000e+00 0.000000000000000000e+00
7.320000000000000000e+02 1.316988743793049252e+02 1.000000000000000000e+00 0.000000000000000000e+00
7.330000000000000000e+02 1.316150578161839917e+02 1.000000000000000000e+00 0.000000000000000000e+00
7.340000000000000000e+02 1.290362370025894734e+02 1.000000000000000000e+00 0.000000000000000000e+00
7.350000000000000000e+02 1.319810372337348667e+02 1.000000000000000000e+00 0.000000000000000000e+00
7.360000000000000000e+02 1.327177778072145315e+02 0.000000000000000000e+00 0.000000000000000000e+00
7.370000000000000000e+02 1.325796252399383093e+02 2.000000000000000000e+00 0.000000000000000000e+00
7.380000000000000000e+02 1.326177545402908322e+02 0.000000000000000000e+00 0.000000000000000000e+00
7.390000000000000000e+02 1.335108482402864354e+02 1.000000000000000000e+00 0.000000000000000000e+00
7.400000000000000000e+02 1.336463751177088568e+02 1.000000000000000000e+00 0.000000000000000000e+00
7.410000000000000000e+02 1.315345693437323007e+02 2.000000000000000000e+00 0.000000000000000000e+00
7.420000000000000000e+02 1.327009667232532593e+02 0.000000000000000000e+00 0.000000000000000000e+00
7.430000000000000000e+02 1.325593736153610109e+02 2.000000000000000000e+00 0.000000000000000000e+00
7.440000000000000000e+02 1.334574360616778677e+02 0.000000000000000000e+00 0.000000000000000000e+00
7.450000000000000000e+02 1.345978051034903444e+02 0.000000000000000000e+00 0.000000000000000000e+00
7.460000000000000000e+02 1.343612272529430243e+02 1.000000000000000000e+00 0.000000000000000000e+00
7.470000000000000000e+02 1.326935174151803380e+02 2.000000000000000000e+00 0.000000000000000000e+00
7.480000000000000000e+02 1.337740155363993608e+02 0.000000000000000000e+00 0.000000000000000000e+00
7.490000000000000000e+02 1.342561022566578970e+02 2.000000000000000000e+00 0.000000000000000000e+00
7.500000000000000000e+02 1.351846587364201469e+02 0.000000000000000000e+00 0.000000000000000000e+00
7.510000000000000000e+02 1.352274139436247253e+02 0.000000000000000000e+00 0.000000000000000000e+00
7.520000000000000000e+02 1.337841272460801463e+02 2.000000000000000000e+00 0.000000000000000000e+00
7.530000000000000000e+02 1.345791128978504503e+02 1.000000000000000000e+00 0.000000000000000000e+00
7.540000000000000000e+02 1.319693906562745553e+02 2.000000000000000000e+00 0.000000000000000000e+00
7.550000000000000000e+02 1.338524433609428286e+02 0.000000000000000000e+00 0.000000000000000000e+00
7.560000000000000000e+02 1.345541063094400442e+02 2.000000000000000000e+00 0.000000000000000000e+00
7.570000000000000000e+02 1.339788140183933081e+02 0.000000000000000000e+00 0.000000000000000000e+00
7.580000000000000000e+02 1.341128617106415675e+02 0.000000000000000000e+00 0.000000000000000000e+00
7.590000000000000000e+02 1.362181726177134635e+02 0.000000000000000000e+00 0.000000000000000000e+00
7.600000000000000000e+02 1.351648594268448562e+02 1.000000000000000000e+00 0.000000000000000000e+00
7.610000000000000000e+02 1.348194497165688688e+02 1.000000000000000000e+00 0.000000000000000000e+00
7.620000000000000000e+02 1.354694477966538386e+02 1.000000000000000000e+00 0.000000000000000000e+00
7.630000000000000000e+02 1.380979010161230747e+02 0.000000000000000000e+00 0.000000000000000000e+00
7.640000000000000000e+02 1.395528427306207107e+02 0.000000000000000000e+00 0.000000000000000000e+00
7.650000000000000000e+02 1.384249845596356465e+02 1.000000000000000000e+00 0.000000000000000000e+00
7.660000000000000000e+02 1.381063103537671566e+02 0.000000000000000000e+00 0.000000000000000000e+00
7.670000000000000000e+02 1.394143697509989011e+02 1.000000000000000000e+00 0.000000000000000000e+00
7.680000000000000000e+02 1.387649166865550114e+02 1.000000000000000000e+00 0.000000000000000000e+00
7.690000000000000000e+02 1.392573097036381284e+02 1.000000000000000000e+00 0.000000000000000000e+00
7.700000000000000000e+02 1.408138766911998232e+02 0.000000000000000000e+00 0.000000000000000000e+00
7.710000000000000000e+02 1.421568224868046570e+02 0.000000000000000000e+00 0.000000000000000000e+00
7.720000000000000000e+02 1.410139079717329196e+02 1.000000000000000000e+00 0.000000000000000000e+00
7.730000000000000000e+02 1.409303247124994698e+02 1.000000000000000000e+00 0.000000000000000000e+00
7.740000000000000000e+02 1.412001538299180368e+02 0.000000000000000000e+00 0.000000000000000000e+00
7.750000000000000000e+02 1.410698214991740826e+02 0.000000000000000000e+00 0.000000000000000000e+00
7.760000000000000000e+02 1.422403890935156596e+02 1.000000000000000000e+00 0.000000000000000000e+00
7.770000000000000000e+02 1.411825112408864982e+02 2.000000000000000000e+00 0.000000000000000000e+00
7.780000000000000000e+02 1.433756252190635223e+02 0.000000000000000000e+00 0.000000000000000000e+00
7.790000000000000000e+02 1.444112827011126967e+02 0.000000000000000000e+00 0.000000000000000000e+00
7.800000000000000000e+02 1.439038885827902732e+02 1.000000000000000000e+00 0.000000000000000000e+00
7.810000000000000000e+02 1.427746332457785741e+02 2.000000000000000000e+00 0.000000000000000000e+00
7.820000000000000000e+02 1.448355653348993997e+02 0.000000000000000000e+00 0.000000000000000000e+00
7.830000000000000000e+02 1.456508767435006746e+02 0.000000000000000000e+00 0.000000000000000000e+00
7.840000000000000000e+02 1.463793920629051968e+02 1.000000000000000000e+00 0.000000000000000000e+00
7.850000000000000000e+02 1.443714698747058662e+02 1.000000000000000000e+00 0.000000000000000000e+00
7.860000000000000000e+02 1.465363406304454372e+02 0.000000000000000000e+00 0.000000000000000000e+00
7.870000000000000000e+02 1.457755610162705011e+02 1.000000000000000000e+00 0.000000000000000000e+00
7.880000000000000000e+02 1.460198564528892859e+02 2.000000000000000000e+00 0.000000000000000000e+00
7.890000000000000000e+02 1.445682334795087058e+02 1.000000000000000000e+00 0.000000000000000000e+00
7.900000000000000000e+02 1.447274016302284281e+02 0.000000000000000000e+00 0.000000000000000000e+00
7.910000000000000000e+02 1.470066092987784145e+02 0.000000000000000000e+00 0.000000000000000000e+00
7.920000000000000000e+02 1.470687460736283469e+02 0.000000000000000000e+00 0.000000000000000000e+00
7.930000000000000000e+02 1.496423903068543382e+02 0.000000000000000000e+00 0.000000000000000000e+00
7.940000000000000000e+02 1.484706671678208352e+02 2.000000000000000000e+00 0.000000000000000000e+00
7.950000000000000000e+02 1.477366308573822664e+02 0.000000000000000000e+00 0.000000000000000000e+00
7.960000000000000000e+02 1.472859892622017242e+02 2.000000000000000000e+00 0.000000000000000000e+00
7.970000000000000000e+02 1.481533725639196462e+02 1.000000000000000000e+00 0.000000000000000000e+00
7.980000000000000000e+02 1.495832932509055411e+02 1.000000000000000000e+00 0.000000000000000000e+00
7.990000000000000000e+02 1.476067490931827990e+02 0.000000000000000000e+00 0.000000000000000000e+00
8.000000000000000000e+02 1.491267283797317873e+02 1.000000000000000000e+00 0.000000000000000000e+00
