time	position	state	ATP_bound
1.000000000000000000e+00 1.849653804207919361e+00 0.000000000000000000e+00 0.000000000000000000e+00
2.000000000000000000e+00 8.353046300093540655e-01 1.000000000000000000e+00 0.000000000000000000e+00
3.000000000000000000e+00 1.475489026747255350e+00 1.000000000000000000e+00 0.000000000000000000e+00
4.000000000000000000e+00 1.655154963682598845e+00 0.000000000000000000e+00 0.000000000000000000e+00
5.000000000000000000e+00 1.673452858847258140e+00 1.000000000000000000e+00 0.000000000000000000e+00
6.000000000000000000e+00 2.931166206827461984e+00 0.000000000000000000e+00 0.000000000000000000e+00
7.000000000000000000e+00 4.101808660281098362e+00 1.000000000000000000e+00 0.000000000000000000e+00
8.000000000000000000e+00 2.241496588511876276e+00 1.000000000000000000e+00 0.000000000000000000e+00
9.000000000000000000e+00 4.378762103383937010e+00 0.000000000000000000e+00 0.000000000000000000e+00
1.000000000000000000e+01 2.737386897451419721e+00 2.000000000000000000e+00 0.000000000000000000e+00
1.100000000000000000e+01 1.795265595443413353e+00 1.000000000000000000e+00 0.000000000000000000e+00
1.200000000000000000e+01 3.133748540983685160e+00 1.000000000000000000e+00 0.000000000000000000e+00
1.300000000000000000e+01 2.936769454713421990e+00 0.000000000000000000e+00 0.000000000000000000e+00
1.400000000000000000e+01 3.752893913239695234e+00 1.000000000000000000e+00 0.000000000000000000e+00
1.500000000000000000e+01 5.183953401842156694e+00 1.000000000000000000e+00 0.000000000000000000e+00
1.600000000000000000e+01 4.146783223140725561e+00 1.000000000000000000e+00 0.000000000000000000e+00
1.700000000000000000e+01 4.544943750420753048e+00 1.000000000000000000e+00 0.000000000000000000e+00
1.800000000000000000e+01 5.691068046048505025e+00 0.000000000000000000e+00 0.000000000000000000e+00
1.900000000000000000e+01 7.063118848798821681e+00 0.000000000000000000e+00 0.000000000000000000e+00
2.000000000000000000e+01 6.524884381033548841e+00 0.000000000000000000e+00 0.000000000000000000e+00
2.100000000000000000e+01 6.824439174219489423e+00 2.000000000000000000e+00 0.000000000000000000e+00
2.200000000000000000e+01 8.486720038436800451e+00 0.000000000000000000e+00 0.000000000000000000e+00
2.300000000000000000e+01 7.201330816225894438e+00 0.000000000000000000e+00 0.000000000000000000e+00
2.400000000000000000e+01 8.677576915637915889e+00 0.000000000000000000e+00 0.000000000000000000e+00
2.500000000000000000e+01 8.654878194458270002e+00 0.000000000000000000e+00 0.000000000000000000e+00
2.600000000000000000e+01 8.961598903406327921e+00 2.000000000000000000e+00 0.000000000000000000e+00
2.700000000000000000e+01 1.100092004086262065e+01 0.000000000000000000e+00 0.000000000000000000e+00
2.800000000000000000e+01 9.719332501842067984e+00 1.000000000000000000e+00 0.000000000000000000e+00
2.900000000000000000e+01 1.216283748547729004e+01 0.000000000000000000e+00 0.000000000000000000e+00
3.000000000000000000e+01 1.205083535490186541e+01 0.000000000000000000e+00 0.000000000000000000e+00
3.100000000000000000e+01 1.317821794595715978e+01 0.000000000000000000e+00 0.000000000000000000e+00
3.200000000000000000e+01 1.315973713893719399e+01 0.000000000000000000e+00 0.000000000000000000e+00
3.300000000000000000e+01 1.336171384204883950e+01 2.000000000000000000e+00 0.000000000000000000e+00
3.400000000000000000e+01 1.319246198965709560e+01 1.000000000000000000e+00 0.000000000000000000e+00
3.500000000000000000e+01 1.402561476902629067e+01 0.000000000000000000e+00 0.000000000000000000e+00
3.600000000000000000e+01 1.318125969341080150e+01 1.000000000000000000e+00 0.000000000000000000e+00
3.700000000000000000e+01 1.496496918541882337e+01 1.000000000000000000e+00 0.000000000000000000e+00
3.800000000000000000e+01 1.460519633695275488e+01 0.000000000000000000e+00 0.000000000000000000e+00
3.900000000000000000e+01 1.606742443449822133e+01 1.000000000000000000e+00 0.000000000000000000e+00
4.000000000000000000e+01 1.595688392433205394e+01 1.000000000000000000e+00 0.000000000000000000e+00
4.100000000000000000e+01 1.398205634488822646e+01 1.000000000000000000e+00 0.000000000000000000e+00
4.200000000000000000e+01 1.381961369366475623e+01 2.000000000000000000e+00 0.000000000000000000e+00
4.300000000000000000e+01 1.562542259360136221e+01 0.000000000000000000e+00 0.000000000000000000e+00
4.400000000000000000e+01 1.720483848066840338e+01 0.000000000000000000e+00 0.000000000000000000e+00
4.500000000000000000e+01 1.675491535715432079e+01 0.000000000000000000e+00 0.000000000000000000e+00
4.600000000000000000e+01 1.539426926763861658e+01 2.000000000000000000e+00 0.000000000000000000e+00
4.700000000000000000e+01 1.734939068914735927e+01 1.000000000000000000e+00 0.000000000000000000e+00
4.800000000000000000e+01 1.672938900502937543e+01 0.000000000000000000e+00 0.000000000000000000e+00
4.900000000000000000e+01 1.640469770989554021e+01 1.000000000000000000e+00 0.000000000000000000e+00
5.000000000000000000e+01 1.607254794225506345e+01 1.000000000000000000e+00 0.000000000000000000e+00
5.100000000000000000e+01 1.640306880086917474e+01 1.000000000000000000e+00 0.000000000000000000e+00
5.200000000000000000e+01 1.567485492146384551e+01 2.000000000000000000e+00 0.000000000000000000e+00
5.300000000000000000e+01 1.622989274762070977e+01 0.000000000000000000e+00 0.000000000000000000e+00
5.400000000000000000e+01 1.512100070943897911e+01 2.000000000000000000e+00 0.000000000000000000e+00
5.500000000000000000e+01 1.557805996510916025e+01 1.000000000000000000e+00 0.000000000000000000e+00
5.600000000000000000e+01 1.465690735585627280e+01 2.000000000000000000e+00 0.000000000000000000e+00
5.700000000000000000e+01 1.568894767224932174e+01 0.000000000000000000e+00 0.000000000000000000e+00
5.800000000000000000e+01 1.423452185193646891e+01 2.000000000000000000e+00 0.000000000000000000e+00
5.900000000000000000e+01 1.725129173810876537e+01 0.000000000000000000e+00 0.000000000000000000e+00
6.000000000000000000e+01 1.791410912553476109e+01 0.000000000000000000e+00 0.000000000000000000e+00
6.100000000000000000e+01 1.703982304214105525e+01 1.000000000000000000e+00 0.000000000000000000e+00
6.200000000000000000e+01 1.789699058573241075e+01 0.000000000000000000e+00 0.000000000000000000e+00
6.300000000000000000e+01 1.822104850239880136e+01 1.000000000000000000e+00 0.000000000000000000e+00
6.400000000000000000e+01 1.828907971617556072e+01 1.000000000000000000e+00 0.000000000000000000e+00
6.500000000000000000e+01 1.872283110628513469e+01 0.000000000000000000e+00 0.000000000000000000e+00
6.600000000000000000e+01 1.716891134771164218e+01 2.000000000000000000e+00 0.000000000000000000e+00
6.700000000000000000e+01 1.859143191379712690e+01 0.000000000000000000e+00 0.000000000000000000e+00
6.800000000000000000e+01 1.764393292418458969e+01 2.000000000000000000e+00 0.000000000000000000e+00
6.900000000000000000e+01 1.801036398638247249e+01 2.000000000000000000e+00 0.000000000000000000e+00
7.000000000000000000e+01 1.826204297780872920e+01 0.000000000000000000e+00 0.000000000000000000e+00
7.100000000000000000e+01 1.758988223969573639e+01 2.000000000000000000e+00 0.000000000000000000e+00
7.200000000000000000e+01 1.770738335856814061e+01 0.000000000000000000e+00 0.000000000000000000e+00
7.300000000000000000e+01 1.753160165587606656e+01 2.000000000000000000e+00 0.000000000000000000e+00
7.400000000000000000e+01 1.762960318587380115e+01 0.000000000000000000e+00 0.000000000000000000e+00
7.500000000000000000e+01 1.797951992636156504e+01 1.000000000000000000e+00 0.000000000000000000e+00
7.600000000000000000e+01 1.903144764767522190e+01 1.000000000000000000e+00 0.000000000000000000e+00
7.700000000000000000e+01 1.892826654582239243e+01 1.000000000000000000e+00 0.000000000000000000e+00
7.800000000000000000e+01 1.738272543189765784e+01 2.000000000000000000e+00 0.000000000000000000e+00
7.900000000000000000e+01 1.842494165729010902e+01 0.000000000000000000e+00 0.000000000000000000e+00
8.000000000000000000e+01 1.895872796127684978e+01 0.000000000000000000e+00 0.000000000000000000e+00
8.100000000000000000e+01 2.099137771220721760e+01 0.000000000000000000e+00 0.000000000000000000e+00
8.200000000000000000e+01 2.091376424685332225e+01 0.000000000000000000e+00 0.000000000000000000e+00
8.300000000000000000e+01 2.351712635047087119e+01 0.000000000000000000e+00 0.000000000000000000e+00
8.400000000000000000e+01 1.985829208240764032e+01 2.000000000000000000e+00 0.000000000000000000e+00
8.500000000000000000e+01 2.087907619188984398e+01 0.000000000000000000e+00 0.000000000000000000e+00
8.600000000000000000e+01 2.090270686241728981e+01 2.000000000000000000e+00 0.000000000000000000e+00
8.700000000000000000e+01 2.069573939044990851e+01 0.000000000000000000e+00 0.000000000000000000e+00
8.800000000000000000e+01 2.134139806327662470e+01 2.000000000000000000e+00 0.000000000000000000e+00
8.900000000000000000e+01 2.172418597559511255e+01 1.000000000000000000e+00 0.000000000000000000e+00
9.000000000000000000e+01 2.094936776711251980e+01 1.000000000000000000e+00 0.000000000000000000e+00
9.100000000000000000e+01 2.018609991767799983e+01 1.000000000000000000e+00 0.000000000000000000e+00
9.200000000000000000e+01 2.054565926198571546e+01 1.000000000000000000e+00 0.000000000000000000e+00
9.300000000000000000e+01 2.050927484817096058e+01 1.000000000000000000e+00 0.000000000000000000e+00
9.400000000000000000e+01 2.148060048435360159e+01 1.000000000000000000e+00 0.000000000000000000e+00
9.500000000000000000e+01 1.967490905503857590e+01 2.000000000000000000e+00 0.000000000000000000e+00
9.600000000000000000e+01 2.064535416757844288e+01 0.000000000000000000e+00 0.000000000000000000e+00
9.700000000000000000e+01 1.983876808845021955e+01 2.000000000000000000e+00 0.000000000000000000e+00
9.800000000000000000e+01 2.138347743311949500e+01 0.000000000000000000e+00 0.000000000000000000e+00
9.900000000000000000e+01 1.941625414097045521e+01 2.000000000000000000e+00 0.000000000000000000e+00
1.000000000000000000e+02 1.995542805513441920e+01 2.000000000000000000e+00 0.000000000000000000e+00
1.010000000000000000e+02 1.798025222908433207e+01 2.000000000000000000e+00 0.000000000000000000e+00
1.020000000000000000e+02 1.910776223696165843e+01 0.000000000000000000e+00 0.000000000000000000e+00
1.030000000000000000e+02 1.904215129038934151e+01 2.000000000000000000e+00 0.000000000000000000e+00
1.040000000000000000e+02 1.556992084037599788e+01 2.000000000000000000e+00 0.000000000000000000e+00
1.050000000000000000e+02 1.658297187855299271e+01 2.000000000000000000e+00 0.000000000000000000e+00
1.060000000000000000e+02 1.763384080161442213e+01 0.000000000000000000e+00 0.000000000000000000e+00
1.070000000000000000e+02 1.747081388761851883e+01 1.000000000000000000e+00 0.000000000000000000e+00
1.080000000000000000e+02 1.740819214498656109e+01 1.000000000000000000e+00 0.000000000000000000e+00
1.090000000000000000e+02 1.754962322176222145e+01 1.000000000000000000e+00 0.000000000000000000e+00
1.100000000000000000e+02 1.468004126805105969e+01 2.000000000000000000e+00 0.000000000000000000e+00
1.110000000000000000e+02 1.537901283974187194e+01 2.000000000000000000e+00 0.000000000000000000e+00
1.120000000000000000e+02 1.741889276137169063e+01 0.000000000000000000e+00 0.000000000000000000e+00
1.130000000000000000e+02 1.852470445577087688e+01 0.000000000000000000e+00 0.000000000000000000e+00
1.140000000000000000e+02 1.728129965744265206e+01 2.000000000000000000e+00 0.000000000000000000e+00
1.150000000000000000e+02 1.556492632937635889e+01 0.000000000000000000e+00 0.000000000000000000e+00
1.160000000000000000e+02 1.639089348533915214e+01 2.000000000000000000e+00 0.000000000000000000e+00
1.170000000000000000e+02 1.737849487629902612e+01 0.000000000000000000e+00 0.000000000000000000e+00
1.180000000000000000e+02 1.664497231318491899e+01 1.000000000000000000e+00 0.000000000000000000e+00
1.190000000000000000e+02 1.635189388281630940e+01 1.000000000000000000e+00 0.000000000000000000e+00
1.200000000000000000e+02 1.571626678884840977e+01 2.000000000000000000e+00 0.000000000000000000e+00
1.210000000000000000e+02 1.756443894233267855e+01 1.000000000000000000e+00 0.000000000000000000e+00
1.220000000000000000e+02 1.641401460709391813e+01 0.000000000000000000e+00 0.000000000000000000e+00
1.230000000000000000e+02 1.569304836083513877e+01 2.000000000000000000e+00 0.000000000000000000e+00
1.240000000000000000e+02 1.558269036425970633e+01 1.000000000000000000e+00 0.000000000000000000e+00
1.250000000000000000e+02 1.695556073546243070e+01 1.000000000000000000e+00 0.000000000000000000e+00
1.260000000000000000e+02 1.794532950338662403e+01 0.000000000000000000e+00 0.000000000000000000e+00
1.270000000000000000e+02 1.569164899757458009e+01 2.000000000000000000e+00 0.000000000000000000e+00
1.280000000000000000e+02 1.747666056897798725e+01 0.000000000000000000e+00 0.000000000000000000e+00
1.290000000000000000e+02 1.665480238151118897e+01 1.000000000000000000e+00 0.000000000000000000e+00
1.300000000000000000e+02 1.666062459280996677e+01 1.000000000000000000e+00 0.000000000000000000e+00
1.310000000000000000e+02 1.627507389127804416e+01 1.000000000000000000e+00 0.000000000000000000e+00
1.320000000000000000e+02 1.937085758711840100e+01 0.000000000000000000e+00 0.000000000000000000e+00
1.330000000000000000e+02 2.056052330844638831e+01 0.000000000000000000e+00 0.000000000000000000e+00
1.340000000000000000e+02 1.920768682952108364e+01 1.000000000000000000e+00 0.000000000000000000e+00
1.350000000000000000e+02 1.982103487126229524e+01 0.000000000000000000e+00 0.000000000000000000e+00
1.360000000000000000e+02 2.099120721410182711e+01 0.000000000000000000e+00 0.000000000000000000e+00
1.370000000000000000e+02 2.237737757082150480e+01 0.000000000000000000e+00 0.000000000000000000e+00
1.380000000000000000e+02 2.283882594636693497e+01 0.000000000000000000e+00 0.000000000000000000e+00
1.390000000000000000e+02 2.288562675413293235e+01 1.000000000000000000e+00 0.000000000000000000e+00
1.400000000000000000e+02 2.233935170585908736e+01 1.000000000000000000e+00 0.000000000000000000e+00
1.410000000000000000e+02 2.208832396247609253e+01 1.000000000000000000e+00 0.000000000000000000e+00
1.420000000000000000e+02 2.443318095344262630e+01 0.000000000000000000e+00 0.000000000000000000e+00
1.430000000000000000e+02 2.403175812719985416e+01 2.000000000000000000e+00 0.000000000000000000e+00
1.440000000000000000e+02 2.370819483986943865e+01 0.000000000000000000e+00 0.000000000000000000e+00
1.450000000000000000e+02 2.451327092691505172e+01 0.000000000000000000e+00 0.000000000000000000e+00
1.460000000000000000e+02 2.445194086400588773e+01 2.000000000000000000e+00 0.000000000000000000e+00
1.470000000000000000e+02 2.369210795842161943e+01 2.000000000000000000e+00 0.000000000000000000e+00
1.480000000000000000e+02 2.410077674122243252e+01 0.000000000000000000e+00 0.000000000000000000e+00
1.490000000000000000e+02 2.707256399730167473e+01 0.000000000000000000e+00 0.000000000000000000e+00
1.500000000000000000e+02 2.410091206201732561e+01 1.000000000000000000e+00 0.000000000000000000e+00
1.510000000000000000e+02 2.646098399326813677e+01 0.000000000000000000e+00 0.000000000000000000e+00
1.520000000000000000e+02 2.542599570824055988e+01 1.000000000000000000e+00 0.000000000000000000e+00
1.530000000000000000e+02 2.738813063427816274e+01 0.000000000000000000e+00 0.000000000000000000e+00
1.540000000000000000e+02 2.737801483964825877e+01 0.000000000000000000e+00 0.000000000000000000e+00
1.550000000000000000e+02 2.745774706427969747e+01 2.000000000000000000e+00 0.000000000000000000e+00
1.560000000000000000e+02 2.718758251719816599e+01 0.000000000000000000e+00 0.000000000000000000e+00
1.570000000000000000e+02 2.816128440296054336e+01 1.000000000000000000e+00 0.000000000000000000e+00
1.580000000000000000e+02 2.856594469649303036e+01 1.000000000000000000e+00 0.000000000000000000e+00
1.590000000000000000e+02 2.747643385728203924e+01 2.000000000000000000e+00 0.000000000000000000e+00
1.600000000000000000e+02 2.691543686162243887e+01 2.000000000000000000e+00 0.000000000000000000e+00
1.610000000000000000e+02 2.531204436174817829e+01 2.000000000000000000e+00 0.000000000000000000e+00
1.620000000000000000e+02 2.472410041848328888e+01 1.000000000000000000e+00 0.000000000000000000e+00
1.630000000000000000e+02 2.519673386614906718e+01 1.000000000000000000e+00 0.000000000000000000e+00
1.640000000000000000e+02 2.676772137870720059e+01 1.000000000000000000e+00 0.000000000000000000e+00
1.650000000000000000e+02 2.447689922064064305e+01 0.000000000000000000e+00 0.000000000000000000e+00
1.660000000000000000e+02 2.622329142731917173e+01 1.000000000000000000e+00 0.000000000000000000e+00
1.670000000000000000e+02 2.772393989645389212e+01 1.000000000000000000e+00 0.000000000000000000e+00
1.680000000000000000e+02 2.675476665497251005e+01 0.000000000000000000e+00 0.000000000000000000e+00
1.690000000000000000e+02 2.797917634133411013e+01 1.000000000000000000e+00 0.000000000000000000e+00
1.700000000000000000e+02 2.833746672205384698e+01 0.000000000000000000e+00 0.000000000000000000e+00
1.710000000000000000e+02 2.732788996427872164e+01 0.000000000000000000e+00 0.000000000000000000e+00
1.720000000000000000e+02 2.773178661049704274e+01 1.000000000000000000e+00 0.000000000000000000e+00
1.730000000000000000e+02 3.210741935076878661e+01 0.000000000000000000e+00 0.000000000000000000e+00
1.740000000000000000e+02 3.213587964549798670e+01 0.000000000000000000e+00 0.000000000000000000e+00
1.750000000000000000e+02 3.168705170420826533e+01 0.000000000000000000e+00 0.000000000000000000e+00
1.760000000000000000e+02 3.284516149736732871e+01 1.000000000000000000e+00 0.000000000000000000e+00
1.770000000000000000e+02 3.098855584178902589e+01 1.000000000000000000e+00 0.000000000000000000e+00
1.780000000000000000e+02 3.175789531896097628e+01 1.000000000000000000e+00 0.000000000000000000e+00
1.790000000000000000e+02 3.241224463556727642e+01 1.000000000000000000e+00 0.000000000000000000e+00
1.800000000000000000e+02 3.104159560952658126e+01 2.000000000000000000e+00 0.000000000000000000e+00
1.810000000000000000e+02 3.029844251726656879e+01 1.000000000000000000e+00 0.000000000000000000e+00
1.820000000000000000e+02 3.203258461878106544e+01 0.000000000000000000e+00 0.000000000000000000e+00
1.830000000000000000e+02 3.122954922640057163e+01 1.000000000000000000e+00 0.000000000000000000e+00
1.840000000000000000e+02 3.162096503860774277e+01 2.000000000000000000e+00 0.000000000000000000e+00
1.850000000000000000e+02 3.222153869249557800e+01 0.000000000000000000e+00 0.000000000000000000e+00
1.860000000000000000e+02 3.122229292062016626e+01 2.000000000000000000e+00 0.000000000000000000e+00
1.870000000000000000e+02 3.069192035251962736e+01 0.000000000000000000e+00 0.000000000000000000e+00
1.880000000000000000e+02 3.354353545061462682e+01 0.000000000000000000e+00 0.000000000000000000e+00
1.890000000000000000e+02 3.189205609987656942e+01 1.000000000000000000e+00 0.000000000000000000e+00
1.900000000000000000e+02 3.350135255022741632e+01 1.000000000000000000e+00 0.000000000000000000e+00
1.910000000000000000e+02 3.333010450687076087e+01 0.000000000000000000e+00 0.000000000000000000e+00
1.920000000000000000e+02 3.486883385937710500e+01 0.000000000000000000e+00 0.000000000000000000e+00
1.930000000000000000e+02 3.338376162868091512e+01 2.000000000000000000e+00 0.000000000000000000e+00
1.940000000000000000e+02 3.381360644547767436e+01 0.000000000000000000e+00 0.000000000000000000e+00
1.950000000000000000e+02 3.381658215128096145e+01 2.000000000000000000e+00 0.000000000000000000e+00
1.960000000000000000e+02 3.473118892039677519e+01 1.000000000000000000e+00 0.000000000000000000e+00
1.970000000000000000e+02 3.667446526963460940e+01 0.000000000000000000e+00 0.000000000000000000e+00
1.980000000000000000e+02 3.466685767527470574e+01 1.000000000000000000e+00 0.000000000000000000e+00
1.990000000000000000e+02 3.388692696641506075e+01 1.000000000000000000e+00 0.000000000000000000e+00
2.000000000000000000e+02 3.428698367018775173e+01 1.000000000000000000e+00 0.000000000000000000e+00
2.010000000000000000e+02 3.609397080519012491e+01 1.000000000000000000e+00 0.000000000000000000e+00
2.020000000000000000e+02 3.598671995261844359e+01 0.000000000000000000e+00 0.000000000000000000e+00
2.030000000000000000e+02 3.682894977893219135e+01 1.000000000000000000e+00 0.000000000000000000e+00
2.040000000000000000e+02 3.651170232891785616e+01 0.000000000000000000e+00 0.000000000000000000e+00
2.050000000000000000e+02 3.588118481066818077e+01 2.000000000000000000e+00 0.000000000000000000e+00
2.060000000000000000e+02 3.637198875684029531e+01 0.000000000000000000e+00 0.000000000000000000e+00
2.070000000000000000e+02 3.833328035409745382e+01 0.000000000000000000e+00 0.000000000000000000e+00
2.080000000000000000e+02 3.795049614189372278e+01 0.000000000000000000e+00 0.000000000000000000e+00
2.090000000000000000e+02 3.846408036381109241e+01 2.000000000000000000e+00 0.000000000000000000e+00
2.100000000000000000e+02 3.872932957042324631e+01 1.000000000000000000e+00 0.000000000000000000e+00
2.110000000000000000e+02 3.974729434093526947e+01 0.000000000000000000e+00 0.000000000000000000e+00
2.120000000000000000e+02 3.679119958361273035e+01 1.000000000000000000e+00 0.000000000000000000e+00
2.130000000000000000e+02 4.026254959953091372e+01 0.000000000000000000e+00 0.000000000000000000e+00
2.140000000000000000e+02 3.934592532456117908e+01 2.000000000000000000e+00 0.000000000000000000e+00
2.150000000000000000e+02 3.760178868218837067e+01 1.000000000000000000e+00 0.000000000000000000e+00
2.160000000000000000e+02 4.013469936803432603e+01 0.000000000000000000e+00 0.000000000000000000e+00
2.170000000000000000e+02 3.765064095516748921e+01 2.000000000000000000e+00 0.000000000000000000e+00
2.180000000000000000e+02 3.887106816255383990e+01 1.000000000000000000e+00 0.000000000000000000e+00
2.190000000000000000e+02 3.895425126869416488e+01 1.000000000000000000e+00 0.000000000000000000e+00
2.200000000000000000e+02 3.825094176274761537e+01 2.000000000000000000e+00 0.000000000000000000e+00
2.210000000000000000e+02 3.843472779205524148e+01 0.000000000000000000e+00 0.000000000000000000e+00
2.220000000000000000e+02 3.940112927545527555e+01 1.000000000000000000e+00 0.000000000000000000e+00
2.230000000000000000e+02 3.951779098737704743e+01 1.000000000000000000e+00 0.000000000000000000e+00
2.240000000000000000e+02 3.805498107252321205e+01 1.000000000000000000e+00 0.000000000000000000e+00
2.250000000000000000e+02 4.001658279134097995e+01 0.000000000000000000e+00 0.000000000000000000e+00
2.260000000000000000e+02 3.921179502656440263e+01 1.000000000000000000e+00 0.000000000000000000e+00
2.270000000000000000e+02 3.918678626693987610e+01 1.000000000000000000e+00 0.000000000000000000e+00
2.280000000000000000e+02 4.023715284915695634e+01 1.000000000000000000e+00 0.000000000000000000e+00
2.290000000000000000e+02 3.985272562050219847e+01 1.000000000000000000e+00 0.000000000000000000e+00
2.300000000000000000e+02 4.082272082673280522e+01 1.000000000000000000e+00 0.000000000000000000e+00
2.310000000000000000e+02 4.039855642678323022e+01 1.000000000000000000e+00 0.000000000000000000e+00
2.320000000000000000e+02 4.133111386106052265e+01 0.000000000000000000e+00 0.000000000000000000e+00
2.330000000000000000e+02 4.003831242019594328e+01 1.000000000000000000e+00 0.000000000000000000e+00
2.340000000000000000e+02 4.209796082466411349e+01 1.000000000000000000e+00 0.000000000000000000e+00
2.350000000000000000e+02 4.426816813560098751e+01 0.000000000000000000e+00 0.000000000000000000e+00
2.360000000000000000e+02 4.148631406537460720e+01 1.000000000000000000e+00 0.000000000000000000e+00
2.370000000000000000e+02 4.272595723712029070e+01 0.000000000000000000e+00 0.000000000000000000e+00
2.380000000000000000e+02 4.098271379743805198e+01 2.000000000000000000e+00 0.000000000000000000e+00
2.390000000000000000e+02 4.185145774562889187e+01 0.000000000000000000e+00 0.000000000000000000e+00
2.400000000000000000e+02 4.169969751089438859e+01 2.000000000000000000e+00 0.000000000000000000e+00
2.410000000000000000e+02 4.325435849960386747e+01 0.000000000000000000e+00 0.000000000000000000e+00
2.420000000000000000e+02 4.338363502525955795e+01 1.000000000000000000e+00 0.000000000000000000e+00
2.430000000000000000e+02 4.271467185165960956e+01 1.000000000000000000e+00 0.000000000000000000e+00
2.440000000000000000e+02 4.335934710280090343e+01 2.000000000000000000e+00 0.000000000000000000e+00
2.450000000000000000e+02 4.291862999897270470e+01 1.000000000000000000e+00 0.000000000000000000e+00
2.460000000000000000e+02 4.329965506593301683e+01 0.000000000000000000e+00 0.000000000000000000e+00
2.470000000000000000e+02 4.215110270907095469e+01 2.000000000000000000e+00 0.000000000000000000e+00
2.480000000000000000e+02 4.362334547162580378e+01 0.000000000000000000e+00 0.000000000000000000e+00
2.490000000000000000e+02 4.410644319904177024e+01 0.000000000000000000e+00 0.000000000000000000e+00
2.500000000000000000e+02 4.380421439785998672e+01 1.000000000000000000e+00 0.000000000000000000e+00
2.510000000000000000e+02 4.459947672259793450e+01 0.000000000000000000e+00 0.000000000000000000e+00
2.520000000000000000e+02 4.368449438087675674e+01 2.000000000000000000e+00 0.000000000000000000e+00
2.530000000000000000e+02 4.303249795965039937e+01 1.000000000000000000e+00 0.000000000000000000e+00
2.540000000000000000e+02 4.367153665265799134e+01 2.000000000000000000e+00 0.000000000000000000e+00
2.550000000000000000e+02 4.431720213006022391e+01 0.000000000000000000e+00 0.000000000000000000e+00
2.560000000000000000e+02 4.441914062181353273e+01 1.000000000000000000e+00 0.000000000000000000e+00
2.570000000000000000e+02 4.340831196717346074e+01 1.000000000000000000e+00 0.000000000000000000e+00
2.580000000000000000e+02 4.441176723227771816e+01 0.000000000000000000e+00 0.000000000000000000e+00
2.590000000000000000e+02 4.683912712069002993e+01 1.000000000000000000e+00 0.000000000000000000e+00
2.600000000000000000e+02 4.543411595295822991e+01 0.000000000000000000e+00 0.000000000000000000e+00
2.610000000000000000e+02 4.709645013410401049e+01 0.000000000000000000e+00 0.000000000000000000e+00
2.620000000000000000e+02 4.557717792352947583e+01 2.000000000000000000e+00 0.000000000000000000e+00
2.630000000000000000e+02 4.720976277581168290e+01 0.000000000000000000e+00 0.000000000000000000e+00
2.640000000000000000e+02 4.722900825992999074e+01 2.000000000000000000e+00 0.000000000000000000e+00
2.650000000000000000e+02 4.751300471969278050e+01 0.000000000000000000e+00 0.000000000000000000e+00
2.660000000000000000e+02 4.658645532063854944e+01 1.000000000000000000e+00 0.000000000000000000e+00
2.670000000000000000e+02 4.757730376194924560e+01 1.000000000000000000e+00 0.000000000000000000e+00
2.680000000000000000e+02 4.764889752605511575e+01 1.000000000000000000e+00 0.000000000000000000e+00
2.690000000000000000e+02 4.620017860216044880e+01 2.000000000000000000e+00 0.000000000000000000e+00
2.700000000000000000e+02 4.601041734427772667e+01 0.000000000000000000e+00 0.000000000000000000e+00
2.710000000000000000e+02 4.520300777273243398e+01 2.000000000000000000e+00 0.000000000000000000e+00
2.720000000000000000e+02 4.558291166266951677e+01 0.000000000000000000e+00 0.000000000000000000e+00
2.730000000000000000e+02 4.766316534841809016e+01 1.000000000000000000e+00 0.000000000000000000e+00
2.740000000000000000e+02 4.867171649438880365e+01 0.000000000000000000e+00 0.000000000000000000e+00
2.750000000000000000e+02 4.517003967590126479e+01 2.000000000000000000e+00 0.000000000000000000e+00
2.760000000000000000e+02 4.752298031435218917e+01 0.000000000000000000e+00 0.000000000000000000e+00
2.770000000000000000e+02 4.856487696693923084e+01 0.000000000000000000e+00 0.000000000000000000e+00
2.780000000000000000e+02 4.951386558371393676e+01 1.000000000000000000e+00 0.000000000000000000e+00
2.790000000000000000e+02 4.768067284356548186e+01 1.000000000000000000e+00 0.000000000000000000e+00
2.800000000000000000e+02 4.893821962780132395e+01 1.000000000000000000e+00 0.000000000000000000e+00
2.810000000000000000e+02 5.059406228947131012e+01 0.000000000000000000e+00 0.000000000000000000e+00
2.820000000000000000e+02 5.077467220050056085e+01 0.000000000000000000e+00 0.000000000000000000e+00
2.830000000000000000e+02 4.894278372935004739e+01 2.000000000000000000e+00 0.000000000000000000e+00
2.840000000000000000e+02 5.039678564471815037e+01 1.000000000000000000e+00 0.000000000000000000e+00
2.850000000000000000e+02 4.927764295240655201e+01 2.000000000000000000e+00 0.000000000000000000e+00
2.860000000000000000e+02 4.895041836911052258e+01 2.000000000000000000e+00 0.000000000000000000e+00
2.870000000000000000e+02 4.906257908923866751e+01 0.000000000000000000e+00 0.000000000000000000e+00
2.880000000000000000e+02 4.944714404100204774e+01 0.000000000000000000e+00 0.000000000000000000e+00
2.890000000000000000e+02 5.165284756276533784e+01 1.000000000000000000e+00 0.000000000000000000e+00
2.900000000000000000e+02 5.182414918496476730e+01 0.000000000000000000e+00 0.000000000000000000e+00
2.910000000000000000e+02 5.196356615477051832e+01 0.000000000000000000e+00 0.000000000000000000e+00
2.920000000000000000e+02 5.387474483236538703e+01 0.000000000000000000e+00 0.000000000000000000e+00
2.930000000000000000e+02 5.188260499266510806e+01 2.000000000000000000e+00 0.000000000000000000e+00
2.940000000000000000e+02 5.078387778676142261e+01 2.000000000000000000e+00 0.000000000000000000e+00
2.950000000000000000e+02 5.233927728843717375e+01 0.000000000000000000e+00 0.000000000000000000e+00
2.960000000000000000e+02 5.044155476461232013e+01 2.000000000000000000e+00 0.000000000000000000e+00
2.970000000000000000e+02 5.287632888020171862e+01 0.000000000000000000e+00 0.000000000000000000e+00
2.980000000000000000e+02 5.134175176050897704e+01 2.000000000000000000e+00 0.000000000000000000e+00
2.990000000000000000e+02 5.226973800947038740e+01 0.000000000000000000e+00 0.000000000000000000e+00
3.000000000000000000e+02 5.313512159365951959e+01 0.000000000000000000e+00 0.000000000000000000e+00
3.010000000000000000e+02 5.271034513389299292e+01 2.000000000000000000e+00 0.000000000000000000e+00
3.020000000000000000e+02 5.355276538695776622e+01 0.000000000000000000e+00 0.000000000000000000e+00
3.030000000000000000e+02 5.308222344505133350e+01 2.000000000000000000e+00 0.000000000000000000e+00
3.040000000000000000e+02 5.281041664721193030e+01 1.000000000000000000e+00 0.000000000000000000e+00
3.050000000000000000e+02 5.156243178628601243e+01 1.000000000000000000e+00 0.000000000000000000e+00
3.060000000000000000e+02 5.307624921017762176e+01 1.000000000000000000e+00 0.000000000000000000e+00
3.070000000000000000e+02 5.275615435865231007e+01 0.000000000000000000e+00 0.000000000000000000e+00
3.080000000000000000e+02 5.304192589822816473e+01 1.000000000000000000e+00 0.000000000000000000e+00
3.090000000000000000e+02 5.246267041744312820e+01 0.000000000000000000e+00 0.000000000000000000e+00
3.100000000000000000e+02 5.282496017577278735e+01 2.000000000000000000e+00 0.000000000000000000e+00
3.110000000000000000e+02 5.419842409561024965e+01 0.000000000000000000e+00 0.000000000000000000e+00
3.120000000000000000e+02 5.317391188369067834e+01 2.000000000000000000e+00 0.000000000000000000e+00
3.130000000000000000e+02 5.365017750685716891e+01 0.000000000000000000e+00 0.000000000000000000e+00
3.140000000000000000e+02 5.475273134722696255e+01 0.000000000000000000e+00 0.000000000000000000e+00
3.150000000000000000e+02 5.584801736759951041e+01 0.000000000000000000e+00 0.000000000000000000e+00
3.160000000000000000e+02 5.528672420828474543e+01 2.000000000000000000e+00 0.000000000000000000e+00
3.170000000000000000e+02 5.364384773520738037e+01 2.000000000000000000e+00 0.000000000000000000e+00
3.180000000000000000e+02 5.337464154759365442e+01 2.000000000000000000e+00 0.000000000000000000e+00
3.190000000000000000e+02 5.338201668770403785e+01 0.000000000000000000e+00 0.000000000000000000e+00
3.200000000000000000e+02 5.492818171269207284e+01 0.000000000000000000e+00 0.000000000000000000e+00
3.210000000000000000e+02 5.438216134637521293e+01 1.000000000000000000e+00 0.000000000000000000e+00
3.220000000000000000e+02 5.523190747848421722e+01 0.000000000000000000e+00 0.000000000000000000e+00
3.230000000000000000e+02 5.714357090932319494e+01 0.000000000000000000e+00 0.000000000000000000e+00
3.240000000000000000e+02 5.770944996503288138e+01 0.000000000000000000e+00 0.000000000000000000e+00
3.250000000000000000e+02 5.750435629187978748e+01 1.000000000000000000e+00 0.000000000000000000e+00
3.260000000000000000e+02 5.835957975624979355e+01 0.000000000000000000e+00 0.000000000000000000e+00
3.270000000000000000e+02 5.742419628266311804e+01 2.000000000000000000e+00 0.000000000000000000e+00
3.280000000000000000e+02 5.995967860822837991e+01 0.000000000000000000e+00 0.000000000000000000e+00
3.290000000000000000e+02 6.035037604362296548e+01 0.000000000000000000e+00 0.000000000000000000e+00
3.300000000000000000e+02 5.974354979751117867e+01 1.000000000000000000e+00 0.000000000000000000e+00
3.310000000000000000e+02 6.199428551278769817e+01 0.000000000000000000e+00 0.000000000000000000e+00
3.320000000000000000e+02 6.128020559641988996e+01 1.000000000000000000e+00 0.000000000000000000e+00
3.330000000000000000e+02 5.940045007689624157e+01 2.000000000000000000e+00 0.000000000000000000e+00
3.340000000000000000e+02 6.146036891161848104e+01 0.000000000000000000e+00 0.000000000000000000e+00
3.350000000000000000e+02 6.196744672459127656e+01 0.000000000000000000e+00 0.000000000000000000e+00
3.360000000000000000e+02 6.188568359719268841e+01 2.000000000000000000e+00 0.000000000000000000e+00
3.370000000000000000e+02 6.049531625067515961e+01 1.000000000000000000e+00 0.000000000000000000e+00
3.380000000000000000e+02 6.065599389897400329e+01 2.000000000000000000e+00 0.000000000000000000e+00
3.390000000000000000e+02 5.838936284148069689e+01 2.000000000000000000e+00 0.000000000000000000e+00
3.400000000000000000e+02 6.018567491102206901e+01 0.000000000000000000e+00 0.000000000000000000e+00
3.410000000000000000e+02 6.111647149248465638e+01 2.000000000000000000e+00 0.000000000000000000e+00
3.420000000000000000e+02 5.865226894328124985e+01 1.000000000000000000e+00 0.000000000000000000e+00
3.430000000000000000e+02 5.759338285415947212e+01 2.000000000000000000e+00 0.000000000000000000e+00
3.440000000000000000e+02 5.803342355986283962e+01 0.000000000000000000e+00 0.000000000000000000e+00
3.450000000000000000e+02 5.895246942049185179e+01 2.000000000000000000e+00 0.000000000000000000e+00
3.460000000000000000e+02 5.798645243519314363e+01 1.000000000000000000e+00 0.000000000000000000e+00
3.470000000000000000e+02 5.787511118462693815e+01 2.000000000000000000e+00 0.000000000000000000e+00
3.480000000000000000e+02 5.475532608517298883e+01 2.000000000000000000e+00 0.000000000000000000e+00
3.490000000000000000e+02 5.563554168312913362e+01 2.000000000000000000e+00 0.000000000000000000e+00
3.500000000000000000e+02 5.374049595241036315e+01 0.000000000000000000e+00 0.000000000000000000e+00
3.510000000000000000e+02 5.656197806806951434e+01 1.000000000000000000e+00 0.000000000000000000e+00
3.520000000000000000e+02 5.533023288300542220e+01 1.000000000000000000e+00 0.000000000000000000e+00
3.530000000000000000e+02 5.551837167319327904e+01 1.000000000000000000e+00 0.000000000000000000e+00
3.540000000000000000e+02 5.527281342929622099e+01 1.000000000000000000e+00 0.000000000000000000e+00
3.550000000000000000e+02 5.706216160859860764e+01 0.000000000000000000e+00 0.000000000000000000e+00
3.560000000000000000e+02 5.882176142156176013e+01 1.000000000000000000e+00 0.000000000000000000e+00
3.570000000000000000e+02 5.686968736190626572e+01 1.000000000000000000e+00 0.000000000000000000e+00
3.580000000000000000e+02 5.540878664604729664e+01 1.000000000000000000e+00 0.000000000000000000e+00
3.590000000000000000e+02 5.670284171590457589e+01 1.000000000000000000e+00 0.000000000000000000e+00
3.600000000000000000e+02 5.842046798306591171e+01 0.000000000000000000e+00 0.000000000000000000e+00
3.610000000000000000e+02 5.733695443227107091e+01 1.000000000000000000e+00 0.000000000000000000e+00
3.620000000000000000e+02 5.815834855627207389e+01 1.000000000000000000e+00 0.000000000000000000e+00
3.630000000000000000e+02 5.889528386965925932e+01 0.000000000000000000e+00 0.000000000000000000e+00
3.640000000000000000e+02 5.944227881039576999e+01 2.000000000000000000e+00 0.000000000000000000e+00
3.650000000000000000e+02 5.821310997824789268e+01 1.000000000000000000e+00 0.000000000000000000e+00
3.660000000000000000e+02 5.950894432820115298e+01 0.000000000000000000e+00 0.000000000000000000e+00
3.670000000000000000e+02 5.840796566779839338e+01 1.000000000000000000e+00 0.000000000000000000e+00
3.680000000000000000e+02 5.996892964914020041e+01 0.000000000000000000e+00 0.000000000000000000e+00
3.690000000000000000e+02 6.152751969672306132e+01 0.000000000000000000e+00 0.000000000000000000e+00
3.700000000000000000e+02 6.304608254359278163e+01 0.000000000000000000e+00 0.000000000000000000e+00
3.710000000000000000e+02 6.330881248350123514e+01 1.000000000000000000e+00 0.000000000000000000e+00
3.720000000000000000e+02 6.512685402953979974e+01 0.000000000000000000e+00 0.000000000000000000e+00
3.730000000000000000e+02 6.333528513652893821e+01 0.000000000000000000e+00 0.000000000000000000e+00
3.740000000000000000e+02 6.347806833000925764e+01 1.000000000000000000e+00 0.000000000000000000e+00
3.750000000000000000e+02 6.192870119678884322e+01 2.000000000000000000e+00 0.000000000000000000e+00
3.760000000000000000e+02 6.110900954635263815e+01 2.000000000000000000e+00 0.000000000000000000e+00
3.770000000000000000e+02 6.266500003541136010e+01 0.000000000000000000e+00 0.000000000000000000e+00
3.780000000000000000e+02 6.106317398710247346e+01 2.000000000000000000e+00 0.000000000000000000e+00
3.790000000000000000e+02 6.189771256235807328e+01 0.000000000000000000e+00 0.000000000000000000e+00
3.800000000000000000e+02 6.318699373429382860e+01 1.000000000000000000e+00 0.000000000000000000e+00
3.810000000000000000e+02 6.174796444221394864e+01 2.000000000000000000e+00 0.000000000000000000e+00
3.820000000000000000e+02 6.345769809724487942e+01 0.000000000000000000e+00 0.000000000000000000e+00
3.830000000000000000e+02 6.227218670862908567e+01 1.000000000000000000e+00 0.000000000000000000e+00
3.840000000000000000e+02 6.223196009142494489e+01 1.000000000000000000e+00 0.000000000000000000e+00
3.850000000000000000e+02 6.430465929154100024e+01 0.000000000000000000e+00 0.000000000000000000e+00
3.860000000000000000e+02 6.512081557819425370e+01 0.000000000000000000e+00 0.000000000000000000e+00
3.870000000000000000e+02 6.173486311892759915e+01 2.000000000000000000e+00 0.000000000000000000e+00
3.880000000000000000e+02 6.412695861416462151e+01 0.000000000000000000e+00 0.000000000000000000e+00
3.890000000000000000e+02 6.348328301101270199e+01 2.000000000000000000e+00 0.000000000000000000e+00
3.900000000000000000e+02 6.447100180057050522e+01 0.000000000000000000e+00 0.000000000000000000e+00
3.910000000000000000e+02 6.515961326191896319e+01 0.000000000000000000e+00 0.000000000000000000e+00
3.920000000000000000e+02 6.706172313945110375e+01 1.000000000000000000e+00 0.000000000000000000e+00
3.930000000000000000e+02 6.533002625263989671e+01 1.000000000000000000e+00 0.000000000000000000e+00
3.940000000000000000e+02 6.746689090038529457e+01 0.000000000000000000e+00 0.000000000000000000e+00
3.950000000000000000e+02 6.707449757765529341e+01 1.000000000000000000e+00 0.000000000000000000e+00
3.960000000000000000e+02 6.773988038905623910e+01 1.000000000000000000e+00 0.000000000000000000e+00
3.970000000000000000e+02 6.559373073614476368e+01 2.000000000000000000e+00 0.000000000000000000e+00
3.980000000000000000e+02 6.782255174569262124e+01 0.000000000000000000e+00 0.000000000000000000e+00
3.990000000000000000e+02 6.773680303627416777e+01 0.000000000000000000e+00 0.000000000000000000e+00
4.000000000000000000e+02 6.875828006016497795e+01 0.000000000000000000e+00 0.000000000000000000e+00
4.010000000000000000e+02 6.815493546957802096e+01 2.000000000000000000e+00 0.000000000000000000e+00
4.020000000000000000e+02 6.889599810891463960e+01 0.000000000000000000e+00 0.000000000000000000e+00
4.030000000000000000e+02 7.009419905311743548e+01 1.000000000000000000e+00 0.000000000000000000e+00
4.040000000000000000e+02 6.659968789252332044e+01 2.000000000000000000e+00 0.000000000000000000e+00
4.050000000000000000e+02 6.686190975937222447e+01 2.000000000000000000e+00 0.000000000000000000e+00
4.060000000000000000e+02 6.920607478617502295e+01 0.000000000000000000e+00 0.000000000000000000e+00
4.070000000000000000e+02 6.916805614499116928e+01 0.000000000000000000e+00 0.000000000000000000e+00
4.080000000000000000e+02 6.863511225423449957e+01 0.000000000000000000e+00 0.000000000000000000e+00
4.090000000000000000e+02 6.916238069136589672e+01 1.000000000000000000e+00 0.000000000000000000e+00
4.100000000000000000e+02 7.051051951045536725e+01 0.000000000000000000e+00 0.000000000000000000e+00
4.110000000000000000e+02 7.003814859182919861e+01 2.000000000000000000e+00 0.000000000000000000e+00
4.120000000000000000e+02 7.117769616604380190e+01 0.000000000000000000e+00 0.000000000000000000e+00
4.130000000000000000e+02 7.158414273214700074e+01 1.000000000000000000e+00 0.000000000000000000e+00
4.140000000000000000e+02 7.175756985123715026e+01 1.000000000000000000e+00 0.000000000000000000e+00
4.150000000000000000e+02 7.025142053817820909e+01 1.000000000000000000e+00 0.000000000000000000e+00
4.160000000000000000e+02 7.022672148731443542e+01 2.000000000000000000e+00 0.000000000000000000e+00
4.170000000000000000e+02 7.045846423361459188e+01 0.000000000000000000e+00 0.000000000000000000e+00
4.180000000000000000e+02 7.003167815973530708e+01 2.000000000000000000e+00 0.000000000000000000e+00
4.190000000000000000e+02 7.070366398264188490e+01 0.000000000000000000e+00 0.000000000000000000e+00
4.200000000000000000e+02 7.142867433010373190e+01 0.000000000000000000e+00 0.000000000000000000e+00
4.210000000000000000e+02 7.396282661912245260e+01 0.000000000000000000e+00 0.000000000000000000e+00
4.220000000000000000e+02 7.331313790358417748e+01 2.000000000000000000e+00 0.000000000000000000e+00
4.230000000000000000e+02 7.207430592277513881e+01 0.000000000000000000e+00 0.000000000000000000e+00
4.240000000000000000e+02 7.212359794219614173e+01 1.000000000000000000e+00 0.000000000000000000e+00
4.250000000000000000e+02 7.128650028388547355e+01 1.000000000000000000e+00 0.000000000000000000e+00
4.260000000000000000e+02 7.330804771343612458e+01 1.000000000000000000e+00 0.000000000000000000e+00
4.270000000000000000e+02 7.350379390421461778e+01 0.000000000000000000e+00 0.000000000000000000e+00
4.280000000000000000e+02 7.687941183438063319e+01 0.000000000000000000e+00 0.000000000000000000e+00
4.290000000000000000e+02 7.582944498525451138e+01 0.000000000000000000e+00 0.000000000000000000e+00
4.300000000000000000e+02 7.812584487501320041e+01 0.000000000000000000e+00 0.000000000000000000e+00
4.310000000000000000e+02 7.548679843092625674e+01 2.000000000000000000e+00 0.000000000000000000e+00
4.320000000000000000e+02 7.604073853343250278e+01 2.000000000000000000e+00 0.000000000000000000e+00
4.330000000000000000e+02 7.745382648048305896e+01 0.000000000000000000e+00 0.000000000000000000e+00
4.340000000000000000e+02 7.655276410969956657e+01 0.000000000000000000e+00 0.000000000000000000e+00
4.350000000000000000e+02 7.684117698060983059e+01 0.000000000000000000e+00 0.000000000000000000e+00
4.360000000000000000e+02 7.802209578040823601e+01 2.000000000000000000e+00 0.000000000000000000e+00
4.370000000000000000e+02 7.650965687700056606e+01 2.000000000000000000e+00 0.000000000000000000e+00
4.380000000000000000e+02 7.642170040451000546e+01 0.000000000000000000e+00 0.000000000000000000e+00
4.390000000000000000e+02 7.756009209696890139e+01 1.000000000000000000e+00 0.000000000000000000e+00
4.400000000000000000e+02 7.749444950541440846e+01 1.000000000000000000e+00 0.000000000000000000e+00
4.410000000000000000e+02 7.649191862351233340e+01 2.000000000000000000e+00 0.000000000000000000e+00
4.420000000000000000e+02 7.803451201923668634e+01 0.000000000000000000e+00 0.000000000000000000e+00
4.430000000000000000e+02 7.799012944429024685e+01 0.000000000000000000e+00 0.000000000000000000e+00
4.440000000000000000e+02 7.953602798806281271e+01 0.000000000000000000e+00 0.000000000000000000e+00
4.450000000000000000e+02 7.870374929087023474e+01 1.000000000000000000e+00 0.000000000000000000e+00
4.460000000000000000e+02 7.824392195759801893e+01 1.000000000000000000e+00 0.000000000000000000e+00
4.470000000000000000e+02 7.869861266031008995e+01 0.000000000000000000e+00 0.000000000000000000e+00
4.480000000000000000e+02 8.065385113209417511e+01 1.000000000000000000e+00 0.000000000000000000e+00
4.490000000000000000e+02 8.116809612673289109e+01 0.000000000000000000e+00 0.000000000000000000e+00
4.500000000000000000e+02 8.069490017973444651e+01 2.000000000000000000e+00 0.000000000000000000e+00
4.510000000000000000e+02 7.990449670880865085e+01 1.000000000000000000e+00 0.000000000000000000e+00
4.520000000000000000e+02 7.836750118174717272e+01 2.000000000000000000e+00 0.000000000000000000e+00
4.530000000000000000e+02 7.823522855788438335e+01 0.000000000000000000e+00 0.000000000000000000e+00
4.540000000000000000e+02 7.937199113145767626e+01 1.000000000000000000e+00 0.000000000000000000e+00
4.550000000000000000e+02 8.110404644335048374e+01 0.000000000000000000e+00 0.000000000000000000e+00
4.560000000000000000e+02 8.116115220532384456e+01 0.000000000000000000e+00 0.000000000000000000e+00
4.570000000000000000e+02 8.339441318596587394e+01 0.000000000000000000e+00 0.000000000000000000e+00
4.580000000000000000e+02 8.506833610559701242e+01 0.000000000000000000e+00 0.000000000000000000e+00
4.590000000000000000e+02 8.400596081503459800e+01 2.000000000000000000e+00 0.000000000000000000e+00
4.600000000000000000e+02 8.354421394985961058e+01 0.000000000000000000e+00 0.000000000000000000e+00
4.610000000000000000e+02 8.373373221977689695e+01 2.000000000000000000e+00 0.000000000000000000e+00
4.620000000000000000e+02 8.400073234329666150e+01 0.000000000000000000e+00 0.000000000000000000e+00
4.630000000000000000e+02 8.278660567079998600e+01 2.000000000000000000e+00 0.000000000000000000e+00
4.640000000000000000e+02 8.151261913814737170e+01 2.000000000000000000e+00 0.000000000000000000e+00
4.650000000000000000e+02 8.336725335753438060e+01 1.000000000000000000e+00 0.000000000000000000e+00
4.660000000000000000e+02 8.255272312884235930e+01 1.000000000000000000e+00 0.000000000000000000e+00
4.670000000000000000e+02 8.159041370993172393e+01 1.000000000000000000e+00 0.000000000000000000e+00
4.680000000000000000e+02 8.185838247498197973e+01 1.000000000000000000e+00 0.000000000000000000e+00
4.690000000000000000e+02 8.289099637619310101e+01 0.000000000000000000e+00 0.000000000000000000e+00
4.700000000000000000e+02 8.314138945560900140e+01 1.000000000000000000e+00 0.000000000000000000e+00
4.710000000000000000e+02 8.276481160716409136e+01 0.000000000000000000e+00 0.000000000000000000e+00
4.720000000000000000e+02 8.407392216207328772e+01 1.000000000000000000e+00 0.000000000000000000e+00
4.730000000000000000e+02 8.414856315111896379e+01 1.000000000000000000e+00 0.000000000000000000e+00
4.740000000000000000e+02 8.512494653349696705e+01 0.000000000000000000e+00 0.000000000000000000e+00
4.750000000000000000e+02 8.378037404024760804e+01 2.000000000000000000e+00 0.000000000000000000e+00
4.760000000000000000e+02 8.459554593178168602e+01 0.000000000000000000e+00 0.000000000000000000e+00
4.770000000000000000e+02 8.464631786425358939e+01 2.000000000000000000e+00 0.000000000000000000e+00
4.780000000000000000e+02 8.355960644785542968e+01 1.000000000000000000e+00 0.000000000000000000e+00
4.790000000000000000e+02 8.613271320087623906e+01 0.000000000000000000e+00 0.000000000000000000e+00
4.800000000000000000e+02 8.563606315264757995e+01 2.000000000000000000e+00 0.000000000000000000e+00
4.810000000000000000e+02 8.505558676347921221e+01 0.000000000000000000e+00 0.000000000000000000e+00
4.820000000000000000e+02 8.514561795197482752e+01 0.000000000000000000e+00 0.000000000000000000e+00
4.830000000000000000e+02 8.568285100416549938e+01 0.000000000000000000e+00 0.000000000000000000e+00
4.840000000000000000e+02 8.656223842684593706e+01 1.000000000000000000e+00 0.000000000000000000e+00
4.850000000000000000e+02 8.753689703182084259e+01 0.000000000000000000e+00 0.000000000000000000e+00
4.860000000000000000e+02 8.806777121105794492e+01 1.000000000000000000e+00 0.000000000000000000e+00
4.870000000000000000e+02 8.772541128457839932e+01 1.000000000000000000e+00 0.000000000000000000e+00
4.880000000000000000e+02 8.994676667749644139e+01 1.000000000000000000e+00 0.000000000000000000e+00
4.890000000000000000e+02 8.791379030170595854e+01 1.000000000000000000e+00 0.000000000000000000e+00
4.900000000000000000e+02 8.580198717297699318e+01 1.000000000000000000e+00 0.000000000000000000e+00
4.910000000000000000e+02 8.860695204846823003e+01 0.000000000000000000e+00 0.000000000000000000e+00
4.920000000000000000e+02 8.991568278573350881e+01 0.000000000000000000e+00 0.000000000000000000e+00
4.930000000000000000e+02 9.103617303573651043e+01 1.000000000000000000e+00 0.000000000000000000e+00
4.940000000000000000e+02 9.048846622161555331e+01 1.000000000000000000e+00 0.000000000000000000e+00
4.950000000000000000e+02 9.114706018519773068e+01 0.000000000000000000e+00 0.000000000000000000e+00
4.960000000000000000e+02 9.237521207137959323e+01 0.000000000000000000e+00 0.000000000000000000e+00
4.970000000000000000e+02 9.337223085226185049e+01 1.000000000000000000e+00 0.000000000000000000e+00
4.980000000000000000e+02 9.178826418211875193e+01 1.000000000000000000e+00 0.000000000000000000e+00
4.990000000000000000e+02 9.179300625186500895e+01 1.000000000000000000e+00 0.000000000000000000e+00
5.000000000000000000e+02 9.146053523102720817e+01 1.000000000000000000e+00 0.000000000000000000e+00
5.010000000000000000e+02 9.246003750288379308e+01 0.000000000000000000e+00 0.000000000000000000e+00
5.020000000000000000e+02 9.333666219160301125e+01 1.000000000000000000e+00 0.000000000000000000e+00
5.030000000000000000e+02 9.477263214584614559e+01 1.000000000000000000e+00 0.000000000000000000e+00
5.040000000000000000e+02 9.355339424692974148e+01 1.000000000000000000e+00 0.000000000000000000e+00
5.050000000000000000e+02 9.118734693969811644e+01 2.000000000000000000e+00 0.000000000000000000e+00
5.060000000000000000e+02 9.274242259151787948e+01 0.000000000000000000e+00 0.000000000000000000e+00
5.070000000000000000e+02 9.232938339142062034e+01 1.000000000000000000e+00 0.000000000000000000e+00
5.080000000000000000e+02 9.336520310476241491e+01 0.000000000000000000e+00 0.000000000000000000e+00
5.090000000000000000e+02 9.350061744690448506e+01 2.000000000000000000e+00 0.000000000000000000e+00
5.100000000000000000e+02 9.487606946031023369e+01 0.000000000000000000e+00 0.000000000000000000e+00
5.110000000000000000e+02 9.458710576981260942e+01 0.000000000000000000e+00 0.000000000000000000e+00
5.120000000000000000e+02 9.457734041898068256e+01 1.000000000000000000e+00 0.000000000000000000e+00
5.130000000000000000e+02 9.650470636981508221e+01 0.000000000000000000e+00 0.000000000000000000e+00
5.140000000000000000e+02 9.562742807384267962e+01 1.000000000000000000e+00 0.000000000000000000e+00
5.150000000000000000e+02 9.663028948070456181e+01 1.000000000000000000e+00 0.000000000000000000e+00
5.160000000000000000e+02 9.547955793382173795e+01 1.000000000000000000e+00 0.000000000000000000e+00
5.170000000000000000e+02 9.761483984261570868e+01 0.000000000000000000e+00 0.000000000000000000e+00
5.180000000000000000e+02 9.648387399707023349e+01 1.000000000000000000e+00 0.000000000000000000e+00
5.190000000000000000e+02 9.673962935468513535e+01 1.000000000000000000e+00 0.000000000000000000e+00
5.200000000000000000e+02 9.763398582538367521e+01 1.000000000000000000e+00 0.000000000000000000e+00
5.210000000000000000e+02 9.623774322466002218e+01 1.000000000000000000e+00 0.000000000000000000e+00
5.220000000000000000e+02 9.558616184354767142e+01 2.000000000000000000e+00 0.000000000000000000e+00
5.230000000000000000e+02 9.492172959287601941e+01 1.000000000000000000e+00 0.000000000000000000e+00
5.240000000000000000e+02 9.593757879865104599e+01 1.000000000000000000e+00 0.000000000000000000e+00
5.250000000000000000e+02 9.646297058689286530e+01 0.000000000000000000e+00 0.000000000000000000e+00
5.260000000000000000e+02 9.707482333482985837e+01 2.000000000000000000e+00 0.000000000000000000e+00
5.270000000000000000e+02 9.442965825419777559e+01 2.000000000000000000e+00 0.000000000000000000e+00
5.280000000000000000e+02 9.523260100030543640e+01 1.000000000000000000e+00 0.000000000000000000e+00
5.290000000000000000e+02 9.479047306611496992e+01 2.000000000000000000e+00 0.000000000000000000e+00
5.300000000000000000e+02 9.470913370880850835e+01 0.000000000000000000e+00 0.000000000000000000e+00
5.310000000000000000e+02 9.524875855978197592e+01 1.000000000000000000e+00 0.000000000000000000e+00
5.320000000000000000e+02 9.506396060453714369e+01 0.000000000000000000e+00 0.000000000000000000e+00
5.330000000000000000e+02 9.503224867151769217e+01 1.000000000000000000e+00 0.000000000000000000e+00
5.340000000000000000e+02 9.714374049825049440e+01 1.000000000000000000e+00 0.000000000000000000e+00
5.350000000000000000e+02 9.689100498695852082e+01 1.000000000000000000e+00 0.000000000000000000e+00
5.360000000000000000e+02 9.722049409816919763e+01 1.000000000000000000e+00 0.000000000000000000e+00
5.370000000000000000e+02 9.688284353399254201e+01 0.000000000000000000e+00 0.000000000000000000e+00
5.380000000000000000e+02 9.944359425149043830e+01 0.000000000000000000e+00 0.000000000000000000e+00
5.390000000000000000e+02 9.936616176252262278e+01 0.000000000000000000e+00 0.000000000000000000e+00
5.400000000000000000e+02 1.001074449506658226e+02 1.000000000000000000e+00 0.000000000000000000e+00
5.410000000000000000e+02 9.908518321297029274e+01 2.000000000000000000e+00 0.000000000000000000e+00
5.420000000000000000e+02 9.676476095736643401e+01 1.000000000000000000e+00 0.000000000000000000e+00
5.430000000000000000e+02 9.690353747884522306e+01 2.000000000000000000e+00 0.000000000000000000e+00
5.440000000000000000e+02 9.716466777070590410e+01 0.000000000000000000e+00 0.000000000000000000e+00
5.450000000000000000e+02 9.820665848260932762e+01 2.000000000000000000e+00 0.000000000000000000e+00
5.460000000000000000e+02 9.766378198182682979e+01 0.000000000000000000e+00 0.000000000000000000e+00
5.470000000000000000e+02 9.693734824328083732e+01 2.000000000000000000e+00 0.000000000000000000e+00
5.480000000000000000e+02 9.813640316502049643e+01 0.000000000000000000e+00 0.000000000000000000e+00
5.490000000000000000e+02 9.822578080281181201e+01 1.000000000000000000e+00 0.000000000000000000e+00
5.500000000000000000e+02 9.712906203136401473e+01 1.000000000000000000e+00 0.000000000000000000e+00
5.510000000000000000e+02 9.938307124393007541e+01 0.000000000000000000e+00 0.000000000000000000e+00
5.520000000000000000e+02 9.830554184400762097e+01 1.000000000000000000e+00 0.000000000000000000e+00
5.530000000000000000e+02 9.970006614733763683e+01 1.000000000000000000e+00 0.000000000000000000e+00
5.540000000000000000e+02 9.879822682349755780e+01 0.000000000000000000e+00 0.000000000000000000e+00
5.550000000000000000e+02 9.996674632538608307e+01 1.000000000000000000e+00 0.000000000000000000e+00
5.560000000000000000e+02 1.017302160405408387e+02 0.000000000000000000e+00 0.000000000000000000e+00
5.570000000000000000e+02 1.017222582255123768e+02 0.000000000000000000e+00 0.000000000000000000e+00
5.580000000000000000e+02 1.037017974016691397e+02 0.000000000000000000e+00 0.000000000000000000e+00
5.590000000000000000e+02 1.026424371924470762e+02 0.000000000000000000e+00 0.000000000000000000e+00
5.600000000000000000e+02 1.023191310515368997e+02 1.000000000000000000e+00 0.000000000000000000e+00
5.610000000000000000e+02 1.055428628705246155e+02 0.000000000000000000e+00 0.000000000000000000e+00
5.620000000000000000e+02 1.063581560863230493e+02 0.000000000000000000e+00 0.000000000000000000e+00
5.630000000000000000e+02 1.058525248631322029e+02 2.000000000000000000e+00 0.000000000000000000e+00
5.640000000000000000e+02 1.054533769809998773e+02 0.000000000000000000e+00 0.000000000000000000e+00
5.650000000000000000e+02 1.051734907742044385e+02 2.000000000000000000e+00 0.000000000000000000e+00
5.660000000000000000e+02 1.047571511940234359e+02 1.000000000000000000e+00 0.000000000000000000e+00
5.670000000000000000e+02 1.052370922829115614e+02 1.000000000000000000e+00 0.000000000000000000e+00
5.680000000000000000e+02 1.032000808109665968e+02 2.000000000000000000e+00 0.000000000000000000e+00
5.690000000000000000e+02 1.019270650874052393e+02 2.000000000000000000e+00 0.000000000000000000e+00
5.700000000000000000e+02 1.043018521302299462e+02 0.000000000000000000e+00 0.000000000000000000e+00
5.710000000000000000e+02 1.035827571409391084e+02 1.000000000000000000e+00 0.000000000000000000e+00
5.720000000000000000e+02 1.049559276409980697e+02 0.000000000000000000e+00 0.000000000000000000e+00
5.730000000000000000e+02 1.060460896809718037e+02 0.000000000000000000e+00 0.000000000000000000e+00
5.740000000000000000e+02 1.069142750950565670e+02 1.000000000000000000e+00 0.000000000000000000e+00
5.750000000000000000e+02 1.077628596688692966e+02 1.000000000000000000e+00 0.000000000000000000e+00
5.760000000000000000e+02 1.068258367693829030e+02 0.000000000000000000e+00 0.000000000000000000e+00
5.770000000000000000e+02 1.054296994255850279e+02 1.000000000000000000e+00 0.000000000000000000e+00
5.780000000000000000e+02 1.076669387492334522e+02 1.000000000000000000e+00 0.000000000000000000e+00
5.790000000000000000e+02 1.080528236281956254e+02 1.000000000000000000e+00 0.000000000000000000e+00
5.800000000000000000e+02 1.065445804236599372e+02 1.000000000000000000e+00 0.000000000000000000e+00
5.810000000000000000e+02 1.071086743490895259e+02 1.000000000000000000e+00 0.000000000000000000e+00
5.820000000000000000e+02 1.070841843276560752e+02 0.000000000000000000e+00 0.000000000000000000e+00
5.830000000000000000e+02 1.085338557242027520e+02 0.000000000000000000e+00 0.000000000000000000e+00
5.840000000000000000e+02 1.102996280134067604e+02 0.000000000000000000e+00 0.000000000000000000e+00
5.850000000000000000e+02 1.129742858097631313e+02 0.000000000000000000e+00 0.000000000000000000e+00
5.860000000000000000e+02 1.126794492309872169e+02 0.000000000000000000e+00 0.000000000000000000e+00
5.870000000000000000e+02 1.110522663569546751e+02 1.000000000000000000e+00 0.000000000000000000e+00
5.880000000000000000e+02 1.123041187638824567e+02 2.000000000000000000e+00 0.000000000000000000e+00
5.890000000000000000e+02 1.103826396433128565e+02 2.000000000000000000e+00 0.000000000000000000e+00
5.900000000000000000e+02 1.102470137377285084e+02 0.000000000000000000e+00 0.000000000000000000e+00
5.910000000000000000e+02 1.098659612170646511e+02 2.000000000000000000e+00 0.000000000000000000e+00
5.920000000000000000e+02 1.108779441009671274e+02 0.000000000000000000e+00 0.000000000000000000e+00
5.930000000000000000e+02 1.102186530534685431e+02 2.000000000000000000e+00 0.000000000000000000e+00
5.940000000000000000e+02 1.109439824314696921e+02 0.000000000000000000e+00 0.000000000000000000e+00
5.950000000000000000e+02 1.134678840241283098e+02 1.000000000000000000e+00 0.000000000000000000e+00
5.960000000000000000e+02 1.106030321485865073e+02 0.000000000000000000e+00 0.000000000000000000e+00
5.970000000000000000e+02 1.113114380817407181e+02 2.000000000000000000e+00 0.000000000000000000e+00
5.980000000000000000e+02 1.122731504081492346e+02 0.000000000000000000e+00 0.000000000000000000e+00
5.990000000000000000e+02 1.113542323915809504e+02 1.000000000000000000e+00 0.000000000000000000e+00
6.000000000000000000e+02 1.132211134287917673e+02 0.000000000000000000e+00 0.000000000000000000e+00
6.010000000000000000e+02 1.135585337307551441e+02 0.000000000000000000e+00 0.000000000000000000e+00
6.020000000000000000e+02 1.133548745782458127e+02 1.000000000000000000e+00 0.000000000000000000e+00
6.030000000000000000e+02 1.142771744583068170e+02 1.000000000000000000e+00 0.000000000000000000e+00
6.040000000000000000e+02 1.146380969299941484e+02 1.000000000000000000e+00 0.000000000000000000e+00
6.050000000000000000e+02 1.134413153181984768e+02 2.000000000000000000e+00 0.000000000000000000e+00
6.060000000000000000e+02 1.127970393732211249e+02 1.000000000000000000e+00 0.000000000000000000e+00
6.070000000000000000e+02 1.132829160655217180e+02 1.000000000000000000e+00 0.000000000000000000e+00
6.080000000000000000e+02 1.130319572265403991e+02 1.000000000000000000e+00 0.000000000000000000e+00
6.090000000000000000e+02 1.138879469853632855e+02 0.000000000000000000e+00 0.000000000000000000e+00
6.100000000000000000e+02 1.113454945091991988e+02 2.000000000000000000e+00 0.000000000000000000e+00
6.110000000000000000e+02 1.118052885236320719e+02 2.000000000000000000e+00 0.000000000000000000e+00
6.120000000000000000e+02 1.140117314885281985e+02 0.000000000000000000e+00 0.000000000000000000e+00
6.130000000000000000e+02 1.158539379838586854e+02 0.000000000000000000e+00 0.000000000000000000e+00
6.140000000000000000e+02 1.139116600972349431e+02 2.000000000000000000e+00 0.000000000000000000e+00
6.150000000000000000e+02 1.148583258367793860e+02 0.000000000000000000e+00 0.000000000000000000e+00
6.160000000000000000e+02 1.150671236485832907e+02 0.000000000000000000e+00 0.000000000000000000e+00
6.170000000000000000e+02 1.154566443619833933e+02 2.000000000000000000e+00 0.000000000000000000e+00
6.180000000000000000e+02 1.146576402700890185e+02 1.000000000000000000e+00 0.000000000000000000e+00
6.190000000000000000e+02 1.120222713434100399e+02 2.000000000000000000e+00 0.000000000000000000e+00
6.200000000000000000e+02 1.139161630153719216e+02 0.000000000000000000e+00 0.000000000000000000e+00
6.210000000000000000e+02 1.123082528486061022e+02 2.000000000000000000e+00 0.000000000000000000e+00
6.220000000000000000e+02 1.148012586677127018e+02 0.000000000000000000e+00 0.000000000000000000e+00
6.230000000000000000e+02 1.117319613056284453e+02 2.000000000000000000e+00 0.000000000000000000e+00
6.240000000000000000e+02 1.130517414890802854e+02 1.000000000000000000e+00 0.000000000000000000e+00
6.250000000000000000e+02 1.130282756815600465e+02 1.000000000000000000e+00 0.000000000000000000e+00
6.260000000000000000e+02 1.160275195054612283e+02 0.000000000000000000e+00 0.000000000000000000e+00
6.270000000000000000e+02 1.149770304742276466e+02 0.000000000000000000e+00 0.000000000000000000e+00
6.280000000000000000e+02 1.161647306510205482e+02 0.000000000000000000e+00 0.000000000000000000e+00
6.290000000000000000e+02 1.147330310755977649e+02 2.000000000000000000e+00 0.000000000000000000e+00
6.300000000000000000e+02 1.145591049617774075e+02 1.000000000000000000e+00 0.000000000000000000e+00
6.310000000000000000e+02 1.163171315279414557e+02 0.000000000000000000e+00 0.000000000000000000e+00
6.320000000000000000e+02 1.160355132391586181e+02 1.000000000000000000e+00 0.000000000000000000e+00
6.330000000000000000e+02 1.140398194820303814e+02 2.000000000000000000e+00 0.000000000000000000e+00
6.340000000000000000e+02 1.148030706436857571e+02 2.000000000000000000e+00 0.000000000000000000e+00
6.350000000000000000e+02 1.135190866860460801e+02 1.000000000000000000e+00 0.000000000000000000e+00
6.360000000000000000e+02 1.125721086981836407e+02 2.000000000000000000e+00 0.000000000000000000e+00
6.370000000000000000e+02 1.110117350406092100e+02 2.000000000000000000e+00 0.000000000000000000e+00
6.380000000000000000e+02 1.126964033493502342e+02 0.000000000000000000e+00 0.000000000000000000e+00
6.390000000000000000e+02 1.120391414637424106e+02 1.000000000000000000e+00 0.000000000000000000e+00
6.400000000000000000e+02 1.131736033400748340e+02 1.000000000000000000e+00 0.000000000000000000e+00
6.410000000000000000e+02 1.112832958787251698e+02 2.000000000000000000e+00 0.000000000000000000e+00
6.420000000000000000e+02 1.125882702081021023e+02 1.000000000000000000e+00 0.000000000000000000e+00
6.430000000000000000e+02 1.133922619097694451e+02 0.000000000000000000e+00 0.000000000000000000e+00
6.440000000000000000e+02 1.132600188773263028e+02 1.000000000000000000e+00 0.000000000000000000e+00
6.450000000000000000e+02 1.127311037434389362e+02 1.000000000000000000e+00 0.000000000000000000e+00
6.460000000000000000e+02 1.149157808572765447e+02 0.000000000000000000e+00 0.000000000000000000e+00
6.470000000000000000e+02 1.128312043771864523e+02 2.000000000000000000e+00 0.000000000000000000e+00
6.480000000000000000e+02 1.124635859027574440e+02 2.000000000000000000e+00 0.000000000000000000e+00
6.490000000000000000e+02 1.122161366325916561e+02 0.000000000000000000e+00 0.000000000000000000e+00
6.500000000000000000e+02 1.138447153976145927e+02 0.000000000000000000e+00 0.000000000000000000e+00
6.510000000000000000e+02 1.137219232167389720e+02 2.000000000000000000e+00 0.000000000000000000e+00
6.520000000000000000e+02 1.146063102326288856e+02 0.000000000000000000e+00 0.000000000000000000e+00
6.530000000000000000e+02 1.112303265869694968e+02 2.000000000000000000e+00 0.000000000000000000e+00
6.540000000000000000e+02 1.139254301903765025e+02 0.000000000000000000e+00 0.000000000000000000e+00
6.550000000000000000e+02 1.128490969616134123e+02 2.000000000000000000e+00 0.000000000000000000e+00
6.560000000000000000e+02 1.120551125772047101e+02 2.000000000000000000e+00 0.000000000000000000e+00
6.570000000000000000e+02 1.113611261557735332e+02 0.000000000000000000e+00 0.000000000000000000e+00
6.580000000000000000e+02 1.127775875069486915e+02 2.000000000000000000e+00 0.000000000000000000e+00
6.590000000000000000e+02 1.145976900185480645e+02 0.000000000000000000e+00 0.000000000000000000e+00
6.600000000000000000e+02 1.123290628101363637e+02 1.000000000000000000e+00 0.000000000000000000e+00
6.610000000000000000e+02 1.138528805475032613e+02 0.000000000000000000e+00 0.000000000000000000e+00
6.620000000000000000e+02 1.163475345976432322e+02 0.000000000000000000e+00 0.000000000000000000e+00
6.630000000000000000e+02 1.156089817416444561e+02 1.000000000000000000e+00 0.000000000000000000e+00
6.640000000000000000e+02 1.133076618402083682e+02 1.000000000000000000e+00 0.000000000000000000e+00
6.650000000000000000e+02 1.136537388899961201e+02 2.000000000000000000e+00 0.000000000000000000e+00
6.660000000000000000e+02 1.136075739877180837e+02 1.000000000000000000e+00 0.000000000000000000e+00
6.670000000000000000e+02 1.139987304765162150e+02 1.000000000000000000e+00 0.000000000000000000e+00
6.680000000000000000e+02 1.154782813221163735e+02 1.000000000000000000e+00 0.000000000000000000e+00
6.690000000000000000e+02 1.146678136257384466e+02 0.000000000000000000e+00 0.000000000000000000e+00
6.700000000000000000e+02 1.154433613385095327e+02 0.000000000000000000e+00 0.000000000000000000e+00
6.710000000000000000e+02 1.167937814258163627e+02 0.000000000000000000e+00 0.000000000000000000e+00
6.720000000000000000e+02 1.167469764648782444e+02 1.000000000000000000e+00 0.000000000000000000e+00
6.730000000000000000e+02 1.168456091872795497e+02 0.000000000000000000e+00 0.000000000000000000e+00
6.740000000000000000e+02 1.188428237196064714e+02 0.000000000000000000e+00 0.000000000000000000e+00
6.750000000000000000e+02 1.210860240239123158e+02 0.000000000000000000e+00 0.000000000000000000e+00
6.760000000000000000e+02 1.196200291686182169e+02 0.000000000000000000e+00 0.000000000000000000e+00
6.770000000000000000e+02 1.206846964504818800e+02 2.000000000000000000e+00 0.000000000000000000e+00
6.780000000000000000e+02 1.209861982842955825e+02 0.000000000000000000e+00 0.000000000000000000e+00
6.790000000000000000e+02 1.193895126876532800e+02 2.000000000000000000e+00 0.000000000000000000e+00
6.800000000000000000e+02 1.194656741640002622e+02 1.000000000000000000e+00 0.000000000000000000e+00
6.810000000000000000e+02 1.207759832159260469e+02 0.000000000000000000e+00 0.000000000000000000e+00
6.820000000000000000e+02 1.242916304259678100e+02 0.000000000000000000e+00 0.000000000000000000e+00
6.830000000000000000e+02 1.221924875842750708e+02 0.000000000000000000e+00 0.000000000000000000e+00
6.840000000000000000e+02 1.237084314440154884e+02 0.000000000000000000e+00 0.000000000000000000e+00
6.850000000000000000e+02 1.232975955588268420e+02 1.000000000000000000e+00 0.000000000000000000e+00
6.860000000000000000e+02 1.245482247045509467e+02 1.000000000000000000e+00 0.000000000000000000e+00
6.870000000000000000e+02 1.231459052984669142e+02 1.000000000000000000e+00 0.000000000000000000e+00
6.880000000000000000e+02 1.243792470023365837e+02 1.000000000000000000e+00 0.000000000000000000e+00
6.890000000000000000e+02 1.227707907784911043e+02 2.000000000000000000e+00 0.000000000000000000e+00
6.900000000000000000e+02 1.231949701566238531e+02 1.000000000000000000e+00 0.000000000000000000e+00
6.910000000000000000e+02 1.229568578565547909e+02 1.000000000000000000e+00 0.000000000000000000e+00
6.920000000000000000e+02 1.227566309535782523e+02 1.000000000000000000e+00 0.000000000000000000e+00
6.930000000000000000e+02 1.219871900201934665e+02 1.000000000000000000e+00 0.000000000000000000e+00
6.940000000000000000e+02 1.227785776199035865e+02 1.000000000000000000e+00 0.000000000000000000e+00
6.950000000000000000e+02 1.220873651332069159e+02 1.000000000000000000e+00 0.000000000000000000e+00
6.960000000000000000e+02 1.233933739545423549e+02 1.000000000000000000e+00 0.000000000000000000e+00
6.970000000000000000e+02 1.241540001780809490e+02 1.000000000000000000e+00 0.000000000000000000e+00
6.980000000000000000e+02 1.219816565359669625e+02 2.000000000000000000e+00 0.000000000000000000e+00
6.990000000000000000e+02 1.227282073328127439e+02 0.000000000000000000e+00 0.000000000000000000e+00
7.000000000000000000e+02 1.219295258812487077e+02 2.000000000000000000e+00 0.000000000000000000e+00
7.010000000000000000e+02 1.230165612978685346e+02 0.000000000000000000e+00 0.000000000000000000e+00
7.020000000000000000e+02 1.233969658429339518e+02 1.000000000000000000e+00 0.000000000000000000e+00
7.030000000000000000e+02 1.238568044503845300e+02 0.000000000000000000e+00 0.000000000000000000e+00
7.040000000000000000e+02 1.249313702266973678e+02 1.000000000000000000e+00 0.000000000000000000e+00
7.050000000000000000e+02 1.235455808316463049e+02 1.000000000000000000e+00 0.000000000000000000e+00
7.060000000000000000e+02 1.251886935323684469e+02 0.000000000000000000e+00 0.000000000000000000e+00
7.070000000000000000e+02 1.264704267654440031e+02 0.000000000000000000e+00 0.000000000000000000e+00
7.080000000000000000e+02 1.274389757489649924e+02 1.000000000000000000e+00 0.000000000000000000e+00
7.090000000000000000e+02 1.247993826073822987e+02 2.000000000000000000e+00 0.000000000000000000e+00
7.100000000000000000e+02 1.267231600258133000e+02 0.000000000000000000e+00 0.000000000000000000e+00
7.110000000000000000e+02 1.262986631713455097e+02 0.000000000000000000e+00 0.000000000000000000e+00
7.120000000000000000e+02 1.266721561044589208e+02 2.000000000000000000e+00 0.000000000000000000e+00
7.130000000000000000e+02 1.263695779844700411e+02 0.000000000000000000e+00 0.000000000000000000e+00
7.140000000000000000e+02 1.277349093953320391e+02 1.000000000000000000e+00 0.000000000000000000e+00
7.150000000000000000e+02 1.269495275364306934e+02 1.000000000000000000e+00 0.000000000000000000e+00
7.160000000000000000e+02 1.263033084764718694e+02 2.000000000000000000e+00 0.000000000000000000e+00
7.170000000000000000e+02 1.273856173621008594e+02 0.000000000000000000e+00 0.000000000000000000e+00
7.180000000000000000e+02 1.270326600782833708e+02 1.000000000000000000e+00 0.000000000000000000e+00
7.190000000000000000e+02 1.275240326692994728e+02 0.000000000000000000e+00 0.000000000000000000e+00
7.200000000000000000e+02 1.266895784160218739e+02 2.000000000000000000e+00 0.000000000000000000e+00
7.210000000000000000e+02 1.275905445245626169e+02 0.000000000000000000e+00 0.000000000000000000e+00
7.220000000000000000e+02 1.296317977273904489e+02 1.000000000000000000e+00 0.000000000000000000e+00
7.230000000000000000e+02 1.287089053900649276e+02 1.000000000000000000e+00 0.000000000000000000e+00
7.240000000000000000e+02 1.273718947358452311e+02 2.000000000000000000e+00 0.000000000000000000e+00
7.250000000000000000e+02 1.280336681083456938e+02 1.000000000000000000e+00 0.000000000000000000e+00
7.260000000000000000e+02 1.273797984938503021e+02 1.000000000000000000e+00 0.000000000000000000e+00
7.270000000000000000e+02 1.273492588364008213e+02 1.000000000000000000e+00 0.000000000000000000e+00
7.280000000000000000e+02 1.256121586776127828e+02 1.000000000000000000e+00 0.000000000000000000e+00
7.290000000000000000e+02 1.251265054587359771e+02 1.000000000000000000e+00 0.000000000000000000e+00
7.300000000000000000e+02 1.283031074313845181e+02 0.000000000000000000e+00 0.000000000000000000e+00
7.310000000000000000e+02 1.285389192460683603e+02 1.000000000000000000e+00 0.000000000000000000e+00
7.320000000000000000e+02 1.277099541299061229e+02 0.000000000000000000e+00 0.000000000000000000e+00
7.330000000000000000e+02 1.292039208048876162e+02 1.000000000000000000e+00 0.000000000000000000e+00
7.340000000000000000e+02 1.283943762984684724e+02 0.000000000000000000e+00 0.000000000000000000e+00
7.350000000000000000e+02 1.295810560002697116e+02 1.000000000000000000e+00 0.000000000000000000e+00
7.360000000000000000e+02 1.301265121118257468e+02 0.000000000000000000e+00 0.000000000000000000e+00
7.370000000000000000e+02 1.308463832722691791e+02 1.000000000000000000e+00 0.000000000000000000e+00
7.380000000000000000e+02 1.307514482777794740e+02 1.000000000000000000e+00 0.000000000000000000e+00
7.390000000000000000e+02 1.309098621164513077e+02 1.000000000000000000e+00 0.000000000000000000e+00
7.400000000000000000e+02 1.321733150935761500e+02 1.000000000000000000e+00 0.000000000000000000e+00
7.410000000000000000e+02 1.304308801601950449e+02 1.000000000000000000e+00 0.000000000000000000e+00
7.420000000000000000e+02 1.314698572989665593e+02 0.000000000000000000e+00 0.000000000000000000e+00
7.430000000000000000e+02 1.310486910644033003e+02 2.000000000000000000e+00 0.000000000000000000e+00
7.440000000000000000e+02 1.318936239271076261e+02 0.000000000000000000e+00 0.000000000000000000e+00
7.450000000000000000e+02 1.318494956275026482e+02 1.000000000000000000e+00 0.000000000000000000e+00
7.460000000000000000e+02 1.315936927242316017e+02 2.000000000000000000e+00 0.000000000000000000e+00
7.470000000000000000e+02 1.305315041508320348e+02 2.000000000000000000e+00 0.000000000000000000e+00
7.480000000000000000e+02 1.311143610007501366e+02 0.000000000000000000e+00 0.000000000000000000e+00
7.490000000000000000e+02 1.321867969907619056e+02 0.000000000000000000e+00 0.000000000000000000e+00
7.500000000000000000e+02 1.305503879450633633e+02 2.000000000000000000e+00 0.000000000000000000e+00
7.510000000000000000e+02 1.308919451815537229e+02 0.000000000000000000e+00 0.000000000000000000e+00
7.520000000000000000e+02 1.327487767736546118e+02 1.000000000000000000e+00 0.000000000000000000e+00
7.530000000000000000e+02 1.334330831034085918e+02 0.000000000000000000e+00 0.000000000000000000e+00
7.540000000000000000e+02 1.311953411346568430e+02 2.000000000000000000e+00 0.000000000000000000e+00
7.550000000000000000e+02 1.328177877386837054e+02 0.000000000000000000e+00 0.000000000000000000e+00
7.560000000000000000e+02 1.347735156571983453e+02 0.000000000000000000e+00 0.000000000000000000e+00
7.570000000000000000e+02 1.325292845179457686e+02 1.000000000000000000e+00 0.000000000000000000e+00
7.580000000000000000e+02 1.333717325956487230e+02 1.000000000000000000e+00 0.000000000000000000e+00
7.590000000000000000e+02 1.324545189354412571e+02 2.000000000000000000e+00 0.000000000000000000e+00
7.600000000000000000e+02 1.314962645929155656e+02 1.000000000000000000e+00 0.000000000000000000e+00
7.610000000000000000e+02 1.333343738782951675e+02 0.000000000000000000e+00 0.000000000000000000e+00
7.620000000000000000e+02 1.335884698433310973e+02 2.000000000000000000e+00 0.000000000000000000e+00
7.630000000000000000e+02 1.345428369540513529e+02 0.000000000000000000e+00 0.000000000000000000e+00
7.640000000000000000e+02 1.340164438813675645e+02 1.000000000000000000e+00 0.000000000000000000e+00
7.650000000000000000e+02 1.343375171691066896e+02 1.000000000000000000e+00 0.000000000000000000e+00
7.660000000000000000e+02 1.337359581873264744e+02 1.000000000000000000e+00 0.000000000000000000e+00
7.670000000000000000e+02 1.337485735221146967e+02 1.000000000000000000e+00 0.000000000000000000e+00
7.680000000000000000e+02 1.342676558755063922e+02 1.000000000000000000e+00 0.000000000000000000e+00
7.690000000000000000e+02 1.340455079865940320e+02 1.000000000000000000e+00 0.000000000000000000e+00
7.700000000000000000e+02 1.353443874635060808e+02 1.000000000000000000e+00 0.000000000000000000e+00
7.710000000000000000e+02 1.365704610568151907e+02 0.000000000000000000e+00 0.000000000000000000e+00
7.720000000000000000e+02 1.344992394023472571e+02 1.000000000000000000e+00 0.000000000000000000e+00
7.730000000000000000e+02 1.350461724548066513e+02 1.000000000000000000e+00 0.000000000000000000e+00
7.740000000000000000e+02 1.334858959362529447e+02 2.000000000000000000e+00 0.000000000000000000e+00
7.750000000000000000e+02 1.355782822766259983e+02 0.000000000000000000e+00 0.000000000000000000e+00
7.760000000000000000e+02 1.341088315884246924e+02 2.000000000000000000e+00 0.000000000000000000e+00
7.770000000000000000e+02 1.320098809936561963e+02 2.000000000000000000e+00 0.000000000000000000e+00
7.780000000000000000e+02 1.312260781761163457e+02 2.000000000000000000e+00 0.000000000000000000e+00
7.790000000000000000e+02 1.332524715543394223e+02 0.000000000000000000e+00 0.000000000000000000e+00
7.800000000000000000e+02 1.338538914695873530e+02 1.000000000000000000e+00 0.000000000000000000e+00
7.810000000000000000e+02 1.349760554880921291e+02 0.000000000000000000e+00 0.000000000000000000e+00
7.820000000000000000e+02 1.331150518631985165e+02 2.000000000000000000e+00 0.000000000000000000e+00
7.830000000000000000e+02 1.334571497269975566e+02 0.000000000000000000e+00 0.000000000000000000e+00
7.840000000000000000e+02 1.359450285537192542e+02 0.000000000000000000e+00 0.000000000000000000e+00
7.850000000000000000e+02 1.336769545727264017e+02 1.000000000000000000e+00 0.000000000000000000e+00
7.860000000000000000e+02 1.360632764435624438e+02 0.000000000000000000e+00 0.000000000000000000e+00
7.870000000000000000e+02 1.366200678845298455e+02 1.000000000000000000e+00 0.000000000000000000e+00
7.880000000000000000e+02 1.369815637853770625e+02 0.000000000000000000e+00 0.000000000000000000e+00
7.890000000000000000e+02 1.352553327788938020e+02 1.000000000000000000e+00 0.000000000000000000e+00
7.900000000000000000e+02 1.391765763039871047e+02 0.000000000000000000e+00 0.000000000000000000e+00
7.910000000000000000e+02 1.378278971204664174e+02 1.000000000000000000e+00 0.000000000000000000e+00
7.920000000000000000e+02 1.387999088933768803e+02 1.000000000000000000e+00 0.000000000000000000e+00
7.930000000000000000e+02 1.390680938145570451e+02 0.000000000000000000e+00 0.000000000000000000e+00
7.940000000000000000e+02 1.410941530766925780e+02 0.000000000000000000e+00 0.000000000000000000e+00
7.950000000000000000e+02 1.407717072322226954e+02 0.000000000000000000e+00 0.000000000000000000e+00
7.960000000000000000e+02 1.414360818073127462e+02 1.000000000000000000e+00 0.000000000000000000e+00
7.970000000000000000e+02 1.413759760614845788e+02 1.000000000000000000e+00 0.000000000000000000e+00
7.980000000000000000e+02 1.405790548588155104e+02 0.000000000000000000e+00 0.000000000000000000e+00
7.990000000000000000e+02 1.412297919368099315e+02 2.000000000000000000e+00 0.000000000000000000e+00
8.000000000000000000e+02 1.403463131277394211e+02 0.000000000000000000e+00 0.000000000000000000e+00
