time	position	state	ATP_bound
1.000000000000000000e+00 7.425093054195699427e-01 2.000000000000000000e+00 0.000000000000000000e+00
2.000000000000000000e+00 0.000000000000000000e+00 2.000000000000000000e+00 0.000000000000000000e+00
3.000000000000000000e+00 1.217099710763450249e+00 0.000000000000000000e+00 0.000000000000000000e+00
4.000000000000000000e+00 0.000000000000000000e+00 1.000000000000000000e+00 0.000000000000000000e+00
5.000000000000000000e+00 2.897716884926242908e+00 0.000000000000000000e+00 0.000000000000000000e+00
6.000000000000000000e+00 3.271488578654864643e+00 1.000000000000000000e+00 0.000000000000000000e+00
7.000000000000000000e+00 3.294834924445487978e+00 0.000000000000000000e+00 0.000000000000000000e+00
8.000000000000000000e+00 4.074056030301651532e+00 0.000000000000000000e+00 0.000000000000000000e+00
9.000000000000000000e+00 3.742945460616280862e+00 2.000000000000000000e+00 0.000000000000000000e+00
1.000000000000000000e+01 3.286579378469647317e+00 1.000000000000000000e+00 0.000000000000000000e+00
1.100000000000000000e+01 1.050462767239906725e+00 0.000000000000000000e+00 0.000000000000000000e+00
1.200000000000000000e+01 3.752247143754510628e+00 1.000000000000000000e+00 0.000000000000000000e+00
1.300000000000000000e+01 2.839848475109219450e+00 1.000000000000000000e+00 0.000000000000000000e+00
1.400000000000000000e+01 3.970380418354413354e+00 0.000000000000000000e+00 0.000000000000000000e+00
1.500000000000000000e+01 7.555017747123562444e+00 0.000000000000000000e+00 0.000000000000000000e+00
1.600000000000000000e+01 5.609551556537828887e+00 0.000000000000000000e+00 0.000000000000000000e+00
1.700000000000000000e+01 5.704320053316395800e+00 2.000000000000000000e+00 0.000000000000000000e+00
1.800000000000000000e+01 5.852531405505914996e+00 0.000000000000000000e+00 0.000000000000000000e+00
1.900000000000000000e+01 9.678131554437442219e+00 1.000000000000000000e+00 0.000000000000000000e+00
2.000000000000000000e+01 5.897987652339581999e+00 2.000000000000000000e+00 0.000000000000000000e+00
2.100000000000000000e+01 5.641738316559609778e+00 0.000000000000000000e+00 0.000000000000000000e+00
2.200000000000000000e+01 6.554855369913496155e+00 2.000000000000000000e+00 0.000000000000000000e+00
2.300000000000000000e+01 6.209596757863558913e+00 0.000000000000000000e+00 0.000000000000000000e+00
2.400000000000000000e+01 7.376145912340072108e+00 1.000000000000000000e+00 0.000000000000000000e+00
2.500000000000000000e+01 8.271183062677033959e+00 0.000000000000000000e+00 0.000000000000000000e+00
2.600000000000000000e+01 9.138264633434179274e+00 1.000000000000000000e+00 0.000000000000000000e+00
2.700000000000000000e+01 8.354720303228821976e+00 0.000000000000000000e+00 0.000000000000000000e+00
2.800000000000000000e+01 9.944978954477841526e+00 0.000000000000000000e+00 0.000000000000000000e+00
2.900000000000000000e+01 9.345277195284120708e+00 1.000000000000000000e+00 0.000000000000000000e+00
3.000000000000000000e+01 1.145713278347509778e+01 0.000000000000000000e+00 0.000000000000000000e+00
3.100000000000000000e+01 9.995688732220738615e+00 2.000000000000000000e+00 0.000000000000000000e+00
3.200000000000000000e+01 1.111948589304008372e+01 0.000000000000000000e+00 0.000000000000000000e+00
3.300000000000000000e+01 1.270458000942721632e+01 0.000000000000000000e+00 0.000000000000000000e+00
3.400000000000000000e+01 1.249016117669197712e+01 0.000000000000000000e+00 0.000000000000000000e+00
3.500000000000000000e+01 1.232478835770671388e+01 0.000000000000000000e+00 0.000000000000000000e+00
3.600000000000000000e+01 1.231370141823537345e+01 2.000000000000000000e+00 0.000000000000000000e+00
3.700000000000000000e+01 1.241621405689211777e+01 1.000000000000000000e+00 0.000000000000000000e+00
3.800000000000000000e+01 1.350700900068894050e+01 1.000000000000000000e+00 0.000000000000000000e+00
3.900000000000000000e+01 1.537900662560800136e+01 0.000000000000000000e+00 0.000000000000000000e+00
4.000000000000000000e+01 1.508425944281636788e+01 0.000000000000000000e+00 0.000000000000000000e+00
4.100000000000000000e+01 1.613812957185781372e+01 0.000000000000000000e+00 0.000000000000000000e+00
4.200000000000000000e+01 1.451235802687804721e+01 2.000000000000000000e+00 0.000000000000000000e+00
4.300000000000000000e+01 1.592018982793243786e+01 0.000000000000000000e+00 0.000000000000000000e+00
4.400000000000000000e+01 1.581204332996383144e+01 2.000000000000000000e+00 0.000000000000000000e+00
4.500000000000000000e+01 1.478533264455955276e+01 2.000000000000000000e+00 0.000000000000000000e+00
4.600000000000000000e+01 1.532143227926111351e+01 0.000000000000000000e+00 0.000000000000000000e+00
4.700000000000000000e+01 1.482620165280302693e+01 1.000000000000000000e+00 0.000000000000000000e+00
4.800000000000000000e+01 1.417816425348649112e+01 1.000000000000000000e+00 0.000000000000000000e+00
4.900000000000000000e+01 1.276279756164970536e+01 2.000000000000000000e+00 0.000000000000000000e+00
5.000000000000000000e+01 1.486695257532866421e+01 0.000000000000000000e+00 0.000000000000000000e+00
5.100000000000000000e+01 1.601280954188148442e+01 1.000000000000000000e+00 0.000000000000000000e+00
5.200000000000000000e+01 1.426610724030702926e+01 1.000000000000000000e+00 0.000000000000000000e+00
5.300000000000000000e+01 1.565843172702206409e+01 1.000000000000000000e+00 0.000000000000000000e+00
5.400000000000000000e+01 1.435150399261812915e+01 1.000000000000000000e+00 0.000000000000000000e+00
5.500000000000000000e+01 1.453264733263511665e+01 1.000000000000000000e+00 0.000000000000000000e+00
5.600000000000000000e+01 1.507822819362847788e+01 1.000000000000000000e+00 0.000000000000000000e+00
5.700000000000000000e+01 1.393565731412754261e+01 2.000000000000000000e+00 0.000000000000000000e+00
5.800000000000000000e+01 1.248738790333469240e+01 1.000000000000000000e+00 0.000000000000000000e+00
5.900000000000000000e+01 1.378714174134372961e+01 1.000000000000000000e+00 0.000000000000000000e+00
6.000000000000000000e+01 1.478966730459386092e+01 1.000000000000000000e+00 0.000000000000000000e+00
6.100000000000000000e+01 1.376938360978116727e+01 1.000000000000000000e+00 0.000000000000000000e+00
6.200000000000000000e+01 1.476522255694981034e+01 1.000000000000000000e+00 0.000000000000000000e+00
6.300000000000000000e+01 1.374531768090916373e+01 1.000000000000000000e+00 0.000000000000000000e+00
6.400000000000000000e+01 1.281602791243340178e+01 1.000000000000000000e+00 0.000000000000000000e+00
6.500000000000000000e+01 1.335664975882746042e+01 1.000000000000000000e+00 0.000000000000000000e+00
6.600000000000000000e+01 1.717232313599323490e+01 0.000000000000000000e+00 0.000000000000000000e+00
6.700000000000000000e+01 1.298846537747846952e+01 2.000000000000000000e+00 0.000000000000000000e+00
6.800000000000000000e+01 1.280244167761943430e+01 1.000000000000000000e+00 0.000000000000000000e+00
6.900000000000000000e+01 1.249210193502292654e+01 2.000000000000000000e+00 0.000000000000000000e+00
7.000000000000000000e+01 1.424057853479728664e+01 1.000000000000000000e+00 0.000000000000000000e+00
7.100000000000000000e+01 1.193911888522123732e+01 1.000000000000000000e+00 0.000000000000000000e+00
7.200000000000000000e+01 1.452557990254016218e+01 1.000000000000000000e+00 0.000000000000000000e+00
7.300000000000000000e+01 1.346240631625921580e+01 1.000000000000000000e+00 0.000000000000000000e+00
7.400000000000000000e+01 1.244726214511621620e+01 1.000000000000000000e+00 0.000000000000000000e+00
7.500000000000000000e+01 1.430448523628067825e+01 0.000000000000000000e+00 0.000000000000000000e+00
7.600000000000000000e+01 1.306806976920156416e+01 2.000000000000000000e+00 0.000000000000000000e+00
7.700000000000000000e+01 1.434796850739096286e+01 0.000000000000000000e+00 0.000000000000000000e+00
7.800000000000000000e+01 1.423828180242316677e+01 1.000000000000000000e+00 0.000000000000000000e+00
7.900000000000000000e+01 1.533296780928032277e+01 1.000000000000000000e+00 0.000000000000000000e+00
8.000000000000000000e+01 1.387525969532811665e+01 1.000000000000000000e+00 0.000000000000000000e+00
8.100000000000000000e+01 1.496380786172231048e+01 0.000000000000000000e+00 0.000000000000000000e+00
8.200000000000000000e+01 1.532171673006646628e+01 1.000000000000000000e+00 0.000000000000000000e+00
8.300000000000000000e+01 1.504855787920194388e+01 1.000000000000000000e+00 0.000000000000000000e+00
8.400000000000000000e+01 1.492406883655839245e+01 1.000000000000000000e+00 0.000000000000000000e+00
8.500000000000000000e+01 1.467659620202592663e+01 1.000000000000000000e+00 0.000000000000000000e+00
8.600000000000000000e+01 1.557489182318776777e+01 0.000000000000000000e+00 0.000000000000000000e+00
8.700000000000000000e+01 1.676046376326097231e+01 0.000000000000000000e+00 0.000000000000000000e+00
8.800000000000000000e+01 1.707009613883390386e+01 0.000000000000000000e+00 0.000000000000000000e+00
8.900000000000000000e+01 1.658011945970158862e+01 2.000000000000000000e+00 0.000000000000000000e+00
9.000000000000000000e+01 1.769532937783318971e+01 0.000000000000000000e+00 0.000000000000000000e+00
9.100000000000000000e+01 1.823588944408264112e+01 2.000000000000000000e+00 0.000000000000000000e+00
9.200000000000000000e+01 1.732140470647568975e+01 1.000000000000000000e+00 0.000000000000000000e+00
9.300000000000000000e+01 1.796100895564785915e+01 1.000000000000000000e+00 0.000000000000000000e+00
9.400000000000000000e+01 1.806003478266156748e+01 0.000000000000000000e+00 0.000000000000000000e+00
9.500000000000000000e+01 1.455762654252978550e+01 2.000000000000000000e+00 0.000000000000000000e+00
9.600000000000000000e+01 1.662556571443476017e+01 2.000000000000000000e+00 0.000000000000000000e+00
9.700000000000000000e+01 1.654243624850619199e+01 0.000000000000000000e+00 0.000000000000000000e+00
9.800000000000000000e+01 1.601355185304923978e+01 1.000000000000000000e+00 0.000000000000000000e+00
9.900000000000000000e+01 1.780471859619622776e+01 0.000000000000000000e+00 0.000000000000000000e+00
1.000000000000000000e+02 1.871005837733351029e+01 0.000000000000000000e+00 0.000000000000000000e+00
1.010000000000000000e+02 1.795099000442145254e+01 0.000000000000000000e+00 0.000000000000000000e+00
1.020000000000000000e+02 2.038316570632925107e+01 1.000000000000000000e+00 0.000000000000000000e+00
1.030000000000000000e+02 2.136817762385978625e+01 0.000000000000000000e+00 0.000000000000000000e+00
1.040000000000000000e+02 2.071902604725965347e+01 1.000000000000000000e+00 0.000000000000000000e+00
1.050000000000000000e+02 2.263536730391983909e+01 1.000000000000000000e+00 0.000000000000000000e+00
1.060000000000000000e+02 1.998232528628397731e+01 1.000000000000000000e+00 0.000000000000000000e+00
1.070000000000000000e+02 2.174773287111022668e+01 1.000000000000000000e+00 0.000000000000000000e+00
1.080000000000000000e+02 2.324562142219192395e+01 1.000000000000000000e+00 0.000000000000000000e+00
1.090000000000000000e+02 2.198988319283937543e+01 0.000000000000000000e+00 0.000000000000000000e+00
1.100000000000000000e+02 2.378689150844536471e+01 0.000000000000000000e+00 0.000000000000000000e+00
1.110000000000000000e+02 2.262587230725214837e+01 1.000000000000000000e+00 0.000000000000000000e+00
1.120000000000000000e+02 2.484617722510220972e+01 0.000000000000000000e+00 0.000000000000000000e+00
1.130000000000000000e+02 2.356335701470311861e+01 1.000000000000000000e+00 0.000000000000000000e+00
1.140000000000000000e+02 2.382693179938398131e+01 1.000000000000000000e+00 0.000000000000000000e+00
1.150000000000000000e+02 2.340467562842830063e+01 1.000000000000000000e+00 0.000000000000000000e+00
1.160000000000000000e+02 2.543558304299466144e+01 0.000000000000000000e+00 0.000000000000000000e+00
1.170000000000000000e+02 2.474898307582517276e+01 2.000000000000000000e+00 0.000000000000000000e+00
1.180000000000000000e+02 2.477335538227752920e+01 0.000000000000000000e+00 0.000000000000000000e+00
1.190000000000000000e+02 2.545961199700359145e+01 0.000000000000000000e+00 0.000000000000000000e+00
1.200000000000000000e+02 2.659941912857055257e+01 0.000000000000000000e+00 0.000000000000000000e+00
1.210000000000000000e+02 2.845298308374423613e+01 0.000000000000000000e+00 0.000000000000000000e+00
1.220000000000000000e+02 2.838144455878339656e+01 0.000000000000000000e+00 0.000000000000000000e+00
1.230000000000000000e+02 2.799987597517854709e+01 0.000000000000000000e+00 0.000000000000000000e+00
1.240000000000000000e+02 2.913521343325856705e+01 1.000000000000000000e+00 0.000000000000000000e+00
1.250000000000000000e+02 2.917892913047272785e+01 1.000000000000000000e+00 0.000000000000000000e+00
1.260000000000000000e+02 3.121105225446918752e+01 1.000000000000000000e+00 0.000000000000000000e+00
1.270000000000000000e+02 2.933185188138972421e+01 0.000000000000000000e+00 0.000000000000000000e+00
1.280000000000000000e+02 3.153409123845809603e+01 1.000000000000000000e+00 0.000000000000000000e+00
1.290000000000000000e+02 3.026613854302045326e+01 1.000000000000000000e+00 0.000000000000000000e+00
1.300000000000000000e+02 2.916546291824135650e+01 2.000000000000000000e+00 0.000000000000000000e+00
1.310000000000000000e+02 2.964147834248618096e+01 2.000000000000000000e+00 0.000000000000000000e+00
1.320000000000000000e+02 2.979476150459725403e+01 1.000000000000000000e+00 0.000000000000000000e+00
1.330000000000000000e+02 2.954962525982131538e+01 0.000000000000000000e+00 0.000000000000000000e+00
1.340000000000000000e+02 3.113743380960559648e+01 0.000000000000000000e+00 0.000000000000000000e+00
1.350000000000000000e+02 3.264580118798475183e+01 0.000000000000000000e+00 0.000000000000000000e+00
1.360000000000000000e+02 3.013877687982819609e+01 2.000000000000000000e+00 0.000000000000000000e+00
1.370000000000000000e+02 3.220191334087490276e+01 0.000000000000000000e+00 0.000000000000000000e+00
1.380000000000000000e+02 3.102326362168102492e+01 2.000000000000000000e+00 0.000000000000000000e+00
1.390000000000000000e+02 2.993184540394064896e+01 2.000000000000000000e+00 0.000000000000000000e+00
1.400000000000000000e+02 3.142084738461901949e+01 0.000000000000000000e+00 0.000000000000000000e+00
1.410000000000000000e+02 3.220782869423610606e+01 0.000000000000000000e+00 0.000000000000000000e+00
1.420000000000000000e+02 3.201627687107747988e+01 0.000000000000000000e+00 0.000000000000000000e+00
1.430000000000000000e+02 3.174753090579604731e+01 2.000000000000000000e+00 0.000000000000000000e+00
1.440000000000000000e+02 3.137034728991981680e+01 1.000000000000000000e+00 0.000000000000000000e+00
1.450000000000000000e+02 3.222197734705182626e+01 1.000000000000000000e+00 0.000000000000000000e+00
1.460000000000000000e+02 3.060162972170552820e+01 2.000000000000000000e+00 0.000000000000000000e+00
1.470000000000000000e+02 2.940700822321408481e+01 2.000000000000000000e+00 0.000000000000000000e+00
1.480000000000000000e+02 2.899481793685742304e+01 1.000000000000000000e+00 0.000000000000000000e+00
1.490000000000000000e+02 3.171890495941294219e+01 0.000000000000000000e+00 0.000000000000000000e+00
1.500000000000000000e+02 3.166806684829643359e+01 1.000000000000000000e+00 0.000000000000000000e+00
1.510000000000000000e+02 3.127398080333895436e+01 0.000000000000000000e+00 0.000000000000000000e+00
1.520000000000000000e+02 3.105682006551530705e+01 2.000000000000000000e+00 0.000000000000000000e+00
1.530000000000000000e+02 3.060346086214908468e+01 1.000000000000000000e+00 0.000000000000000000e+00
1.540000000000000000e+02 3.108400949102471245e+01 1.000000000000000000e+00 0.000000000000000000e+00
1.550000000000000000e+02 3.054625926320580120e+01 0.000000000000000000e+00 0.000000000000000000e+00
1.560000000000000000e+02 3.209326645011923773e+01 2.000000000000000000e+00 0.000000000000000000e+00
1.570000000000000000e+02 3.149067796478017200e+01 0.000000000000000000e+00 0.000000000000000000e+00
1.580000000000000000e+02 2.993022550612390731e+01 2.000000000000000000e+00 0.000000000000000000e+00
1.590000000000000000e+02 3.333435908091193767e+01 0.000000000000000000e+00 0.000000000000000000e+00
1.600000000000000000e+02 3.111970349452585438e+01 2.000000000000000000e+00 0.000000000000000000e+00
1.610000000000000000e+02 3.079159017343863525e+01 0.000000000000000000e+00 0.000000000000000000e+00
1.620000000000000000e+02 3.237541195472477540e+01 1.000000000000000000e+00 0.000000000000000000e+00
1.630000000000000000e+02 3.362643765280967045e+01 0.000000000000000000e+00 0.000000000000000000e+00
1.640000000000000000e+02 3.304192475205476143e+01 0.000000000000000000e+00 0.000000000000000000e+00
1.650000000000000000e+02 3.371361668343055840e+01 1.000000000000000000e+00 0.000000000000000000e+00
1.660000000000000000e+02 3.380306382439751900e+01 1.000000000000000000e+00 0.000000000000000000e+00
1.670000000000000000e+02 3.540887147400376023e+01 0.000000000000000000e+00 0.000000000000000000e+00
1.680000000000000000e+02 3.510524215655269842e+01 1.000000000000000000e+00 0.000000000000000000e+00
1.690000000000000000e+02 3.467069661756968202e+01 0.000000000000000000e+00 0.000000000000000000e+00
1.700000000000000000e+02 3.653796614874354987e+01 0.000000000000000000e+00 0.000000000000000000e+00
1.710000000000000000e+02 3.494696648381809467e+01 2.000000000000000000e+00 0.000000000000000000e+00
1.720000000000000000e+02 3.700177208908504412e+01 0.000000000000000000e+00 0.000000000000000000e+00
1.730000000000000000e+02 3.900671792776231683e+01 0.000000000000000000e+00 0.000000000000000000e+00
1.740000000000000000e+02 3.846531925140581620e+01 1.000000000000000000e+00 0.000000000000000000e+00
1.750000000000000000e+02 3.885377942162074305e+01 0.000000000000000000e+00 0.000000000000000000e+00
1.760000000000000000e+02 3.877083476772307336e+01 2.000000000000000000e+00 0.000000000000000000e+00
1.770000000000000000e+02 3.803682481128434034e+01 1.000000000000000000e+00 0.000000000000000000e+00
1.780000000000000000e+02 3.727380416593671697e+01 2.000000000000000000e+00 0.000000000000000000e+00
1.790000000000000000e+02 3.652483284591745871e+01 0.000000000000000000e+00 0.000000000000000000e+00
1.800000000000000000e+02 3.974058590628305154e+01 0.000000000000000000e+00 0.000000000000000000e+00
1.810000000000000000e+02 3.887662880638995233e+01 0.000000000000000000e+00 0.000000000000000000e+00
1.820000000000000000e+02 3.919864836522582152e+01 2.000000000000000000e+00 0.000000000000000000e+00
1.830000000000000000e+02 4.016558108735518573e+01 1.000000000000000000e+00 0.000000000000000000e+00
1.840000000000000000e+02 3.857699439469281089e+01 2.000000000000000000e+00 0.000000000000000000e+00
1.850000000000000000e+02 3.786993638276077689e+01 0.000000000000000000e+00 0.000000000000000000e+00
1.860000000000000000e+02 3.767091297292753893e+01 2.000000000000000000e+00 0.000000000000000000e+00
1.870000000000000000e+02 3.703700441271764277e+01 1.000000000000000000e+00 0.000000000000000000e+00
1.880000000000000000e+02 3.733445815283639035e+01 2.000000000000000000e+00 0.000000000000000000e+00
1.890000000000000000e+02 3.655710427344185121e+01 1.000000000000000000e+00 0.000000000000000000e+00
1.900000000000000000e+02 3.658928133885734013e+01 1.000000000000000000e+00 0.000000000000000000e+00
1.910000000000000000e+02 3.632868012778681788e+01 2.000000000000000000e+00 0.000000000000000000e+00
1.920000000000000000e+02 3.794085444371909688e+01 0.000000000000000000e+00 0.000000000000000000e+00
1.930000000000000000e+02 3.565444200058161073e+01 1.000000000000000000e+00 0.000000000000000000e+00
1.940000000000000000e+02 3.670366684707637006e+01 1.000000000000000000e+00 0.000000000000000000e+00
1.950000000000000000e+02 3.685916690994393718e+01 1.000000000000000000e+00 0.000000000000000000e+00
1.960000000000000000e+02 3.848404687230132737e+01 0.000000000000000000e+00 0.000000000000000000e+00
1.970000000000000000e+02 3.753263502316160327e+01 1.000000000000000000e+00 0.000000000000000000e+00
1.980000000000000000e+02 3.988805253222896141e+01 1.000000000000000000e+00 0.000000000000000000e+00
1.990000000000000000e+02 3.819376670550590802e+01 0.000000000000000000e+00 0.000000000000000000e+00
2.000000000000000000e+02 3.850707379812397591e+01 1.000000000000000000e+00 0.000000000000000000e+00
2.010000000000000000e+02 3.989120792475075916e+01 1.000000000000000000e+00 0.000000000000000000e+00
2.020000000000000000e+02 3.825541383707618337e+01 2.000000000000000000e+00 0.000000000000000000e+00
2.030000000000000000e+02 4.080655183218446069e+01 0.000000000000000000e+00 0.000000000000000000e+00
2.040000000000000000e+02 3.978387099930946391e+01 0.000000000000000000e+00 0.000000000000000000e+00
2.050000000000000000e+02 3.848948984950796870e+01 2.000000000000000000e+00 0.000000000000000000e+00
2.060000000000000000e+02 3.795288308840285652e+01 2.000000000000000000e+00 0.000000000000000000e+00
2.070000000000000000e+02 3.970153117961721989e+01 0.000000000000000000e+00 0.000000000000000000e+00
2.080000000000000000e+02 3.981286030035619916e+01 2.000000000000000000e+00 0.000000000000000000e+00
2.090000000000000000e+02 3.794562567582899248e+01 0.000000000000000000e+00 0.000000000000000000e+00
2.100000000000000000e+02 3.853353931209125705e+01 1.000000000000000000e+00 0.000000000000000000e+00
2.110000000000000000e+02 4.021404312306596296e+01 0.000000000000000000e+00 0.000000000000000000e+00
2.120000000000000000e+02 4.091138605591790167e+01 0.000000000000000000e+00 0.000000000000000000e+00
2.130000000000000000e+02 4.055622324371314136e+01 2.000000000000000000e+00 0.000000000000000000e+00
2.140000000000000000e+02 3.922767460123576910e+01 2.000000000000000000e+00 0.000000000000000000e+00
2.150000000000000000e+02 4.063115618291062248e+01 0.000000000000000000e+00 0.000000000000000000e+00
2.160000000000000000e+02 3.970288758684435493e+01 1.000000000000000000e+00 0.000000000000000000e+00
2.170000000000000000e+02 4.237411644250700249e+01 0.000000000000000000e+00 0.000000000000000000e+00
2.180000000000000000e+02 3.941954521709444492e+01 2.000000000000000000e+00 0.000000000000000000e+00
2.190000000000000000e+02 4.009565948653704481e+01 2.000000000000000000e+00 0.000000000000000000e+00
2.200000000000000000e+02 3.796059148252738424e+01 2.000000000000000000e+00 0.000000000000000000e+00
2.210000000000000000e+02 3.710882468358309438e+01 1.000000000000000000e+00 0.000000000000000000e+00
2.220000000000000000e+02 3.806183847472053117e+01 1.000000000000000000e+00 0.000000000000000000e+00
2.230000000000000000e+02 3.616204863766899535e+01 2.000000000000000000e+00 0.000000000000000000e+00
2.240000000000000000e+02 3.758663027701429371e+01 0.000000000000000000e+00 0.000000000000000000e+00
2.250000000000000000e+02 3.875842362877963154e+01 1.000000000000000000e+00 0.000000000000000000e+00
2.260000000000000000e+02 3.934033756939714266e+01 0.000000000000000000e+00 0.000000000000000000e+00
2.270000000000000000e+02 3.825273042792093747e+01 2.000000000000000000e+00 0.000000000000000000e+00
2.280000000000000000e+02 3.636537822949860299e+01 2.000000000000000000e+00 0.000000000000000000e+00
2.290000000000000000e+02 3.550846901010528711e+01 2.000000000000000000e+00 0.000000000000000000e+00
2.300000000000000000e+02 3.531175241371162343e+01 1.000000000000000000e+00 0.000000000000000000e+00
2.310000000000000000e+02 3.640346473579753450e+01 1.000000000000000000e+00 0.000000000000000000e+00
2.320000000000000000e+02 3.407027242224905450e+01 1.000000000000000000e+00 0.000000000000000000e+00
2.330000000000000000e+02 3.758588243265965900e+01 0.000000000000000000e+00 0.000000000000000000e+00
2.340000000000000000e+02 3.859772929583309065e+01 1.000000000000000000e+00 0.000000000000000000e+00
2.350000000000000000e+02 3.600725797510924764e+01 2.000000000000000000e+00 0.000000000000000000e+00
2.360000000000000000e+02 3.736431322871330707e+01 0.000000000000000000e+00 0.000000000000000000e+00
2.370000000000000000e+02 3.777184183438385645e+01 2.000000000000000000e+00 0.000000000000000000e+00
2.380000000000000000e+02 3.795494514174866652e+01 0.000000000000000000e+00 0.000000000000000000e+00
2.390000000000000000e+02 3.827808347248434728e+01 0.000000000000000000e+00 0.000000000000000000e+00
2.400000000000000000e+02 3.707662731168228021e+01 1.000000000000000000e+00 0.000000000000000000e+00
2.410000000000000000e+02 3.806315558825697565e+01 1.000000000000000000e+00 0.000000000000000000e+00
2.420000000000000000e+02 3.860089854593773140e+01 0.000000000000000000e+00 0.000000000000000000e+00
2.430000000000000000e+02 3.974822136854980670e+01 0.000000000000000000e+00 0.000000000000000000e+00
2.440000000000000000e+02 4.052287078172914647e+01 1.000000000000000000e+00 0.000000000000000000e+00
2.450000000000000000e+02 4.071406859178162563e+01 0.000000000000000000e+00 0.000000000000000000e+00
2.460000000000000000e+02 3.907187638613012126e+01 2.000000000000000000e+00 0.000000000000000000e+00
2.470000000000000000e+02 3.953976508629381925e+01 0.000000000000000000e+00 0.000000000000000000e+00
2.480000000000000000e+02 4.050157774379739095e+01 2.000000000000000000e+00 0.000000000000000000e+00
2.490000000000000000e+02 4.072230131380749185e+01 1.000000000000000000e+00 0.000000000000000000e+00
2.500000000000000000e+02 4.055851510912930280e+01 0.000000000000000000e+00 0.000000000000000000e+00
2.510000000000000000e+02 4.140436761771236718e+01 1.000000000000000000e+00 0.000000000000000000e+00
2.520000000000000000e+02 4.219766363871329418e+01 0.000000000000000000e+00 0.000000000000000000e+00
2.530000000000000000e+02 4.183459240942376312e+01 2.000000000000000000e+00 0.000000000000000000e+00
2.540000000000000000e+02 4.117297004775788594e+01 0.000000000000000000e+00 0.000000000000000000e+00
2.550000000000000000e+02 4.292185866724709342e+01 0.000000000000000000e+00 0.000000000000000000e+00
2.560000000000000000e+02 4.287414400061735620e+01 0.000000000000000000e+00 0.000000000000000000e+00
2.570000000000000000e+02 4.578235761801160919e+01 0.000000000000000000e+00 0.000000000000000000e+00
2.580000000000000000e+02 4.407240376942487359e+01 1.000000000000000000e+00 0.000000000000000000e+00
2.590000000000000000e+02 4.530213451849115103e+01 2.000000000000000000e+00 0.000000000000000000e+00
2.600000000000000000e+02 4.513899040308653809e+01 0.000000000000000000e+00 0.000000000000000000e+00
2.610000000000000000e+02 4.412862043771449549e+01 1.000000000000000000e+00 0.000000000000000000e+00
2.620000000000000000e+02 4.416525256871345562e+01 1.000000000000000000e+00 0.000000000000000000e+00
2.630000000000000000e+02 4.439556340749650332e+01 0.000000000000000000e+00 0.000000000000000000e+00
2.640000000000000000e+02 4.487509748387481068e+01 2.000000000000000000e+00 0.000000000000000000e+00
2.650000000000000000e+02 4.576647253727516329e+01 0.000000000000000000e+00 0.000000000000000000e+00
2.660000000000000000e+02 4.762033767751506019e+01 1.000000000000000000e+00 0.000000000000000000e+00
2.670000000000000000e+02 4.401639783668530725e+01 2.000000000000000000e+00 0.000000000000000000e+00
2.680000000000000000e+02 4.349142753090335844e+01 2.000000000000000000e+00 0.000000000000000000e+00
2.690000000000000000e+02 4.321129757640939317e+01 2.000000000000000000e+00 0.000000000000000000e+00
2.700000000000000000e+02 4.326802326526993170e+01 0.000000000000000000e+00 0.000000000000000000e+00
2.710000000000000000e+02 4.405513511477178668e+01 0.000000000000000000e+00 0.000000000000000000e+00
2.720000000000000000e+02 4.415829047370593230e+01 2.000000000000000000e+00 0.000000000000000000e+00
2.730000000000000000e+02 4.498259667145906349e+01 0.000000000000000000e+00 0.000000000000000000e+00
2.740000000000000000e+02 4.549889244899561191e+01 1.000000000000000000e+00 0.000000000000000000e+00
2.750000000000000000e+02 4.549249481068274292e+01 0.000000000000000000e+00 0.000000000000000000e+00
2.760000000000000000e+02 4.728712498660513575e+01 0.000000000000000000e+00 0.000000000000000000e+00
2.770000000000000000e+02 4.859884026884397201e+01 0.000000000000000000e+00 0.000000000000000000e+00
2.780000000000000000e+02 4.816272628128001543e+01 2.000000000000000000e+00 0.000000000000000000e+00
2.790000000000000000e+02 4.894236392976624472e+01 0.000000000000000000e+00 0.000000000000000000e+00
2.800000000000000000e+02 4.874194660869455475e+01 1.000000000000000000e+00 0.000000000000000000e+00
2.810000000000000000e+02 4.705983799125785794e+01 1.000000000000000000e+00 0.000000000000000000e+00
2.820000000000000000e+02 4.836930958878911468e+01 0.000000000000000000e+00 0.000000000000000000e+00
2.830000000000000000e+02 4.913370219959475094e+01 1.000000000000000000e+00 0.000000000000000000e+00
2.840000000000000000e+02 5.052960071239397166e+01 0.000000000000000000e+00 0.000000000000000000e+00
2.850000000000000000e+02 5.085623278757991983e+01 0.000000000000000000e+00 0.000000000000000000e+00
2.860000000000000000e+02 4.944438566131971413e+01 2.000000000000000000e+00 0.000000000000000000e+00
2.870000000000000000e+02 5.240325928152234525e+01 0.000000000000000000e+00 0.000000000000000000e+00
2.880000000000000000e+02 5.111690452275995256e+01 1.000000000000000000e+00 0.000000000000000000e+00
2.890000000000000000e+02 5.216739366915778930e+01 0.000000000000000000e+00 0.000000000000000000e+00
2.900000000000000000e+02 5.292378427101250082e+01 1.000000000000000000e+00 0.000000000000000000e+00
2.910000000000000000e+02 5.253068346868245442e+01 1.000000000000000000e+00 0.000000000000000000e+00
2.920000000000000000e+02 5.398507583715475988e+01 1.000000000000000000e+00 0.000000000000000000e+00
2.930000000000000000e+02 5.296132214396282478e+01 1.000000000000000000e+00 0.000000000000000000e+00
2.940000000000000000e+02 5.111709368150839339e+01 1.000000000000000000e+00 0.000000000000000000e+00
2.950000000000000000e+02 5.320994270903230472e+01 0.000000000000000000e+00 0.000000000000000000e+00
2.960000000000000000e+02 5.341866359697234401e+01 2.000000000000000000e+00 0.000000000000000000e+00
2.970000000000000000e+02 5.289068812096940064e+01 0.000000000000000000e+00 0.000000000000000000e+00
2.980000000000000000e+02 5.193060680761632142e+01 1.000000000000000000e+00 0.000000000000000000e+00
2.990000000000000000e+02 5.468580228018887368e+01 1.000000000000000000e+00 0.000000000000000000e+00
3.000000000000000000e+02 5.161922224902038181e+01 1.000000000000000000e+00 0.000000000000000000e+00
3.010000000000000000e+02 5.306074716003100633e+01 1.000000000000000000e+00 0.000000000000000000e+00
3.020000000000000000e+02 5.246852143355885545e+01 0.000000000000000000e+00 0.000000000000000000e+00
3.030000000000000000e+02 5.485533753313709582e+01 1.000000000000000000e+00 0.000000000000000000e+00
3.040000000000000000e+02 5.331803880083585767e+01 1.000000000000000000e+00 0.000000000000000000e+00
3.050000000000000000e+02 5.524843416616268854e+01 1.000000000000000000e+00 0.000000000000000000e+00
3.060000000000000000e+02 5.478771158667017716e+01 0.000000000000000000e+00 0.000000000000000000e+00
3.070000000000000000e+02 5.422105072687949701e+01 1.000000000000000000e+00 0.000000000000000000e+00
3.080000000000000000e+02 5.590800847793644124e+01 0.000000000000000000e+00 0.000000000000000000e+00
3.090000000000000000e+02 5.437685852109414242e+01 1.000000000000000000e+00 0.000000000000000000e+00
3.100000000000000000e+02 5.562107936610362913e+01 1.000000000000000000e+00 0.000000000000000000e+00
3.110000000000000000e+02 5.497335199168283282e+01 1.000000000000000000e+00 0.000000000000000000e+00
3.120000000000000000e+02 5.585096888949743743e+01 1.000000000000000000e+00 0.000000000000000000e+00
3.130000000000000000e+02 5.585539153920772293e+01 1.000000000000000000e+00 0.000000000000000000e+00
3.140000000000000000e+02 5.690795775647050192e+01 0.000000000000000000e+00 0.000000000000000000e+00
3.150000000000000000e+02 5.942572295324050913e+01 0.000000000000000000e+00 0.000000000000000000e+00
3.160000000000000000e+02 5.780867465984704978e+01 1.000000000000000000e+00 0.000000000000000000e+00
3.170000000000000000e+02 5.807418765049771281e+01 1.000000000000000000e+00 0.000000000000000000e+00
3.180000000000000000e+02 5.903702759420740165e+01 0.000000000000000000e+00 0.000000000000000000e+00
3.190000000000000000e+02 5.880325627536458200e+01 1.000000000000000000e+00 0.000000000000000000e+00
3.200000000000000000e+02 5.980563994339642164e+01 1.000000000000000000e+00 0.000000000000000000e+00
3.210000000000000000e+02 5.951939775507538144e+01 1.000000000000000000e+00 0.000000000000000000e+00
3.220000000000000000e+02 5.941284484347839623e+01 0.000000000000000000e+00 0.000000000000000000e+00
3.230000000000000000e+02 5.884330396342387814e+01 1.000000000000000000e+00 0.000000000000000000e+00
3.240000000000000000e+02 6.055444277286387234e+01 1.000000000000000000e+00 0.000000000000000000e+00
3.250000000000000000e+02 6.045135912755353047e+01 0.000000000000000000e+00 0.000000000000000000e+00
3.260000000000000000e+02 6.122452396799987184e+01 0.000000000000000000e+00 0.000000000000000000e+00
3.270000000000000000e+02 6.289554436102800139e+01 1.000000000000000000e+00 0.000000000000000000e+00
3.280000000000000000e+02 6.139988593565151831e+01 1.000000000000000000e+00 0.000000000000000000e+00
3.290000000000000000e+02 6.081911828682651588e+01 2.000000000000000000e+00 0.000000000000000000e+00
3.300000000000000000e+02 6.070340757020214539e+01 0.000000000000000000e+00 0.000000000000000000e+00
3.310000000000000000e+02 6.227621719717011928e+01 0.000000000000000000e+00 0.000000000000000000e+00
3.320000000000000000e+02 6.203345360856133084e+01 1.000000000000000000e+00 0.000000000000000000e+00
3.330000000000000000e+02 6.377178227546330902e+01 0.000000000000000000e+00 0.000000000000000000e+00
3.340000000000000000e+02 6.410516669146524293e+01 1.000000000000000000e+00 0.000000000000000000e+00
3.350000000000000000e+02 6.446662317863166436e+01 0.000000000000000000e+00 0.000000000000000000e+00
3.360000000000000000e+02 6.383332057904124213e+01 1.000000000000000000e+00 0.000000000000000000e+00
3.370000000000000000e+02 6.335628955039923937e+01 2.000000000000000000e+00 0.000000000000000000e+00
3.380000000000000000e+02 6.278878877923057900e+01 1.000000000000000000e+00 0.000000000000000000e+00
3.390000000000000000e+02 6.303581066729237392e+01 0.000000000000000000e+00 0.000000000000000000e+00
3.400000000000000000e+02 6.405460905899572310e+01 2.000000000000000000e+00 0.000000000000000000e+00
3.410000000000000000e+02 6.506927208777983651e+01 0.000000000000000000e+00 0.000000000000000000e+00
3.420000000000000000e+02 6.494731537607586347e+01 1.000000000000000000e+00 0.000000000000000000e+00
3.430000000000000000e+02 6.358479070027291158e+01 1.000000000000000000e+00 0.000000000000000000e+00
3.440000000000000000e+02 6.576163584322671340e+01 1.000000000000000000e+00 0.000000000000000000e+00
3.450000000000000000e+02 6.569362617044087926e+01 2.000000000000000000e+00 0.000000000000000000e+00
3.460000000000000000e+02 6.375137242613881483e+01 1.000000000000000000e+00 0.000000000000000000e+00
3.470000000000000000e+02 6.436865290603859080e+01 1.000000000000000000e+00 0.000000000000000000e+00
3.480000000000000000e+02 6.401187215288194921e+01 1.000000000000000000e+00 0.000000000000000000e+00
3.490000000000000000e+02 6.449935477382373961e+01 0.000000000000000000e+00 0.000000000000000000e+00
3.500000000000000000e+02 6.321450396523065507e+01 1.000000000000000000e+00 0.000000000000000000e+00
3.510000000000000000e+02 6.629070908222439584e+01 0.000000000000000000e+00 0.000000000000000000e+00
3.520000000000000000e+02 6.498304667906145937e+01 2.000000000000000000e+00 0.000000000000000000e+00
3.530000000000000000e+02 6.424997434004049524e+01 0.000000000000000000e+00 0.000000000000000000e+00
3.540000000000000000e+02 6.444795142939233301e+01 2.000000000000000000e+00 0.000000000000000000e+00
3.550000000000000000e+02 6.400375445102896776e+01 2.000000000000000000e+00 0.000000000000000000e+00
3.560000000000000000e+02 6.237909958407815481e+01 2.000000000000000000e+00 0.000000000000000000e+00
3.570000000000000000e+02 6.195339960123401823e+01 2.000000000000000000e+00 0.000000000000000000e+00
3.580000000000000000e+02 5.984020524897276516e+01 2.000000000000000000e+00 0.000000000000000000e+00
3.590000000000000000e+02 6.070458745744137730e+01 1.000000000000000000e+00 0.000000000000000000e+00
3.600000000000000000e+02 6.277132604815634664e+01 0.000000000000000000e+00 0.000000000000000000e+00
3.610000000000000000e+02 6.188214619011280604e+01 0.000000000000000000e+00 0.000000000000000000e+00
3.620000000000000000e+02 6.436189819028203374e+01 0.000000000000000000e+00 0.000000000000000000e+00
3.630000000000000000e+02 6.260069723900338801e+01 2.000000000000000000e+00 0.000000000000000000e+00
3.640000000000000000e+02 6.121376089816001809e+01 2.000000000000000000e+00 0.000000000000000000e+00
3.650000000000000000e+02 6.350588934782552286e+01 1.000000000000000000e+00 0.000000000000000000e+00
3.660000000000000000e+02 6.385620419288172656e+01 1.000000000000000000e+00 0.000000000000000000e+00
3.670000000000000000e+02 6.341252886877645523e+01 0.000000000000000000e+00 0.000000000000000000e+00
3.680000000000000000e+02 6.155342330532762674e+01 2.000000000000000000e+00 0.000000000000000000e+00
3.690000000000000000e+02 6.110389862788735371e+01 1.000000000000000000e+00 0.000000000000000000e+00
3.700000000000000000e+02 6.249373759715011545e+01 0.000000000000000000e+00 0.000000000000000000e+00
3.710000000000000000e+02 6.387290095905409260e+01 1.000000000000000000e+00 0.000000000000000000e+00
3.720000000000000000e+02 6.306575098946836988e+01 1.000000000000000000e+00 0.000000000000000000e+00
3.730000000000000000e+02 6.421582530840373693e+01 0.000000000000000000e+00 0.000000000000000000e+00
3.740000000000000000e+02 6.504349475229787458e+01 0.000000000000000000e+00 0.000000000000000000e+00
3.750000000000000000e+02 6.465015721547234762e+01 2.000000000000000000e+00 0.000000000000000000e+00
3.760000000000000000e+02 6.231994616492301020e+01 2.000000000000000000e+00 0.000000000000000000e+00
3.770000000000000000e+02 6.373010595256977950e+01 0.000000000000000000e+00 0.000000000000000000e+00
3.780000000000000000e+02 6.510480661799111601e+01 0.000000000000000000e+00 0.000000000000000000e+00
3.790000000000000000e+02 6.497433350303784039e+01 1.000000000000000000e+00 0.000000000000000000e+00
3.800000000000000000e+02 6.638363604582129085e+01 0.000000000000000000e+00 0.000000000000000000e+00
3.810000000000000000e+02 6.453133306615656295e+01 2.000000000000000000e+00 0.000000000000000000e+00
3.820000000000000000e+02 6.527177822914563876e+01 2.000000000000000000e+00 0.000000000000000000e+00
3.830000000000000000e+02 6.243769387616123367e+01 2.000000000000000000e+00 0.000000000000000000e+00
3.840000000000000000e+02 6.250206832503274512e+01 2.000000000000000000e+00 0.000000000000000000e+00
3.850000000000000000e+02 6.304195510878921738e+01 1.000000000000000000e+00 0.000000000000000000e+00
3.860000000000000000e+02 6.216379119261349473e+01 1.000000000000000000e+00 0.000000000000000000e+00
3.870000000000000000e+02 6.145642757771450704e+01 1.000000000000000000e+00 0.000000000000000000e+00
3.880000000000000000e+02 6.167485629471248387e+01 2.000000000000000000e+00 0.000000000000000000e+00
3.890000000000000000e+02 6.260805199534098620e+01 0.000000000000000000e+00 0.000000000000000000e+00
3.900000000000000000e+02 6.053945120992422346e+01 2.000000000000000000e+00 0.000000000000000000e+00
3.910000000000000000e+02 5.913355740508591651e+01 2.000000000000000000e+00 0.000000000000000000e+00
3.920000000000000000e+02 6.007047065821816290e+01 1.000000000000000000e+00 0.000000000000000000e+00
3.930000000000000000e+02 6.197609815867912175e+01 0.000000000000000000e+00 0.000000000000000000e+00
3.940000000000000000e+02 6.104821516784722490e+01 1.000000000000000000e+00 0.000000000000000000e+00
3.950000000000000000e+02 6.063936761169371437e+01 1.000000000000000000e+00 0.000000000000000000e+00
3.960000000000000000e+02 6.245657466426360571e+01 0.000000000000000000e+00 0.000000000000000000e+00
3.970000000000000000e+02 6.150658481819161238e+01 1.000000000000000000e+00 0.000000000000000000e+00
3.980000000000000000e+02 6.422683859061703515e+01 0.000000000000000000e+00 0.000000000000000000e+00
3.990000000000000000e+02 6.267827479838632598e+01 0.000000000000000000e+00 0.000000000000000000e+00
4.000000000000000000e+02 6.491247863929648076e+01 0.000000000000000000e+00 0.000000000000000000e+00
4.010000000000000000e+02 6.666008756670973412e+01 0.000000000000000000e+00 0.000000000000000000e+00
4.020000000000000000e+02 6.680539083483776608e+01 0.000000000000000000e+00 0.000000000000000000e+00
4.030000000000000000e+02 6.672668807683257342e+01 2.000000000000000000e+00 0.000000000000000000e+00
4.040000000000000000e+02 6.642681889480373059e+01 0.000000000000000000e+00 0.000000000000000000e+00
4.050000000000000000e+02 6.732830839792465838e+01 1.000000000000000000e+00 0.000000000000000000e+00
4.060000000000000000e+02 6.597273156937924909e+01 1.000000000000000000e+00 0.000000000000000000e+00
4.070000000000000000e+02 6.549471892267938244e+01 1.000000000000000000e+00 0.000000000000000000e+00
4.080000000000000000e+02 6.802515619236264399e+01 1.000000000000000000e+00 0.000000000000000000e+00
4.090000000000000000e+02 6.533633329418869096e+01 2.000000000000000000e+00 0.000000000000000000e+00
4.100000000000000000e+02 6.514369268978946081e+01 0.000000000000000000e+00 0.000000000000000000e+00
4.110000000000000000e+02 6.598838439444794801e+01 2.000000000000000000e+00 0.000000000000000000e+00
4.120000000000000000e+02 6.693314897950131126e+01 0.000000000000000000e+00 0.000000000000000000e+00
4.130000000000000000e+02 6.616352319723249309e+01 1.000000000000000000e+00 0.000000000000000000e+00
4.140000000000000000e+02 6.485634430938560513e+01 1.000000000000000000e+00 0.000000000000000000e+00
4.150000000000000000e+02 6.758123891911284886e+01 0.000000000000000000e+00 0.000000000000000000e+00
4.160000000000000000e+02 6.694867323151380845e+01 2.000000000000000000e+00 0.000000000000000000e+00
4.170000000000000000e+02 6.529016677015845005e+01 1.000000000000000000e+00 0.000000000000000000e+00
4.180000000000000000e+02 6.741664332078880761e+01 1.000000000000000000e+00 0.000000000000000000e+00
4.190000000000000000e+02 6.772285979714239090e+01 1.000000000000000000e+00 0.000000000000000000e+00
4.200000000000000000e+02 6.602009030231715769e+01 1.000000000000000000e+00 0.000000000000000000e+00
4.210000000000000000e+02 6.626230459298898268e+01 2.000000000000000000e+00 0.000000000000000000e+00
4.220000000000000000e+02 6.668848759544434301e+01 0.000000000000000000e+00 0.000000000000000000e+00
4.230000000000000000e+02 6.805323797710202882e+01 1.000000000000000000e+00 0.000000000000000000e+00
4.240000000000000000e+02 6.949499818510648197e+01 0.000000000000000000e+00 0.000000000000000000e+00
4.250000000000000000e+02 6.757832035876198518e+01 1.000000000000000000e+00 0.000000000000000000e+00
4.260000000000000000e+02 6.991605448379849008e+01 0.000000000000000000e+00 0.000000000000000000e+00
4.270000000000000000e+02 6.828608239400476521e+01 2.000000000000000000e+00 0.000000000000000000e+00
4.280000000000000000e+02 6.755980458801387556e+01 2.000000000000000000e+00 0.000000000000000000e+00
4.290000000000000000e+02 6.905353088587544619e+01 0.000000000000000000e+00 0.000000000000000000e+00
4.300000000000000000e+02 6.895584979928206337e+01 0.000000000000000000e+00 0.000000000000000000e+00
4.310000000000000000e+02 6.746446271379826953e+01 2.000000000000000000e+00 0.000000000000000000e+00
4.320000000000000000e+02 6.880331108206847546e+01 0.000000000000000000e+00 0.000000000000000000e+00
4.330000000000000000e+02 7.038822244586067711e+01 0.000000000000000000e+00 0.000000000000000000e+00
4.340000000000000000e+02 7.026733955286319144e+01 0.000000000000000000e+00 0.000000000000000000e+00
4.350000000000000000e+02 7.020772320897052055e+01 2.000000000000000000e+00 0.000000000000000000e+00
4.360000000000000000e+02 6.977741562908620665e+01 1.000000000000000000e+00 0.000000000000000000e+00
4.370000000000000000e+02 7.010100988274446365e+01 0.000000000000000000e+00 0.000000000000000000e+00
4.380000000000000000e+02 7.056744996257388891e+01 2.000000000000000000e+00 0.000000000000000000e+00
4.390000000000000000e+02 7.044028739970570996e+01 0.000000000000000000e+00 0.000000000000000000e+00
4.400000000000000000e+02 6.931262013487672391e+01 2.000000000000000000e+00 0.000000000000000000e+00
4.410000000000000000e+02 7.197504464967194338e+01 0.000000000000000000e+00 0.000000000000000000e+00
4.420000000000000000e+02 7.007464059625412744e+01 2.000000000000000000e+00 0.000000000000000000e+00
4.430000000000000000e+02 7.116707351445714380e+01 0.000000000000000000e+00 0.000000000000000000e+00
4.440000000000000000e+02 7.031586549670073794e+01 2.000000000000000000e+00 0.000000000000000000e+00
4.450000000000000000e+02 7.147290443051500120e+01 0.000000000000000000e+00 0.000000000000000000e+00
4.460000000000000000e+02 7.096125067749377990e+01 0.000000000000000000e+00 0.000000000000000000e+00
4.470000000000000000e+02 7.287935262168690542e+01 0.000000000000000000e+00 0.000000000000000000e+00
4.480000000000000000e+02 7.286056236539307918e+01 2.000000000000000000e+00 0.000000000000000000e+00
4.490000000000000000e+02 7.231668294498393834e+01 2.000000000000000000e+00 0.000000000000000000e+00
4.500000000000000000e+02 6.897372872186068093e+01 2.000000000000000000e+00 0.000000000000000000e+00
4.510000000000000000e+02 7.346810169901452525e+01 0.000000000000000000e+00 0.000000000000000000e+00
4.520000000000000000e+02 7.182322103923412726e+01 0.000000000000000000e+00 0.000000000000000000e+00
4.530000000000000000e+02 7.214435010358930356e+01 2.000000000000000000e+00 0.000000000000000000e+00
4.540000000000000000e+02 7.150876914354435598e+01 2.000000000000000000e+00 0.000000000000000000e+00
4.550000000000000000e+02 7.122206975793326933e+01 0.000000000000000000e+00 0.000000000000000000e+00
4.560000000000000000e+02 7.204962776689345105e+01 1.000000000000000000e+00 0.000000000000000000e+00
4.570000000000000000e+02 7.188070594693634519e+01 0.000000000000000000e+00 0.000000000000000000e+00
4.580000000000000000e+02 6.985392414805993155e+01 2.000000000000000000e+00 0.000000000000000000e+00
4.590000000000000000e+02 7.292378272635291125e+01 0.000000000000000000e+00 0.000000000000000000e+00
4.600000000000000000e+02 6.957646808228267332e+01 2.000000000000000000e+00 0.000000000000000000e+00
4.610000000000000000e+02 7.127841356616382029e+01 0.000000000000000000e+00 0.000000000000000000e+00
4.620000000000000000e+02 7.225918258434047914e+01 2.000000000000000000e+00 0.000000000000000000e+00
4.630000000000000000e+02 7.175815909449914898e+01 0.000000000000000000e+00 0.000000000000000000e+00
4.640000000000000000e+02 7.192396403137495042e+01 1.000000000000000000e+00 0.000000000000000000e+00
4.650000000000000000e+02 7.268640474314106825e+01 0.000000000000000000e+00 0.000000000000000000e+00
4.660000000000000000e+02 7.318936154737434663e+01 0.000000000000000000e+00 0.000000000000000000e+00
4.670000000000000000e+02 7.377403753654147067e+01 0.000000000000000000e+00 0.000000000000000000e+00
4.680000000000000000e+02 7.482129965369051661e+01 1.000000000000000000e+00 0.000000000000000000e+00
4.690000000000000000e+02 7.534727468474801526e+01 1.000000000000000000e+00 0.000000000000000000e+00
4.700000000000000000e+02 7.377014891588133594e+01 2.000000000000000000e+00 0.000000000000000000e+00
4.710000000000000000e+02 7.665803234417910517e+01 0.000000000000000000e+00 0.000000000000000000e+00
4.720000000000000000e+02 7.542801021448957499e+01 1.000000000000000000e+00 0.000000000000000000e+00
4.730000000000000000e+02 7.473987703505432023e+01 1.000000000000000000e+00 0.000000000000000000e+00
4.740000000000000000e+02 7.572759755828741390e+01 0.000000000000000000e+00 0.000000000000000000e+00
4.750000000000000000e+02 7.334601478670607833e+01 2.000000000000000000e+00 0.000000000000000000e+00
4.760000000000000000e+02 7.617500196323176453e+01 0.000000000000000000e+00 0.000000000000000000e+00
4.770000000000000000e+02 7.488921661435493604e+01 2.000000000000000000e+00 0.000000000000000000e+00
4.780000000000000000e+02 7.441257151489132582e+01 2.000000000000000000e+00 0.000000000000000000e+00
4.790000000000000000e+02 7.544078631263516854e+01 0.000000000000000000e+00 0.000000000000000000e+00
4.800000000000000000e+02 7.420871524145066189e+01 1.000000000000000000e+00 0.000000000000000000e+00
4.810000000000000000e+02 7.479489617389766920e+01 1.000000000000000000e+00 0.000000000000000000e+00
4.820000000000000000e+02 7.734411174796302646e+01 0.000000000000000000e+00 0.000000000000000000e+00
4.830000000000000000e+02 7.617157280673031039e+01 2.000000000000000000e+00 0.000000000000000000e+00
4.840000000000000000e+02 7.263192912769052612e+01 2.000000000000000000e+00 0.000000000000000000e+00
4.850000000000000000e+02 7.263163962802784113e+01 1.000000000000000000e+00 0.000000000000000000e+00
4.860000000000000000e+02 7.375908002187321699e+01 1.000000000000000000e+00 0.000000000000000000e+00
4.870000000000000000e+02 7.423829527227859160e+01 1.000000000000000000e+00 0.000000000000000000e+00
4.880000000000000000e+02 7.640428521191590505e+01 0.000000000000000000e+00 0.000000000000000000e+00
4.890000000000000000e+02 7.370662774192749112e+01 1.000000000000000000e+00 0.000000000000000000e+00
4.900000000000000000e+02 7.491574850209596548e+01 1.000000000000000000e+00 0.000000000000000000e+00
4.910000000000000000e+02 7.505553420645104268e+01 1.000000000000000000e+00 0.000000000000000000e+00
4.920000000000000000e+02 7.368926530000028663e+01 1.000000000000000000e+00 0.000000000000000000e+00
4.930000000000000000e+02 7.311164061344794618e+01 2.000000000000000000e+00 0.000000000000000000e+00
4.940000000000000000e+02 7.445987778899950627e+01 2.000000000000000000e+00 0.000000000000000000e+00
4.950000000000000000e+02 7.471899181583573579e+01 0.000000000000000000e+00 0.000000000000000000e+00
4.960000000000000000e+02 7.692112010452230209e+01 0.000000000000000000e+00 0.000000000000000000e+00
4.970000000000000000e+02 7.616819872507286959e+01 1.000000000000000000e+00 0.000000000000000000e+00
4.980000000000000000e+02 7.385436532454200176e+01 1.000000000000000000e+00 0.000000000000000000e+00
4.990000000000000000e+02 7.310424176503997273e+01 2.000000000000000000e+00 0.000000000000000000e+00
5.000000000000000000e+02 7.306844022052875687e+01 2.000000000000000000e+00 0.000000000000000000e+00
5.010000000000000000e+02 7.250669890685378505e+01 0.000000000000000000e+00 0.000000000000000000e+00
5.020000000000000000e+02 7.487646527689626907e+01 0.000000000000000000e+00 0.000000000000000000e+00
5.030000000000000000e+02 7.658321421918869021e+01 0.000000000000000000e+00 0.000000000000000000e+00
5.040000000000000000e+02 7.731834876232619536e+01 0.000000000000000000e+00 0.000000000000000000e+00
5.050000000000000000e+02 7.789334261889473510e+01 0.000000000000000000e+00 0.000000000000000000e+00
5.060000000000000000e+02 7.718761813769479829e+01 2.000000000000000000e+00 0.000000000000000000e+00
5.070000000000000000e+02 7.831041436103126330e+01 0.000000000000000000e+00 0.000000000000000000e+00
5.080000000000000000e+02 7.614899242273467905e+01 2.000000000000000000e+00 0.000000000000000000e+00
5.090000000000000000e+02 7.879494283530704024e+01 0.000000000000000000e+00 0.000000000000000000e+00
5.100000000000000000e+02 7.696997096698450491e+01 2.000000000000000000e+00 0.000000000000000000e+00
5.110000000000000000e+02 7.664938094687686032e+01 0.000000000000000000e+00 0.000000000000000000e+00
5.120000000000000000e+02 7.823545182195358905e+01 1.000000000000000000e+00 0.000000000000000000e+00
5.130000000000000000e+02 7.829785334855078816e+01 1.000000000000000000e+00 0.000000000000000000e+00
5.140000000000000000e+02 7.754031046852095699e+01 1.000000000000000000e+00 0.000000000000000000e+00
5.150000000000000000e+02 7.854053308524507315e+01 1.000000000000000000e+00 0.000000000000000000e+00
5.160000000000000000e+02 7.870996829055964383e+01 0.000000000000000000e+00 0.000000000000000000e+00
5.170000000000000000e+02 8.014970148237148351e+01 0.000000000000000000e+00 0.000000000000000000e+00
5.180000000000000000e+02 7.966812424019632033e+01 0.000000000000000000e+00 0.000000000000000000e+00
5.190000000000000000e+02 8.018064073536973524e+01 1.000000000000000000e+00 0.000000000000000000e+00
5.200000000000000000e+02 8.157068011950464381e+01 0.000000000000000000e+00 0.000000000000000000e+00
5.210000000000000000e+02 8.109714435465480165e+01 1.000000000000000000e+00 0.000000000000000000e+00
5.220000000000000000e+02 8.093175120560331948e+01 2.000000000000000000e+00 0.000000000000000000e+00
5.230000000000000000e+02 8.229575540545103252e+01 0.000000000000000000e+00 0.000000000000000000e+00
5.240000000000000000e+02 8.078912917477040878e+01 2.000000000000000000e+00 0.000000000000000000e+00
5.250000000000000000e+02 8.099925206849142967e+01 1.000000000000000000e+00 0.000000000000000000e+00
5.260000000000000000e+02 8.138435396274681466e+01 1.000000000000000000e+00 0.000000000000000000e+00
5.270000000000000000e+02 8.322563619640908428e+01 0.000000000000000000e+00 0.000000000000000000e+00
5.280000000000000000e+02 8.120452464281201799e+01 2.000000000000000000e+00 0.000000000000000000e+00
5.290000000000000000e+02 8.220575488414685594e+01 0.000000000000000000e+00 0.000000000000000000e+00
5.300000000000000000e+02 8.087320978711979080e+01 2.000000000000000000e+00 0.000000000000000000e+00
5.310000000000000000e+02 8.116764312482156640e+01 0.000000000000000000e+00 0.000000000000000000e+00
5.320000000000000000e+02 8.232019486644600192e+01 1.000000000000000000e+00 0.000000000000000000e+00
5.330000000000000000e+02 8.167827233350975291e+01 1.000000000000000000e+00 0.000000000000000000e+00
5.340000000000000000e+02 8.253217852796427678e+01 0.000000000000000000e+00 0.000000000000000000e+00
5.350000000000000000e+02 8.126515613963174189e+01 2.000000000000000000e+00 0.000000000000000000e+00
5.360000000000000000e+02 8.436407828556319544e+01 0.000000000000000000e+00 0.000000000000000000e+00
5.370000000000000000e+02 8.310989371299396566e+01 1.000000000000000000e+00 0.000000000000000000e+00
5.380000000000000000e+02 8.140948707004059770e+01 2.000000000000000000e+00 0.000000000000000000e+00
5.390000000000000000e+02 8.164137786919680195e+01 1.000000000000000000e+00 0.000000000000000000e+00
5.400000000000000000e+02 8.284540665384504621e+01 0.000000000000000000e+00 0.000000000000000000e+00
5.410000000000000000e+02 8.410295638951893693e+01 1.000000000000000000e+00 0.000000000000000000e+00
5.420000000000000000e+02 8.409651669454000000e+01 0.000000000000000000e+00 0.000000000000000000e+00
5.430000000000000000e+02 8.489298851365623477e+01 0.000000000000000000e+00 0.000000000000000000e+00
5.440000000000000000e+02 8.424510932831037735e+01 1.000000000000000000e+00 0.000000000000000000e+00
5.450000000000000000e+02 8.565066202024763697e+01 0.000000000000000000e+00 0.000000000000000000e+00
5.460000000000000000e+02 8.389141815319773343e+01 1.000000000000000000e+00 0.000000000000000000e+00
5.470000000000000000e+02 8.705114726303364137e+01 0.000000000000000000e+00 0.000000000000000000e+00
5.480000000000000000e+02 8.570846653071897947e+01 2.000000000000000000e+00 0.000000000000000000e+00
5.490000000000000000e+02 8.570522035750499867e+01 2.000000000000000000e+00 0.000000000000000000e+00
5.500000000000000000e+02 8.520584083635247907e+01 0.000000000000000000e+00 0.000000000000000000e+00
5.510000000000000000e+02 8.548786733222335954e+01 1.000000000000000000e+00 0.000000000000000000e+00
5.520000000000000000e+02 8.670343972295842150e+01 1.000000000000000000e+00 0.000000000000000000e+00
5.530000000000000000e+02 8.780605047153629528e+01 0.000000000000000000e+00 0.000000000000000000e+00
5.540000000000000000e+02 8.842751142824154442e+01 0.000000000000000000e+00 0.000000000000000000e+00
5.550000000000000000e+02 8.944367724783353424e+01 0.000000000000000000e+00 0.000000000000000000e+00
5.560000000000000000e+02 8.852689662777730462e+01 1.000000000000000000e+00 0.000000000000000000e+00
5.570000000000000000e+02 8.901573971064955515e+01 1.000000000000000000e+00 0.000000000000000000e+00
5.580000000000000000e+02 8.920514351884483517e+01 0.000000000000000000e+00 0.000000000000000000e+00
5.590000000000000000e+02 9.091169459659892027e+01 0.000000000000000000e+00 0.000000000000000000e+00
5.600000000000000000e+02 9.101532063963605879e+01 2.000000000000000000e+00 0.000000000000000000e+00
5.610000000000000000e+02 9.235003419559416216e+01 0.000000000000000000e+00 0.000000000000000000e+00
5.620000000000000000e+02 9.193562715131913876e+01 0.000000000000000000e+00 0.000000000000000000e+00
5.630000000000000000e+02 9.059848808724625258e+01 2.000000000000000000e+00 0.000000000000000000e+00
5.640000000000000000e+02 9.202496453838691082e+01 0.000000000000000000e+00 0.000000000000000000e+00
5.650000000000000000e+02 9.383425308437172419e+01 0.000000000000000000e+00 0.000000000000000000e+00
5.660000000000000000e+02 9.379211245911820072e+01 0.000000000000000000e+00 0.000000000000000000e+00
5.670000000000000000e+02 9.414040982762647047e+01 0.000000000000000000e+00 0.000000000000000000e+00
5.680000000000000000e+02 9.612625109840452353e+01 0.000000000000000000e+00 0.000000000000000000e+00
5.690000000000000000e+02 9.430969212270804292e+01 2.000000000000000000e+00 0.000000000000000000e+00
5.700000000000000000e+02 9.372158824992874315e+01 2.000000000000000000e+00 0.000000000000000000e+00
5.710000000000000000e+02 9.351159121496233695e+01 2.000000000000000000e+00 0.000000000000000000e+00
5.720000000000000000e+02 9.431773720087242907e+01 0.000000000000000000e+00 0.000000000000000000e+00
5.730000000000000000e+02 9.385877203449899753e+01 0.000000000000000000e+00 0.000000000000000000e+00
5.740000000000000000e+02 9.389203804608359860e+01 2.000000000000000000e+00 0.000000000000000000e+00
5.750000000000000000e+02 9.436204636258304390e+01 1.000000000000000000e+00 0.000000000000000000e+00
5.760000000000000000e+02 9.589637866863166948e+01 0.000000000000000000e+00 0.000000000000000000e+00
5.770000000000000000e+02 9.504713718542755885e+01 1.000000000000000000e+00 0.000000000000000000e+00
5.780000000000000000e+02 9.545483172764210167e+01 1.000000000000000000e+00 0.000000000000000000e+00
5.790000000000000000e+02 9.490455102921920627e+01 1.000000000000000000e+00 0.000000000000000000e+00
5.800000000000000000e+02 9.372950395219666575e+01 1.000000000000000000e+00 0.000000000000000000e+00
5.810000000000000000e+02 9.398618949024685776e+01 1.000000000000000000e+00 0.000000000000000000e+00
5.820000000000000000e+02 9.584501406796863421e+01 0.000000000000000000e+00 0.000000000000000000e+00
5.830000000000000000e+02 9.669336649681885376e+01 0.000000000000000000e+00 0.000000000000000000e+00
5.840000000000000000e+02 9.584533318707190119e+01 2.000000000000000000e+00 0.000000000000000000e+00
5.850000000000000000e+02 9.645724361292471372e+01 0.000000000000000000e+00 0.000000000000000000e+00
5.860000000000000000e+02 9.640201080874047079e+01 2.000000000000000000e+00 0.000000000000000000e+00
5.870000000000000000e+02 9.667739614261142833e+01 0.000000000000000000e+00 0.000000000000000000e+00
5.880000000000000000e+02 9.523623802161338858e+01 2.000000000000000000e+00 0.000000000000000000e+00
5.890000000000000000e+02 9.747243445889671420e+01 0.000000000000000000e+00 0.000000000000000000e+00
5.900000000000000000e+02 9.744727736511974570e+01 0.000000000000000000e+00 0.000000000000000000e+00
5.910000000000000000e+02 9.605877251911198300e+01 2.000000000000000000e+00 0.000000000000000000e+00
5.920000000000000000e+02 9.751370225936176439e+01 0.000000000000000000e+00 0.000000000000000000e+00
5.930000000000000000e+02 9.635312811072759587e+01 2.000000000000000000e+00 0.000000000000000000e+00
5.940000000000000000e+02 9.774915983094444982e+01 0.000000000000000000e+00 0.000000000000000000e+00
5.950000000000000000e+02 9.643396333529283027e+01 2.000000000000000000e+00 0.000000000000000000e+00
5.960000000000000000e+02 9.937096370958363423e+01 0.000000000000000000e+00 0.000000000000000000e+00
5.970000000000000000e+02 9.791061367130672011e+01 2.000000000000000000e+00 0.000000000000000000e+00
5.980000000000000000e+02 9.684567710990285150e+01 0.000000000000000000e+00 0.000000000000000000e+00
5.990000000000000000e+02 9.686308554060728682e+01 1.000000000000000000e+00 0.000000000000000000e+00
6.000000000000000000e+02 9.674115827209655549e+01 2.000000000000000000e+00 0.000000000000000000e+00
6.010000000000000000e+02 9.616114941162045682e+01 2.000000000000000000e+00 0.000000000000000000e+00
6.020000000000000000e+02 9.689138576382360668e+01 0.000000000000000000e+00 0.000000000000000000e+00
6.030000000000000000e+02 9.643955897430450364e+01 1.000000000000000000e+00 0.000000000000000000e+00
6.040000000000000000e+02 9.694401280255725339e+01 1.000000000000000000e+00 0.000000000000000000e+00
6.050000000000000000e+02 9.742626316843166023e+01 1.000000000000000000e+00 0.000000000000000000e+00
6.060000000000000000e+02 9.851692252938309480e+01 0.000000000000000000e+00 0.000000000000000000e+00
6.070000000000000000e+02 1.000600106908668323e+02 0.000000000000000000e+00 0.000000000000000000e+00
6.080000000000000000e+02 9.934478501189016697e+01 1.000000000000000000e+00 0.000000000000000000e+00
6.090000000000000000e+02 9.916637154618057082e+01 1.000000000000000000e+00 0.000000000000000000e+00
6.100000000000000000e+02 1.000766267045419085e+02 0.000000000000000000e+00 0.000000000000000000e+00
6.110000000000000000e+02 9.938974826670551010e+01 0.000000000000000000e+00 0.000000000000000000e+00
6.120000000000000000e+02 1.010482043318970256e+02 1.000000000000000000e+00 0.000000000000000000e+00
6.130000000000000000e+02 1.014410558027393705e+02 0.000000000000000000e+00 0.000000000000000000e+00
6.140000000000000000e+02 1.004121721113689176e+02 2.000000000000000000e+00 0.000000000000000000e+00
6.150000000000000000e+02 1.016762960281583474e+02 0.000000000000000000e+00 0.000000000000000000e+00
6.160000000000000000e+02 1.031577800883753326e+02 0.000000000000000000e+00 0.000000000000000000e+00
6.170000000000000000e+02 1.013993617512491880e+02 0.000000000000000000e+00 0.000000000000000000e+00
6.180000000000000000e+02 1.036572124958862986e+02 1.000000000000000000e+00 0.000000000000000000e+00
6.190000000000000000e+02 1.023881703162583250e+02 0.000000000000000000e+00 0.000000000000000000e+00
6.200000000000000000e+02 1.049388692444909452e+02 1.000000000000000000e+00 0.000000000000000000e+00
6.210000000000000000e+02 1.064711954488877126e+02 0.000000000000000000e+00 0.000000000000000000e+00
6.220000000000000000e+02 1.057053987464536817e+02 1.000000000000000000e+00 0.000000000000000000e+00
6.230000000000000000e+02 1.055530471444449887e+02 1.000000000000000000e+00 0.000000000000000000e+00
6.240000000000000000e+02 1.076235252779346609e+02 0.000000000000000000e+00 0.000000000000000000e+00
6.250000000000000000e+02 1.077404584418311941e+02 0.000000000000000000e+00 0.000000000000000000e+00
6.260000000000000000e+02 1.082012003842078229e+02 1.000000000000000000e+00 0.000000000000000000e+00
6.270000000000000000e+02 1.087205923323302272e+02 1.000000000000000000e+00 0.000000000000000000e+00
6.280000000000000000e+02 1.058235398883436886e+02 2.000000000000000000e+00 0.000000000000000000e+00
6.290000000000000000e+02 1.058848898163503662e+02 2.000000000000000000e+00 0.000000000000000000e+00
6.300000000000000000e+02 1.068038673659895039e+02 0.000000000000000000e+00 0.000000000000000000e+00
6.310000000000000000e+02 1.083783539192673402e+02 1.000000000000000000e+00 0.000000000000000000e+00
6.320000000000000000e+02 1.063461160223891255e+02 1.000000000000000000e+00 0.000000000000000000e+00
6.330000000000000000e+02 1.076136835548144575e+02 0.000000000000000000e+00 0.000000000000000000e+00
6.340000000000000000e+02 1.092239329841570878e+02 0.000000000000000000e+00 0.000000000000000000e+00
6.350000000000000000e+02 1.073254705159401254e+02 2.000000000000000000e+00 0.000000000000000000e+00
6.360000000000000000e+02 1.089761529714218966e+02 0.000000000000000000e+00 0.000000000000000000e+00
6.370000000000000000e+02 1.084552348028862809e+02 2.000000000000000000e+00 0.000000000000000000e+00
6.380000000000000000e+02 1.072256321518912756e+02 2.000000000000000000e+00 0.000000000000000000e+00
6.390000000000000000e+02 1.083997699785709159e+02 0.000000000000000000e+00 0.000000000000000000e+00
6.400000000000000000e+02 1.092278715974881891e+02 0.000000000000000000e+00 0.000000000000000000e+00
6.410000000000000000e+02 1.080964213959902764e+02 2.000000000000000000e+00 0.000000000000000000e+00
6.420000000000000000e+02 1.074102627999757971e+02 0.000000000000000000e+00 0.000000000000000000e+00
6.430000000000000000e+02 1.100564502366577244e+02 0.000000000000000000e+00 0.000000000000000000e+00
6.440000000000000000e+02 1.109121450208947266e+02 0.000000000000000000e+00 0.000000000000000000e+00
6.450000000000000000e+02 1.123063186584620610e+02 0.000000000000000000e+00 0.000000000000000000e+00
6.460000000000000000e+02 1.115389180891531993e+02 1.000000000000000000e+00 0.000000000000000000e+00
6.470000000000000000e+02 1.131803329129631805e+02 0.000000000000000000e+00 0.000000000000000000e+00
6.480000000000000000e+02 1.110692103439958345e+02 1.000000000000000000e+00 0.000000000000000000e+00
6.490000000000000000e+02 1.110727520363297600e+02 1.000000000000000000e+00 0.000000000000000000e+00
6.500000000000000000e+02 1.133156874292823346e+02 1.000000000000000000e+00 0.000000000000000000e+00
6.510000000000000000e+02 1.121168488684997300e+02 1.000000000000000000e+00 0.000000000000000000e+00
6.520000000000000000e+02 1.133497892465744457e+02 1.000000000000000000e+00 0.000000000000000000e+00
6.530000000000000000e+02 1.132926195167960373e+02 0.000000000000000000e+00 0.000000000000000000e+00
6.540000000000000000e+02 1.133241066371656416e+02 0.000000000000000000e+00 0.000000000000000000e+00
6.550000000000000000e+02 1.149479134891170986e+02 0.000000000000000000e+00 0.000000000000000000e+00
6.560000000000000000e+02 1.175540602986332885e+02 0.000000000000000000e+00 0.000000000000000000e+00
6.570000000000000000e+02 1.159716757467081720e+02 0.000000000000000000e+00 0.000000000000000000e+00
6.580000000000000000e+02 1.177963192096496954e+02 0.000000000000000000e+00 0.000000000000000000e+00
6.590000000000000000e+02 1.183586327878720823e+02 2.000000000000000000e+00 0.000000000000000000e+00
6.600000000000000000e+02 1.174656391288523736e+02 2.000000000000000000e+00 0.000000000000000000e+00
6.610000000000000000e+02 1.184688725363578357e+02 0.000000000000000000e+00 0.000000000000000000e+00
6.620000000000000000e+02 1.165817655425983190e+02 0.000000000000000000e+00 0.000000000000000000e+00
6.630000000000000000e+02 1.214423010095814845e+02 0.000000000000000000e+00 0.000000000000000000e+00
6.640000000000000000e+02 1.196893058301873367e+02 1.000000000000000000e+00 0.000000000000000000e+00
6.650000000000000000e+02 1.215607405401334660e+02 0.000000000000000000e+00 0.000000000000000000e+00
6.660000000000000000e+02 1.196579201607917753e+02 1.000000000000000000e+00 0.000000000000000000e+00
6.670000000000000000e+02 1.212592311037379886e+02 1.000000000000000000e+00 0.000000000000000000e+00
6.680000000000000000e+02 1.201363439174233321e+02 2.000000000000000000e+00 0.000000000000000000e+00
6.690000000000000000e+02 1.210844391163990821e+02 0.000000000000000000e+00 0.000000000000000000e+00
6.700000000000000000e+02 1.196345506082507342e+02 2.000000000000000000e+00 0.000000000000000000e+00
6.710000000000000000e+02 1.197197693304591866e+02 1.000000000000000000e+00 0.000000000000000000e+00
6.720000000000000000e+02 1.209501450391406649e+02 0.000000000000000000e+00 0.000000000000000000e+00
6.730000000000000000e+02 1.217359852504137052e+02 0.000000000000000000e+00 0.000000000000000000e+00
6.740000000000000000e+02 1.217202791594621232e+02 1.000000000000000000e+00 0.000000000000000000e+00
6.750000000000000000e+02 1.217230329550719148e+02 1.000000000000000000e+00 0.000000000000000000e+00
6.760000000000000000e+02 1.234923922407076589e+02 0.000000000000000000e+00 0.000000000000000000e+00
6.770000000000000000e+02 1.218269187120082648e+02 2.000000000000000000e+00 0.000000000000000000e+00
6.780000000000000000e+02 1.226720443090619455e+02 0.000000000000000000e+00 0.000000000000000000e+00
6.790000000000000000e+02 1.219495915855233221e+02 1.000000000000000000e+00 0.000000000000000000e+00
6.800000000000000000e+02 1.207484887996708949e+02 2.000000000000000000e+00 0.000000000000000000e+00
6.810000000000000000e+02 1.233229052680384825e+02 0.000000000000000000e+00 0.000000000000000000e+00
6.820000000000000000e+02 1.215384512234085577e+02 2.000000000000000000e+00 0.000000000000000000e+00
6.830000000000000000e+02 1.216106158635980421e+02 2.000000000000000000e+00 0.000000000000000000e+00
6.840000000000000000e+02 1.232460898926561867e+02 0.000000000000000000e+00 0.000000000000000000e+00
6.850000000000000000e+02 1.227566540961938131e+02 0.000000000000000000e+00 0.000000000000000000e+00
6.860000000000000000e+02 1.234788950329224377e+02 1.000000000000000000e+00 0.000000000000000000e+00
6.870000000000000000e+02 1.222264916604766398e+02 1.000000000000000000e+00 0.000000000000000000e+00
6.880000000000000000e+02 1.244142578891970885e+02 0.000000000000000000e+00 0.000000000000000000e+00
6.890000000000000000e+02 1.238585867427708820e+02 2.000000000000000000e+00 0.000000000000000000e+00
6.900000000000000000e+02 1.250527591351003878e+02 0.000000000000000000e+00 0.000000000000000000e+00
6.910000000000000000e+02 1.250631576404026930e+02 1.000000000000000000e+00 0.000000000000000000e+00
6.920000000000000000e+02 1.229760794258916974e+02 2.000000000000000000e+00 0.000000000000000000e+00
6.930000000000000000e+02 1.240097726044341186e+02 0.000000000000000000e+00 0.000000000000000000e+00
6.940000000000000000e+02 1.250463944279132704e+02 0.000000000000000000e+00 0.000000000000000000e+00
6.950000000000000000e+02 1.255066029787276705e+02 0.000000000000000000e+00 0.000000000000000000e+00
6.960000000000000000e+02 1.263854734252320782e+02 0.000000000000000000e+00 0.000000000000000000e+00
6.970000000000000000e+02 1.283965321250932448e+02 0.000000000000000000e+00 0.000000000000000000e+00
6.980000000000000000e+02 1.271490571611659419e+02 1.000000000000000000e+00 0.000000000000000000e+00
6.990000000000000000e+02 1.286543223481320126e+02 0.000000000000000000e+00 0.000000000000000000e+00
7.000000000000000000e+02 1.309089792120309426e+02 0.000000000000000000e+00 0.000000000000000000e+00
7.010000000000000000e+02 1.295725303452697119e+02 2.000000000000000000e+00 0.000000000000000000e+00
7.020000000000000000e+02 1.298578696612210024e+02 0.000000000000000000e+00 0.000000000000000000e+00
7.030000000000000000e+02 1.304805597138065423e+02 0.000000000000000000e+00 0.000000000000000000e+00
7.040000000000000000e+02 1.318610189180703571e+02 0.000000000000000000e+00 0.000000000000000000e+00
7.050000000000000000e+02 1.307984881459078110e+02 2.000000000000000000e+00 0.000000000000000000e+00
7.060000000000000000e+02 1.306818571233152113e+02 1.000000000000000000e+00 0.000000000000000000e+00
7.070000000000000000e+02 1.290187203308957464e+02 2.000000000000000000e+00 0.000000000000000000e+00
7.080000000000000000e+02 1.324476286407428915e+02 0.000000000000000000e+00 0.000000000000000000e+00
7.090000000000000000e+02 1.325344982705383643e+02 0.000000000000000000e+00 0.000000000000000000e+00
7.100000000000000000e+02 1.338641034932184084e+02 0.000000000000000000e+00 0.000000000000000000e+00
7.110000000000000000e+02 1.331778321498695732e+02 2.000000000000000000e+00 0.000000000000000000e+00
7.120000000000000000e+02 1.324364851964580794e+02 1.000000000000000000e+00 0.000000000000000000e+00
7.130000000000000000e+02 1.320025103664237065e+02 0.000000000000000000e+00 0.000000000000000000e+00
7.140000000000000000e+02 1.330043123249458858e+02 0.000000000000000000e+00 0.000000000000000000e+00
7.150000000000000000e+02 1.330250500383083647e+02 2.000000000000000000e+00 0.000000000000000000e+00
7.160000000000000000e+02 1.332515705621526934e+02 0.000000000000000000e+00 0.000000000000000000e+00
7.170000000000000000e+02 1.334424344576098633e+02 2.000000000000000000e+00 0.000000000000000000e+00
7.180000000000000000e+02 1.329461127922043886e+02 0.000000000000000000e+00 0.000000000000000000e+00
7.190000000000000000e+02 1.347983658131630307e+02 0.000000000000000000e+00 0.000000000000000000e+00
7.200000000000000000e+02 1.344876752813381131e+02 1.000000000000000000e+00 0.000000000000000000e+00
7.210000000000000000e+02 1.344928767881603449e+02 1.000000000000000000e+00 0.000000000000000000e+00
7.220000000000000000e+02 1.355113805654015948e+02 0.000000000000000000e+00 0.000000000000000000e+00
7.230000000000000000e+02 1.359921255494197396e+02 2.000000000000000000e+00 0.000000000000000000e+00
7.240000000000000000e+02 1.360343669150033179e+02 0.000000000000000000e+00 0.000000000000000000e+00
7.250000000000000000e+02 1.341357187767547998e+02 1.000000000000000000e+00 0.000000000000000000e+00
7.260000000000000000e+02 1.363885896342310389e+02 0.000000000000000000e+00 0.000000000000000000e+00
7.270000000000000000e+02 1.350612748587983845e+02 2.000000000000000000e+00 0.000000000000000000e+00
7.280000000000000000e+02 1.365881806559824838e+02 0.000000000000000000e+00 0.000000000000000000e+00
7.290000000000000000e+02 1.357176862680408078e+02 2.000000000000000000e+00 0.000000000000000000e+00
7.300000000000000000e+02 1.373515541416987276e+02 0.000000000000000000e+00 0.000000000000000000e+00
7.310000000000000000e+02 1.379261023362012111e+02 1.000000000000000000e+00 0.000000000000000000e+00
7.320000000000000000e+02 1.361257898425677695e+02 2.000000000000000000e+00 0.000000000000000000e+00
7.330000000000000000e+02 1.359775402460023201e+02 1.000000000000000000e+00 0.000000000000000000e+00
7.340000000000000000e+02 1.362997222653974632e+02 1.000000000000000000e+00 0.000000000000000000e+00
7.350000000000000000e+02 1.350946062097332856e+02 1.000000000000000000e+00 0.000000000000000000e+00
7.360000000000000000e+02 1.363007189977401481e+02 0.000000000000000000e+00 0.000000000000000000e+00
7.370000000000000000e+02 1.365504573756233242e+02 1.000000000000000000e+00 0.000000000000000000e+00
7.380000000000000000e+02 1.361167002457236492e+02 2.000000000000000000e+00 0.000000000000000000e+00
7.390000000000000000e+02 1.366184257678591507e+02 0.000000000000000000e+00 0.000000000000000000e+00
7.400000000000000000e+02 1.380556452860496961e+02 2.000000000000000000e+00 0.000000000000000000e+00
7.410000000000000000e+02 1.387526123269469167e+02 0.000000000000000000e+00 0.000000000000000000e+00
7.420000000000000000e+02 1.372415740819814118e+02 1.000000000000000000e+00 0.000000000000000000e+00
7.430000000000000000e+02 1.366857090819830489e+02 1.000000000000000000e+00 0.000000000000000000e+00
7.440000000000000000e+02 1.356032019955087549e+02 1.000000000000000000e+00 0.000000000000000000e+00
7.450000000000000000e+02 1.358372466112276129e+02 2.000000000000000000e+00 0.000000000000000000e+00
7.460000000000000000e+02 1.365859527717118738e+02 1.000000000000000000e+00 0.000000000000000000e+00
7.470000000000000000e+02 1.361974195766714502e+02 1.000000000000000000e+00 0.000000000000000000e+00
7.480000000000000000e+02 1.352380251363717036e+02 2.000000000000000000e+00 0.000000000000000000e+00
7.490000000000000000e+02 1.336130442897223247e+02 2.000000000000000000e+00 0.000000000000000000e+00
7.500000000000000000e+02 1.323382683540937990e+02 2.000000000000000000e+00 0.000000000000000000e+00
7.510000000000000000e+02 1.341521995920803647e+02 2.000000000000000000e+00 0.000000000000000000e+00
7.520000000000000000e+02 1.308449804905145868e+02 0.000000000000000000e+00 0.000000000000000000e+00
7.530000000000000000e+02 1.311806431247674709e+02 2.000000000000000000e+00 0.000000000000000000e+00
7.540000000000000000e+02 1.323428782619823778e+02 2.000000000000000000e+00 0.000000000000000000e+00
7.550000000000000000e+02 1.305511080853103465e+02 1.000000000000000000e+00 0.000000000000000000e+00
7.560000000000000000e+02 1.318623934225542200e+02 0.000000000000000000e+00 0.000000000000000000e+00
7.570000000000000000e+02 1.308163598499160116e+02 0.000000000000000000e+00 0.000000000000000000e+00
7.580000000000000000e+02 1.318842957808054450e+02 2.000000000000000000e+00 0.000000000000000000e+00
7.590000000000000000e+02 1.331562986105458037e+02 0.000000000000000000e+00 0.000000000000000000e+00
7.600000000000000000e+02 1.323937166092210020e+02 1.000000000000000000e+00 0.000000000000000000e+00
7.610000000000000000e+02 1.333040907016433891e+02 0.000000000000000000e+00 0.000000000000000000e+00
7.620000000000000000e+02 1.323813244689960129e+02 2.000000000000000000e+00 0.000000000000000000e+00
7.630000000000000000e+02 1.345655037428952028e+02 0.000000000000000000e+00 0.000000000000000000e+00
7.640000000000000000e+02 1.338230409745944769e+02 2.000000000000000000e+00 0.000000000000000000e+00
7.650000000000000000e+02 1.321110722604629473e+02 2.000000000000000000e+00 0.000000000000000000e+00
7.660000000000000000e+02 1.327215539272810645e+02 0.000000000000000000e+00 0.000000000000000000e+00
7.670000000000000000e+02 1.340015470192016380e+02 0.000000000000000000e+00 0.000000000000000000e+00
7.680000000000000000e+02 1.330736310854790929e+02 2.000000000000000000e+00 0.000000000000000000e+00
7.690000000000000000e+02 1.345380098109532980e+02 0.000000000000000000e+00 0.000000000000000000e+00
7.700000000000000000e+02 1.329901031970233589e+02 2.000000000000000000e+00 0.000000000000000000e+00
7.710000000000000000e+02 1.346973544429923493e+02 0.000000000000000000e+00 0.000000000000000000e+00
7.720000000000000000e+02 1.362750011390909037e+02 0.000000000000000000e+00 0.000000000000000000e+00
7.730000000000000000e+02 1.348479371929446415e+02 2.000000000000000000e+00 0.000000000000000000e+00
7.740000000000000000e+02 1.312440683403234232e+02 2.000000000000000000e+00 0.000000000000000000e+00
7.750000000000000000e+02 1.312093168209623002e+02 2.000000000000000000e+00 0.000000000000000000e+00
7.760000000000000000e+02 1.340042146307107771e+02 0.000000000000000000e+00 0.000000000000000000e+00
7.770000000000000000e+02 1.320614736093114914e+02 1.000000000000000000e+00 0.000000000000000000e+00
7.780000000000000000e+02 1.336534770731121000e+02 0.000000000000000000e+00 0.000000000000000000e+00
7.790000000000000000e+02 1.336692847649423470e+02 2.000000000000000000e+00 0.000000000000000000e+00
7.800000000000000000e+02 1.339902348071205438e+02 0.000000000000000000e+00 0.000000000000000000e+00
7.810000000000000000e+02 1.335273260098227865e+02 0.000000000000000000e+00 0.000000000000000000e+00
7.820000000000000000e+02 1.333770553132315797e+02 2.000000000000000000e+00 0.000000000000000000e+00
7.830000000000000000e+02 1.347392372280043844e+02 0.000000000000000000e+00 0.000000000000000000e+00
7.840000000000000000e+02 1.323489990072704074e+02 2.000000000000000000e+00 0.000000000000000000e+00
7.850000000000000000e+02 1.358318989307925335e+02 0.000000000000000000e+00 0.000000000000000000e+00
7.860000000000000000e+02 1.354750645335537342e+02 2.000000000000000000e+00 0.000000000000000000e+00
7.870000000000000000e+02 1.318690074034127235e+02 1.000000000000000000e+00 0.000000000000000000e+00
7.880000000000000000e+02 1.317784089050642251e+02 2.000000000000000000e+00 0.000000000000000000e+00
7.890000000000000000e+02 1.335431175070408756e+02 1.000000000000000000e+00 0.000000000000000000e+00
7.900000000000000000e+02 1.333343739431874440e+02 0.000000000000000000e+00 0.000000000000000000e+00
7.910000000000000000e+02 1.335113234457439830e+02 0.000000000000000000e+00 0.000000000000000000e+00
7.920000000000000000e+02 1.344014616213669058e+02 2.000000000000000000e+00 0.000000000000000000e+00
7.930000000000000000e+02 1.321042638458847875e+02 1.000000000000000000e+00 0.000000000000000000e+00
7.940000000000000000e+02 1.340338959963583250e+02 1.000000000000000000e+00 0.000000000000000000e+00
7.950000000000000000e+02 1.324620071946993676e+02 2.000000000000000000e+00 0.000000000000000000e+00
7.960000000000000000e+02 1.313781686780314999e+02 1.000000000000000000e+00 0.000000000000000000e+00
7.970000000000000000e+02 1.313574616879172368e+02 2.000000000000000000e+00 0.000000000000000000e+00
7.980000000000000000e+02 1.326271383599274714e+02 0.000000000000000000e+00 0.000000000000000000e+00
7.990000000000000000e+02 1.340977148563846413e+02 0.000000000000000000e+00 0.000000000000000000e+00
8.000000000000000000e+02 1.334462674161526365e+02 2.000000000000000000e+00 0.000000000000000000e+00
