time	position	state	ATP_bound
1.000000000000000000e+00 1.144133608973402216e+00 0.000000000000000000e+00 0.000000000000000000e+00
2.000000000000000000e+00 0.000000000000000000e+00 2.000000000000000000e+00 0.000000000000000000e+00
3.000000000000000000e+00 7.786699063867797976e-01 0.000000000000000000e+00 0.000000000000000000e+00
4.000000000000000000e+00 3.670619321265977675e+00 0.000000000000000000e+00 0.000000000000000000e+00
5.000000000000000000e+00 5.135978883076990353e-01 2.000000000000000000e+00 0.000000000000000000e+00
6.000000000000000000e+00 3.258655876439027210e+00 0.000000000000000000e+00 0.000000000000000000e+00
7.000000000000000000e+00 2.633730837425446225e+00 0.000000000000000000e+00 0.000000000000000000e+00
8.000000000000000000e+00 2.319990071458830627e+00 1.000000000000000000e+00 0.000000000000000000e+00
9.000000000000000000e+00 2.142713881513175878e+00 1.000000000000000000e+00 0.000000000000000000e+00
1.000000000000000000e+01 2.221697412993114185e+00 1.000000000000000000e+00 0.000000000000000000e+00
1.100000000000000000e+01 4.126828936942120052e+00 0.000000000000000000e+00 0.000000000000000000e+00
1.200000000000000000e+01 5.017892861211095124e+00 1.000000000000000000e+00 0.000000000000000000e+00
1.300000000000000000e+01 5.193741860312922398e+00 1.000000000000000000e+00 0.000000000000000000e+00
1.400000000000000000e+01 4.146556321240398191e+00 0.000000000000000000e+00 0.000000000000000000e+00
1.500000000000000000e+01 5.517466539949531956e+00 0.000000000000000000e+00 0.000000000000000000e+00
1.600000000000000000e+01 7.332277884782169686e+00 1.000000000000000000e+00 0.000000000000000000e+00
1.700000000000000000e+01 4.121761749436622324e+00 1.000000000000000000e+00 0.000000000000000000e+00
1.800000000000000000e+01 5.936141454940107032e+00 0.000000000000000000e+00 0.000000000000000000e+00
1.900000000000000000e+01 5.138744898569200359e+00 2.000000000000000000e+00 0.000000000000000000e+00
2.000000000000000000e+01 7.281824993524364409e+00 0.000000000000000000e+00 0.000000000000000000e+00
2.100000000000000000e+01 6.642647512618394146e+00 1.000000000000000000e+00 0.000000000000000000e+00
2.200000000000000000e+01 7.065524956368673060e+00 1.000000000000000000e+00 0.000000000000000000e+00
2.300000000000000000e+01 4.857830459138225088e+00 2.000000000000000000e+00 0.000000000000000000e+00
2.400000000000000000e+01 3.273198744828711426e+00 2.000000000000000000e+00 0.000000000000000000e+00
2.500000000000000000e+01 2.563706693169192974e+00 2.000000000000000000e+00 0.000000000000000000e+00
2.600000000000000000e+01 3.265431521389055458e+00 2.000000000000000000e+00 0.000000000000000000e+00
2.700000000000000000e+01 3.450608328904482214e+00 1.000000000000000000e+00 0.000000000000000000e+00
2.800000000000000000e+01 3.450442794909966526e+00 1.000000000000000000e+00 0.000000000000000000e+00
2.900000000000000000e+01 2.915762451157342561e+00 1.000000000000000000e+00 0.000000000000000000e+00
3.000000000000000000e+01 1.623986963769150860e+00 2.000000000000000000e+00 0.000000000000000000e+00
3.100000000000000000e+01 1.915113384290533460e+00 0.000000000000000000e+00 0.000000000000000000e+00
3.200000000000000000e+01 4.116894180640733758e+00 0.000000000000000000e+00 0.000000000000000000e+00
3.300000000000000000e+01 3.643028541875771076e+00 1.000000000000000000e+00 0.000000000000000000e+00
3.400000000000000000e+01 4.473626378896101485e+00 1.000000000000000000e+00 0.000000000000000000e+00
3.500000000000000000e+01 3.838862300217943613e+00 1.000000000000000000e+00 0.000000000000000000e+00
3.600000000000000000e+01 2.981954491657554218e+00 2.000000000000000000e+00 0.000000000000000000e+00
3.700000000000000000e+01 3.711104589098248141e+00 2.000000000000000000e+00 0.000000000000000000e+00
3.800000000000000000e+01 2.823128844644962943e+00 0.000000000000000000e+00 0.000000000000000000e+00
3.900000000000000000e+01 1.933513807832135223e+00 2.000000000000000000e+00 0.000000000000000000e+00
4.000000000000000000e+01 2.570694817574916691e+00 0.000000000000000000e+00 0.000000000000000000e+00
4.100000000000000000e+01 1.759791550351122336e+00 2.000000000000000000e+00 0.000000000000000000e+00
4.200000000000000000e+01 5.853178178519014008e-02 2.000000000000000000e+00 0.000000000000000000e+00
4.300000000000000000e+01 1.914703138880859523e+00 0.000000000000000000e+00 0.000000000000000000e+00
4.400000000000000000e+01 1.648596885881867369e+00 1.000000000000000000e+00 0.000000000000000000e+00
4.500000000000000000e+01 3.757601477713982341e+00 0.000000000000000000e+00 0.000000000000000000e+00
4.600000000000000000e+01 3.583328932340203110e+00 1.000000000000000000e+00 0.000000000000000000e+00
4.700000000000000000e+01 3.100569217353873253e+00 2.000000000000000000e+00 0.000000000000000000e+00
4.800000000000000000e+01 2.530630835760323549e+00 0.000000000000000000e+00 0.000000000000000000e+00
4.900000000000000000e+01 4.184653771223591612e+00 0.000000000000000000e+00 0.000000000000000000e+00
5.000000000000000000e+01 1.646649743083942408e+00 2.000000000000000000e+00 0.000000000000000000e+00
5.100000000000000000e+01 1.303029889450072476e+00 2.000000000000000000e+00 0.000000000000000000e+00
5.200000000000000000e+01 3.729952856882787771e+00 0.000000000000000000e+00 0.000000000000000000e+00
5.300000000000000000e+01 2.265255820909904294e+00 0.000000000000000000e+00 0.000000000000000000e+00
5.400000000000000000e+01 4.488764510840791644e+00 0.000000000000000000e+00 0.000000000000000000e+00
5.500000000000000000e+01 4.527907574287254100e+00 2.000000000000000000e+00 0.000000000000000000e+00
5.600000000000000000e+01 3.298466947458825516e+00 1.000000000000000000e+00 0.000000000000000000e+00
5.700000000000000000e+01 7.106704608929362621e+00 0.000000000000000000e+00 0.000000000000000000e+00
5.800000000000000000e+01 5.227054228529108393e+00 0.000000000000000000e+00 0.000000000000000000e+00
5.900000000000000000e+01 4.643723639616163190e+00 2.000000000000000000e+00 0.000000000000000000e+00
6.000000000000000000e+01 5.680359253377618600e+00 1.000000000000000000e+00 0.000000000000000000e+00
6.100000000000000000e+01 5.592482892495834079e+00 0.000000000000000000e+00 0.000000000000000000e+00
6.200000000000000000e+01 5.497000266365741794e+00 2.000000000000000000e+00 0.000000000000000000e+00
6.300000000000000000e+01 6.725285944414518546e+00 1.000000000000000000e+00 0.000000000000000000e+00
6.400000000000000000e+01 2.168120860379873172e+00 2.000000000000000000e+00 0.000000000000000000e+00
6.500000000000000000e+01 5.055108477040541892e+00 0.000000000000000000e+00 0.000000000000000000e+00
6.600000000000000000e+01 5.821433157629550159e+00 0.000000000000000000e+00 0.000000000000000000e+00
6.700000000000000000e+01 6.793110236180210038e+00 1.000000000000000000e+00 0.000000000000000000e+00
6.800000000000000000e+01 5.452710139527053634e+00 0.000000000000000000e+00 0.000000000000000000e+00
6.900000000000000000e+01 7.764354414993608344e+00 0.000000000000000000e+00 0.000000000000000000e+00
7.000000000000000000e+01 6.851309321917442574e+00 0.000000000000000000e+00 0.000000000000000000e+00
7.100000000000000000e+01 7.894283397434964655e+00 1.000000000000000000e+00 0.000000000000000000e+00
7.200000000000000000e+01 8.857064484650353009e+00 1.000000000000000000e+00 0.000000000000000000e+00
7.300000000000000000e+01 9.435925539812089369e+00 0.000000000000000000e+00 0.000000000000000000e+00
7.400000000000000000e+01 1.010144893700330826e+01 0.000000000000000000e+00 0.000000000000000000e+00
7.500000000000000000e+01 1.129188575030512176e+01 2.000000000000000000e+00 0.000000000000000000e+00
7.600000000000000000e+01 1.192324300725572250e+01 0.000000000000000000e+00 0.000000000000000000e+00
7.700000000000000000e+01 1.086810523662848382e+01 1.000000000000000000e+00 0.000000000000000000e+00
7.800000000000000000e+01 1.206675992363184591e+01 0.000000000000000000e+00 0.000000000000000000e+00
7.900000000000000000e+01 1.230692388177259033e+01 1.000000000000000000e+00 0.000000000000000000e+00
8.000000000000000000e+01 1.130642214828088221e+01 1.000000000000000000e+00 0.000000000000000000e+00
8.100000000000000000e+01 1.252224782135494330e+01 1.000000000000000000e+00 0.000000000000000000e+00
8.200000000000000000e+01 1.026947885558332096e+01 2.000000000000000000e+00 0.000000000000000000e+00
8.300000000000000000e+01 1.020700533239503649e+01 2.000000000000000000e+00 0.000000000000000000e+00
8.400000000000000000e+01 1.064205401817539531e+01 0.000000000000000000e+00 0.000000000000000000e+00
8.500000000000000000e+01 1.122517214168811073e+01 0.000000000000000000e+00 0.000000000000000000e+00
8.600000000000000000e+01 1.450639823268695849e+01 0.000000000000000000e+00 0.000000000000000000e+00
8.700000000000000000e+01 1.373456208828931402e+01 1.000000000000000000e+00 0.000000000000000000e+00
8.800000000000000000e+01 1.518785158055539597e+01 1.000000000000000000e+00 0.000000000000000000e+00
8.900000000000000000e+01 1.171766608745097749e+01 2.000000000000000000e+00 0.000000000000000000e+00
9.000000000000000000e+01 1.218474143215315664e+01 0.000000000000000000e+00 0.000000000000000000e+00
9.100000000000000000e+01 1.425193980896156631e+01 0.000000000000000000e+00 0.000000000000000000e+00
9.200000000000000000e+01 1.387490076671631023e+01 1.000000000000000000e+00 0.000000000000000000e+00
9.300000000000000000e+01 1.589318668586952299e+01 0.000000000000000000e+00 0.000000000000000000e+00
9.400000000000000000e+01 1.491647097638643160e+01 1.000000000000000000e+00 0.000000000000000000e+00
9.500000000000000000e+01 1.472888024445142108e+01 2.000000000000000000e+00 0.000000000000000000e+00
9.600000000000000000e+01 1.379011654914530105e+01 1.000000000000000000e+00 0.000000000000000000e+00
9.700000000000000000e+01 1.554178770642025853e+01 0.000000000000000000e+00 0.000000000000000000e+00
9.800000000000000000e+01 1.546928934927587385e+01 1.000000000000000000e+00 0.000000000000000000e+00
9.900000000000000000e+01 1.518143066684723408e+01 0.000000000000000000e+00 0.000000000000000000e+00
1.000000000000000000e+02 1.544304906459158389e+01 1.000000000000000000e+00 0.000000000000000000e+00
1.010000000000000000e+02 1.523428313978930149e+01 2.000000000000000000e+00 0.000000000000000000e+00
1.020000000000000000e+02 1.552280007222051594e+01 0.000000000000000000e+00 0.000000000000000000e+00
1.030000000000000000e+02 1.500143818446147392e+01 1.000000000000000000e+00 0.000000000000000000e+00
1.040000000000000000e+02 1.671891554093589249e+01 0.000000000000000000e+00 0.000000000000000000e+00
1.050000000000000000e+02 1.838869027398781952e+01 2.000000000000000000e+00 0.000000000000000000e+00
1.060000000000000000e+02 1.608320825207987426e+01 1.000000000000000000e+00 0.000000000000000000e+00
1.070000000000000000e+02 1.576510522498004718e+01 1.000000000000000000e+00 0.000000000000000000e+00
1.080000000000000000e+02 1.372022247180493437e+01 2.000000000000000000e+00 0.000000000000000000e+00
1.090000000000000000e+02 1.510363550429584478e+01 1.000000000000000000e+00 0.000000000000000000e+00
1.100000000000000000e+02 1.710443029012064642e+01 0.000000000000000000e+00 0.000000000000000000e+00
1.110000000000000000e+02 1.569990292259042697e+01 0.000000000000000000e+00 0.000000000000000000e+00
1.120000000000000000e+02 1.710210074181590656e+01 1.000000000000000000e+00 0.000000000000000000e+00
1.130000000000000000e+02 1.889169187549886431e+01 0.000000000000000000e+00 0.000000000000000000e+00
1.140000000000000000e+02 2.035726265621204334e+01 0.000000000000000000e+00 0.000000000000000000e+00
1.150000000000000000e+02 1.950898295287329987e+01 0.000000000000000000e+00 0.000000000000000000e+00
1.160000000000000000e+02 2.009537776397400677e+01 2.000000000000000000e+00 0.000000000000000000e+00
1.170000000000000000e+02 1.959591063336460337e+01 1.000000000000000000e+00 0.000000000000000000e+00
1.180000000000000000e+02 1.907738714528025170e+01 1.000000000000000000e+00 0.000000000000000000e+00
1.190000000000000000e+02 1.994175838762906494e+01 0.000000000000000000e+00 0.000000000000000000e+00
1.200000000000000000e+02 1.822667122345360724e+01 2.000000000000000000e+00 0.000000000000000000e+00
1.210000000000000000e+02 1.962474372213141649e+01 0.000000000000000000e+00 0.000000000000000000e+00
1.220000000000000000e+02 1.822519661996501839e+01 2.000000000000000000e+00 0.000000000000000000e+00
1.230000000000000000e+02 1.725612800238384992e+01 2.000000000000000000e+00 0.000000000000000000e+00
1.240000000000000000e+02 1.889589694511973761e+01 0.000000000000000000e+00 0.000000000000000000e+00
1.250000000000000000e+02 1.790595096852278090e+01 2.000000000000000000e+00 0.000000000000000000e+00
1.260000000000000000e+02 1.956949276534230009e+01 0.000000000000000000e+00 0.000000000000000000e+00
1.270000000000000000e+02 1.767664674847250694e+01 2.000000000000000000e+00 0.000000000000000000e+00
1.280000000000000000e+02 1.991287965340301369e+01 0.000000000000000000e+00 0.000000000000000000e+00
1.290000000000000000e+02 1.868713147683009623e+01 1.000000000000000000e+00 0.000000000000000000e+00
1.300000000000000000e+02 2.110711405743529312e+01 0.000000000000000000e+00 0.000000000000000000e+00
1.310000000000000000e+02 2.025808905292214845e+01 1.000000000000000000e+00 0.000000000000000000e+00
1.320000000000000000e+02 1.928507029579537502e+01 0.000000000000000000e+00 0.000000000000000000e+00
1.330000000000000000e+02 2.063694700243931734e+01 1.000000000000000000e+00 0.000000000000000000e+00
1.340000000000000000e+02 2.131830725070152255e+01 1.000000000000000000e+00 0.000000000000000000e+00
1.350000000000000000e+02 2.226125949167282059e+01 1.000000000000000000e+00 0.000000000000000000e+00
1.360000000000000000e+02 2.155367723381888823e+01 1.000000000000000000e+00 0.000000000000000000e+00
1.370000000000000000e+02 2.135925821173182371e+01 1.000000000000000000e+00 0.000000000000000000e+00
1.380000000000000000e+02 2.010532346787434932e+01 1.000000000000000000e+00 0.000000000000000000e+00
1.390000000000000000e+02 1.898342551806457834e+01 2.000000000000000000e+00 0.000000000000000000e+00
1.400000000000000000e+02 1.932510781936361965e+01 1.000000000000000000e+00 0.000000000000000000e+00
1.410000000000000000e+02 2.068102199863342605e+01 1.000000000000000000e+00 0.000000000000000000e+00
1.420000000000000000e+02 2.020244134777346190e+01 1.000000000000000000e+00 0.000000000000000000e+00
1.430000000000000000e+02 2.107756410985317430e+01 0.000000000000000000e+00 0.000000000000000000e+00
1.440000000000000000e+02 1.977414914169927940e+01 2.000000000000000000e+00 0.000000000000000000e+00
1.450000000000000000e+02 1.793034335025263459e+01 1.000000000000000000e+00 0.000000000000000000e+00
1.460000000000000000e+02 1.919944488174743213e+01 1.000000000000000000e+00 0.000000000000000000e+00
1.470000000000000000e+02 2.121571489298180069e+01 2.000000000000000000e+00 0.000000000000000000e+00
1.480000000000000000e+02 1.845522447566693103e+01 2.000000000000000000e+00 0.000000000000000000e+00
1.490000000000000000e+02 1.686913352804760535e+01 2.000000000000000000e+00 0.000000000000000000e+00
1.500000000000000000e+02 1.843087012819588466e+01 1.000000000000000000e+00 0.000000000000000000e+00
1.510000000000000000e+02 1.676487150420341976e+01 1.000000000000000000e+00 0.000000000000000000e+00
1.520000000000000000e+02 1.782993281703656052e+01 0.000000000000000000e+00 0.000000000000000000e+00
1.530000000000000000e+02 1.791804637607868145e+01 1.000000000000000000e+00 0.000000000000000000e+00
1.540000000000000000e+02 1.676667658497837721e+01 1.000000000000000000e+00 0.000000000000000000e+00
1.550000000000000000e+02 1.810917865499698820e+01 1.000000000000000000e+00 0.000000000000000000e+00
1.560000000000000000e+02 1.915360948650486250e+01 0.000000000000000000e+00 0.000000000000000000e+00
1.570000000000000000e+02 1.768379711826020539e+01 2.000000000000000000e+00 0.000000000000000000e+00
1.580000000000000000e+02 1.834385209269025196e+01 1.000000000000000000e+00 0.000000000000000000e+00
1.590000000000000000e+02 1.782904298347417438e+01 2.000000000000000000e+00 0.000000000000000000e+00
1.600000000000000000e+02 1.518832005020305331e+01 1.000000000000000000e+00 0.000000000000000000e+00
1.610000000000000000e+02 1.486724855833332093e+01 2.000000000000000000e+00 0.000000000000000000e+00
1.620000000000000000e+02 1.535715573243012599e+01 0.000000000000000000e+00 0.000000000000000000e+00
1.630000000000000000e+02 1.709638027662170146e+01 1.000000000000000000e+00 0.000000000000000000e+00
1.640000000000000000e+02 1.847554558443315287e+01 0.000000000000000000e+00 0.000000000000000000e+00
1.650000000000000000e+02 1.606574719411711882e+01 2.000000000000000000e+00 0.000000000000000000e+00
1.660000000000000000e+02 1.651748365187327394e+01 2.000000000000000000e+00 0.000000000000000000e+00
1.670000000000000000e+02 1.845421321845546814e+01 0.000000000000000000e+00 0.000000000000000000e+00
1.680000000000000000e+02 1.897360799764025074e+01 0.000000000000000000e+00 0.000000000000000000e+00
1.690000000000000000e+02 1.686004417027355018e+01 1.000000000000000000e+00 0.000000000000000000e+00
1.700000000000000000e+02 1.759759737068203123e+01 2.000000000000000000e+00 0.000000000000000000e+00
1.710000000000000000e+02 1.470431059698276499e+01 2.000000000000000000e+00 0.000000000000000000e+00
1.720000000000000000e+02 1.563537762480252979e+01 2.000000000000000000e+00 0.000000000000000000e+00
1.730000000000000000e+02 1.291418489189141638e+01 2.000000000000000000e+00 0.000000000000000000e+00
1.740000000000000000e+02 1.399231605886316032e+01 1.000000000000000000e+00 0.000000000000000000e+00
1.750000000000000000e+02 1.581819648926610533e+01 0.000000000000000000e+00 0.000000000000000000e+00
1.760000000000000000e+02 1.439923332181108862e+01 1.000000000000000000e+00 0.000000000000000000e+00
1.770000000000000000e+02 1.519524479372753767e+01 0.000000000000000000e+00 0.000000000000000000e+00
1.780000000000000000e+02 1.889137382230576989e+01 0.000000000000000000e+00 0.000000000000000000e+00
1.790000000000000000e+02 1.611653291281832878e+01 2.000000000000000000e+00 0.000000000000000000e+00
1.800000000000000000e+02 1.627200910879819773e+01 0.000000000000000000e+00 0.000000000000000000e+00
1.810000000000000000e+02 1.677600327502623045e+01 2.000000000000000000e+00 0.000000000000000000e+00
1.820000000000000000e+02 1.751889499450160059e+01 1.000000000000000000e+00 0.000000000000000000e+00
1.830000000000000000e+02 1.654681097771460330e+01 0.000000000000000000e+00 0.000000000000000000e+00
1.840000000000000000e+02 1.666523048053091216e+01 1.000000000000000000e+00 0.000000000000000000e+00
1.850000000000000000e+02 1.755322398654898564e+01 0.000000000000000000e+00 0.000000000000000000e+00
1.860000000000000000e+02 1.897692356586592766e+01 0.000000000000000000e+00 0.000000000000000000e+00
1.870000000000000000e+02 2.105057167479510483e+01 0.000000000000000000e+00 0.000000000000000000e+00
1.880000000000000000e+02 1.850186952103040028e+01 2.000000000000000000e+00 0.000000000000000000e+00
1.890000000000000000e+02 1.843535596871854310e+01 0.000000000000000000e+00 0.000000000000000000e+00
1.900000000000000000e+02 2.036749008336492750e+01 1.000000000000000000e+00 0.000000000000000000e+00
1.910000000000000000e+02 2.248016170745895437e+01 0.000000000000000000e+00 0.000000000000000000e+00
1.920000000000000000e+02 2.066285611404579825e+01 2.000000000000000000e+00 0.000000000000000000e+00
1.930000000000000000e+02 2.073391524886725890e+01 0.000000000000000000e+00 0.000000000000000000e+00
1.940000000000000000e+02 1.951117744054630521e+01 2.000000000000000000e+00 0.000000000000000000e+00
1.950000000000000000e+02 2.095855463327860235e+01 0.000000000000000000e+00 0.000000000000000000e+00
1.960000000000000000e+02 2.257737680970750915e+01 1.000000000000000000e+00 0.000000000000000000e+00
1.970000000000000000e+02 2.048337856811110669e+01 1.000000000000000000e+00 0.000000000000000000e+00
1.980000000000000000e+02 2.168368620605747310e+01 0.000000000000000000e+00 0.000000000000000000e+00
1.990000000000000000e+02 2.371657096242536156e+01 0.000000000000000000e+00 0.000000000000000000e+00
2.000000000000000000e+02 2.311591636074618350e+01 2.000000000000000000e+00 0.000000000000000000e+00
2.010000000000000000e+02 2.085826047130702321e+01 2.000000000000000000e+00 0.000000000000000000e+00
2.020000000000000000e+02 2.165557829102487730e+01 0.000000000000000000e+00 0.000000000000000000e+00
2.030000000000000000e+02 2.091426508159486630e+01 2.000000000000000000e+00 0.000000000000000000e+00
2.040000000000000000e+02 2.110417609637332248e+01 1.000000000000000000e+00 0.000000000000000000e+00
2.050000000000000000e+02 2.012233556046562555e+01 1.000000000000000000e+00 0.000000000000000000e+00
2.060000000000000000e+02 2.337250777591825113e+01 0.000000000000000000e+00 0.000000000000000000e+00
2.070000000000000000e+02 2.348660450656964471e+01 0.000000000000000000e+00 0.000000000000000000e+00
2.080000000000000000e+02 2.455912388571727689e+01 1.000000000000000000e+00 0.000000000000000000e+00
2.090000000000000000e+02 2.226533672678681341e+01 1.000000000000000000e+00 0.000000000000000000e+00
2.100000000000000000e+02 2.205665912589472200e+01 1.000000000000000000e+00 0.000000000000000000e+00
2.110000000000000000e+02 2.221721803032636089e+01 2.000000000000000000e+00 0.000000000000000000e+00
2.120000000000000000e+02 2.094892346129438820e+01 2.000000000000000000e+00 0.000000000000000000e+00
2.130000000000000000e+02 2.013812025548325479e+01 2.000000000000000000e+00 0.000000000000000000e+00
2.140000000000000000e+02 2.099992056456020251e+01 1.000000000000000000e+00 0.000000000000000000e+00
2.150000000000000000e+02 2.043251336232016158e+01 0.000000000000000000e+00 0.000000000000000000e+00
2.160000000000000000e+02 2.032879699646342786e+01 0.000000000000000000e+00 0.000000000000000000e+00
2.170000000000000000e+02 2.100546526702799710e+01 1.000000000000000000e+00 0.000000000000000000e+00
2.180000000000000000e+02 2.125990731191865990e+01 2.000000000000000000e+00 0.000000000000000000e+00
2.190000000000000000e+02 2.051084240880338783e+01 1.000000000000000000e+00 0.000000000000000000e+00
2.200000000000000000e+02 2.167559712048643661e+01 2.000000000000000000e+00 0.000000000000000000e+00
2.210000000000000000e+02 2.066509296436380794e+01 0.000000000000000000e+00 0.000000000000000000e+00
2.220000000000000000e+02 1.999381925886293132e+01 2.000000000000000000e+00 0.000000000000000000e+00
2.230000000000000000e+02 1.852665045613474604e+01 2.000000000000000000e+00 0.000000000000000000e+00
2.240000000000000000e+02 2.049832075642712326e+01 0.000000000000000000e+00 0.000000000000000000e+00
2.250000000000000000e+02 2.077482827679930821e+01 0.000000000000000000e+00 0.000000000000000000e+00
2.260000000000000000e+02 1.969811296078644247e+01 2.000000000000000000e+00 0.000000000000000000e+00
2.270000000000000000e+02 1.944474287598558249e+01 2.000000000000000000e+00 0.000000000000000000e+00
2.280000000000000000e+02 1.976687879526408054e+01 0.000000000000000000e+00 0.000000000000000000e+00
2.290000000000000000e+02 1.909416849693154106e+01 1.000000000000000000e+00 0.000000000000000000e+00
2.300000000000000000e+02 1.957816444275881551e+01 1.000000000000000000e+00 0.000000000000000000e+00
2.310000000000000000e+02 2.026338233872101569e+01 0.000000000000000000e+00 0.000000000000000000e+00
2.320000000000000000e+02 1.901912191917557493e+01 2.000000000000000000e+00 0.000000000000000000e+00
2.330000000000000000e+02 2.009210418988862301e+01 0.000000000000000000e+00 0.000000000000000000e+00
2.340000000000000000e+02 2.043308143317489822e+01 1.000000000000000000e+00 0.000000000000000000e+00
2.350000000000000000e+02 1.972436270055887775e+01 2.000000000000000000e+00 0.000000000000000000e+00
2.360000000000000000e+02 2.106945172631932195e+01 0.000000000000000000e+00 0.000000000000000000e+00
2.370000000000000000e+02 1.948633510058621354e+01 2.000000000000000000e+00 0.000000000000000000e+00
2.380000000000000000e+02 2.032159448088951947e+01 1.000000000000000000e+00 0.000000000000000000e+00
2.390000000000000000e+02 2.104787634732297263e+01 0.000000000000000000e+00 0.000000000000000000e+00
2.400000000000000000e+02 2.087958622939434150e+01 1.000000000000000000e+00 0.000000000000000000e+00
2.410000000000000000e+02 2.129854301375227621e+01 0.000000000000000000e+00 0.000000000000000000e+00
2.420000000000000000e+02 2.211127651652354587e+01 1.000000000000000000e+00 0.000000000000000000e+00
2.430000000000000000e+02 2.120156839818707084e+01 1.000000000000000000e+00 0.000000000000000000e+00
2.440000000000000000e+02 2.060617901862908852e+01 2.000000000000000000e+00 0.000000000000000000e+00
2.450000000000000000e+02 2.178162793922953355e+01 0.000000000000000000e+00 0.000000000000000000e+00
2.460000000000000000e+02 2.238755265351933588e+01 0.000000000000000000e+00 0.000000000000000000e+00
2.470000000000000000e+02 2.132016548462122074e+01 2.000000000000000000e+00 0.000000000000000000e+00
2.480000000000000000e+02 2.395068696177627388e+01 0.000000000000000000e+00 0.000000000000000000e+00
2.490000000000000000e+02 2.239737368514241211e+01 2.000000000000000000e+00 0.000000000000000000e+00
2.500000000000000000e+02 2.390862237562360448e+01 0.000000000000000000e+00 0.000000000000000000e+00
2.510000000000000000e+02 2.316243720959900898e+01 2.000000000000000000e+00 0.000000000000000000e+00
2.520000000000000000e+02 2.320335761845077371e+01 0.000000000000000000e+00 0.000000000000000000e+00
2.530000000000000000e+02 2.076925024982821100e+01 2.000000000000000000e+00 0.000000000000000000e+00
2.540000000000000000e+02 2.055333523915715332e+01 2.000000000000000000e+00 0.000000000000000000e+00
2.550000000000000000e+02 2.277186992796505294e+01 0.000000000000000000e+00 0.000000000000000000e+00
2.560000000000000000e+02 2.286075083061280822e+01 0.000000000000000000e+00 0.000000000000000000e+00
2.570000000000000000e+02 2.155104232026296174e+01 2.000000000000000000e+00 0.000000000000000000e+00
2.580000000000000000e+02 2.156897834328934849e+01 2.000000000000000000e+00 0.000000000000000000e+00
2.590000000000000000e+02 1.922802799838108712e+01 1.000000000000000000e+00 0.000000000000000000e+00
2.600000000000000000e+02 2.017114230457018564e+01 2.000000000000000000e+00 0.000000000000000000e+00
2.610000000000000000e+02 2.070182529608114308e+01 1.000000000000000000e+00 0.000000000000000000e+00
2.620000000000000000e+02 1.867585318827230978e+01 1.000000000000000000e+00 0.000000000000000000e+00
2.630000000000000000e+02 1.992566103928747268e+01 1.000000000000000000e+00 0.000000000000000000e+00
2.640000000000000000e+02 1.962580918494508353e+01 1.000000000000000000e+00 0.000000000000000000e+00
2.650000000000000000e+02 1.956910622716206660e+01 1.000000000000000000e+00 0.000000000000000000e+00
2.660000000000000000e+02 1.991108834210162115e+01 1.000000000000000000e+00 0.000000000000000000e+00
2.670000000000000000e+02 1.947675208642883149e+01 1.000000000000000000e+00 0.000000000000000000e+00
2.680000000000000000e+02 2.069668593178080940e+01 0.000000000000000000e+00 0.000000000000000000e+00
2.690000000000000000e+02 2.008053489028468164e+01 2.000000000000000000e+00 0.000000000000000000e+00
2.700000000000000000e+02 2.270947381740460358e+01 0.000000000000000000e+00 0.000000000000000000e+00
2.710000000000000000e+02 2.249994658699019467e+01 0.000000000000000000e+00 0.000000000000000000e+00
2.720000000000000000e+02 2.400380492000027743e+01 1.000000000000000000e+00 0.000000000000000000e+00
2.730000000000000000e+02 2.310497386335551795e+01 1.000000000000000000e+00 0.000000000000000000e+00
2.740000000000000000e+02 2.419307554593367016e+01 0.000000000000000000e+00 0.000000000000000000e+00
2.750000000000000000e+02 2.222152840008164176e+01 1.000000000000000000e+00 0.000000000000000000e+00
2.760000000000000000e+02 2.279460260232040270e+01 1.000000000000000000e+00 0.000000000000000000e+00
2.770000000000000000e+02 2.360953140863965416e+01 0.000000000000000000e+00 0.000000000000000000e+00
2.780000000000000000e+02 2.264126497582549291e+01 1.000000000000000000e+00 0.000000000000000000e+00
2.790000000000000000e+02 2.490613308772728729e+01 0.000000000000000000e+00 0.000000000000000000e+00
2.800000000000000000e+02 2.435728607243376587e+01 1.000000000000000000e+00 0.000000000000000000e+00
2.810000000000000000e+02 2.459174546491242452e+01 2.000000000000000000e+00 0.000000000000000000e+00
2.820000000000000000e+02 2.228108793164420831e+01 2.000000000000000000e+00 0.000000000000000000e+00
2.830000000000000000e+02 2.330292128023188525e+01 0.000000000000000000e+00 0.000000000000000000e+00
2.840000000000000000e+02 2.208195361871363716e+01 2.000000000000000000e+00 0.000000000000000000e+00
2.850000000000000000e+02 2.337062270380223339e+01 2.000000000000000000e+00 0.000000000000000000e+00
2.860000000000000000e+02 2.140939237363012637e+01 1.000000000000000000e+00 0.000000000000000000e+00
2.870000000000000000e+02 2.103016147932249780e+01 0.000000000000000000e+00 0.000000000000000000e+00
2.880000000000000000e+02 2.194984406457599846e+01 1.000000000000000000e+00 0.000000000000000000e+00
2.890000000000000000e+02 2.481421007258305877e+01 0.000000000000000000e+00 0.000000000000000000e+00
2.900000000000000000e+02 2.331605307666931637e+01 1.000000000000000000e+00 0.000000000000000000e+00
2.910000000000000000e+02 2.305989312775983535e+01 2.000000000000000000e+00 0.000000000000000000e+00
2.920000000000000000e+02 2.371393431915029737e+01 0.000000000000000000e+00 0.000000000000000000e+00
2.930000000000000000e+02 2.516840287310612467e+01 0.000000000000000000e+00 0.000000000000000000e+00
2.940000000000000000e+02 2.659074302458134653e+01 0.000000000000000000e+00 0.000000000000000000e+00
2.950000000000000000e+02 2.692634960036143355e+01 0.000000000000000000e+00 0.000000000000000000e+00
2.960000000000000000e+02 2.655625165983017766e+01 2.000000000000000000e+00 0.000000000000000000e+00
2.970000000000000000e+02 2.563922095982912452e+01 2.000000000000000000e+00 0.000000000000000000e+00
2.980000000000000000e+02 2.209544479282842744e+01 2.000000000000000000e+00 0.000000000000000000e+00
2.990000000000000000e+02 2.534294088166000236e+01 0.000000000000000000e+00 0.000000000000000000e+00
3.000000000000000000e+02 2.642457328001786365e+01 0.000000000000000000e+00 0.000000000000000000e+00
3.010000000000000000e+02 2.423684216971263083e+01 2.000000000000000000e+00 0.000000000000000000e+00
3.020000000000000000e+02 2.583104311039786793e+01 0.000000000000000000e+00 0.000000000000000000e+00
3.030000000000000000e+02 2.813672809849582990e+01 1.000000000000000000e+00 0.000000000000000000e+00
3.040000000000000000e+02 2.788903344213889213e+01 0.000000000000000000e+00 0.000000000000000000e+00
3.050000000000000000e+02 2.852946040354954249e+01 0.000000000000000000e+00 0.000000000000000000e+00
3.060000000000000000e+02 2.927979186148390411e+01 0.000000000000000000e+00 0.000000000000000000e+00
3.070000000000000000e+02 2.962116907480733374e+01 0.000000000000000000e+00 0.000000000000000000e+00
3.080000000000000000e+02 3.009305915856091929e+01 0.000000000000000000e+00 0.000000000000000000e+00
3.090000000000000000e+02 3.122099710993020594e+01 0.000000000000000000e+00 0.000000000000000000e+00
3.100000000000000000e+02 3.290430574805894537e+01 0.000000000000000000e+00 0.000000000000000000e+00
3.110000000000000000e+02 3.095551687405751551e+01 2.000000000000000000e+00 0.000000000000000000e+00
3.120000000000000000e+02 3.295515088767670875e+01 0.000000000000000000e+00 0.000000000000000000e+00
3.130000000000000000e+02 3.270245736666483793e+01 2.000000000000000000e+00 0.000000000000000000e+00
3.140000000000000000e+02 3.252292199582380761e+01 0.000000000000000000e+00 0.000000000000000000e+00
3.150000000000000000e+02 3.451458298709917472e+01 0.000000000000000000e+00 0.000000000000000000e+00
3.160000000000000000e+02 3.294233931432943763e+01 2.000000000000000000e+00 0.000000000000000000e+00
3.170000000000000000e+02 3.653086189172240950e+01 0.000000000000000000e+00 0.000000000000000000e+00
3.180000000000000000e+02 3.186859205444701360e+01 2.000000000000000000e+00 0.000000000000000000e+00
3.190000000000000000e+02 3.289580165366672304e+01 1.000000000000000000e+00 0.000000000000000000e+00
3.200000000000000000e+02 3.335884885931250210e+01 0.000000000000000000e+00 0.000000000000000000e+00
3.210000000000000000e+02 3.490713161073485082e+01 0.000000000000000000e+00 0.000000000000000000e+00
3.220000000000000000e+02 3.661578677166190232e+01 0.000000000000000000e+00 0.000000000000000000e+00
3.230000000000000000e+02 3.679548725926080976e+01 0.000000000000000000e+00 0.000000000000000000e+00
3.240000000000000000e+02 3.624929834095429726e+01 1.000000000000000000e+00 0.000000000000000000e+00
3.250000000000000000e+02 3.892870019725351938e+01 0.000000000000000000e+00 0.000000000000000000e+00
3.260000000000000000e+02 3.645188105161037129e+01 2.000000000000000000e+00 0.000000000000000000e+00
3.270000000000000000e+02 3.436590455233009322e+01 2.000000000000000000e+00 0.000000000000000000e+00
3.280000000000000000e+02 3.412757061095754096e+01 2.000000000000000000e+00 0.000000000000000000e+00
3.290000000000000000e+02 3.520676654383755988e+01 0.000000000000000000e+00 0.000000000000000000e+00
3.300000000000000000e+02 3.580581049602848509e+01 2.000000000000000000e+00 0.000000000000000000e+00
3.310000000000000000e+02 3.540278695511383944e+01 0.000000000000000000e+00 0.000000000000000000e+00
3.320000000000000000e+02 3.659248228549995474e+01 0.000000000000000000e+00 0.000000000000000000e+00
3.330000000000000000e+02 3.775094753172287909e+01 0.000000000000000000e+00 0.000000000000000000e+00
3.340000000000000000e+02 3.798953664594402113e+01 0.000000000000000000e+00 0.000000000000000000e+00
3.350000000000000000e+02 3.576350988345310355e+01 2.000000000000000000e+00 0.000000000000000000e+00
3.360000000000000000e+02 3.821042008204428697e+01 0.000000000000000000e+00 0.000000000000000000e+00
3.370000000000000000e+02 3.896018055663868296e+01 2.000000000000000000e+00 0.000000000000000000e+00
3.380000000000000000e+02 3.745704247719180557e+01 0.000000000000000000e+00 0.000000000000000000e+00
3.390000000000000000e+02 3.895919355220713243e+01 2.000000000000000000e+00 0.000000000000000000e+00
3.400000000000000000e+02 3.843863913731365045e+01 0.000000000000000000e+00 0.000000000000000000e+00
3.410000000000000000e+02 3.873110388550520611e+01 1.000000000000000000e+00 0.000000000000000000e+00
3.420000000000000000e+02 3.878210838064940447e+01 1.000000000000000000e+00 0.000000000000000000e+00
3.430000000000000000e+02 4.097492039011230247e+01 0.000000000000000000e+00 0.000000000000000000e+00
3.440000000000000000e+02 3.870961551290277214e+01 2.000000000000000000e+00 0.000000000000000000e+00
3.450000000000000000e+02 3.804900414195669356e+01 2.000000000000000000e+00 0.000000000000000000e+00
3.460000000000000000e+02 3.871025793233289392e+01 0.000000000000000000e+00 0.000000000000000000e+00
3.470000000000000000e+02 3.881993716856780452e+01 1.000000000000000000e+00 0.000000000000000000e+00
3.480000000000000000e+02 3.967768968701245313e+01 1.000000000000000000e+00 0.000000000000000000e+00
3.490000000000000000e+02 3.967197162866994375e+01 1.000000000000000000e+00 0.000000000000000000e+00
3.500000000000000000e+02 3.988709647456046525e+01 0.000000000000000000e+00 0.000000000000000000e+00
3.510000000000000000e+02 4.125522289216667815e+01 0.000000000000000000e+00 0.000000000000000000e+00
3.520000000000000000e+02 4.122777652866680143e+01 1.000000000000000000e+00 0.000000000000000000e+00
3.530000000000000000e+02 4.253286385628404531e+01 0.000000000000000000e+00 0.000000000000000000e+00
3.540000000000000000e+02 4.322683730500185106e+01 0.000000000000000000e+00 0.000000000000000000e+00
3.550000000000000000e+02 4.330193902011529872e+01 1.000000000000000000e+00 0.000000000000000000e+00
3.560000000000000000e+02 4.139954181796721144e+01 2.000000000000000000e+00 0.000000000000000000e+00
3.570000000000000000e+02 4.138126347890346324e+01 2.000000000000000000e+00 0.000000000000000000e+00
3.580000000000000000e+02 4.125574782884145009e+01 0.000000000000000000e+00 0.000000000000000000e+00
3.590000000000000000e+02 4.191029830775687515e+01 1.000000000000000000e+00 0.000000000000000000e+00
3.600000000000000000e+02 4.117064817560800094e+01 1.000000000000000000e+00 0.000000000000000000e+00
3.610000000000000000e+02 4.043147903518349295e+01 2.000000000000000000e+00 0.000000000000000000e+00
3.620000000000000000e+02 4.015412731861952267e+01 2.000000000000000000e+00 0.000000000000000000e+00
3.630000000000000000e+02 4.058782173134894578e+01 0.000000000000000000e+00 0.000000000000000000e+00
3.640000000000000000e+02 4.047096573557021060e+01 1.000000000000000000e+00 0.000000000000000000e+00
3.650000000000000000e+02 4.261417002754259187e+01 0.000000000000000000e+00 0.000000000000000000e+00
3.660000000000000000e+02 4.339241507013838373e+01 0.000000000000000000e+00 0.000000000000000000e+00
3.670000000000000000e+02 4.165917577027060048e+01 2.000000000000000000e+00 0.000000000000000000e+00
3.680000000000000000e+02 4.233528166264302683e+01 1.000000000000000000e+00 0.000000000000000000e+00
3.690000000000000000e+02 4.350893039450402000e+01 0.000000000000000000e+00 0.000000000000000000e+00
3.700000000000000000e+02 4.311321897736612385e+01 1.000000000000000000e+00 0.000000000000000000e+00
3.710000000000000000e+02 4.397589635335667424e+01 0.000000000000000000e+00 0.000000000000000000e+00
3.720000000000000000e+02 4.255308129903060177e+01 2.000000000000000000e+00 0.000000000000000000e+00
3.730000000000000000e+02 4.258610534149459426e+01 2.000000000000000000e+00 0.000000000000000000e+00
3.740000000000000000e+02 4.114678256439469095e+01 2.000000000000000000e+00 0.000000000000000000e+00
3.750000000000000000e+02 4.245112563904992697e+01 0.000000000000000000e+00 0.000000000000000000e+00
3.760000000000000000e+02 4.107597343100015763e+01 2.000000000000000000e+00 0.000000000000000000e+00
3.770000000000000000e+02 4.280680770283098724e+01 0.000000000000000000e+00 0.000000000000000000e+00
3.780000000000000000e+02 4.307802308644159694e+01 0.000000000000000000e+00 0.000000000000000000e+00
3.790000000000000000e+02 4.251677595263605269e+01 0.000000000000000000e+00 0.000000000000000000e+00
3.800000000000000000e+02 4.417231116446255612e+01 1.000000000000000000e+00 0.000000000000000000e+00
3.810000000000000000e+02 4.492899706911858715e+01 1.000000000000000000e+00 0.000000000000000000e+00
3.820000000000000000e+02 4.495210166359586168e+01 0.000000000000000000e+00 0.000000000000000000e+00
3.830000000000000000e+02 4.545255168414158220e+01 0.000000000000000000e+00 0.000000000000000000e+00
3.840000000000000000e+02 4.574850296150350459e+01 0.000000000000000000e+00 0.000000000000000000e+00
3.850000000000000000e+02 4.814803873348311214e+01 1.000000000000000000e+00 0.000000000000000000e+00
3.860000000000000000e+02 4.686829760080613028e+01 1.000000000000000000e+00 0.000000000000000000e+00
3.870000000000000000e+02 4.807126319485766430e+01 0.000000000000000000e+00 0.000000000000000000e+00
3.880000000000000000e+02 4.647768556655758232e+01 2.000000000000000000e+00 0.000000000000000000e+00
3.890000000000000000e+02 4.585821205151991364e+01 2.000000000000000000e+00 0.000000000000000000e+00
3.900000000000000000e+02 4.726082646632573159e+01 0.000000000000000000e+00 0.000000000000000000e+00
3.910000000000000000e+02 4.727258643780950109e+01 1.000000000000000000e+00 0.000000000000000000e+00
3.920000000000000000e+02 4.705509373443130983e+01 1.000000000000000000e+00 0.000000000000000000e+00
3.930000000000000000e+02 4.816876631487224358e+01 0.000000000000000000e+00 0.000000000000000000e+00
3.940000000000000000e+02 4.872759365332847636e+01 1.000000000000000000e+00 0.000000000000000000e+00
3.950000000000000000e+02 4.706324149535473111e+01 1.000000000000000000e+00 0.000000000000000000e+00
3.960000000000000000e+02 4.951278185243142360e+01 0.000000000000000000e+00 0.000000000000000000e+00
3.970000000000000000e+02 5.024773462450757933e+01 0.000000000000000000e+00 0.000000000000000000e+00
3.980000000000000000e+02 4.934642946430710708e+01 0.000000000000000000e+00 0.000000000000000000e+00
3.990000000000000000e+02 5.233918996339293273e+01 0.000000000000000000e+00 0.000000000000000000e+00
4.000000000000000000e+02 5.285403565714310758e+01 0.000000000000000000e+00 0.000000000000000000e+00
4.010000000000000000e+02 5.003208484550032153e+01 2.000000000000000000e+00 0.000000000000000000e+00
4.020000000000000000e+02 5.294215667914792078e+01 0.000000000000000000e+00 0.000000000000000000e+00
4.030000000000000000e+02 5.215999146537917142e+01 1.000000000000000000e+00 0.000000000000000000e+00
4.040000000000000000e+02 5.399090742675311105e+01 2.000000000000000000e+00 0.000000000000000000e+00
4.050000000000000000e+02 5.165418447509574662e+01 0.000000000000000000e+00 0.000000000000000000e+00
4.060000000000000000e+02 5.347332461196170073e+01 1.000000000000000000e+00 0.000000000000000000e+00
4.070000000000000000e+02 5.344954596903939859e+01 0.000000000000000000e+00 0.000000000000000000e+00
4.080000000000000000e+02 5.251979165064423682e+01 1.000000000000000000e+00 0.000000000000000000e+00
4.090000000000000000e+02 5.407469099245412991e+01 1.000000000000000000e+00 0.000000000000000000e+00
4.100000000000000000e+02 5.393213198086518645e+01 1.000000000000000000e+00 0.000000000000000000e+00
4.110000000000000000e+02 5.201169061422870499e+01 2.000000000000000000e+00 0.000000000000000000e+00
4.120000000000000000e+02 5.262949182789638058e+01 1.000000000000000000e+00 0.000000000000000000e+00
4.130000000000000000e+02 5.291656696467288867e+01 0.000000000000000000e+00 0.000000000000000000e+00
4.140000000000000000e+02 5.254084435559411048e+01 2.000000000000000000e+00 0.000000000000000000e+00
4.150000000000000000e+02 5.441344616296492376e+01 0.000000000000000000e+00 0.000000000000000000e+00
4.160000000000000000e+02 5.197734569761871626e+01 2.000000000000000000e+00 0.000000000000000000e+00
4.170000000000000000e+02 5.453955115757042904e+01 0.000000000000000000e+00 0.000000000000000000e+00
4.180000000000000000e+02 5.452505569742904612e+01 1.000000000000000000e+00 0.000000000000000000e+00
4.190000000000000000e+02 5.349941702944762767e+01 1.000000000000000000e+00 0.000000000000000000e+00
4.200000000000000000e+02 5.578664364526861874e+01 0.000000000000000000e+00 0.000000000000000000e+00
4.210000000000000000e+02 5.622078184148951152e+01 2.000000000000000000e+00 0.000000000000000000e+00
4.220000000000000000e+02 5.242158293610341246e+01 2.000000000000000000e+00 0.000000000000000000e+00
4.230000000000000000e+02 5.337497410705728385e+01 2.000000000000000000e+00 0.000000000000000000e+00
4.240000000000000000e+02 5.067561126619894907e+01 2.000000000000000000e+00 0.000000000000000000e+00
4.250000000000000000e+02 5.104788016206200751e+01 1.000000000000000000e+00 0.000000000000000000e+00
4.260000000000000000e+02 5.079086576354275451e+01 2.000000000000000000e+00 0.000000000000000000e+00
4.270000000000000000e+02 4.959071230469566416e+01 1.000000000000000000e+00 0.000000000000000000e+00
4.280000000000000000e+02 4.958857583465569263e+01 0.000000000000000000e+00 0.000000000000000000e+00
4.290000000000000000e+02 4.960147081598990582e+01 2.000000000000000000e+00 0.000000000000000000e+00
4.300000000000000000e+02 5.160655113751193568e+01 0.000000000000000000e+00 0.000000000000000000e+00
4.310000000000000000e+02 4.899275381960211462e+01 2.000000000000000000e+00 0.000000000000000000e+00
4.320000000000000000e+02 5.068446078091024987e+01 0.000000000000000000e+00 0.000000000000000000e+00
4.330000000000000000e+02 5.026437594435532219e+01 2.000000000000000000e+00 0.000000000000000000e+00
4.340000000000000000e+02 5.070742853754178014e+01 1.000000000000000000e+00 0.000000000000000000e+00
4.350000000000000000e+02 5.016341970815336992e+01 1.000000000000000000e+00 0.000000000000000000e+00
4.360000000000000000e+02 5.063762705455859248e+01 0.000000000000000000e+00 0.000000000000000000e+00
4.370000000000000000e+02 5.083632618173363937e+01 1.000000000000000000e+00 0.000000000000000000e+00
4.380000000000000000e+02 5.216324355495888909e+01 1.000000000000000000e+00 0.000000000000000000e+00
4.390000000000000000e+02 5.122269750262268673e+01 1.000000000000000000e+00 0.000000000000000000e+00
4.400000000000000000e+02 5.131709399648762826e+01 1.000000000000000000e+00 0.000000000000000000e+00
4.410000000000000000e+02 5.186909044085782483e+01 0.000000000000000000e+00 0.000000000000000000e+00
4.420000000000000000e+02 5.081287589488745482e+01 2.000000000000000000e+00 0.000000000000000000e+00
4.430000000000000000e+02 4.941501714465059081e+01 2.000000000000000000e+00 0.000000000000000000e+00
4.440000000000000000e+02 4.851562401947565206e+01 2.000000000000000000e+00 0.000000000000000000e+00
4.450000000000000000e+02 4.762620066844156241e+01 2.000000000000000000e+00 0.000000000000000000e+00
4.460000000000000000e+02 4.733609495373934095e+01 2.000000000000000000e+00 0.000000000000000000e+00
4.470000000000000000e+02 4.657274361712673283e+01 0.000000000000000000e+00 0.000000000000000000e+00
4.480000000000000000e+02 4.749825727542631881e+01 1.000000000000000000e+00 0.000000000000000000e+00
4.490000000000000000e+02 4.903403500544932569e+01 0.000000000000000000e+00 0.000000000000000000e+00
4.500000000000000000e+02 4.826183855365938058e+01 2.000000000000000000e+00 0.000000000000000000e+00
4.510000000000000000e+02 4.854161636074161379e+01 0.000000000000000000e+00 0.000000000000000000e+00
4.520000000000000000e+02 4.823571380823735666e+01 1.000000000000000000e+00 0.000000000000000000e+00
4.530000000000000000e+02 5.025179782665029649e+01 1.000000000000000000e+00 0.000000000000000000e+00
4.540000000000000000e+02 4.785718192876339572e+01 2.000000000000000000e+00 0.000000000000000000e+00
4.550000000000000000e+02 4.871617393726212697e+01 0.000000000000000000e+00 0.000000000000000000e+00
4.560000000000000000e+02 4.945718457277083502e+01 1.000000000000000000e+00 0.000000000000000000e+00
4.570000000000000000e+02 4.911552611386902356e+01 1.000000000000000000e+00 0.000000000000000000e+00
4.580000000000000000e+02 5.013386490374044513e+01 0.000000000000000000e+00 0.000000000000000000e+00
4.590000000000000000e+02 5.003218884424889978e+01 1.000000000000000000e+00 0.000000000000000000e+00
4.600000000000000000e+02 5.016533602347445253e+01 1.000000000000000000e+00 0.000000000000000000e+00
4.610000000000000000e+02 5.061801454710800385e+01 0.000000000000000000e+00 0.000000000000000000e+00
4.620000000000000000e+02 4.968707549996214823e+01 2.000000000000000000e+00 0.000000000000000000e+00
4.630000000000000000e+02 5.020198875787865234e+01 1.000000000000000000e+00 0.000000000000000000e+00
4.640000000000000000e+02 5.080657552390849929e+01 0.000000000000000000e+00 0.000000000000000000e+00
4.650000000000000000e+02 5.063175685437840201e+01 1.000000000000000000e+00 0.000000000000000000e+00
4.660000000000000000e+02 5.104134550045430530e+01 0.000000000000000000e+00 0.000000000000000000e+00
4.670000000000000000e+02 5.284182993761250913e+01 0.000000000000000000e+00 0.000000000000000000e+00
4.680000000000000000e+02 5.201542777996719735e+01 2.000000000000000000e+00 0.000000000000000000e+00
4.690000000000000000e+02 5.219745217062463638e+01 0.000000000000000000e+00 0.000000000000000000e+00
4.700000000000000000e+02 5.177714748900193342e+01 1.000000000000000000e+00 0.000000000000000000e+00
4.710000000000000000e+02 5.259116090954018574e+01 1.000000000000000000e+00 0.000000000000000000e+00
4.720000000000000000e+02 5.123305178160416773e+01 2.000000000000000000e+00 0.000000000000000000e+00
4.730000000000000000e+02 5.427562125929679837e+01 0.000000000000000000e+00 0.000000000000000000e+00
4.740000000000000000e+02 5.487107450457436641e+01 1.000000000000000000e+00 0.000000000000000000e+00
4.750000000000000000e+02 5.489851001739155834e+01 0.000000000000000000e+00 0.000000000000000000e+00
4.760000000000000000e+02 5.459836242918311200e+01 0.000000000000000000e+00 0.000000000000000000e+00
4.770000000000000000e+02 5.699881848607154211e+01 0.000000000000000000e+00 0.000000000000000000e+00
4.780000000000000000e+02 5.663324047540177730e+01 0.000000000000000000e+00 0.000000000000000000e+00
4.790000000000000000e+02 5.817939384369402944e+01 2.000000000000000000e+00 0.000000000000000000e+00
4.800000000000000000e+02 5.594301257032506669e+01 2.000000000000000000e+00 0.000000000000000000e+00
4.810000000000000000e+02 5.605623460062790286e+01 0.000000000000000000e+00 0.000000000000000000e+00
4.820000000000000000e+02 5.494213447873973166e+01 2.000000000000000000e+00 0.000000000000000000e+00
4.830000000000000000e+02 5.543731457079653779e+01 0.000000000000000000e+00 0.000000000000000000e+00
4.840000000000000000e+02 5.566630479760026873e+01 2.000000000000000000e+00 0.000000000000000000e+00
4.850000000000000000e+02 5.506544651594663975e+01 0.000000000000000000e+00 0.000000000000000000e+00
4.860000000000000000e+02 5.918983171745020400e+01 0.000000000000000000e+00 0.000000000000000000e+00
4.870000000000000000e+02 5.647310139359998260e+01 1.000000000000000000e+00 0.000000000000000000e+00
4.880000000000000000e+02 5.752767762126498496e+01 0.000000000000000000e+00 0.000000000000000000e+00
4.890000000000000000e+02 5.800768153895144508e+01 0.000000000000000000e+00 0.000000000000000000e+00
4.900000000000000000e+02 5.821471991641806909e+01 1.000000000000000000e+00 0.000000000000000000e+00
4.910000000000000000e+02 5.921864318550878892e+01 1.000000000000000000e+00 0.000000000000000000e+00
4.920000000000000000e+02 6.038492951221918759e+01 1.000000000000000000e+00 0.000000000000000000e+00
4.930000000000000000e+02 6.021552576500211273e+01 1.000000000000000000e+00 0.000000000000000000e+00
4.940000000000000000e+02 6.129907264121289501e+01 1.000000000000000000e+00 0.000000000000000000e+00
4.950000000000000000e+02 5.962720191161772476e+01 1.000000000000000000e+00 0.000000000000000000e+00
4.960000000000000000e+02 5.871874401177331748e+01 1.000000000000000000e+00 0.000000000000000000e+00
4.970000000000000000e+02 6.022990831131163247e+01 0.000000000000000000e+00 0.000000000000000000e+00
4.980000000000000000e+02 6.072486215749532334e+01 0.000000000000000000e+00 0.000000000000000000e+00
4.990000000000000000e+02 6.131474018240380275e+01 0.000000000000000000e+00 0.000000000000000000e+00
5.000000000000000000e+02 6.102189123629421630e+01 2.000000000000000000e+00 0.000000000000000000e+00
5.010000000000000000e+02 6.113918317479110698e+01 0.000000000000000000e+00 0.000000000000000000e+00
5.020000000000000000e+02 6.213683191649070636e+01 2.000000000000000000e+00 0.000000000000000000e+00
5.030000000000000000e+02 6.057288551831245371e+01 2.000000000000000000e+00 0.000000000000000000e+00
5.040000000000000000e+02 6.151613112358973723e+01 0.000000000000000000e+00 0.000000000000000000e+00
5.050000000000000000e+02 5.988858286521237773e+01 2.000000000000000000e+00 0.000000000000000000e+00
5.060000000000000000e+02 6.252824208680031148e+01 0.000000000000000000e+00 0.000000000000000000e+00
5.070000000000000000e+02 6.070761487388478628e+01 1.000000000000000000e+00 0.000000000000000000e+00
5.080000000000000000e+02 6.224222501384007700e+01 0.000000000000000000e+00 0.000000000000000000e+00
5.090000000000000000e+02 6.261062239357929116e+01 0.000000000000000000e+00 0.000000000000000000e+00
5.100000000000000000e+02 6.436410288146535663e+01 0.000000000000000000e+00 0.000000000000000000e+00
5.110000000000000000e+02 6.305921921192998525e+01 2.000000000000000000e+00 0.000000000000000000e+00
5.120000000000000000e+02 6.224149619264151312e+01 1.000000000000000000e+00 0.000000000000000000e+00
5.130000000000000000e+02 6.314008055156195098e+01 0.000000000000000000e+00 0.000000000000000000e+00
5.140000000000000000e+02 6.621117002091290260e+01 1.000000000000000000e+00 0.000000000000000000e+00
5.150000000000000000e+02 6.268907732018706724e+01 1.000000000000000000e+00 0.000000000000000000e+00
5.160000000000000000e+02 6.514987887222548579e+01 1.000000000000000000e+00 0.000000000000000000e+00
5.170000000000000000e+02 6.604147853799001666e+01 0.000000000000000000e+00 0.000000000000000000e+00
5.180000000000000000e+02 6.492180538820286984e+01 0.000000000000000000e+00 0.000000000000000000e+00
5.190000000000000000e+02 6.523494773637935396e+01 2.000000000000000000e+00 0.000000000000000000e+00
5.200000000000000000e+02 6.543471629562613145e+01 0.000000000000000000e+00 0.000000000000000000e+00
5.210000000000000000e+02 6.669507591277969993e+01 2.000000000000000000e+00 0.000000000000000000e+00
5.220000000000000000e+02 6.482282946030855442e+01 0.000000000000000000e+00 0.000000000000000000e+00
5.230000000000000000e+02 6.659189752917636440e+01 1.000000000000000000e+00 0.000000000000000000e+00
5.240000000000000000e+02 6.368667993721729914e+01 2.000000000000000000e+00 0.000000000000000000e+00
5.250000000000000000e+02 6.494992822662284482e+01 0.000000000000000000e+00 0.000000000000000000e+00
5.260000000000000000e+02 6.604706481467972878e+01 1.000000000000000000e+00 0.000000000000000000e+00
5.270000000000000000e+02 6.485753919247702015e+01 2.000000000000000000e+00 0.000000000000000000e+00
5.280000000000000000e+02 6.580654390471340776e+01 0.000000000000000000e+00 0.000000000000000000e+00
5.290000000000000000e+02 6.545926090475224157e+01 2.000000000000000000e+00 0.000000000000000000e+00
5.300000000000000000e+02 6.506897054614843512e+01 0.000000000000000000e+00 0.000000000000000000e+00
5.310000000000000000e+02 6.679813161012206990e+01 0.000000000000000000e+00 0.000000000000000000e+00
5.320000000000000000e+02 6.865654818213819510e+01 0.000000000000000000e+00 0.000000000000000000e+00
5.330000000000000000e+02 6.845581402450693531e+01 0.000000000000000000e+00 0.000000000000000000e+00
5.340000000000000000e+02 6.851278939473378671e+01 1.000000000000000000e+00 0.000000000000000000e+00
5.350000000000000000e+02 6.897025500034951051e+01 1.000000000000000000e+00 0.000000000000000000e+00
5.360000000000000000e+02 7.135821201231567557e+01 0.000000000000000000e+00 0.000000000000000000e+00
5.370000000000000000e+02 7.060874335394046852e+01 1.000000000000000000e+00 0.000000000000000000e+00
5.380000000000000000e+02 7.011958257345368395e+01 0.000000000000000000e+00 0.000000000000000000e+00
5.390000000000000000e+02 6.999985182064294520e+01 1.000000000000000000e+00 0.000000000000000000e+00
5.400000000000000000e+02 7.174207116265128548e+01 0.000000000000000000e+00 0.000000000000000000e+00
5.410000000000000000e+02 7.052286460522978473e+01 2.000000000000000000e+00 0.000000000000000000e+00
5.420000000000000000e+02 7.218273277583719505e+01 0.000000000000000000e+00 0.000000000000000000e+00
5.430000000000000000e+02 7.109700228302391167e+01 2.000000000000000000e+00 0.000000000000000000e+00
5.440000000000000000e+02 7.155895578243131183e+01 0.000000000000000000e+00 0.000000000000000000e+00
5.450000000000000000e+02 6.989758605304930938e+01 2.000000000000000000e+00 0.000000000000000000e+00
5.460000000000000000e+02 7.235959936096573131e+01 0.000000000000000000e+00 0.000000000000000000e+00
5.470000000000000000e+02 7.305604013023558707e+01 1.000000000000000000e+00 0.000000000000000000e+00
5.480000000000000000e+02 7.169186342535992651e+01 2.000000000000000000e+00 0.000000000000000000e+00
5.490000000000000000e+02 7.150836472093182294e+01 0.000000000000000000e+00 0.000000000000000000e+00
5.500000000000000000e+02 7.100142143536558592e+01 2.000000000000000000e+00 0.000000000000000000e+00
5.510000000000000000e+02 7.248011245070867403e+01 0.000000000000000000e+00 0.000000000000000000e+00
5.520000000000000000e+02 7.249223648115680874e+01 1.000000000000000000e+00 0.000000000000000000e+00
5.530000000000000000e+02 7.313166985900997474e+01 0.000000000000000000e+00 0.000000000000000000e+00
5.540000000000000000e+02 7.369871915741443047e+01 0.000000000000000000e+00 0.000000000000000000e+00
5.550000000000000000e+02 7.404591583994927362e+01 1.000000000000000000e+00 0.000000000000000000e+00
5.560000000000000000e+02 7.390334631419010236e+01 0.000000000000000000e+00 0.000000000000000000e+00
5.570000000000000000e+02 7.382704968213838015e+01 1.000000000000000000e+00 0.000000000000000000e+00
5.580000000000000000e+02 7.602387706198570072e+01 0.000000000000000000e+00 0.000000000000000000e+00
5.590000000000000000e+02 7.462184139126279092e+01 2.000000000000000000e+00 0.000000000000000000e+00
5.600000000000000000e+02 7.309101188397843885e+01 2.000000000000000000e+00 0.000000000000000000e+00
5.610000000000000000e+02 7.414800943826483604e+01 0.000000000000000000e+00 0.000000000000000000e+00
5.620000000000000000e+02 7.297713493116039274e+01 2.000000000000000000e+00 0.000000000000000000e+00
5.630000000000000000e+02 7.515031929135658118e+01 0.000000000000000000e+00 0.000000000000000000e+00
5.640000000000000000e+02 7.615821060353923144e+01 0.000000000000000000e+00 0.000000000000000000e+00
5.650000000000000000e+02 7.582372340065320770e+01 2.000000000000000000e+00 0.000000000000000000e+00
5.660000000000000000e+02 7.591577969577565455e+01 0.000000000000000000e+00 0.000000000000000000e+00
5.670000000000000000e+02 7.240593551606987432e+01 2.000000000000000000e+00 0.000000000000000000e+00
5.680000000000000000e+02 7.526769822016473199e+01 1.000000000000000000e+00 0.000000000000000000e+00
5.690000000000000000e+02 7.434600529537497948e+01 1.000000000000000000e+00 0.000000000000000000e+00
5.700000000000000000e+02 7.465741844156825380e+01 1.000000000000000000e+00 0.000000000000000000e+00
5.710000000000000000e+02 7.692351522242469741e+01 0.000000000000000000e+00 0.000000000000000000e+00
5.720000000000000000e+02 7.491457553602505470e+01 1.000000000000000000e+00 0.000000000000000000e+00
5.730000000000000000e+02 7.691989838307740968e+01 0.000000000000000000e+00 0.000000000000000000e+00
5.740000000000000000e+02 7.505896254725004724e+01 2.000000000000000000e+00 0.000000000000000000e+00
5.750000000000000000e+02 7.857622287085521862e+01 0.000000000000000000e+00 0.000000000000000000e+00
5.760000000000000000e+02 7.799181765509565878e+01 0.000000000000000000e+00 0.000000000000000000e+00
5.770000000000000000e+02 7.699659736836883894e+01 2.000000000000000000e+00 0.000000000000000000e+00
5.780000000000000000e+02 7.687963023743074586e+01 0.000000000000000000e+00 0.000000000000000000e+00
5.790000000000000000e+02 7.793013564762121348e+01 2.000000000000000000e+00 0.000000000000000000e+00
5.800000000000000000e+02 7.905045736952439484e+01 0.000000000000000000e+00 0.000000000000000000e+00
5.810000000000000000e+02 7.744284688128163907e+01 2.000000000000000000e+00 0.000000000000000000e+00
5.820000000000000000e+02 7.651469288141086622e+01 1.000000000000000000e+00 0.000000000000000000e+00
5.830000000000000000e+02 7.798517195034844462e+01 1.000000000000000000e+00 0.000000000000000000e+00
5.840000000000000000e+02 7.765210297900647163e+01 0.000000000000000000e+00 0.000000000000000000e+00
5.850000000000000000e+02 7.852645671207208977e+01 0.000000000000000000e+00 0.000000000000000000e+00
5.860000000000000000e+02 8.058733378675501058e+01 0.000000000000000000e+00 0.000000000000000000e+00
5.870000000000000000e+02 8.024973597979055739e+01 2.000000000000000000e+00 0.000000000000000000e+00
5.880000000000000000e+02 7.922243042005277402e+01 1.000000000000000000e+00 0.000000000000000000e+00
5.890000000000000000e+02 7.902897510094047107e+01 0.000000000000000000e+00 0.000000000000000000e+00
5.900000000000000000e+02 7.874272593099014728e+01 1.000000000000000000e+00 0.000000000000000000e+00
5.910000000000000000e+02 8.155877054272134785e+01 0.000000000000000000e+00 0.000000000000000000e+00
5.920000000000000000e+02 8.106700074511904575e+01 2.000000000000000000e+00 0.000000000000000000e+00
5.930000000000000000e+02 8.231450839160839905e+01 0.000000000000000000e+00 0.000000000000000000e+00
5.940000000000000000e+02 8.052936913090222504e+01 1.000000000000000000e+00 0.000000000000000000e+00
5.950000000000000000e+02 8.202897227592771401e+01 0.000000000000000000e+00 0.000000000000000000e+00
5.960000000000000000e+02 8.126550735882005938e+01 2.000000000000000000e+00 0.000000000000000000e+00
5.970000000000000000e+02 8.037253092690956180e+01 1.000000000000000000e+00 0.000000000000000000e+00
5.980000000000000000e+02 7.951124963932464595e+01 1.000000000000000000e+00 0.000000000000000000e+00
5.990000000000000000e+02 8.063774828350089763e+01 1.000000000000000000e+00 0.000000000000000000e+00
6.000000000000000000e+02 8.147785943397036590e+01 0.000000000000000000e+00 0.000000000000000000e+00
6.010000000000000000e+02 8.146356658537932560e+01 1.000000000000000000e+00 0.000000000000000000e+00
6.020000000000000000e+02 8.219349621007602025e+01 1.000000000000000000e+00 0.000000000000000000e+00
6.030000000000000000e+02 8.122734293916444415e+01 1.000000000000000000e+00 0.000000000000000000e+00
6.040000000000000000e+02 8.305761888871862197e+01 0.000000000000000000e+00 0.000000000000000000e+00
6.050000000000000000e+02 8.224141082338995545e+01 2.000000000000000000e+00 0.000000000000000000e+00
6.060000000000000000e+02 8.202374250089654595e+01 0.000000000000000000e+00 0.000000000000000000e+00
6.070000000000000000e+02 8.432926995732941577e+01 1.000000000000000000e+00 0.000000000000000000e+00
6.080000000000000000e+02 8.311714978736769410e+01 1.000000000000000000e+00 0.000000000000000000e+00
6.090000000000000000e+02 8.328522227879565776e+01 0.000000000000000000e+00 0.000000000000000000e+00
6.100000000000000000e+02 8.465919021579088621e+01 1.000000000000000000e+00 0.000000000000000000e+00
6.110000000000000000e+02 8.527179316577199586e+01 0.000000000000000000e+00 0.000000000000000000e+00
6.120000000000000000e+02 8.531959847573888567e+01 2.000000000000000000e+00 0.000000000000000000e+00
6.130000000000000000e+02 8.350796588121889386e+01 0.000000000000000000e+00 0.000000000000000000e+00
6.140000000000000000e+02 8.464264182257319646e+01 2.000000000000000000e+00 0.000000000000000000e+00
6.150000000000000000e+02 8.513850719251682619e+01 1.000000000000000000e+00 0.000000000000000000e+00
6.160000000000000000e+02 8.490596544297399362e+01 1.000000000000000000e+00 0.000000000000000000e+00
6.170000000000000000e+02 8.350226206089828906e+01 1.000000000000000000e+00 0.000000000000000000e+00
6.180000000000000000e+02 8.383940976703767944e+01 0.000000000000000000e+00 0.000000000000000000e+00
6.190000000000000000e+02 8.480365835239292949e+01 1.000000000000000000e+00 0.000000000000000000e+00
6.200000000000000000e+02 8.630044639347188706e+01 0.000000000000000000e+00 0.000000000000000000e+00
6.210000000000000000e+02 8.450051627581950697e+01 2.000000000000000000e+00 0.000000000000000000e+00
6.220000000000000000e+02 8.474019899164633784e+01 2.000000000000000000e+00 0.000000000000000000e+00
6.230000000000000000e+02 8.504729221684088714e+01 0.000000000000000000e+00 0.000000000000000000e+00
6.240000000000000000e+02 8.364133106412695895e+01 2.000000000000000000e+00 0.000000000000000000e+00
6.250000000000000000e+02 8.476966173930205173e+01 0.000000000000000000e+00 0.000000000000000000e+00
6.260000000000000000e+02 8.630206284502284575e+01 0.000000000000000000e+00 0.000000000000000000e+00
6.270000000000000000e+02 8.486660566195494937e+01 2.000000000000000000e+00 0.000000000000000000e+00
6.280000000000000000e+02 8.329034998795212630e+01 2.000000000000000000e+00 0.000000000000000000e+00
6.290000000000000000e+02 8.544491712518167503e+01 0.000000000000000000e+00 0.000000000000000000e+00
6.300000000000000000e+02 8.406225011878842679e+01 1.000000000000000000e+00 0.000000000000000000e+00
6.310000000000000000e+02 8.694240205750395489e+01 0.000000000000000000e+00 0.000000000000000000e+00
6.320000000000000000e+02 8.395710441035708982e+01 2.000000000000000000e+00 0.000000000000000000e+00
6.330000000000000000e+02 8.665299201217277414e+01 0.000000000000000000e+00 0.000000000000000000e+00
6.340000000000000000e+02 8.575388220056910882e+01 2.000000000000000000e+00 0.000000000000000000e+00
6.350000000000000000e+02 8.603009020157256259e+01 1.000000000000000000e+00 0.000000000000000000e+00
6.360000000000000000e+02 8.759219304328848921e+01 0.000000000000000000e+00 0.000000000000000000e+00
6.370000000000000000e+02 8.551232762269081888e+01 1.000000000000000000e+00 0.000000000000000000e+00
6.380000000000000000e+02 8.683488109582417280e+01 0.000000000000000000e+00 0.000000000000000000e+00
6.390000000000000000e+02 8.830948716749630023e+01 0.000000000000000000e+00 0.000000000000000000e+00
6.400000000000000000e+02 8.780713111053486841e+01 2.000000000000000000e+00 0.000000000000000000e+00
6.410000000000000000e+02 8.743318457168764724e+01 2.000000000000000000e+00 0.000000000000000000e+00
6.420000000000000000e+02 8.718886355055605009e+01 0.000000000000000000e+00 0.000000000000000000e+00
6.430000000000000000e+02 8.584458945322268164e+01 2.000000000000000000e+00 0.000000000000000000e+00
6.440000000000000000e+02 8.728704557752074322e+01 0.000000000000000000e+00 0.000000000000000000e+00
6.450000000000000000e+02 8.648230868889920941e+01 0.000000000000000000e+00 0.000000000000000000e+00
6.460000000000000000e+02 8.705367701085734211e+01 2.000000000000000000e+00 0.000000000000000000e+00
6.470000000000000000e+02 8.797270109300474417e+01 0.000000000000000000e+00 0.000000000000000000e+00
6.480000000000000000e+02 8.578631887394158184e+01 2.000000000000000000e+00 0.000000000000000000e+00
6.490000000000000000e+02 8.722792320227252105e+01 0.000000000000000000e+00 0.000000000000000000e+00
6.500000000000000000e+02 8.743680805268272138e+01 2.000000000000000000e+00 0.000000000000000000e+00
6.510000000000000000e+02 8.789514088055189234e+01 0.000000000000000000e+00 0.000000000000000000e+00
6.520000000000000000e+02 8.884606756684739537e+01 0.000000000000000000e+00 0.000000000000000000e+00
6.530000000000000000e+02 9.007863443293415173e+01 0.000000000000000000e+00 0.000000000000000000e+00
6.540000000000000000e+02 9.029269392322224519e+01 1.000000000000000000e+00 0.000000000000000000e+00
6.550000000000000000e+02 8.866725528691040381e+01 1.000000000000000000e+00 0.000000000000000000e+00
6.560000000000000000e+02 8.764171386838445699e+01 2.000000000000000000e+00 0.000000000000000000e+00
6.570000000000000000e+02 9.030899426076481973e+01 0.000000000000000000e+00 0.000000000000000000e+00
6.580000000000000000e+02 8.845548358374634290e+01 1.000000000000000000e+00 0.000000000000000000e+00
6.590000000000000000e+02 9.061975376745809285e+01 0.000000000000000000e+00 0.000000000000000000e+00
6.600000000000000000e+02 8.915446334867493761e+01 2.000000000000000000e+00 0.000000000000000000e+00
6.610000000000000000e+02 9.080442992022993565e+01 0.000000000000000000e+00 0.000000000000000000e+00
6.620000000000000000e+02 8.882957205181924110e+01 2.000000000000000000e+00 0.000000000000000000e+00
6.630000000000000000e+02 9.182283436635202634e+01 0.000000000000000000e+00 0.000000000000000000e+00
6.640000000000000000e+02 9.279586768550095144e+01 0.000000000000000000e+00 0.000000000000000000e+00
6.650000000000000000e+02 9.368359973021343023e+01 0.000000000000000000e+00 0.000000000000000000e+00
6.660000000000000000e+02 9.176480399036086055e+01 2.000000000000000000e+00 0.000000000000000000e+00
6.670000000000000000e+02 9.409659433638985604e+01 0.000000000000000000e+00 0.000000000000000000e+00
6.680000000000000000e+02 9.379881808447017022e+01 0.000000000000000000e+00 0.000000000000000000e+00
6.690000000000000000e+02 9.270720655445602176e+01 2.000000000000000000e+00 0.000000000000000000e+00
6.700000000000000000e+02 9.210151264659461390e+01 1.000000000000000000e+00 0.000000000000000000e+00
6.710000000000000000e+02 9.249399179672948890e+01 1.000000000000000000e+00 0.000000000000000000e+00
6.720000000000000000e+02 9.133457888728585772e+01 2.000000000000000000e+00 0.000000000000000000e+00
6.730000000000000000e+02 9.125208141197406064e+01 2.000000000000000000e+00 0.000000000000000000e+00
6.740000000000000000e+02 9.071887016548731708e+01 0.000000000000000000e+00 0.000000000000000000e+00
6.750000000000000000e+02 9.280537962356589787e+01 2.000000000000000000e+00 0.000000000000000000e+00
6.760000000000000000e+02 9.097363689318972035e+01 0.000000000000000000e+00 0.000000000000000000e+00
6.770000000000000000e+02 9.239092107396919573e+01 0.000000000000000000e+00 0.000000000000000000e+00
6.780000000000000000e+02 9.233762945735709593e+01 2.000000000000000000e+00 0.000000000000000000e+00
6.790000000000000000e+02 9.264624541592887397e+01 0.000000000000000000e+00 0.000000000000000000e+00
6.800000000000000000e+02 9.265132434989520505e+01 0.000000000000000000e+00 0.000000000000000000e+00
6.810000000000000000e+02 9.254264831736099950e+01 2.000000000000000000e+00 0.000000000000000000e+00
6.820000000000000000e+02 9.364585820967695895e+01 0.000000000000000000e+00 0.000000000000000000e+00
6.830000000000000000e+02 9.531203833576725515e+01 0.000000000000000000e+00 0.000000000000000000e+00
6.840000000000000000e+02 9.443306996488631455e+01 2.000000000000000000e+00 0.000000000000000000e+00
6.850000000000000000e+02 9.424497277651830984e+01 0.000000000000000000e+00 0.000000000000000000e+00
6.860000000000000000e+02 9.766604837207927403e+01 0.000000000000000000e+00 0.000000000000000000e+00
6.870000000000000000e+02 9.465026810991065531e+01 2.000000000000000000e+00 0.000000000000000000e+00
6.880000000000000000e+02 9.516982510265289363e+01 2.000000000000000000e+00 0.000000000000000000e+00
6.890000000000000000e+02 9.256254098015460841e+01 2.000000000000000000e+00 0.000000000000000000e+00
6.900000000000000000e+02 9.475443038246262972e+01 0.000000000000000000e+00 0.000000000000000000e+00
6.910000000000000000e+02 9.421865835982194426e+01 2.000000000000000000e+00 0.000000000000000000e+00
6.920000000000000000e+02 9.350424250704037377e+01 1.000000000000000000e+00 0.000000000000000000e+00
6.930000000000000000e+02 9.257359102559226471e+01 1.000000000000000000e+00 0.000000000000000000e+00
6.940000000000000000e+02 9.264936452440387882e+01 2.000000000000000000e+00 0.000000000000000000e+00
6.950000000000000000e+02 9.181096004022593604e+01 1.000000000000000000e+00 0.000000000000000000e+00
6.960000000000000000e+02 9.153880256952037087e+01 1.000000000000000000e+00 0.000000000000000000e+00
6.970000000000000000e+02 9.045175510214292558e+01 1.000000000000000000e+00 0.000000000000000000e+00
6.980000000000000000e+02 9.157744959164489273e+01 0.000000000000000000e+00 0.000000000000000000e+00
6.990000000000000000e+02 9.385399669558475466e+01 0.000000000000000000e+00 0.000000000000000000e+00
7.000000000000000000e+02 9.251364599587572002e+01 1.000000000000000000e+00 0.000000000000000000e+00
7.010000000000000000e+02 9.334150901996112282e+01 1.000000000000000000e+00 0.000000000000000000e+00
7.020000000000000000e+02 9.364197298285316151e+01 0.000000000000000000e+00 0.000000000000000000e+00
7.030000000000000000e+02 9.307926446017138744e+01 1.000000000000000000e+00 0.000000000000000000e+00
7.040000000000000000e+02 9.526747117535227005e+01 1.000000000000000000e+00 0.000000000000000000e+00
7.050000000000000000e+02 9.437184214570035579e+01 2.000000000000000000e+00 0.000000000000000000e+00
7.060000000000000000e+02 9.576234538253564210e+01 0.000000000000000000e+00 0.000000000000000000e+00
7.070000000000000000e+02 9.527535824723271674e+01 1.000000000000000000e+00 0.000000000000000000e+00
7.080000000000000000e+02 9.476096633239048117e+01 1.000000000000000000e+00 0.000000000000000000e+00
7.090000000000000000e+02 9.549343062255103121e+01 0.000000000000000000e+00 0.000000000000000000e+00
7.100000000000000000e+02 9.671999305466175656e+01 0.000000000000000000e+00 0.000000000000000000e+00
7.110000000000000000e+02 9.666947309777063424e+01 1.000000000000000000e+00 0.000000000000000000e+00
7.120000000000000000e+02 9.739782789187707124e+01 1.000000000000000000e+00 0.000000000000000000e+00
7.130000000000000000e+02 9.764928500995218030e+01 0.000000000000000000e+00 0.000000000000000000e+00
7.140000000000000000e+02 9.693346431624868842e+01 1.000000000000000000e+00 0.000000000000000000e+00
7.150000000000000000e+02 9.867884734425406634e+01 1.000000000000000000e+00 0.000000000000000000e+00
7.160000000000000000e+02 9.922202521821503751e+01 0.000000000000000000e+00 0.000000000000000000e+00
7.170000000000000000e+02 9.772318463044763348e+01 1.000000000000000000e+00 0.000000000000000000e+00
7.180000000000000000e+02 1.001954904730092863e+02 0.000000000000000000e+00 0.000000000000000000e+00
7.190000000000000000e+02 9.977729548445077512e+01 2.000000000000000000e+00 0.000000000000000000e+00
7.200000000000000000e+02 9.854782383808867507e+01 1.000000000000000000e+00 0.000000000000000000e+00
7.210000000000000000e+02 1.006112905019177646e+02 0.000000000000000000e+00 0.000000000000000000e+00
7.220000000000000000e+02 1.001095402704940085e+02 1.000000000000000000e+00 0.000000000000000000e+00
7.230000000000000000e+02 9.946305410263481406e+01 2.000000000000000000e+00 0.000000000000000000e+00
7.240000000000000000e+02 1.000762867661732969e+02 0.000000000000000000e+00 0.000000000000000000e+00
7.250000000000000000e+02 1.015436141036857833e+02 0.000000000000000000e+00 0.000000000000000000e+00
7.260000000000000000e+02 1.016641978960481509e+02 0.000000000000000000e+00 0.000000000000000000e+00
7.270000000000000000e+02 1.013597446605632655e+02 2.000000000000000000e+00 0.000000000000000000e+00
7.280000000000000000e+02 1.017473822255240208e+02 0.000000000000000000e+00 0.000000000000000000e+00
7.290000000000000000e+02 1.015142753403499540e+02 1.000000000000000000e+00 0.000000000000000000e+00
7.300000000000000000e+02 1.021965553097465857e+02 1.000000000000000000e+00 0.000000000000000000e+00
7.310000000000000000e+02 1.027625031981909274e+02 1.000000000000000000e+00 0.000000000000000000e+00
7.320000000000000000e+02 1.019765384780012880e+02 1.000000000000000000e+00 0.000000000000000000e+00
7.330000000000000000e+02 1.022899134958647949e+02 1.000000000000000000e+00 0.000000000000000000e+00
7.340000000000000000e+02 1.016280590968025592e+02 1.000000000000000000e+00 0.000000000000000000e+00
7.350000000000000000e+02 1.030476003347129677e+02 1.000000000000000000e+00 0.000000000000000000e+00
7.360000000000000000e+02 1.018977730916076894e+02 1.000000000000000000e+00 0.000000000000000000e+00
7.370000000000000000e+02 1.016191394178013780e+02 2.000000000000000000e+00 0.000000000000000000e+00
7.380000000000000000e+02 1.003302249148010930e+02 1.000000000000000000e+00 0.000000000000000000e+00
7.390000000000000000e+02 1.017939953245065254e+02 0.000000000000000000e+00 0.000000000000000000e+00
7.400000000000000000e+02 1.018236222217700231e+02 0.000000000000000000e+00 0.000000000000000000e+00
7.410000000000000000e+02 1.031533916517951326e+02 1.000000000000000000e+00 0.000000000000000000e+00
7.420000000000000000e+02 1.011503645924871648e+02 2.000000000000000000e+00 0.000000000000000000e+00
7.430000000000000000e+02 1.030961560560117078e+02 0.000000000000000000e+00 0.000000000000000000e+00
7.440000000000000000e+02 1.047724798326343318e+02 1.000000000000000000e+00 0.000000000000000000e+00
7.450000000000000000e+02 1.042858283091243976e+02 1.000000000000000000e+00 0.000000000000000000e+00
7.460000000000000000e+02 1.041905824282077049e+02 0.000000000000000000e+00 0.000000000000000000e+00
7.470000000000000000e+02 1.038524899842573035e+02 2.000000000000000000e+00 0.000000000000000000e+00
7.480000000000000000e+02 1.031875729438330609e+02 0.000000000000000000e+00 0.000000000000000000e+00
7.490000000000000000e+02 1.039436590349765623e+02 1.000000000000000000e+00 0.000000000000000000e+00
7.500000000000000000e+02 1.022383865520534272e+02 2.000000000000000000e+00 0.000000000000000000e+00
7.510000000000000000e+02 1.013910207488195283e+02 2.000000000000000000e+00 0.000000000000000000e+00
7.520000000000000000e+02 1.022955887207177739e+02 1.000000000000000000e+00 0.000000000000000000e+00
7.530000000000000000e+02 1.009183579602705976e+02 2.000000000000000000e+00 0.000000000000000000e+00
7.540000000000000000e+02 1.020329539574309763e+02 0.000000000000000000e+00 0.000000000000000000e+00
7.550000000000000000e+02 1.006812087696104072e+02 2.000000000000000000e+00 0.000000000000000000e+00
7.560000000000000000e+02 9.989381032589741949e+01 2.000000000000000000e+00 0.000000000000000000e+00
7.570000000000000000e+02 9.902185608806871642e+01 2.000000000000000000e+00 0.000000000000000000e+00
7.580000000000000000e+02 9.881286235119932826e+01 0.000000000000000000e+00 0.000000000000000000e+00
7.590000000000000000e+02 9.942146937248590177e+01 2.000000000000000000e+00 0.000000000000000000e+00
7.600000000000000000e+02 9.808593342153700689e+01 1.000000000000000000e+00 0.000000000000000000e+00
7.610000000000000000e+02 9.879190842173795772e+01 1.000000000000000000e+00 0.000000000000000000e+00
7.620000000000000000e+02 9.881266473819083274e+01 1.000000000000000000e+00 0.000000000000000000e+00
7.630000000000000000e+02 9.902384132584748500e+01 0.000000000000000000e+00 0.000000000000000000e+00
7.640000000000000000e+02 9.918373572305321773e+01 2.000000000000000000e+00 0.000000000000000000e+00
7.650000000000000000e+02 9.975337868993098311e+01 1.000000000000000000e+00 0.000000000000000000e+00
7.660000000000000000e+02 1.001559823048482372e+02 0.000000000000000000e+00 0.000000000000000000e+00
7.670000000000000000e+02 9.864463190542936388e+01 2.000000000000000000e+00 0.000000000000000000e+00
7.680000000000000000e+02 9.802414154470325514e+01 2.000000000000000000e+00 0.000000000000000000e+00
7.690000000000000000e+02 9.988361972494759300e+01 0.000000000000000000e+00 0.000000000000000000e+00
7.700000000000000000e+02 9.714028315844736028e+01 2.000000000000000000e+00 0.000000000000000000e+00
7.710000000000000000e+02 9.742236033109665527e+01 2.000000000000000000e+00 0.000000000000000000e+00
7.720000000000000000e+02 9.621993615113571252e+01 2.000000000000000000e+00 0.000000000000000000e+00
7.730000000000000000e+02 9.671874757953564483e+01 1.000000000000000000e+00 0.000000000000000000e+00
7.740000000000000000e+02 9.569402871680858880e+01 1.000000000000000000e+00 0.000000000000000000e+00
7.750000000000000000e+02 9.689122960029898479e+01 0.000000000000000000e+00 0.000000000000000000e+00
7.760000000000000000e+02 9.803285250693927821e+01 0.000000000000000000e+00 0.000000000000000000e+00
7.770000000000000000e+02 9.625295777978230660e+01 2.000000000000000000e+00 0.000000000000000000e+00
7.780000000000000000e+02 9.807107770889942344e+01 0.000000000000000000e+00 0.000000000000000000e+00
7.790000000000000000e+02 9.940285600824994106e+01 0.000000000000000000e+00 0.000000000000000000e+00
7.800000000000000000e+02 9.909050952212618313e+01 1.000000000000000000e+00 0.000000000000000000e+00
7.810000000000000000e+02 9.847555713636542407e+01 0.000000000000000000e+00 0.000000000000000000e+00
7.820000000000000000e+02 1.014110220584582578e+02 0.000000000000000000e+00 0.000000000000000000e+00
7.830000000000000000e+02 1.023548638441107244e+02 0.000000000000000000e+00 0.000000000000000000e+00
7.840000000000000000e+02 1.002375661019999313e+02 2.000000000000000000e+00 0.000000000000000000e+00
7.850000000000000000e+02 1.024191082532941266e+02 0.000000000000000000e+00 0.000000000000000000e+00
7.860000000000000000e+02 1.025386144988934234e+02 0.000000000000000000e+00 0.000000000000000000e+00
7.870000000000000000e+02 1.024009023342479452e+02 2.000000000000000000e+00 0.000000000000000000e+00
7.880000000000000000e+02 1.028485291163421209e+02 0.000000000000000000e+00 0.000000000000000000e+00
7.890000000000000000e+02 1.035759473175104262e+02 0.000000000000000000e+00 0.000000000000000000e+00
7.900000000000000000e+02 1.053397189398100409e+02 0.000000000000000000e+00 0.000000000000000000e+00
7.910000000000000000e+02 1.050784884415040921e+02 1.000000000000000000e+00 0.000000000000000000e+00
7.920000000000000000e+02 1.059388972916338361e+02 0.000000000000000000e+00 0.000000000000000000e+00
7.930000000000000000e+02 1.045684667181006091e+02 2.000000000000000000e+00 0.000000000000000000e+00
7.940000000000000000e+02 1.071619077281845023e+02 0.000000000000000000e+00 0.000000000000000000e+00
7.950000000000000000e+02 1.055360152683995096e+02 2.000000000000000000e+00 0.000000000000000000e+00
7.960000000000000000e+02 1.061664016565478903e+02 1.000000000000000000e+00 0.000000000000000000e+00
7.970000000000000000e+02 1.067402033259080554e+02 0.000000000000000000e+00 0.000000000000000000e+00
7.980000000000000000e+02 1.063243363896177698e+02 2.000000000000000000e+00 0.000000000000000000e+00
7.990000000000000000e+02 1.041773992853607922e+02 0.000000000000000000e+00 0.000000000000000000e+00
8.000000000000000000e+02 1.044098580171472292e+02 2.000000000000000000e+00 0.000000000000000000e+00
