time	position	state	ATP_bound
1.000000000000000000e+00 0.000000000000000000e+00 2.000000000000000000e+00 0.000000000000000000e+00
2.000000000000000000e+00 0.000000000000000000e+00 2.000000000000000000e+00 0.000000000000000000e+00
3.000000000000000000e+00 2.723532887363621313e+00 0.000000000000000000e+00 0.000000000000000000e+00
4.000000000000000000e+00 1.463338530236988788e+00 2.000000000000000000e+00 0.000000000000000000e+00
5.000000000000000000e+00 1.201621401994207083e+00 0.000000000000000000e+00 0.000000000000000000e+00
6.000000000000000000e+00 2.370404004187222746e+00 1.000000000000000000e+00 0.000000000000000000e+00
7.000000000000000000e+00 2.062023297565999336e+00 0.000000000000000000e+00 0.000000000000000000e+00
8.000000000000000000e+00 2.856243298962235055e+00 0.000000000000000000e+00 0.000000000000000000e+00
9.000000000000000000e+00 4.999918514056686192e+00 0.000000000000000000e+00 0.000000000000000000e+00
1.000000000000000000e+01 3.593161713458883799e+00 1.000000000000000000e+00 0.000000000000000000e+00
1.100000000000000000e+01 3.628268554365860155e+00 1.000000000000000000e+00 0.000000000000000000e+00
1.200000000000000000e+01 4.125721478004745535e+00 1.000000000000000000e+00 0.000000000000000000e+00
1.300000000000000000e+01 3.141863477599033949e+00 1.000000000000000000e+00 0.000000000000000000e+00
1.400000000000000000e+01 2.736512311726746027e+00 1.000000000000000000e+00 0.000000000000000000e+00
1.500000000000000000e+01 4.309602948936096745e+00 1.000000000000000000e+00 0.000000000000000000e+00
1.600000000000000000e+01 6.121117653705941741e+00 0.000000000000000000e+00 0.000000000000000000e+00
1.700000000000000000e+01 7.199294771972048146e+00 0.000000000000000000e+00 0.000000000000000000e+00
1.800000000000000000e+01 6.028591839360297300e+00 1.000000000000000000e+00 0.000000000000000000e+00
1.900000000000000000e+01 5.434793516143495040e+00 1.000000000000000000e+00 0.000000000000000000e+00
2.000000000000000000e+01 7.449550603459832665e+00 0.000000000000000000e+00 0.000000000000000000e+00
2.100000000000000000e+01 5.560587362863843808e+00 2.000000000000000000e+00 0.000000000000000000e+00
2.200000000000000000e+01 5.761675566111432722e+00 0.000000000000000000e+00 0.000000000000000000e+00
2.300000000000000000e+01 7.267004047932494437e+00 1.000000000000000000e+00 0.000000000000000000e+00
2.400000000000000000e+01 7.077931842972242649e+00 1.000000000000000000e+00 0.000000000000000000e+00
2.500000000000000000e+01 7.557536423058533792e+00 0.000000000000000000e+00 0.000000000000000000e+00
2.600000000000000000e+01 6.908939223046895783e+00 2.000000000000000000e+00 0.000000000000000000e+00
2.700000000000000000e+01 7.613994768830036008e+00 0.000000000000000000e+00 0.000000000000000000e+00
2.800000000000000000e+01 9.091408090901781591e+00 0.000000000000000000e+00 0.000000000000000000e+00
2.900000000000000000e+01 9.180918898067615075e+00 1.000000000000000000e+00 0.000000000000000000e+00
3.000000000000000000e+01 1.029728470431125231e+01 0.000000000000000000e+00 0.000000000000000000e+00
3.100000000000000000e+01 9.481944654192220767e+00 2.000000000000000000e+00 0.000000000000000000e+00
3.200000000000000000e+01 1.020988823847630833e+01 0.000000000000000000e+00 0.000000000000000000e+00
3.300000000000000000e+01 9.026030497245983497e+00 2.000000000000000000e+00 0.000000000000000000e+00
3.400000000000000000e+01 8.910778391486280370e+00 1.000000000000000000e+00 0.000000000000000000e+00
3.500000000000000000e+01 9.761081982355969799e+00 0.000000000000000000e+00 0.000000000000000000e+00
3.600000000000000000e+01 9.866202406207310815e+00 1.000000000000000000e+00 0.000000000000000000e+00
3.700000000000000000e+01 1.011721835026189353e+01 1.000000000000000000e+00 0.000000000000000000e+00
3.800000000000000000e+01 1.157993925491007126e+01 1.000000000000000000e+00 0.000000000000000000e+00
3.900000000000000000e+01 1.068340233782125814e+01 1.000000000000000000e+00 0.000000000000000000e+00
4.000000000000000000e+01 1.000288541918598284e+01 0.000000000000000000e+00 0.000000000000000000e+00
4.100000000000000000e+01 1.131570977888272189e+01 2.000000000000000000e+00 0.000000000000000000e+00
4.200000000000000000e+01 1.216215326913065553e+01 1.000000000000000000e+00 0.000000000000000000e+00
4.300000000000000000e+01 1.072363171403534743e+01 0.000000000000000000e+00 0.000000000000000000e+00
4.400000000000000000e+01 9.812808216399211858e+00 2.000000000000000000e+00 0.000000000000000000e+00
4.500000000000000000e+01 1.298418858691873012e+01 0.000000000000000000e+00 0.000000000000000000e+00
4.600000000000000000e+01 1.334401882916724347e+01 0.000000000000000000e+00 0.000000000000000000e+00
4.700000000000000000e+01 1.038104079272872227e+01 2.000000000000000000e+00 0.000000000000000000e+00
4.800000000000000000e+01 1.281502296463239077e+01 0.000000000000000000e+00 0.000000000000000000e+00
4.900000000000000000e+01 1.113343388160233793e+01 2.000000000000000000e+00 0.000000000000000000e+00
5.000000000000000000e+01 1.081546804538029249e+01 1.000000000000000000e+00 0.000000000000000000e+00
5.100000000000000000e+01 9.087415083824513573e+00 1.000000000000000000e+00 0.000000000000000000e+00
5.200000000000000000e+01 1.207107060659464182e+01 1.000000000000000000e+00 0.000000000000000000e+00
5.300000000000000000e+01 1.130188907517055164e+01 1.000000000000000000e+00 0.000000000000000000e+00
5.400000000000000000e+01 1.183686055498655243e+01 1.000000000000000000e+00 0.000000000000000000e+00
5.500000000000000000e+01 1.015475809956317832e+01 1.000000000000000000e+00 0.000000000000000000e+00
5.600000000000000000e+01 1.041965912758925406e+01 1.000000000000000000e+00 0.000000000000000000e+00
5.700000000000000000e+01 1.110694559348246102e+01 0.000000000000000000e+00 0.000000000000000000e+00
5.800000000000000000e+01 1.336827714210462936e+01 1.000000000000000000e+00 0.000000000000000000e+00
5.900000000000000000e+01 1.380989075164256619e+01 0.000000000000000000e+00 0.000000000000000000e+00
6.000000000000000000e+01 1.350926390250372044e+01 0.000000000000000000e+00 0.000000000000000000e+00
6.100000000000000000e+01 1.416172162706781457e+01 1.000000000000000000e+00 0.000000000000000000e+00
6.200000000000000000e+01 1.461843701836155063e+01 2.000000000000000000e+00 0.000000000000000000e+00
6.300000000000000000e+01 1.220881303137258378e+01 2.000000000000000000e+00 0.000000000000000000e+00
6.400000000000000000e+01 1.154589538141090088e+01 0.000000000000000000e+00 0.000000000000000000e+00
6.500000000000000000e+01 1.154571197600458632e+01 2.000000000000000000e+00 0.000000000000000000e+00
6.600000000000000000e+01 1.494499214503850126e+01 0.000000000000000000e+00 0.000000000000000000e+00
6.700000000000000000e+01 1.319606861269437736e+01 2.000000000000000000e+00 0.000000000000000000e+00
6.800000000000000000e+01 1.134207420727051030e+01 2.000000000000000000e+00 0.000000000000000000e+00
6.900000000000000000e+01 1.223273229653817751e+01 0.000000000000000000e+00 0.000000000000000000e+00
7.000000000000000000e+01 1.425557688002573187e+01 0.000000000000000000e+00 0.000000000000000000e+00
7.100000000000000000e+01 1.251869230995558979e+01 1.000000000000000000e+00 0.000000000000000000e+00
7.200000000000000000e+01 1.328704320570840913e+01 1.000000000000000000e+00 0.000000000000000000e+00
7.300000000000000000e+01 1.126863865874636517e+01 2.000000000000000000e+00 0.000000000000000000e+00
7.400000000000000000e+01 1.306136262765147116e+01 1.000000000000000000e+00 0.000000000000000000e+00
7.500000000000000000e+01 1.241231426850722031e+01 0.000000000000000000e+00 0.000000000000000000e+00
7.600000000000000000e+01 1.297611802549208448e+01 1.000000000000000000e+00 0.000000000000000000e+00
7.700000000000000000e+01 1.415827297204167756e+01 0.000000000000000000e+00 0.000000000000000000e+00
7.800000000000000000e+01 1.451738983837456232e+01 1.000000000000000000e+00 0.000000000000000000e+00
7.900000000000000000e+01 1.323373729161404100e+01 0.000000000000000000e+00 0.000000000000000000e+00
8.000000000000000000e+01 1.436775755297933799e+01 1.000000000000000000e+00 0.000000000000000000e+00
8.100000000000000000e+01 1.725027998954048769e+01 0.000000000000000000e+00 0.000000000000000000e+00
8.200000000000000000e+01 1.535488231282687721e+01 2.000000000000000000e+00 0.000000000000000000e+00
8.300000000000000000e+01 1.546937954667838611e+01 0.000000000000000000e+00 0.000000000000000000e+00
8.400000000000000000e+01 1.660410897595199842e+01 0.000000000000000000e+00 0.000000000000000000e+00
8.500000000000000000e+01 1.798819276189572491e+01 1.000000000000000000e+00 0.000000000000000000e+00
8.600000000000000000e+01 1.832360338453730364e+01 0.000000000000000000e+00 0.000000000000000000e+00
8.700000000000000000e+01 1.714529855747625930e+01 1.000000000000000000e+00 0.000000000000000000e+00
8.800000000000000000e+01 1.800486835133948560e+01 1.000000000000000000e+00 0.000000000000000000e+00
8.900000000000000000e+01 1.843867628541285697e+01 1.000000000000000000e+00 0.000000000000000000e+00
9.000000000000000000e+01 2.004005024734979656e+01 0.000000000000000000e+00 0.000000000000000000e+00
9.100000000000000000e+01 1.828615536687664189e+01 2.000000000000000000e+00 0.000000000000000000e+00
9.200000000000000000e+01 1.910889884799668081e+01 0.000000000000000000e+00 0.000000000000000000e+00
9.300000000000000000e+01 1.811997159231787435e+01 2.000000000000000000e+00 0.000000000000000000e+00
9.400000000000000000e+01 1.932328463233549698e+01 0.000000000000000000e+00 0.000000000000000000e+00
9.500000000000000000e+01 1.760555831833661244e+01 2.000000000000000000e+00 0.000000000000000000e+00
9.600000000000000000e+01 1.835460971247351836e+01 0.000000000000000000e+00 0.000000000000000000e+00
9.700000000000000000e+01 1.953639619896438617e+01 1.000000000000000000e+00 0.000000000000000000e+00
9.800000000000000000e+01 1.899761157552849511e+01 1.000000000000000000e+00 0.000000000000000000e+00
9.900000000000000000e+01 1.847582328538481633e+01 1.000000000000000000e+00 0.000000000000000000e+00
1.000000000000000000e+02 2.083069021153901446e+01 0.000000000000000000e+00 0.000000000000000000e+00
1.010000000000000000e+02 1.779699365286778701e+01 2.000000000000000000e+00 0.000000000000000000e+00
1.020000000000000000e+02 2.056386968871937526e+01 2.000000000000000000e+00 0.000000000000000000e+00
1.030000000000000000e+02 1.868840242088505121e+01 1.000000000000000000e+00 0.000000000000000000e+00
1.040000000000000000e+02 1.667318569326705813e+01 1.000000000000000000e+00 0.000000000000000000e+00
1.050000000000000000e+02 1.802712821257150466e+01 1.000000000000000000e+00 0.000000000000000000e+00
1.060000000000000000e+02 1.914502703721984389e+01 0.000000000000000000e+00 0.000000000000000000e+00
1.070000000000000000e+02 1.870415927805048995e+01 1.000000000000000000e+00 0.000000000000000000e+00
1.080000000000000000e+02 1.938094924308758493e+01 0.000000000000000000e+00 0.000000000000000000e+00
1.090000000000000000e+02 1.843096462251841317e+01 2.000000000000000000e+00 0.000000000000000000e+00
1.100000000000000000e+02 1.920615433006123851e+01 1.000000000000000000e+00 0.000000000000000000e+00
1.110000000000000000e+02 1.840109135910637406e+01 2.000000000000000000e+00 0.000000000000000000e+00
1.120000000000000000e+02 1.793560338343677429e+01 0.000000000000000000e+00 0.000000000000000000e+00
1.130000000000000000e+02 1.928890202876585747e+01 1.000000000000000000e+00 0.000000000000000000e+00
1.140000000000000000e+02 1.866963944847164925e+01 0.000000000000000000e+00 0.000000000000000000e+00
1.150000000000000000e+02 2.072054544637357054e+01 0.000000000000000000e+00 0.000000000000000000e+00
1.160000000000000000e+02 2.174035255569106440e+01 1.000000000000000000e+00 0.000000000000000000e+00
1.170000000000000000e+02 2.208529209720889597e+01 0.000000000000000000e+00 0.000000000000000000e+00
1.180000000000000000e+02 2.308317470466511878e+01 0.000000000000000000e+00 0.000000000000000000e+00
1.190000000000000000e+02 2.296991538862959104e+01 1.000000000000000000e+00 0.000000000000000000e+00
1.200000000000000000e+02 2.134917450172927289e+01 2.000000000000000000e+00 0.000000000000000000e+00
1.210000000000000000e+02 2.450745203689842455e+01 0.000000000000000000e+00 0.000000000000000000e+00
1.220000000000000000e+02 2.254020284615668501e+01 2.000000000000000000e+00 0.000000000000000000e+00
1.230000000000000000e+02 2.265462149355461463e+01 0.000000000000000000e+00 0.000000000000000000e+00
1.240000000000000000e+02 2.202995443387722929e+01 2.000000000000000000e+00 0.000000000000000000e+00
1.250000000000000000e+02 1.975414719315027767e+01 2.000000000000000000e+00 0.000000000000000000e+00
1.260000000000000000e+02 2.308594756497286227e+01 0.000000000000000000e+00 0.000000000000000000e+00
1.270000000000000000e+02 2.120656372705793657e+01 2.000000000000000000e+00 0.000000000000000000e+00
1.280000000000000000e+02 2.211708974607384448e+01 0.000000000000000000e+00 0.000000000000000000e+00
1.290000000000000000e+02 2.082069457224092446e+01 2.000000000000000000e+00 0.000000000000000000e+00
1.300000000000000000e+02 2.211384772342756833e+01 0.000000000000000000e+00 0.000000000000000000e+00
1.310000000000000000e+02 2.327115686678767048e+01 0.000000000000000000e+00 0.000000000000000000e+00
1.320000000000000000e+02 2.351175756154443164e+01 1.000000000000000000e+00 0.000000000000000000e+00
1.330000000000000000e+02 2.465233441620932453e+01 0.000000000000000000e+00 0.000000000000000000e+00
1.340000000000000000e+02 2.482035989798301756e+01 0.000000000000000000e+00 0.000000000000000000e+00
1.350000000000000000e+02 2.493579784132894872e+01 1.000000000000000000e+00 0.000000000000000000e+00
1.360000000000000000e+02 2.616371617024186946e+01 1.000000000000000000e+00 0.000000000000000000e+00
1.370000000000000000e+02 2.566193428922747088e+01 1.000000000000000000e+00 0.000000000000000000e+00
1.380000000000000000e+02 2.402465291035514383e+01 2.000000000000000000e+00 0.000000000000000000e+00
1.390000000000000000e+02 2.390735645904360496e+01 1.000000000000000000e+00 0.000000000000000000e+00
1.400000000000000000e+02 2.455915245604725428e+01 0.000000000000000000e+00 0.000000000000000000e+00
1.410000000000000000e+02 2.426783228694551298e+01 2.000000000000000000e+00 0.000000000000000000e+00
1.420000000000000000e+02 2.542158545980905160e+01 0.000000000000000000e+00 0.000000000000000000e+00
1.430000000000000000e+02 2.623969009673835373e+01 0.000000000000000000e+00 0.000000000000000000e+00
1.440000000000000000e+02 2.497083200080843213e+01 2.000000000000000000e+00 0.000000000000000000e+00
1.450000000000000000e+02 2.660907221498228381e+01 0.000000000000000000e+00 0.000000000000000000e+00
1.460000000000000000e+02 2.631976172473633468e+01 1.000000000000000000e+00 0.000000000000000000e+00
1.470000000000000000e+02 2.359865125036199629e+01 2.000000000000000000e+00 0.000000000000000000e+00
1.480000000000000000e+02 2.581381840897125102e+01 0.000000000000000000e+00 0.000000000000000000e+00
1.490000000000000000e+02 2.609753388297112764e+01 1.000000000000000000e+00 0.000000000000000000e+00
1.500000000000000000e+02 2.565407293779210463e+01 2.000000000000000000e+00 0.000000000000000000e+00
1.510000000000000000e+02 2.521977984837272402e+01 0.000000000000000000e+00 0.000000000000000000e+00
1.520000000000000000e+02 2.432838337936499329e+01 2.000000000000000000e+00 0.000000000000000000e+00
1.530000000000000000e+02 2.632744311040701746e+01 0.000000000000000000e+00 0.000000000000000000e+00
1.540000000000000000e+02 2.452750704226902556e+01 2.000000000000000000e+00 0.000000000000000000e+00
1.550000000000000000e+02 2.634200529223658904e+01 0.000000000000000000e+00 0.000000000000000000e+00
1.560000000000000000e+02 2.613987013384625513e+01 0.000000000000000000e+00 0.000000000000000000e+00
1.570000000000000000e+02 2.840701373424403542e+01 0.000000000000000000e+00 0.000000000000000000e+00
1.580000000000000000e+02 2.703608514342853653e+01 2.000000000000000000e+00 0.000000000000000000e+00
1.590000000000000000e+02 2.791801660208322389e+01 0.000000000000000000e+00 0.000000000000000000e+00
1.600000000000000000e+02 2.703343129426453473e+01 0.000000000000000000e+00 0.000000000000000000e+00
1.610000000000000000e+02 2.864785585201655849e+01 0.000000000000000000e+00 0.000000000000000000e+00
1.620000000000000000e+02 3.245067595811907069e+01 0.000000000000000000e+00 0.000000000000000000e+00
1.630000000000000000e+02 3.161425739870502838e+01 1.000000000000000000e+00 0.000000000000000000e+00
1.640000000000000000e+02 3.120584673349439697e+01 2.000000000000000000e+00 0.000000000000000000e+00
1.650000000000000000e+02 2.924402933499946045e+01 1.000000000000000000e+00 0.000000000000000000e+00
1.660000000000000000e+02 3.018749479250428891e+01 1.000000000000000000e+00 0.000000000000000000e+00
1.670000000000000000e+02 3.103127317701594379e+01 1.000000000000000000e+00 0.000000000000000000e+00
1.680000000000000000e+02 3.137648980209210237e+01 0.000000000000000000e+00 0.000000000000000000e+00
1.690000000000000000e+02 3.144975719495291955e+01 0.000000000000000000e+00 0.000000000000000000e+00
1.700000000000000000e+02 2.982837746722928429e+01 2.000000000000000000e+00 0.000000000000000000e+00
1.710000000000000000e+02 3.176440337207786158e+01 0.000000000000000000e+00 0.000000000000000000e+00
1.720000000000000000e+02 3.286537652087191930e+01 1.000000000000000000e+00 0.000000000000000000e+00
1.730000000000000000e+02 3.246460901360509865e+01 1.000000000000000000e+00 0.000000000000000000e+00
1.740000000000000000e+02 3.141513404221562311e+01 0.000000000000000000e+00 0.000000000000000000e+00
1.750000000000000000e+02 3.363381955856802819e+01 1.000000000000000000e+00 0.000000000000000000e+00
1.760000000000000000e+02 3.450288471074252072e+01 0.000000000000000000e+00 0.000000000000000000e+00
1.770000000000000000e+02 3.365614553597796998e+01 1.000000000000000000e+00 0.000000000000000000e+00
1.780000000000000000e+02 3.437450665822780849e+01 2.000000000000000000e+00 0.000000000000000000e+00
1.790000000000000000e+02 3.455140103781720029e+01 0.000000000000000000e+00 0.000000000000000000e+00
1.800000000000000000e+02 3.138655704978489780e+01 2.000000000000000000e+00 0.000000000000000000e+00
1.810000000000000000e+02 3.140682586408140509e+01 2.000000000000000000e+00 0.000000000000000000e+00
1.820000000000000000e+02 3.295996565942955669e+01 0.000000000000000000e+00 0.000000000000000000e+00
1.830000000000000000e+02 3.426544838568177909e+01 0.000000000000000000e+00 0.000000000000000000e+00
1.840000000000000000e+02 3.207209374232206045e+01 1.000000000000000000e+00 0.000000000000000000e+00
1.850000000000000000e+02 3.250291485405639236e+01 2.000000000000000000e+00 0.000000000000000000e+00
1.860000000000000000e+02 3.489213285849328372e+01 0.000000000000000000e+00 0.000000000000000000e+00
1.870000000000000000e+02 3.399949598265595796e+01 0.000000000000000000e+00 0.000000000000000000e+00
1.880000000000000000e+02 3.493664902014801044e+01 0.000000000000000000e+00 0.000000000000000000e+00
1.890000000000000000e+02 3.547391043109554687e+01 1.000000000000000000e+00 0.000000000000000000e+00
1.900000000000000000e+02 3.889230747713981629e+01 0.000000000000000000e+00 0.000000000000000000e+00
1.910000000000000000e+02 3.585873486780015895e+01 2.000000000000000000e+00 0.000000000000000000e+00
1.920000000000000000e+02 3.497546483058592059e+01 0.000000000000000000e+00 0.000000000000000000e+00
1.930000000000000000e+02 3.560596328339613592e+01 2.000000000000000000e+00 0.000000000000000000e+00
1.940000000000000000e+02 3.727572503845387075e+01 2.000000000000000000e+00 0.000000000000000000e+00
1.950000000000000000e+02 3.612241410588590185e+01 0.000000000000000000e+00 0.000000000000000000e+00
1.960000000000000000e+02 3.643386074068754965e+01 1.000000000000000000e+00 0.000000000000000000e+00
1.970000000000000000e+02 3.443018031257938105e+01 2.000000000000000000e+00 0.000000000000000000e+00
1.980000000000000000e+02 3.572070491045096219e+01 0.000000000000000000e+00 0.000000000000000000e+00
1.990000000000000000e+02 3.494174151261166372e+01 2.000000000000000000e+00 0.000000000000000000e+00
2.000000000000000000e+02 3.729272076590800822e+01 0.000000000000000000e+00 0.000000000000000000e+00
2.010000000000000000e+02 3.757299404770554929e+01 0.000000000000000000e+00 0.000000000000000000e+00
2.020000000000000000e+02 3.553091151963924688e+01 2.000000000000000000e+00 0.000000000000000000e+00
2.030000000000000000e+02 3.337868704227823713e+01 2.000000000000000000e+00 0.000000000000000000e+00
2.040000000000000000e+02 3.417441025844940583e+01 1.000000000000000000e+00 0.000000000000000000e+00
2.050000000000000000e+02 3.734996108819222371e+01 0.000000000000000000e+00 0.000000000000000000e+00
2.060000000000000000e+02 3.655980444861381784e+01 0.000000000000000000e+00 0.000000000000000000e+00
2.070000000000000000e+02 3.648096254183269593e+01 1.000000000000000000e+00 0.000000000000000000e+00
2.080000000000000000e+02 3.540336965791522772e+01 1.000000000000000000e+00 0.000000000000000000e+00
2.090000000000000000e+02 3.723550514871105577e+01 0.000000000000000000e+00 0.000000000000000000e+00
2.100000000000000000e+02 3.795703047198048807e+01 1.000000000000000000e+00 0.000000000000000000e+00
2.110000000000000000e+02 3.973510510870212897e+01 0.000000000000000000e+00 0.000000000000000000e+00
2.120000000000000000e+02 3.933556986776930131e+01 1.000000000000000000e+00 0.000000000000000000e+00
2.130000000000000000e+02 3.792560876007517834e+01 1.000000000000000000e+00 0.000000000000000000e+00
2.140000000000000000e+02 4.176069651878302835e+01 0.000000000000000000e+00 0.000000000000000000e+00
2.150000000000000000e+02 3.794371803334174587e+01 2.000000000000000000e+00 0.000000000000000000e+00
2.160000000000000000e+02 3.955002190363137515e+01 1.000000000000000000e+00 0.000000000000000000e+00
2.170000000000000000e+02 3.878542377909762706e+01 0.000000000000000000e+00 0.000000000000000000e+00
2.180000000000000000e+02 4.056446282062192665e+01 0.000000000000000000e+00 0.000000000000000000e+00
2.190000000000000000e+02 4.010792420428915506e+01 2.000000000000000000e+00 0.000000000000000000e+00
2.200000000000000000e+02 4.126867386243796432e+01 0.000000000000000000e+00 0.000000000000000000e+00
2.210000000000000000e+02 4.156384583984556969e+01 1.000000000000000000e+00 0.000000000000000000e+00
2.220000000000000000e+02 4.176516533409613885e+01 0.000000000000000000e+00 0.000000000000000000e+00
2.230000000000000000e+02 4.183496664358732886e+01 1.000000000000000000e+00 0.000000000000000000e+00
2.240000000000000000e+02 4.170279770387101337e+01 2.000000000000000000e+00 0.000000000000000000e+00
2.250000000000000000e+02 4.294560800252125432e+01 0.000000000000000000e+00 0.000000000000000000e+00
2.260000000000000000e+02 4.158718169347812932e+01 1.000000000000000000e+00 0.000000000000000000e+00
2.270000000000000000e+02 4.326177584602671544e+01 0.000000000000000000e+00 0.000000000000000000e+00
2.280000000000000000e+02 4.400333445690426259e+01 0.000000000000000000e+00 0.000000000000000000e+00
2.290000000000000000e+02 4.384864337283151769e+01 1.000000000000000000e+00 0.000000000000000000e+00
2.300000000000000000e+02 4.561776623407275366e+01 0.000000000000000000e+00 0.000000000000000000e+00
2.310000000000000000e+02 4.556898634260230807e+01 0.000000000000000000e+00 0.000000000000000000e+00
2.320000000000000000e+02 4.842315882389943482e+01 0.000000000000000000e+00 0.000000000000000000e+00
2.330000000000000000e+02 4.618231688066271801e+01 2.000000000000000000e+00 0.000000000000000000e+00
2.340000000000000000e+02 4.409356606419969893e+01 2.000000000000000000e+00 0.000000000000000000e+00
2.350000000000000000e+02 4.465290094847915014e+01 2.000000000000000000e+00 0.000000000000000000e+00
2.360000000000000000e+02 4.459165886801437750e+01 0.000000000000000000e+00 0.000000000000000000e+00
2.370000000000000000e+02 4.454805150671857916e+01 2.000000000000000000e+00 0.000000000000000000e+00
2.380000000000000000e+02 4.259546989819817497e+01 2.000000000000000000e+00 0.000000000000000000e+00
2.390000000000000000e+02 4.576578724084354377e+01 0.000000000000000000e+00 0.000000000000000000e+00
2.400000000000000000e+02 4.602409733508936540e+01 0.000000000000000000e+00 0.000000000000000000e+00
2.410000000000000000e+02 4.692312459988677631e+01 0.000000000000000000e+00 0.000000000000000000e+00
2.420000000000000000e+02 4.586709135974930263e+01 2.000000000000000000e+00 0.000000000000000000e+00
2.430000000000000000e+02 4.360284975107477834e+01 2.000000000000000000e+00 0.000000000000000000e+00
2.440000000000000000e+02 4.322896565434732707e+01 1.000000000000000000e+00 0.000000000000000000e+00
2.450000000000000000e+02 4.362353135700371354e+01 2.000000000000000000e+00 0.000000000000000000e+00
2.460000000000000000e+02 4.486486666124917377e+01 0.000000000000000000e+00 0.000000000000000000e+00
2.470000000000000000e+02 4.478595026551782610e+01 1.000000000000000000e+00 0.000000000000000000e+00
2.480000000000000000e+02 4.519848925407566043e+01 1.000000000000000000e+00 0.000000000000000000e+00
2.490000000000000000e+02 4.406528738331593331e+01 1.000000000000000000e+00 0.000000000000000000e+00
2.500000000000000000e+02 4.355865063036875284e+01 1.000000000000000000e+00 0.000000000000000000e+00
2.510000000000000000e+02 4.296844802117461626e+01 0.000000000000000000e+00 0.000000000000000000e+00
2.520000000000000000e+02 4.449368076872185185e+01 1.000000000000000000e+00 0.000000000000000000e+00
2.530000000000000000e+02 4.510966560577156059e+01 1.000000000000000000e+00 0.000000000000000000e+00
2.540000000000000000e+02 4.747012448307286547e+01 0.000000000000000000e+00 0.000000000000000000e+00
2.550000000000000000e+02 4.569326152510911498e+01 1.000000000000000000e+00 0.000000000000000000e+00
2.560000000000000000e+02 4.675191589926902935e+01 0.000000000000000000e+00 0.000000000000000000e+00
2.570000000000000000e+02 4.879715425363660586e+01 0.000000000000000000e+00 0.000000000000000000e+00
2.580000000000000000e+02 5.025254019765354485e+01 0.000000000000000000e+00 0.000000000000000000e+00
2.590000000000000000e+02 4.982182459898232452e+01 1.000000000000000000e+00 0.000000000000000000e+00
2.600000000000000000e+02 4.653979248644807853e+01 2.000000000000000000e+00 0.000000000000000000e+00
2.610000000000000000e+02 4.691768390192349614e+01 2.000000000000000000e+00 0.000000000000000000e+00
2.620000000000000000e+02 4.851316026651721103e+01 0.000000000000000000e+00 0.000000000000000000e+00
2.630000000000000000e+02 4.803222059294589741e+01 0.000000000000000000e+00 0.000000000000000000e+00
2.640000000000000000e+02 4.844151678817689799e+01 2.000000000000000000e+00 0.000000000000000000e+00
2.650000000000000000e+02 4.815532948112849709e+01 0.000000000000000000e+00 0.000000000000000000e+00
2.660000000000000000e+02 4.896993590080808190e+01 2.000000000000000000e+00 0.000000000000000000e+00
2.670000000000000000e+02 4.734258447943897608e+01 1.000000000000000000e+00 0.000000000000000000e+00
2.680000000000000000e+02 4.798370156183855784e+01 1.000000000000000000e+00 0.000000000000000000e+00
2.690000000000000000e+02 4.622286868295623208e+01 2.000000000000000000e+00 0.000000000000000000e+00
2.700000000000000000e+02 4.705906760154586976e+01 0.000000000000000000e+00 0.000000000000000000e+00
2.710000000000000000e+02 4.971465084132740486e+01 0.000000000000000000e+00 0.000000000000000000e+00
2.720000000000000000e+02 4.706056853708310683e+01 1.000000000000000000e+00 0.000000000000000000e+00
2.730000000000000000e+02 5.100529292123422920e+01 0.000000000000000000e+00 0.000000000000000000e+00
2.740000000000000000e+02 5.162373423119255733e+01 0.000000000000000000e+00 0.000000000000000000e+00
2.750000000000000000e+02 5.162282830803822264e+01 1.000000000000000000e+00 0.000000000000000000e+00
2.760000000000000000e+02 5.191032625293804159e+01 0.000000000000000000e+00 0.000000000000000000e+00
2.770000000000000000e+02 5.121097162667505387e+01 2.000000000000000000e+00 0.000000000000000000e+00
2.780000000000000000e+02 5.098374832626657138e+01 1.000000000000000000e+00 0.000000000000000000e+00
2.790000000000000000e+02 5.080438697090222178e+01 1.000000000000000000e+00 0.000000000000000000e+00
2.800000000000000000e+02 4.992039327533370141e+01 2.000000000000000000e+00 0.000000000000000000e+00
2.810000000000000000e+02 4.863346715714290269e+01 2.000000000000000000e+00 0.000000000000000000e+00
2.820000000000000000e+02 4.763160361347070193e+01 1.000000000000000000e+00 0.000000000000000000e+00
2.830000000000000000e+02 4.874439890345028914e+01 1.000000000000000000e+00 0.000000000000000000e+00
2.840000000000000000e+02 4.989636059289147596e+01 0.000000000000000000e+00 0.000000000000000000e+00
2.850000000000000000e+02 5.063635937224934480e+01 1.000000000000000000e+00 0.000000000000000000e+00
2.860000000000000000e+02 5.245791683459101051e+01 0.000000000000000000e+00 0.000000000000000000e+00
2.870000000000000000e+02 5.181228517184481319e+01 2.000000000000000000e+00 0.000000000000000000e+00
2.880000000000000000e+02 4.889565680477533505e+01 2.000000000000000000e+00 0.000000000000000000e+00
2.890000000000000000e+02 4.972306956656149879e+01 0.000000000000000000e+00 0.000000000000000000e+00
2.900000000000000000e+02 5.072196028897398890e+01 0.000000000000000000e+00 0.000000000000000000e+00
2.910000000000000000e+02 4.973905438082987018e+01 2.000000000000000000e+00 0.000000000000000000e+00
2.920000000000000000e+02 5.007841336099745178e+01 0.000000000000000000e+00 0.000000000000000000e+00
2.930000000000000000e+02 5.289639657179365173e+01 0.000000000000000000e+00 0.000000000000000000e+00
2.940000000000000000e+02 4.988475435624799559e+01 2.000000000000000000e+00 0.000000000000000000e+00
2.950000000000000000e+02 5.074882098015279297e+01 1.000000000000000000e+00 0.000000000000000000e+00
2.960000000000000000e+02 5.296845916579717084e+01 0.000000000000000000e+00 0.000000000000000000e+00
2.970000000000000000e+02 5.224221263754822786e+01 0.000000000000000000e+00 0.000000000000000000e+00
2.980000000000000000e+02 5.301394933707690171e+01 2.000000000000000000e+00 0.000000000000000000e+00
2.990000000000000000e+02 5.102631970907651748e+01 2.000000000000000000e+00 0.000000000000000000e+00
3.000000000000000000e+02 5.174300304712312482e+01 0.000000000000000000e+00 0.000000000000000000e+00
3.010000000000000000e+02 5.137606921675405403e+01 1.000000000000000000e+00 0.000000000000000000e+00
3.020000000000000000e+02 5.360276685635474792e+01 1.000000000000000000e+00 0.000000000000000000e+00
3.030000000000000000e+02 5.313052415285848440e+01 0.000000000000000000e+00 0.000000000000000000e+00
3.040000000000000000e+02 5.351843280817546145e+01 1.000000000000000000e+00 0.000000000000000000e+00
3.050000000000000000e+02 5.235782238756296891e+01 1.000000000000000000e+00 0.000000000000000000e+00
3.060000000000000000e+02 5.414401539599135305e+01 0.000000000000000000e+00 0.000000000000000000e+00
3.070000000000000000e+02 5.253796539040236269e+01 2.000000000000000000e+00 0.000000000000000000e+00
3.080000000000000000e+02 5.309794286292815713e+01 1.000000000000000000e+00 0.000000000000000000e+00
3.090000000000000000e+02 5.433889546229385559e+01 0.000000000000000000e+00 0.000000000000000000e+00
3.100000000000000000e+02 5.323472128178442375e+01 1.000000000000000000e+00 0.000000000000000000e+00
3.110000000000000000e+02 5.487374440506074791e+01 0.000000000000000000e+00 0.000000000000000000e+00
3.120000000000000000e+02 5.559547920930078391e+01 1.000000000000000000e+00 0.000000000000000000e+00
3.130000000000000000e+02 5.603015254770918574e+01 0.000000000000000000e+00 0.000000000000000000e+00
3.140000000000000000e+02 5.630805977388657624e+01 0.000000000000000000e+00 0.000000000000000000e+00
3.150000000000000000e+02 5.716079804625602634e+01 0.000000000000000000e+00 0.000000000000000000e+00
3.160000000000000000e+02 5.935268206122533030e+01 0.000000000000000000e+00 0.000000000000000000e+00
3.170000000000000000e+02 5.849313593232372455e+01 1.000000000000000000e+00 0.000000000000000000e+00
3.180000000000000000e+02 5.777068805230242532e+01 2.000000000000000000e+00 0.000000000000000000e+00
3.190000000000000000e+02 5.918375960725592222e+01 0.000000000000000000e+00 0.000000000000000000e+00
3.200000000000000000e+02 6.042061989991763227e+01 0.000000000000000000e+00 0.000000000000000000e+00
3.210000000000000000e+02 6.276731609728610550e+01 0.000000000000000000e+00 0.000000000000000000e+00
3.220000000000000000e+02 5.968771626627143689e+01 2.000000000000000000e+00 0.000000000000000000e+00
3.230000000000000000e+02 5.931822717332995865e+01 2.000000000000000000e+00 0.000000000000000000e+00
3.240000000000000000e+02 5.988838730006180811e+01 0.000000000000000000e+00 0.000000000000000000e+00
3.250000000000000000e+02 5.898206426982724793e+01 2.000000000000000000e+00 0.000000000000000000e+00
3.260000000000000000e+02 5.944550464940959955e+01 0.000000000000000000e+00 0.000000000000000000e+00
3.270000000000000000e+02 5.802105894038476208e+01 2.000000000000000000e+00 0.000000000000000000e+00
3.280000000000000000e+02 6.029261151964955445e+01 0.000000000000000000e+00 0.000000000000000000e+00
3.290000000000000000e+02 5.917721792046408069e+01 1.000000000000000000e+00 0.000000000000000000e+00
3.300000000000000000e+02 6.092839279881538772e+01 0.000000000000000000e+00 0.000000000000000000e+00
3.310000000000000000e+02 6.167771947904989815e+01 0.000000000000000000e+00 0.000000000000000000e+00
3.320000000000000000e+02 6.134449342687925366e+01 1.000000000000000000e+00 0.000000000000000000e+00
3.330000000000000000e+02 6.246027393092526836e+01 0.000000000000000000e+00 0.000000000000000000e+00
3.340000000000000000e+02 6.248609966633436130e+01 1.000000000000000000e+00 0.000000000000000000e+00
3.350000000000000000e+02 6.350312807410583815e+01 0.000000000000000000e+00 0.000000000000000000e+00
3.360000000000000000e+02 6.634188073684191522e+01 1.000000000000000000e+00 0.000000000000000000e+00
3.370000000000000000e+02 6.228731220087363596e+01 2.000000000000000000e+00 0.000000000000000000e+00
3.380000000000000000e+02 6.486538903964448366e+01 0.000000000000000000e+00 0.000000000000000000e+00
3.390000000000000000e+02 6.241433565257234051e+01 2.000000000000000000e+00 0.000000000000000000e+00
3.400000000000000000e+02 6.273737762417447072e+01 1.000000000000000000e+00 0.000000000000000000e+00
3.410000000000000000e+02 6.233736345140415125e+01 0.000000000000000000e+00 0.000000000000000000e+00
3.420000000000000000e+02 6.173545599777904158e+01 2.000000000000000000e+00 0.000000000000000000e+00
3.430000000000000000e+02 6.448801277131508414e+01 0.000000000000000000e+00 0.000000000000000000e+00
3.440000000000000000e+02 6.594865179545283240e+01 0.000000000000000000e+00 0.000000000000000000e+00
3.450000000000000000e+02 6.677770867730214377e+01 1.000000000000000000e+00 0.000000000000000000e+00
3.460000000000000000e+02 6.454914352829473501e+01 1.000000000000000000e+00 0.000000000000000000e+00
3.470000000000000000e+02 6.628067334439059266e+01 0.000000000000000000e+00 0.000000000000000000e+00
3.480000000000000000e+02 6.579040829827243897e+01 1.000000000000000000e+00 0.000000000000000000e+00
3.490000000000000000e+02 6.506712615494825513e+01 2.000000000000000000e+00 0.000000000000000000e+00
3.500000000000000000e+02 6.461276702709096753e+01 2.000000000000000000e+00 0.000000000000000000e+00
3.510000000000000000e+02 6.305760394002670211e+01 2.000000000000000000e+00 0.000000000000000000e+00
3.520000000000000000e+02 6.344619706630007983e+01 0.000000000000000000e+00 0.000000000000000000e+00
3.530000000000000000e+02 6.296502890397702856e+01 2.000000000000000000e+00 0.000000000000000000e+00
3.540000000000000000e+02 6.254006312172992921e+01 2.000000000000000000e+00 0.000000000000000000e+00
3.550000000000000000e+02 6.204194657097404075e+01 1.000000000000000000e+00 0.000000000000000000e+00
3.560000000000000000e+02 6.092093076989764455e+01 2.000000000000000000e+00 0.000000000000000000e+00
3.570000000000000000e+02 6.120507369932831665e+01 1.000000000000000000e+00 0.000000000000000000e+00
3.580000000000000000e+02 6.061566326108318492e+01 2.000000000000000000e+00 0.000000000000000000e+00
3.590000000000000000e+02 6.150640781902234977e+01 0.000000000000000000e+00 0.000000000000000000e+00
3.600000000000000000e+02 6.020100825748574636e+01 2.000000000000000000e+00 0.000000000000000000e+00
3.610000000000000000e+02 6.223171887084008347e+01 0.000000000000000000e+00 0.000000000000000000e+00
3.620000000000000000e+02 5.891155037068608635e+01 2.000000000000000000e+00 0.000000000000000000e+00
3.630000000000000000e+02 5.764320421162288710e+01 2.000000000000000000e+00 0.000000000000000000e+00
3.640000000000000000e+02 5.993997039240240099e+01 0.000000000000000000e+00 0.000000000000000000e+00
3.650000000000000000e+02 5.972604367901768541e+01 2.000000000000000000e+00 0.000000000000000000e+00
3.660000000000000000e+02 5.971109729186950688e+01 0.000000000000000000e+00 0.000000000000000000e+00
3.670000000000000000e+02 5.955519478544781720e+01 0.000000000000000000e+00 0.000000000000000000e+00
3.680000000000000000e+02 5.926877442731393586e+01 2.000000000000000000e+00 0.000000000000000000e+00
3.690000000000000000e+02 6.193094426675587272e+01 0.000000000000000000e+00 0.000000000000000000e+00
3.700000000000000000e+02 6.133821933416022176e+01 1.000000000000000000e+00 0.000000000000000000e+00
3.710000000000000000e+02 6.231812583663309368e+01 1.000000000000000000e+00 0.000000000000000000e+00
3.720000000000000000e+02 6.123382063963573785e+01 1.000000000000000000e+00 0.000000000000000000e+00
3.730000000000000000e+02 6.279413128729131444e+01 0.000000000000000000e+00 0.000000000000000000e+00
3.740000000000000000e+02 6.091913723958631266e+01 2.000000000000000000e+00 0.000000000000000000e+00
3.750000000000000000e+02 6.179777020854625391e+01 0.000000000000000000e+00 0.000000000000000000e+00
3.760000000000000000e+02 6.350498848238719773e+01 0.000000000000000000e+00 0.000000000000000000e+00
3.770000000000000000e+02 6.247584606384388906e+01 2.000000000000000000e+00 0.000000000000000000e+00
3.780000000000000000e+02 6.235206022937251902e+01 0.000000000000000000e+00 0.000000000000000000e+00
3.790000000000000000e+02 6.221824835987712277e+01 2.000000000000000000e+00 0.000000000000000000e+00
3.800000000000000000e+02 6.250876563081624226e+01 1.000000000000000000e+00 0.000000000000000000e+00
3.810000000000000000e+02 6.168816357965766173e+01 1.000000000000000000e+00 0.000000000000000000e+00
3.820000000000000000e+02 6.386996345783516915e+01 0.000000000000000000e+00 0.000000000000000000e+00
3.830000000000000000e+02 6.344434349085192082e+01 1.000000000000000000e+00 0.000000000000000000e+00
3.840000000000000000e+02 6.492483508711212892e+01 0.000000000000000000e+00 0.000000000000000000e+00
3.850000000000000000e+02 6.435430221374558357e+01 1.000000000000000000e+00 0.000000000000000000e+00
3.860000000000000000e+02 6.427824469556195197e+01 0.000000000000000000e+00 0.000000000000000000e+00
3.870000000000000000e+02 6.389537223985136905e+01 2.000000000000000000e+00 0.000000000000000000e+00
3.880000000000000000e+02 6.548022696645810470e+01 0.000000000000000000e+00 0.000000000000000000e+00
3.890000000000000000e+02 6.379959895297339756e+01 1.000000000000000000e+00 0.000000000000000000e+00
3.900000000000000000e+02 6.406890489226123009e+01 1.000000000000000000e+00 0.000000000000000000e+00
3.910000000000000000e+02 6.679073911149629339e+01 0.000000000000000000e+00 0.000000000000000000e+00
3.920000000000000000e+02 6.621058913749145347e+01 0.000000000000000000e+00 0.000000000000000000e+00
3.930000000000000000e+02 6.638788753351774119e+01 1.000000000000000000e+00 0.000000000000000000e+00
3.940000000000000000e+02 6.658690819576550268e+01 1.000000000000000000e+00 0.000000000000000000e+00
3.950000000000000000e+02 6.725196460253161490e+01 0.000000000000000000e+00 0.000000000000000000e+00
3.960000000000000000e+02 6.796295948625682115e+01 1.000000000000000000e+00 0.000000000000000000e+00
3.970000000000000000e+02 6.852354085934784678e+01 1.000000000000000000e+00 0.000000000000000000e+00
3.980000000000000000e+02 6.803019193118042551e+01 1.000000000000000000e+00 0.000000000000000000e+00
3.990000000000000000e+02 6.722350226762138448e+01 1.000000000000000000e+00 0.000000000000000000e+00
4.000000000000000000e+02 6.591841171816963652e+01 2.000000000000000000e+00 0.000000000000000000e+00
4.010000000000000000e+02 6.770480627536286988e+01 1.000000000000000000e+00 0.000000000000000000e+00
4.020000000000000000e+02 6.765837912828187939e+01 0.000000000000000000e+00 0.000000000000000000e+00
4.030000000000000000e+02 6.855030780539225077e+01 1.000000000000000000e+00 0.000000000000000000e+00
4.040000000000000000e+02 6.850683599287636127e+01 0.000000000000000000e+00 0.000000000000000000e+00
4.050000000000000000e+02 6.781979045464103706e+01 2.000000000000000000e+00 0.000000000000000000e+00
4.060000000000000000e+02 6.710109576296207479e+01 2.000000000000000000e+00 0.000000000000000000e+00
4.070000000000000000e+02 6.530327310115102080e+01 2.000000000000000000e+00 0.000000000000000000e+00
4.080000000000000000e+02 6.667041804523903181e+01 0.000000000000000000e+00 0.000000000000000000e+00
4.090000000000000000e+02 6.653078819919264220e+01 1.000000000000000000e+00 0.000000000000000000e+00
4.100000000000000000e+02 6.608534250176343505e+01 2.000000000000000000e+00 0.000000000000000000e+00
4.110000000000000000e+02 6.473322167365120094e+01 2.000000000000000000e+00 0.000000000000000000e+00
4.120000000000000000e+02 6.533260617244064861e+01 0.000000000000000000e+00 0.000000000000000000e+00
4.130000000000000000e+02 6.633761263063878744e+01 1.000000000000000000e+00 0.000000000000000000e+00
4.140000000000000000e+02 6.683455029020502991e+01 0.000000000000000000e+00 0.000000000000000000e+00
4.150000000000000000e+02 6.858179243799544622e+01 0.000000000000000000e+00 0.000000000000000000e+00
4.160000000000000000e+02 6.847347021517281007e+01 1.000000000000000000e+00 0.000000000000000000e+00
4.170000000000000000e+02 6.839306262138772752e+01 0.000000000000000000e+00 0.000000000000000000e+00
4.180000000000000000e+02 6.987068023263232419e+01 0.000000000000000000e+00 0.000000000000000000e+00
4.190000000000000000e+02 7.165972015495665914e+01 0.000000000000000000e+00 0.000000000000000000e+00
4.200000000000000000e+02 7.057689001752636671e+01 1.000000000000000000e+00 0.000000000000000000e+00
4.210000000000000000e+02 7.183162844665109503e+01 2.000000000000000000e+00 0.000000000000000000e+00
4.220000000000000000e+02 7.148558709392430899e+01 0.000000000000000000e+00 0.000000000000000000e+00
4.230000000000000000e+02 6.942922825456427915e+01 2.000000000000000000e+00 0.000000000000000000e+00
4.240000000000000000e+02 6.878890690261501106e+01 2.000000000000000000e+00 0.000000000000000000e+00
4.250000000000000000e+02 7.025561954806811116e+01 0.000000000000000000e+00 0.000000000000000000e+00
4.260000000000000000e+02 7.040024121608274754e+01 1.000000000000000000e+00 0.000000000000000000e+00
4.270000000000000000e+02 6.930792717333014252e+01 1.000000000000000000e+00 0.000000000000000000e+00
4.280000000000000000e+02 6.994119742401522899e+01 1.000000000000000000e+00 0.000000000000000000e+00
4.290000000000000000e+02 7.085619435074070793e+01 0.000000000000000000e+00 0.000000000000000000e+00
4.300000000000000000e+02 7.079677952168705701e+01 1.000000000000000000e+00 0.000000000000000000e+00
4.310000000000000000e+02 6.895314181985405355e+01 2.000000000000000000e+00 0.000000000000000000e+00
4.320000000000000000e+02 7.200808975508860499e+01 0.000000000000000000e+00 0.000000000000000000e+00
4.330000000000000000e+02 7.231289868796885401e+01 1.000000000000000000e+00 0.000000000000000000e+00
4.340000000000000000e+02 7.002544422370769439e+01 1.000000000000000000e+00 0.000000000000000000e+00
4.350000000000000000e+02 7.031241774357040697e+01 1.000000000000000000e+00 0.000000000000000000e+00
4.360000000000000000e+02 7.114631797679017211e+01 0.000000000000000000e+00 0.000000000000000000e+00
4.370000000000000000e+02 7.078825827337064425e+01 2.000000000000000000e+00 0.000000000000000000e+00
4.380000000000000000e+02 7.192183836907163652e+01 0.000000000000000000e+00 0.000000000000000000e+00
4.390000000000000000e+02 7.178762842517748766e+01 1.000000000000000000e+00 0.000000000000000000e+00
4.400000000000000000e+02 7.212666664878841516e+01 1.000000000000000000e+00 0.000000000000000000e+00
4.410000000000000000e+02 7.441208817177133028e+01 1.000000000000000000e+00 0.000000000000000000e+00
4.420000000000000000e+02 7.286961381422632655e+01 0.000000000000000000e+00 0.000000000000000000e+00
4.430000000000000000e+02 7.109696448915740064e+01 2.000000000000000000e+00 0.000000000000000000e+00
4.440000000000000000e+02 7.357071097943700977e+01 0.000000000000000000e+00 0.000000000000000000e+00
4.450000000000000000e+02 7.304130452677968321e+01 1.000000000000000000e+00 0.000000000000000000e+00
4.460000000000000000e+02 7.344000207400858926e+01 2.000000000000000000e+00 0.000000000000000000e+00
4.470000000000000000e+02 7.064577840486026616e+01 1.000000000000000000e+00 0.000000000000000000e+00
4.480000000000000000e+02 7.277708579283135748e+01 0.000000000000000000e+00 0.000000000000000000e+00
4.490000000000000000e+02 7.346234134052907905e+01 0.000000000000000000e+00 0.000000000000000000e+00
4.500000000000000000e+02 7.353347007254258472e+01 1.000000000000000000e+00 0.000000000000000000e+00
4.510000000000000000e+02 7.504466185585273763e+01 0.000000000000000000e+00 0.000000000000000000e+00
4.520000000000000000e+02 7.252221501260667935e+01 2.000000000000000000e+00 0.000000000000000000e+00
4.530000000000000000e+02 7.393166708998873560e+01 1.000000000000000000e+00 0.000000000000000000e+00
4.540000000000000000e+02 7.327152797829143083e+01 2.000000000000000000e+00 0.000000000000000000e+00
4.550000000000000000e+02 7.386837637061250916e+01 0.000000000000000000e+00 0.000000000000000000e+00
4.560000000000000000e+02 7.471265151883005728e+01 0.000000000000000000e+00 0.000000000000000000e+00
4.570000000000000000e+02 7.439287587827345760e+01 1.000000000000000000e+00 0.000000000000000000e+00
4.580000000000000000e+02 7.656692967342742406e+01 0.000000000000000000e+00 0.000000000000000000e+00
4.590000000000000000e+02 7.429397422410406193e+01 2.000000000000000000e+00 0.000000000000000000e+00
4.600000000000000000e+02 7.427869462498694020e+01 0.000000000000000000e+00 0.000000000000000000e+00
4.610000000000000000e+02 7.502366724702025635e+01 1.000000000000000000e+00 0.000000000000000000e+00
4.620000000000000000e+02 7.702248398489103920e+01 0.000000000000000000e+00 0.000000000000000000e+00
4.630000000000000000e+02 7.506294254256951604e+01 2.000000000000000000e+00 0.000000000000000000e+00
4.640000000000000000e+02 7.573534105984977316e+01 1.000000000000000000e+00 0.000000000000000000e+00
4.650000000000000000e+02 7.616957799797810935e+01 1.000000000000000000e+00 0.000000000000000000e+00
4.660000000000000000e+02 7.871311090212212491e+01 0.000000000000000000e+00 0.000000000000000000e+00
4.670000000000000000e+02 7.846568195302944559e+01 0.000000000000000000e+00 0.000000000000000000e+00
4.680000000000000000e+02 7.870134265742763091e+01 1.000000000000000000e+00 0.000000000000000000e+00
4.690000000000000000e+02 7.720177917956110036e+01 1.000000000000000000e+00 0.000000000000000000e+00
4.700000000000000000e+02 7.655098293335430526e+01 1.000000000000000000e+00 0.000000000000000000e+00
4.710000000000000000e+02 7.961246317199787370e+01 0.000000000000000000e+00 0.000000000000000000e+00
4.720000000000000000e+02 7.858211841413375964e+01 1.000000000000000000e+00 0.000000000000000000e+00
4.730000000000000000e+02 8.011610169680484717e+01 0.000000000000000000e+00 0.000000000000000000e+00
4.740000000000000000e+02 8.011988772799202252e+01 0.000000000000000000e+00 0.000000000000000000e+00
4.750000000000000000e+02 8.062834306664535688e+01 1.000000000000000000e+00 0.000000000000000000e+00
4.760000000000000000e+02 7.928586272011676783e+01 2.000000000000000000e+00 0.000000000000000000e+00
4.770000000000000000e+02 8.072340949055731585e+01 0.000000000000000000e+00 0.000000000000000000e+00
4.780000000000000000e+02 8.385984496961680179e+01 0.000000000000000000e+00 0.000000000000000000e+00
4.790000000000000000e+02 8.325071367929140820e+01 0.000000000000000000e+00 0.000000000000000000e+00
4.800000000000000000e+02 8.209334638972643461e+01 1.000000000000000000e+00 0.000000000000000000e+00
4.810000000000000000e+02 8.114755976513363578e+01 1.000000000000000000e+00 0.000000000000000000e+00
4.820000000000000000e+02 8.170413627667772971e+01 1.000000000000000000e+00 0.000000000000000000e+00
4.830000000000000000e+02 8.110971925485601730e+01 2.000000000000000000e+00 0.000000000000000000e+00
4.840000000000000000e+02 7.977068980209968174e+01 2.000000000000000000e+00 0.000000000000000000e+00
4.850000000000000000e+02 8.201670089276586850e+01 0.000000000000000000e+00 0.000000000000000000e+00
4.860000000000000000e+02 8.232159683099402514e+01 1.000000000000000000e+00 0.000000000000000000e+00
4.870000000000000000e+02 8.314767195787453602e+01 1.000000000000000000e+00 0.000000000000000000e+00
4.880000000000000000e+02 8.010890320855914126e+01 1.000000000000000000e+00 0.000000000000000000e+00
4.890000000000000000e+02 8.293930774756174173e+01 0.000000000000000000e+00 0.000000000000000000e+00
4.900000000000000000e+02 8.268338691561366716e+01 1.000000000000000000e+00 0.000000000000000000e+00
4.910000000000000000e+02 8.365279420801817878e+01 0.000000000000000000e+00 0.000000000000000000e+00
4.920000000000000000e+02 8.524419217034493101e+01 0.000000000000000000e+00 0.000000000000000000e+00
4.930000000000000000e+02 8.476169646018107073e+01 2.000000000000000000e+00 0.000000000000000000e+00
4.940000000000000000e+02 8.439158574063297635e+01 0.000000000000000000e+00 0.000000000000000000e+00
4.950000000000000000e+02 8.496462110990589167e+01 1.000000000000000000e+00 0.000000000000000000e+00
4.960000000000000000e+02 8.511885672788062607e+01 1.000000000000000000e+00 0.000000000000000000e+00
4.970000000000000000e+02 8.695179519334251950e+01 1.000000000000000000e+00 0.000000000000000000e+00
4.980000000000000000e+02 8.500907104871888009e+01 0.000000000000000000e+00 0.000000000000000000e+00
4.990000000000000000e+02 8.697121454926998751e+01 0.000000000000000000e+00 0.000000000000000000e+00
5.000000000000000000e+02 8.655429872235330890e+01 1.000000000000000000e+00 0.000000000000000000e+00
5.010000000000000000e+02 8.738663972830426019e+01 0.000000000000000000e+00 0.000000000000000000e+00
5.020000000000000000e+02 8.629005433224315880e+01 2.000000000000000000e+00 0.000000000000000000e+00
5.030000000000000000e+02 8.520621194020930034e+01 2.000000000000000000e+00 0.000000000000000000e+00
5.040000000000000000e+02 8.702209953721722968e+01 0.000000000000000000e+00 0.000000000000000000e+00
5.050000000000000000e+02 8.583777067090268531e+01 2.000000000000000000e+00 0.000000000000000000e+00
5.060000000000000000e+02 8.729566637208652935e+01 0.000000000000000000e+00 0.000000000000000000e+00
5.070000000000000000e+02 8.641953104010775633e+01 2.000000000000000000e+00 0.000000000000000000e+00
5.080000000000000000e+02 8.704706527355540402e+01 0.000000000000000000e+00 0.000000000000000000e+00
5.090000000000000000e+02 8.720565334115676137e+01 0.000000000000000000e+00 0.000000000000000000e+00
5.100000000000000000e+02 8.759525833105361414e+01 1.000000000000000000e+00 0.000000000000000000e+00
5.110000000000000000e+02 8.706231507096457278e+01 1.000000000000000000e+00 0.000000000000000000e+00
5.120000000000000000e+02 8.845424693103724678e+01 1.000000000000000000e+00 0.000000000000000000e+00
5.130000000000000000e+02 8.831917854398585632e+01 1.000000000000000000e+00 0.000000000000000000e+00
5.140000000000000000e+02 8.857606460323529518e+01 0.000000000000000000e+00 0.000000000000000000e+00
5.150000000000000000e+02 9.047460760159788151e+01 1.000000000000000000e+00 0.000000000000000000e+00
5.160000000000000000e+02 8.887865359543160082e+01 1.000000000000000000e+00 0.000000000000000000e+00
5.170000000000000000e+02 9.130860052553204298e+01 0.000000000000000000e+00 0.000000000000000000e+00
5.180000000000000000e+02 8.822753671833157796e+01 2.000000000000000000e+00 0.000000000000000000e+00
5.190000000000000000e+02 8.904135633178026410e+01 1.000000000000000000e+00 0.000000000000000000e+00
5.200000000000000000e+02 8.935125651160390703e+01 0.000000000000000000e+00 0.000000000000000000e+00
5.210000000000000000e+02 9.186615632173224810e+01 0.000000000000000000e+00 0.000000000000000000e+00
5.220000000000000000e+02 9.022607384426382282e+01 2.000000000000000000e+00 0.000000000000000000e+00
5.230000000000000000e+02 8.989534931916840321e+01 1.000000000000000000e+00 0.000000000000000000e+00
5.240000000000000000e+02 8.908133963124298305e+01 2.000000000000000000e+00 0.000000000000000000e+00
5.250000000000000000e+02 9.075984878632409902e+01 0.000000000000000000e+00 0.000000000000000000e+00
5.260000000000000000e+02 9.199233603502123913e+01 0.000000000000000000e+00 0.000000000000000000e+00
5.270000000000000000e+02 8.944789905310477707e+01 2.000000000000000000e+00 0.000000000000000000e+00
5.280000000000000000e+02 9.222436550010131384e+01 0.000000000000000000e+00 0.000000000000000000e+00
5.290000000000000000e+02 9.316740800404927825e+01 0.000000000000000000e+00 0.000000000000000000e+00
5.300000000000000000e+02 9.080519279282540879e+01 2.000000000000000000e+00 0.000000000000000000e+00
5.310000000000000000e+02 9.262289729132099581e+01 0.000000000000000000e+00 0.000000000000000000e+00
5.320000000000000000e+02 9.113421639602235302e+01 2.000000000000000000e+00 0.000000000000000000e+00
5.330000000000000000e+02 9.211620273980548745e+01 0.000000000000000000e+00 0.000000000000000000e+00
5.340000000000000000e+02 9.265450981164191546e+01 2.000000000000000000e+00 0.000000000000000000e+00
5.350000000000000000e+02 9.300141903466754911e+01 0.000000000000000000e+00 0.000000000000000000e+00
5.360000000000000000e+02 9.315190437124373091e+01 0.000000000000000000e+00 0.000000000000000000e+00
5.370000000000000000e+02 9.191852356030709359e+01 1.000000000000000000e+00 0.000000000000000000e+00
5.380000000000000000e+02 9.363853204619829285e+01 1.000000000000000000e+00 0.000000000000000000e+00
5.390000000000000000e+02 9.550448664338543381e+01 0.000000000000000000e+00 0.000000000000000000e+00
5.400000000000000000e+02 9.587656888685361878e+01 0.000000000000000000e+00 0.000000000000000000e+00
5.410000000000000000e+02 9.544953874840848584e+01 0.000000000000000000e+00 0.000000000000000000e+00
5.420000000000000000e+02 9.584379523501846165e+01 0.000000000000000000e+00 0.000000000000000000e+00
5.430000000000000000e+02 9.649674021073072083e+01 1.000000000000000000e+00 0.000000000000000000e+00
5.440000000000000000e+02 9.606530208319225039e+01 2.000000000000000000e+00 0.000000000000000000e+00
5.450000000000000000e+02 9.672941168490523012e+01 0.000000000000000000e+00 0.000000000000000000e+00
5.460000000000000000e+02 9.670039711619180878e+01 1.000000000000000000e+00 0.000000000000000000e+00
5.470000000000000000e+02 9.659559453167631204e+01 1.000000000000000000e+00 0.000000000000000000e+00
5.480000000000000000e+02 9.812245417941709036e+01 0.000000000000000000e+00 0.000000000000000000e+00
5.490000000000000000e+02 9.829125004155606860e+01 1.000000000000000000e+00 0.000000000000000000e+00
5.500000000000000000e+02 9.814453838009298181e+01 1.000000000000000000e+00 0.000000000000000000e+00
5.510000000000000000e+02 9.872849183389472216e+01 1.000000000000000000e+00 0.000000000000000000e+00
5.520000000000000000e+02 9.582130004531090606e+01 2.000000000000000000e+00 0.000000000000000000e+00
5.530000000000000000e+02 9.569369169570978784e+01 1.000000000000000000e+00 0.000000000000000000e+00
5.540000000000000000e+02 9.643317489964314859e+01 1.000000000000000000e+00 0.000000000000000000e+00
5.550000000000000000e+02 9.769531916730313981e+01 1.000000000000000000e+00 0.000000000000000000e+00
5.560000000000000000e+02 9.749436920505175408e+01 0.000000000000000000e+00 0.000000000000000000e+00
5.570000000000000000e+02 9.994816711012943244e+01 0.000000000000000000e+00 0.000000000000000000e+00
5.580000000000000000e+02 9.867232832295570688e+01 2.000000000000000000e+00 0.000000000000000000e+00
5.590000000000000000e+02 9.768911171766784207e+01 2.000000000000000000e+00 0.000000000000000000e+00
5.600000000000000000e+02 9.641756159170634533e+01 2.000000000000000000e+00 0.000000000000000000e+00
5.610000000000000000e+02 9.716959712630590218e+01 0.000000000000000000e+00 0.000000000000000000e+00
5.620000000000000000e+02 9.840235367447587578e+01 2.000000000000000000e+00 0.000000000000000000e+00
5.630000000000000000e+02 9.587145544877441239e+01 2.000000000000000000e+00 0.000000000000000000e+00
5.640000000000000000e+02 9.471587077997247661e+01 2.000000000000000000e+00 0.000000000000000000e+00
5.650000000000000000e+02 9.438175547649484542e+01 0.000000000000000000e+00 0.000000000000000000e+00
5.660000000000000000e+02 9.528199790688670134e+01 0.000000000000000000e+00 0.000000000000000000e+00
5.670000000000000000e+02 9.776792083397394606e+01 0.000000000000000000e+00 0.000000000000000000e+00
5.680000000000000000e+02 9.771948613566895858e+01 1.000000000000000000e+00 0.000000000000000000e+00
5.690000000000000000e+02 9.870367600711111322e+01 0.000000000000000000e+00 0.000000000000000000e+00
5.700000000000000000e+02 9.694019955020755219e+01 2.000000000000000000e+00 0.000000000000000000e+00
5.710000000000000000e+02 9.692406890745407111e+01 1.000000000000000000e+00 0.000000000000000000e+00
5.720000000000000000e+02 9.742364066037224291e+01 0.000000000000000000e+00 0.000000000000000000e+00
5.730000000000000000e+02 1.001712209980812958e+02 0.000000000000000000e+00 0.000000000000000000e+00
5.740000000000000000e+02 9.919188039137145552e+01 1.000000000000000000e+00 0.000000000000000000e+00
5.750000000000000000e+02 9.898732621010000798e+01 1.000000000000000000e+00 0.000000000000000000e+00
5.760000000000000000e+02 9.856094126440599723e+01 1.000000000000000000e+00 0.000000000000000000e+00
5.770000000000000000e+02 9.913787995410747556e+01 1.000000000000000000e+00 0.000000000000000000e+00
5.780000000000000000e+02 9.990140219203887284e+01 0.000000000000000000e+00 0.000000000000000000e+00
5.790000000000000000e+02 9.863980118090033500e+01 1.000000000000000000e+00 0.000000000000000000e+00
5.800000000000000000e+02 1.014169443666107071e+02 0.000000000000000000e+00 0.000000000000000000e+00
5.810000000000000000e+02 9.952789583182487831e+01 2.000000000000000000e+00 0.000000000000000000e+00
5.820000000000000000e+02 9.933660972151301394e+01 2.000000000000000000e+00 0.000000000000000000e+00
5.830000000000000000e+02 1.007252270942915402e+02 0.000000000000000000e+00 0.000000000000000000e+00
5.840000000000000000e+02 9.872142629510074130e+01 2.000000000000000000e+00 0.000000000000000000e+00
5.850000000000000000e+02 9.948521579527452730e+01 2.000000000000000000e+00 0.000000000000000000e+00
5.860000000000000000e+02 9.880359391789390600e+01 0.000000000000000000e+00 0.000000000000000000e+00
5.870000000000000000e+02 1.000061025515131519e+02 0.000000000000000000e+00 0.000000000000000000e+00
5.880000000000000000e+02 9.853560107767943066e+01 2.000000000000000000e+00 0.000000000000000000e+00
5.890000000000000000e+02 1.008909814797367943e+02 0.000000000000000000e+00 0.000000000000000000e+00
5.900000000000000000e+02 9.905598719817871256e+01 1.000000000000000000e+00 0.000000000000000000e+00
5.910000000000000000e+02 1.006462857755111031e+02 0.000000000000000000e+00 0.000000000000000000e+00
5.920000000000000000e+02 1.004328111298546702e+02 2.000000000000000000e+00 0.000000000000000000e+00
5.930000000000000000e+02 1.002375594848447520e+02 0.000000000000000000e+00 0.000000000000000000e+00
5.940000000000000000e+02 1.019213310518178588e+02 1.000000000000000000e+00 0.000000000000000000e+00
5.950000000000000000e+02 1.004599635850054256e+02 2.000000000000000000e+00 0.000000000000000000e+00
5.960000000000000000e+02 9.957241744244127801e+01 0.000000000000000000e+00 0.000000000000000000e+00
5.970000000000000000e+02 1.025349806994549340e+02 0.000000000000000000e+00 0.000000000000000000e+00
5.980000000000000000e+02 1.007884771730991105e+02 1.000000000000000000e+00 0.000000000000000000e+00
5.990000000000000000e+02 1.008204566023098607e+02 2.000000000000000000e+00 0.000000000000000000e+00
6.000000000000000000e+02 1.010095795973464732e+02 0.000000000000000000e+00 0.000000000000000000e+00
6.010000000000000000e+02 1.023478395686046127e+02 1.000000000000000000e+00 0.000000000000000000e+00
6.020000000000000000e+02 1.036496003912570387e+02 0.000000000000000000e+00 0.000000000000000000e+00
6.030000000000000000e+02 1.008611282693168079e+02 2.000000000000000000e+00 0.000000000000000000e+00
6.040000000000000000e+02 1.013249281085858229e+02 2.000000000000000000e+00 0.000000000000000000e+00
6.050000000000000000e+02 1.035207473279937034e+02 0.000000000000000000e+00 0.000000000000000000e+00
6.060000000000000000e+02 1.027985568306632302e+02 0.000000000000000000e+00 0.000000000000000000e+00
6.070000000000000000e+02 1.021356670572855165e+02 2.000000000000000000e+00 0.000000000000000000e+00
6.080000000000000000e+02 9.928312866217851251e+01 2.000000000000000000e+00 0.000000000000000000e+00
6.090000000000000000e+02 1.019890436288512348e+02 0.000000000000000000e+00 0.000000000000000000e+00
6.100000000000000000e+02 1.021666004440763516e+02 1.000000000000000000e+00 0.000000000000000000e+00
6.110000000000000000e+02 1.035094302119688621e+02 0.000000000000000000e+00 0.000000000000000000e+00
6.120000000000000000e+02 1.052550286768529446e+02 0.000000000000000000e+00 0.000000000000000000e+00
6.130000000000000000e+02 1.041231397853601521e+02 1.000000000000000000e+00 0.000000000000000000e+00
6.140000000000000000e+02 1.034611494299602157e+02 1.000000000000000000e+00 0.000000000000000000e+00
6.150000000000000000e+02 1.030126067673526933e+02 2.000000000000000000e+00 0.000000000000000000e+00
6.160000000000000000e+02 1.021513233766831377e+02 1.000000000000000000e+00 0.000000000000000000e+00
6.170000000000000000e+02 1.024172095702365937e+02 1.000000000000000000e+00 0.000000000000000000e+00
6.180000000000000000e+02 1.036900935376342687e+02 0.000000000000000000e+00 0.000000000000000000e+00
6.190000000000000000e+02 1.032906739869527684e+02 2.000000000000000000e+00 0.000000000000000000e+00
6.200000000000000000e+02 1.043820768135195749e+02 0.000000000000000000e+00 0.000000000000000000e+00
6.210000000000000000e+02 1.035470796673102996e+02 1.000000000000000000e+00 0.000000000000000000e+00
6.220000000000000000e+02 1.057236103266383083e+02 0.000000000000000000e+00 0.000000000000000000e+00
6.230000000000000000e+02 1.037226896465920873e+02 1.000000000000000000e+00 0.000000000000000000e+00
6.240000000000000000e+02 1.053845772087654069e+02 1.000000000000000000e+00 0.000000000000000000e+00
6.250000000000000000e+02 1.042689496839389989e+02 0.000000000000000000e+00 0.000000000000000000e+00
6.260000000000000000e+02 1.052534248444189444e+02 0.000000000000000000e+00 0.000000000000000000e+00
6.270000000000000000e+02 1.086668277258458772e+02 0.000000000000000000e+00 0.000000000000000000e+00
6.280000000000000000e+02 1.092763315095718326e+02 1.000000000000000000e+00 0.000000000000000000e+00
6.290000000000000000e+02 1.098419236548449902e+02 0.000000000000000000e+00 0.000000000000000000e+00
6.300000000000000000e+02 1.085409763552879241e+02 1.000000000000000000e+00 0.000000000000000000e+00
6.310000000000000000e+02 1.087052186921058876e+02 1.000000000000000000e+00 0.000000000000000000e+00
6.320000000000000000e+02 1.085347895987899705e+02 1.000000000000000000e+00 0.000000000000000000e+00
6.330000000000000000e+02 1.080174213923730520e+02 2.000000000000000000e+00 0.000000000000000000e+00
6.340000000000000000e+02 1.094792595788009635e+02 0.000000000000000000e+00 0.000000000000000000e+00
6.350000000000000000e+02 1.084165581347328668e+02 2.000000000000000000e+00 0.000000000000000000e+00
6.360000000000000000e+02 1.075296772910722609e+02 2.000000000000000000e+00 0.000000000000000000e+00
6.370000000000000000e+02 1.055373875635708885e+02 2.000000000000000000e+00 0.000000000000000000e+00
6.380000000000000000e+02 1.078967909093691020e+02 0.000000000000000000e+00 0.000000000000000000e+00
6.390000000000000000e+02 1.047872063915456522e+02 2.000000000000000000e+00 0.000000000000000000e+00
6.400000000000000000e+02 1.058324157112866288e+02 0.000000000000000000e+00 0.000000000000000000e+00
6.410000000000000000e+02 1.055539483184994083e+02 2.000000000000000000e+00 0.000000000000000000e+00
6.420000000000000000e+02 1.064326343084994875e+02 1.000000000000000000e+00 0.000000000000000000e+00
6.430000000000000000e+02 1.061941374209187785e+02 1.000000000000000000e+00 0.000000000000000000e+00
6.440000000000000000e+02 1.053831753727599505e+02 0.000000000000000000e+00 0.000000000000000000e+00
6.450000000000000000e+02 1.067353521861601280e+02 1.000000000000000000e+00 0.000000000000000000e+00
6.460000000000000000e+02 1.067097256016903799e+02 1.000000000000000000e+00 0.000000000000000000e+00
6.470000000000000000e+02 1.082925930651492763e+02 0.000000000000000000e+00 0.000000000000000000e+00
6.480000000000000000e+02 1.081725051283653301e+02 0.000000000000000000e+00 0.000000000000000000e+00
6.490000000000000000e+02 1.088794956871830948e+02 2.000000000000000000e+00 0.000000000000000000e+00
6.500000000000000000e+02 1.075640209623356611e+02 0.000000000000000000e+00 0.000000000000000000e+00
6.510000000000000000e+02 1.109238473176860538e+02 0.000000000000000000e+00 0.000000000000000000e+00
6.520000000000000000e+02 1.105560554431166054e+02 1.000000000000000000e+00 0.000000000000000000e+00
6.530000000000000000e+02 1.079366244095249669e+02 2.000000000000000000e+00 0.000000000000000000e+00
6.540000000000000000e+02 1.115552214978684020e+02 0.000000000000000000e+00 0.000000000000000000e+00
6.550000000000000000e+02 1.094911097576100616e+02 2.000000000000000000e+00 0.000000000000000000e+00
6.560000000000000000e+02 1.097786152884579565e+02 0.000000000000000000e+00 0.000000000000000000e+00
6.570000000000000000e+02 1.096559875112792639e+02 1.000000000000000000e+00 0.000000000000000000e+00
6.580000000000000000e+02 1.087357190223641510e+02 1.000000000000000000e+00 0.000000000000000000e+00
6.590000000000000000e+02 1.086707011140729975e+02 2.000000000000000000e+00 0.000000000000000000e+00
6.600000000000000000e+02 1.067707337999004125e+02 2.000000000000000000e+00 0.000000000000000000e+00
6.610000000000000000e+02 1.094318449214149211e+02 0.000000000000000000e+00 0.000000000000000000e+00
6.620000000000000000e+02 1.103177805338236936e+02 1.000000000000000000e+00 0.000000000000000000e+00
6.630000000000000000e+02 1.106593986047557649e+02 0.000000000000000000e+00 0.000000000000000000e+00
6.640000000000000000e+02 1.083867252392498841e+02 2.000000000000000000e+00 0.000000000000000000e+00
6.650000000000000000e+02 1.097074570056053346e+02 0.000000000000000000e+00 0.000000000000000000e+00
6.660000000000000000e+02 1.106341553454131912e+02 0.000000000000000000e+00 0.000000000000000000e+00
6.670000000000000000e+02 1.099746605811448887e+02 2.000000000000000000e+00 0.000000000000000000e+00
6.680000000000000000e+02 1.093385695616851763e+02 1.000000000000000000e+00 0.000000000000000000e+00
6.690000000000000000e+02 1.104578897563539783e+02 2.000000000000000000e+00 0.000000000000000000e+00
6.700000000000000000e+02 1.078768568417745399e+02 2.000000000000000000e+00 0.000000000000000000e+00
6.710000000000000000e+02 1.072729902812610732e+02 0.000000000000000000e+00 0.000000000000000000e+00
6.720000000000000000e+02 1.069659011921901595e+02 2.000000000000000000e+00 0.000000000000000000e+00
6.730000000000000000e+02 1.077432638516105499e+02 2.000000000000000000e+00 0.000000000000000000e+00
6.740000000000000000e+02 1.072642742517733012e+02 0.000000000000000000e+00 0.000000000000000000e+00
6.750000000000000000e+02 1.089383677258007026e+02 1.000000000000000000e+00 0.000000000000000000e+00
6.760000000000000000e+02 1.082999974145097468e+02 0.000000000000000000e+00 0.000000000000000000e+00
6.770000000000000000e+02 1.077025081993658091e+02 2.000000000000000000e+00 0.000000000000000000e+00
6.780000000000000000e+02 1.075124275136399206e+02 0.000000000000000000e+00 0.000000000000000000e+00
6.790000000000000000e+02 1.090899110734801951e+02 1.000000000000000000e+00 0.000000000000000000e+00
6.800000000000000000e+02 1.098317206651910851e+02 0.000000000000000000e+00 0.000000000000000000e+00
6.810000000000000000e+02 1.102770122445122354e+02 2.000000000000000000e+00 0.000000000000000000e+00
6.820000000000000000e+02 1.088752565368937297e+02 0.000000000000000000e+00 0.000000000000000000e+00
6.830000000000000000e+02 1.104288736188871525e+02 0.000000000000000000e+00 0.000000000000000000e+00
6.840000000000000000e+02 1.125186959919738285e+02 1.000000000000000000e+00 0.000000000000000000e+00
6.850000000000000000e+02 1.123832705369554787e+02 0.000000000000000000e+00 0.000000000000000000e+00
6.860000000000000000e+02 1.125104379460249220e+02 0.000000000000000000e+00 0.000000000000000000e+00
6.870000000000000000e+02 1.132565452168557130e+02 1.000000000000000000e+00 0.000000000000000000e+00
6.880000000000000000e+02 1.125587387442341338e+02 2.000000000000000000e+00 0.000000000000000000e+00
6.890000000000000000e+02 1.128375842055294243e+02 0.000000000000000000e+00 0.000000000000000000e+00
6.900000000000000000e+02 1.134172545185828085e+02 1.000000000000000000e+00 0.000000000000000000e+00
6.910000000000000000e+02 1.136948179000336694e+02 1.000000000000000000e+00 0.000000000000000000e+00
6.920000000000000000e+02 1.133053440178252771e+02 0.000000000000000000e+00 0.000000000000000000e+00
6.930000000000000000e+02 1.140518194300588419e+02 1.000000000000000000e+00 0.000000000000000000e+00
6.940000000000000000e+02 1.129592573184631590e+02 2.000000000000000000e+00 0.000000000000000000e+00
6.950000000000000000e+02 1.130713836255274316e+02 2.000000000000000000e+00 0.000000000000000000e+00
6.960000000000000000e+02 1.116279206242248279e+02 2.000000000000000000e+00 0.000000000000000000e+00
6.970000000000000000e+02 1.099401866034356772e+02 2.000000000000000000e+00 0.000000000000000000e+00
6.980000000000000000e+02 1.093912129558114401e+02 2.000000000000000000e+00 0.000000000000000000e+00
6.990000000000000000e+02 1.104630514408146240e+02 0.000000000000000000e+00 0.000000000000000000e+00
7.000000000000000000e+02 1.095527821416624619e+02 2.000000000000000000e+00 0.000000000000000000e+00
7.010000000000000000e+02 1.106601234681162111e+02 0.000000000000000000e+00 0.000000000000000000e+00
7.020000000000000000e+02 1.079715664549818825e+02 2.000000000000000000e+00 0.000000000000000000e+00
7.030000000000000000e+02 1.082937102287589113e+02 2.000000000000000000e+00 0.000000000000000000e+00
7.040000000000000000e+02 1.084804165967718745e+02 0.000000000000000000e+00 0.000000000000000000e+00
7.050000000000000000e+02 1.108385457451072256e+02 0.000000000000000000e+00 0.000000000000000000e+00
7.060000000000000000e+02 1.097317101186756929e+02 1.000000000000000000e+00 0.000000000000000000e+00
7.070000000000000000e+02 1.111883795714631447e+02 0.000000000000000000e+00 0.000000000000000000e+00
7.080000000000000000e+02 1.125787647707765871e+02 0.000000000000000000e+00 0.000000000000000000e+00
7.090000000000000000e+02 1.128699880931311270e+02 1.000000000000000000e+00 0.000000000000000000e+00
7.100000000000000000e+02 1.127540606295979728e+02 1.000000000000000000e+00 0.000000000000000000e+00
7.110000000000000000e+02 1.129314084386268036e+02 0.000000000000000000e+00 0.000000000000000000e+00
7.120000000000000000e+02 1.117206862654985713e+02 2.000000000000000000e+00 0.000000000000000000e+00
7.130000000000000000e+02 1.121684990764545660e+02 1.000000000000000000e+00 0.000000000000000000e+00
7.140000000000000000e+02 1.114697738029471452e+02 1.000000000000000000e+00 0.000000000000000000e+00
7.150000000000000000e+02 1.133036994413165104e+02 0.000000000000000000e+00 0.000000000000000000e+00
7.160000000000000000e+02 1.135046568839489254e+02 0.000000000000000000e+00 0.000000000000000000e+00
7.170000000000000000e+02 1.155282142283115974e+02 0.000000000000000000e+00 0.000000000000000000e+00
7.180000000000000000e+02 1.134798794657926919e+02 2.000000000000000000e+00 0.000000000000000000e+00
7.190000000000000000e+02 1.151946280253120420e+02 1.000000000000000000e+00 0.000000000000000000e+00
7.200000000000000000e+02 1.150861080349458661e+02 0.000000000000000000e+00 0.000000000000000000e+00
7.210000000000000000e+02 1.152549017374031450e+02 0.000000000000000000e+00 0.000000000000000000e+00
7.220000000000000000e+02 1.169311119770922005e+02 0.000000000000000000e+00 0.000000000000000000e+00
7.230000000000000000e+02 1.185128080088255587e+02 0.000000000000000000e+00 0.000000000000000000e+00
7.240000000000000000e+02 1.170734931592609911e+02 2.000000000000000000e+00 0.000000000000000000e+00
7.250000000000000000e+02 1.168220692883341769e+02 1.000000000000000000e+00 0.000000000000000000e+00
7.260000000000000000e+02 1.159640039743931936e+02 2.000000000000000000e+00 0.000000000000000000e+00
7.270000000000000000e+02 1.167716524137285461e+02 0.000000000000000000e+00 0.000000000000000000e+00
7.280000000000000000e+02 1.152696450064797347e+02 2.000000000000000000e+00 0.000000000000000000e+00
7.290000000000000000e+02 1.164341661832576023e+02 1.000000000000000000e+00 0.000000000000000000e+00
7.300000000000000000e+02 1.169303975280806611e+02 0.000000000000000000e+00 0.000000000000000000e+00
7.310000000000000000e+02 1.159104015367868357e+02 2.000000000000000000e+00 0.000000000000000000e+00
7.320000000000000000e+02 1.173752887842331774e+02 0.000000000000000000e+00 0.000000000000000000e+00
7.330000000000000000e+02 1.166427536771814033e+02 2.000000000000000000e+00 0.000000000000000000e+00
7.340000000000000000e+02 1.155668384718272108e+02 0.000000000000000000e+00 0.000000000000000000e+00
7.350000000000000000e+02 1.179466962113361888e+02 0.000000000000000000e+00 0.000000000000000000e+00
7.360000000000000000e+02 1.194656685361580628e+02 0.000000000000000000e+00 0.000000000000000000e+00
7.370000000000000000e+02 1.198771292525167667e+02 0.000000000000000000e+00 0.000000000000000000e+00
7.380000000000000000e+02 1.181760036418892668e+02 2.000000000000000000e+00 0.000000000000000000e+00
7.390000000000000000e+02 1.183553213986171784e+02 1.000000000000000000e+00 0.000000000000000000e+00
7.400000000000000000e+02 1.201503580004454506e+02 0.000000000000000000e+00 0.000000000000000000e+00
7.410000000000000000e+02 1.195774329505928222e+02 2.000000000000000000e+00 0.000000000000000000e+00
7.420000000000000000e+02 1.205547270217777083e+02 0.000000000000000000e+00 0.000000000000000000e+00
7.430000000000000000e+02 1.204069859661011463e+02 2.000000000000000000e+00 0.000000000000000000e+00
7.440000000000000000e+02 1.166813213680677705e+02 2.000000000000000000e+00 0.000000000000000000e+00
7.450000000000000000e+02 1.169154600439522653e+02 2.000000000000000000e+00 0.000000000000000000e+00
7.460000000000000000e+02 1.159293043153249556e+02 2.000000000000000000e+00 0.000000000000000000e+00
7.470000000000000000e+02 1.175383565177522058e+02 0.000000000000000000e+00 0.000000000000000000e+00
7.480000000000000000e+02 1.161719883534630071e+02 0.000000000000000000e+00 0.000000000000000000e+00
7.490000000000000000e+02 1.170694110535229129e+02 2.000000000000000000e+00 0.000000000000000000e+00
7.500000000000000000e+02 1.163681154450153628e+02 1.000000000000000000e+00 0.000000000000000000e+00
7.510000000000000000e+02 1.163583212825489710e+02 2.000000000000000000e+00 0.000000000000000000e+00
7.520000000000000000e+02 1.170061906087356363e+02 0.000000000000000000e+00 0.000000000000000000e+00
7.530000000000000000e+02 1.145797953171907579e+02 2.000000000000000000e+00 0.000000000000000000e+00
7.540000000000000000e+02 1.172061933065491672e+02 0.000000000000000000e+00 0.000000000000000000e+00
7.550000000000000000e+02 1.183370635363440755e+02 0.000000000000000000e+00 0.000000000000000000e+00
7.560000000000000000e+02 1.197971478818938778e+02 0.000000000000000000e+00 0.000000000000000000e+00
7.570000000000000000e+02 1.206878818053656062e+02 0.000000000000000000e+00 0.000000000000000000e+00
7.580000000000000000e+02 1.202984410215108255e+02 1.000000000000000000e+00 0.000000000000000000e+00
7.590000000000000000e+02 1.211318085411610070e+02 1.000000000000000000e+00 0.000000000000000000e+00
7.600000000000000000e+02 1.195893182329640183e+02 1.000000000000000000e+00 0.000000000000000000e+00
7.610000000000000000e+02 1.201254824723592236e+02 1.000000000000000000e+00 0.000000000000000000e+00
7.620000000000000000e+02 1.202672677186339740e+02 1.000000000000000000e+00 0.000000000000000000e+00
7.630000000000000000e+02 1.216659074640776197e+02 0.000000000000000000e+00 0.000000000000000000e+00
7.640000000000000000e+02 1.202797849847514016e+02 1.000000000000000000e+00 0.000000000000000000e+00
7.650000000000000000e+02 1.210496984544943615e+02 1.000000000000000000e+00 0.000000000000000000e+00
7.660000000000000000e+02 1.215247053345848940e+02 1.000000000000000000e+00 0.000000000000000000e+00
7.670000000000000000e+02 1.227080548406239444e+02 0.000000000000000000e+00 0.000000000000000000e+00
7.680000000000000000e+02 1.225827941819424893e+02 0.000000000000000000e+00 0.000000000000000000e+00
7.690000000000000000e+02 1.237756335532133534e+02 1.000000000000000000e+00 0.000000000000000000e+00
7.700000000000000000e+02 1.231024363744635792e+02 0.000000000000000000e+00 0.000000000000000000e+00
7.710000000000000000e+02 1.236721847475617153e+02 2.000000000000000000e+00 0.000000000000000000e+00
7.720000000000000000e+02 1.233105668447237235e+02 1.000000000000000000e+00 0.000000000000000000e+00
7.730000000000000000e+02 1.214424333193600631e+02 2.000000000000000000e+00 0.000000000000000000e+00
7.740000000000000000e+02 1.234831466881601898e+02 0.000000000000000000e+00 0.000000000000000000e+00
7.750000000000000000e+02 1.224351267366788818e+02 2.000000000000000000e+00 0.000000000000000000e+00
7.760000000000000000e+02 1.225236301188186445e+02 1.000000000000000000e+00 0.000000000000000000e+00
7.770000000000000000e+02 1.231022855383509977e+02 1.000000000000000000e+00 0.000000000000000000e+00
7.780000000000000000e+02 1.218174237265697428e+02 1.000000000000000000e+00 0.000000000000000000e+00
7.790000000000000000e+02 1.226770009274298303e+02 2.000000000000000000e+00 0.000000000000000000e+00
7.800000000000000000e+02 1.222734726555528795e+02 0.000000000000000000e+00 0.000000000000000000e+00
7.810000000000000000e+02 1.221730878971138452e+02 0.000000000000000000e+00 0.000000000000000000e+00
7.820000000000000000e+02 1.234392425238945066e+02 0.000000000000000000e+00 0.000000000000000000e+00
7.830000000000000000e+02 1.239155105300498718e+02 1.000000000000000000e+00 0.000000000000000000e+00
7.840000000000000000e+02 1.227910375479196858e+02 1.000000000000000000e+00 0.000000000000000000e+00
7.850000000000000000e+02 1.233560855666308669e+02 0.000000000000000000e+00 0.000000000000000000e+00
7.860000000000000000e+02 1.246652675784951043e+02 0.000000000000000000e+00 0.000000000000000000e+00
7.870000000000000000e+02 1.244324395306413322e+02 2.000000000000000000e+00 0.000000000000000000e+00
7.880000000000000000e+02 1.264998085661974727e+02 0.000000000000000000e+00 0.000000000000000000e+00
7.890000000000000000e+02 1.242918304473378726e+02 2.000000000000000000e+00 0.000000000000000000e+00
7.900000000000000000e+02 1.237168531125192033e+02 0.000000000000000000e+00 0.000000000000000000e+00
7.910000000000000000e+02 1.261578024626052894e+02 1.000000000000000000e+00 0.000000000000000000e+00
7.920000000000000000e+02 1.237380895562141063e+02 2.000000000000000000e+00 0.000000000000000000e+00
7.930000000000000000e+02 1.264464761940721615e+02 1.000000000000000000e+00 0.000000000000000000e+00
7.940000000000000000e+02 1.240084216911456281e+02 2.000000000000000000e+00 0.000000000000000000e+00
7.950000000000000000e+02 1.228197263875276803e+02 2.000000000000000000e+00 0.000000000000000000e+00
7.960000000000000000e+02 1.229654953962784560e+02 0.000000000000000000e+00 0.000000000000000000e+00
7.970000000000000000e+02 1.257707750673550322e+02 0.000000000000000000e+00 0.000000000000000000e+00
7.980000000000000000e+02 1.250862789142537679e+02 2.000000000000000000e+00 0.000000000000000000e+00
7.990000000000000000e+02 1.241727834682189382e+02 2.000000000000000000e+00 0.000000000000000000e+00
8.000000000000000000e+02 1.255518925941613730e+02 0.000000000000000000e+00 0.000000000000000000e+00
