time	position	state	ATP_bound
1.000000000000000000e+00 1.272223949010716337e+00 2.000000000000000000e+00 0.000000000000000000e+00
2.000000000000000000e+00 1.561523985073511422e+00 0.000000000000000000e+00 0.000000000000000000e+00
3.000000000000000000e+00 2.975703850475428958e+00 0.000000000000000000e+00 0.000000000000000000e+00
4.000000000000000000e+00 1.666472139345655634e+00 1.000000000000000000e+00 0.000000000000000000e+00
5.000000000000000000e+00 7.812371710703143179e-01 2.000000000000000000e+00 0.000000000000000000e+00
6.000000000000000000e+00 1.978792269444135554e+00 0.000000000000000000e+00 0.000000000000000000e+00
7.000000000000000000e+00 2.344661713196178887e+00 0.000000000000000000e+00 0.000000000000000000e+00
8.000000000000000000e+00 2.976729016191679733e+00 0.000000000000000000e+00 0.000000000000000000e+00
9.000000000000000000e+00 4.962916283901558145e+00 0.000000000000000000e+00 0.000000000000000000e+00
1.000000000000000000e+01 3.744859377071354967e+00 2.000000000000000000e+00 0.000000000000000000e+00
1.100000000000000000e+01 5.020853698079439376e+00 0.000000000000000000e+00 0.000000000000000000e+00
1.200000000000000000e+01 6.205450497333729665e+00 0.000000000000000000e+00 0.000000000000000000e+00
1.300000000000000000e+01 6.241177690188659533e+00 1.000000000000000000e+00 0.000000000000000000e+00
1.400000000000000000e+01 7.499656070359982607e+00 1.000000000000000000e+00 0.000000000000000000e+00
1.500000000000000000e+01 3.981123631034386712e+00 2.000000000000000000e+00 0.000000000000000000e+00
1.600000000000000000e+01 7.569231818884982310e+00 0.000000000000000000e+00 0.000000000000000000e+00
1.700000000000000000e+01 6.603657677390899039e+00 0.000000000000000000e+00 0.000000000000000000e+00
1.800000000000000000e+01 8.742920909049974654e+00 0.000000000000000000e+00 0.000000000000000000e+00
1.900000000000000000e+01 8.256911054304264752e+00 1.000000000000000000e+00 0.000000000000000000e+00
2.000000000000000000e+01 7.892684459428100929e+00 1.000000000000000000e+00 0.000000000000000000e+00
2.100000000000000000e+01 7.714270699689715904e+00 0.000000000000000000e+00 0.000000000000000000e+00
2.200000000000000000e+01 8.437617002751187201e+00 2.000000000000000000e+00 0.000000000000000000e+00
2.300000000000000000e+01 1.026918089931269051e+01 0.000000000000000000e+00 0.000000000000000000e+00
2.400000000000000000e+01 8.389361883405419107e+00 1.000000000000000000e+00 0.000000000000000000e+00
2.500000000000000000e+01 8.626144475769340403e+00 1.000000000000000000e+00 0.000000000000000000e+00
2.600000000000000000e+01 9.791093237195342525e+00 1.000000000000000000e+00 0.000000000000000000e+00
2.700000000000000000e+01 8.411189015666881375e+00 1.000000000000000000e+00 0.000000000000000000e+00
2.800000000000000000e+01 8.458210993787654175e+00 1.000000000000000000e+00 0.000000000000000000e+00
2.900000000000000000e+01 8.346938728968913424e+00 0.000000000000000000e+00 0.000000000000000000e+00
3.000000000000000000e+01 9.631312725545924991e+00 2.000000000000000000e+00 0.000000000000000000e+00
3.100000000000000000e+01 7.219508387008815475e+00 2.000000000000000000e+00 0.000000000000000000e+00
3.200000000000000000e+01 9.100168311456712900e+00 0.000000000000000000e+00 0.000000000000000000e+00
3.300000000000000000e+01 8.170383314119229468e+00 2.000000000000000000e+00 0.000000000000000000e+00
3.400000000000000000e+01 7.021140688544365460e+00 2.000000000000000000e+00 0.000000000000000000e+00
3.500000000000000000e+01 7.753315249239375540e+00 0.000000000000000000e+00 0.000000000000000000e+00
3.600000000000000000e+01 7.444997336318869507e+00 1.000000000000000000e+00 0.000000000000000000e+00
3.700000000000000000e+01 7.891616267753530423e+00 1.000000000000000000e+00 0.000000000000000000e+00
3.800000000000000000e+01 8.172409101982944790e+00 1.000000000000000000e+00 0.000000000000000000e+00
3.900000000000000000e+01 9.537472781118744081e+00 0.000000000000000000e+00 0.000000000000000000e+00
4.000000000000000000e+01 9.593330257971246056e+00 1.000000000000000000e+00 0.000000000000000000e+00
4.100000000000000000e+01 1.011939618819204156e+01 1.000000000000000000e+00 0.000000000000000000e+00
4.200000000000000000e+01 8.913024255149222697e+00 0.000000000000000000e+00 0.000000000000000000e+00
4.300000000000000000e+01 9.074139007467374896e+00 1.000000000000000000e+00 0.000000000000000000e+00
4.400000000000000000e+01 1.054955046063293977e+01 1.000000000000000000e+00 0.000000000000000000e+00
4.500000000000000000e+01 1.180690079446478080e+01 0.000000000000000000e+00 0.000000000000000000e+00
4.600000000000000000e+01 1.231037521221431241e+01 0.000000000000000000e+00 0.000000000000000000e+00
4.700000000000000000e+01 1.038697040477016742e+01 2.000000000000000000e+00 0.000000000000000000e+00
4.800000000000000000e+01 1.125604221198580923e+01 0.000000000000000000e+00 0.000000000000000000e+00
4.900000000000000000e+01 1.144878884893920912e+01 0.000000000000000000e+00 0.000000000000000000e+00
5.000000000000000000e+01 1.450200049420587511e+01 0.000000000000000000e+00 0.000000000000000000e+00
5.100000000000000000e+01 1.360924676661335475e+01 1.000000000000000000e+00 0.000000000000000000e+00
5.200000000000000000e+01 1.309536754338055076e+01 1.000000000000000000e+00 0.000000000000000000e+00
5.300000000000000000e+01 1.409865051869858554e+01 1.000000000000000000e+00 0.000000000000000000e+00
5.400000000000000000e+01 1.368212153819011334e+01 1.000000000000000000e+00 0.000000000000000000e+00
5.500000000000000000e+01 1.449538992290502293e+01 0.000000000000000000e+00 0.000000000000000000e+00
5.600000000000000000e+01 1.583251117272380171e+01 0.000000000000000000e+00 0.000000000000000000e+00
5.700000000000000000e+01 1.587658757302018842e+01 1.000000000000000000e+00 0.000000000000000000e+00
5.800000000000000000e+01 1.479883917999302234e+01 2.000000000000000000e+00 0.000000000000000000e+00
5.900000000000000000e+01 1.520330644296370259e+01 0.000000000000000000e+00 0.000000000000000000e+00
6.000000000000000000e+01 1.401487099937488168e+01 0.000000000000000000e+00 0.000000000000000000e+00
6.100000000000000000e+01 1.644471330885827243e+01 2.000000000000000000e+00 0.000000000000000000e+00
6.200000000000000000e+01 1.463509286837624757e+01 1.000000000000000000e+00 0.000000000000000000e+00
6.300000000000000000e+01 1.646945376423218121e+01 0.000000000000000000e+00 0.000000000000000000e+00
6.400000000000000000e+01 1.921319597278715818e+01 1.000000000000000000e+00 0.000000000000000000e+00
6.500000000000000000e+01 1.815726598039280759e+01 0.000000000000000000e+00 0.000000000000000000e+00
6.600000000000000000e+01 1.962617077542185484e+01 0.000000000000000000e+00 0.000000000000000000e+00
6.700000000000000000e+01 1.842431189251413315e+01 1.000000000000000000e+00 0.000000000000000000e+00
6.800000000000000000e+01 2.019215611432895940e+01 0.000000000000000000e+00 0.000000000000000000e+00
6.900000000000000000e+01 1.918756761583124870e+01 1.000000000000000000e+00 0.000000000000000000e+00
7.000000000000000000e+01 2.149601284841726567e+01 0.000000000000000000e+00 0.000000000000000000e+00
7.100000000000000000e+01 2.293328757718818522e+01 0.000000000000000000e+00 0.000000000000000000e+00
7.200000000000000000e+01 2.162091505591602925e+01 1.000000000000000000e+00 0.000000000000000000e+00
7.300000000000000000e+01 2.174954697141042104e+01 0.000000000000000000e+00 0.000000000000000000e+00
7.400000000000000000e+01 2.302960663742929981e+01 1.000000000000000000e+00 0.000000000000000000e+00
7.500000000000000000e+01 2.271505217211353056e+01 1.000000000000000000e+00 0.000000000000000000e+00
7.600000000000000000e+01 2.395635971673060993e+01 1.000000000000000000e+00 0.000000000000000000e+00
7.700000000000000000e+01 2.335564385975210655e+01 1.000000000000000000e+00 0.000000000000000000e+00
7.800000000000000000e+01 2.369809041229372326e+01 1.000000000000000000e+00 0.000000000000000000e+00
7.900000000000000000e+01 2.385338567282144595e+01 0.000000000000000000e+00 0.000000000000000000e+00
8.000000000000000000e+01 2.527899887223868092e+01 0.000000000000000000e+00 0.000000000000000000e+00
8.100000000000000000e+01 2.545243851201948360e+01 0.000000000000000000e+00 0.000000000000000000e+00
8.200000000000000000e+01 2.578382062968355015e+01 1.000000000000000000e+00 0.000000000000000000e+00
8.300000000000000000e+01 2.541257205231594796e+01 2.000000000000000000e+00 0.000000000000000000e+00
8.400000000000000000e+01 2.511881423693693449e+01 1.000000000000000000e+00 0.000000000000000000e+00
8.500000000000000000e+01 2.461078843491752011e+01 0.000000000000000000e+00 0.000000000000000000e+00
8.600000000000000000e+01 2.382381785796805573e+01 2.000000000000000000e+00 0.000000000000000000e+00
8.700000000000000000e+01 2.430317962734201132e+01 2.000000000000000000e+00 0.000000000000000000e+00
8.800000000000000000e+01 2.479265403085396713e+01 0.000000000000000000e+00 0.000000000000000000e+00
8.900000000000000000e+01 2.369538244401968541e+01 1.000000000000000000e+00 0.000000000000000000e+00
9.000000000000000000e+01 2.429149696690458882e+01 2.000000000000000000e+00 0.000000000000000000e+00
9.100000000000000000e+01 2.449116542057278423e+01 1.000000000000000000e+00 0.000000000000000000e+00
9.200000000000000000e+01 2.317935618476348480e+01 2.000000000000000000e+00 0.000000000000000000e+00
9.300000000000000000e+01 2.450006508230012159e+01 0.000000000000000000e+00 0.000000000000000000e+00
9.400000000000000000e+01 2.101300915895021859e+01 2.000000000000000000e+00 0.000000000000000000e+00
9.500000000000000000e+01 2.269137667866030483e+01 0.000000000000000000e+00 0.000000000000000000e+00
9.600000000000000000e+01 2.370463765528748823e+01 0.000000000000000000e+00 0.000000000000000000e+00
9.700000000000000000e+01 2.365245510980673416e+01 2.000000000000000000e+00 0.000000000000000000e+00
9.800000000000000000e+01 2.477800180197695568e+01 0.000000000000000000e+00 0.000000000000000000e+00
9.900000000000000000e+01 2.445217701763492002e+01 2.000000000000000000e+00 0.000000000000000000e+00
1.000000000000000000e+02 2.578931275317495420e+01 0.000000000000000000e+00 0.000000000000000000e+00
1.010000000000000000e+02 2.422478109588879391e+01 2.000000000000000000e+00 0.000000000000000000e+00
1.020000000000000000e+02 2.352143282179153516e+01 1.000000000000000000e+00 0.000000000000000000e+00
1.030000000000000000e+02 2.336992526965584815e+01 1.000000000000000000e+00 0.000000000000000000e+00
1.040000000000000000e+02 2.354394205558585895e+01 1.000000000000000000e+00 0.000000000000000000e+00
1.050000000000000000e+02 2.483105777136112025e+01 0.000000000000000000e+00 0.000000000000000000e+00
1.060000000000000000e+02 2.579935210471394313e+01 1.000000000000000000e+00 0.000000000000000000e+00
1.070000000000000000e+02 2.674609789197576148e+01 0.000000000000000000e+00 0.000000000000000000e+00
1.080000000000000000e+02 2.644664544058278466e+01 0.000000000000000000e+00 0.000000000000000000e+00
1.090000000000000000e+02 2.644953733484472735e+01 2.000000000000000000e+00 0.000000000000000000e+00
1.100000000000000000e+02 2.547303916251212286e+01 2.000000000000000000e+00 0.000000000000000000e+00
1.110000000000000000e+02 2.537692563325114747e+01 0.000000000000000000e+00 0.000000000000000000e+00
1.120000000000000000e+02 2.532895026993929122e+01 2.000000000000000000e+00 0.000000000000000000e+00
1.130000000000000000e+02 2.718623858520298242e+01 0.000000000000000000e+00 0.000000000000000000e+00
1.140000000000000000e+02 2.373462604367507467e+01 2.000000000000000000e+00 0.000000000000000000e+00
1.150000000000000000e+02 2.665170782159643181e+01 0.000000000000000000e+00 0.000000000000000000e+00
1.160000000000000000e+02 2.432333948886294550e+01 1.000000000000000000e+00 0.000000000000000000e+00
1.170000000000000000e+02 2.605775629960871598e+01 1.000000000000000000e+00 0.000000000000000000e+00
1.180000000000000000e+02 2.743257997788845159e+01 1.000000000000000000e+00 0.000000000000000000e+00
1.190000000000000000e+02 2.518047275830521414e+01 1.000000000000000000e+00 0.000000000000000000e+00
1.200000000000000000e+02 2.541247394790563519e+01 1.000000000000000000e+00 0.000000000000000000e+00
1.210000000000000000e+02 2.676191643845633905e+01 1.000000000000000000e+00 0.000000000000000000e+00
1.220000000000000000e+02 2.413216733979776407e+01 2.000000000000000000e+00 0.000000000000000000e+00
1.230000000000000000e+02 2.629368313609904817e+01 0.000000000000000000e+00 0.000000000000000000e+00
1.240000000000000000e+02 2.522821128203048957e+01 2.000000000000000000e+00 0.000000000000000000e+00
1.250000000000000000e+02 2.638480408809861189e+01 0.000000000000000000e+00 0.000000000000000000e+00
1.260000000000000000e+02 2.702315017868575353e+01 0.000000000000000000e+00 0.000000000000000000e+00
1.270000000000000000e+02 2.560474972582978381e+01 2.000000000000000000e+00 0.000000000000000000e+00
1.280000000000000000e+02 2.735829299162000794e+01 0.000000000000000000e+00 0.000000000000000000e+00
1.290000000000000000e+02 2.880343630817902678e+01 0.000000000000000000e+00 0.000000000000000000e+00
1.300000000000000000e+02 3.009866209707647045e+01 0.000000000000000000e+00 0.000000000000000000e+00
1.310000000000000000e+02 3.211338486426345185e+01 0.000000000000000000e+00 0.000000000000000000e+00
1.320000000000000000e+02 2.936465989563990320e+01 1.000000000000000000e+00 0.000000000000000000e+00
1.330000000000000000e+02 3.043022124691170660e+01 1.000000000000000000e+00 0.000000000000000000e+00
1.340000000000000000e+02 3.087624299503896452e+01 0.000000000000000000e+00 0.000000000000000000e+00
1.350000000000000000e+02 3.095748536486316738e+01 1.000000000000000000e+00 0.000000000000000000e+00
1.360000000000000000e+02 3.119949998838110972e+01 1.000000000000000000e+00 0.000000000000000000e+00
1.370000000000000000e+02 3.179915919051168061e+01 0.000000000000000000e+00 0.000000000000000000e+00
1.380000000000000000e+02 3.488810024350080852e+01 0.000000000000000000e+00 0.000000000000000000e+00
1.390000000000000000e+02 3.578244034931444872e+01 0.000000000000000000e+00 0.000000000000000000e+00
1.400000000000000000e+02 3.347428516797746312e+01 1.000000000000000000e+00 0.000000000000000000e+00
1.410000000000000000e+02 3.529624927538066714e+01 0.000000000000000000e+00 0.000000000000000000e+00
1.420000000000000000e+02 3.655141904169966693e+01 0.000000000000000000e+00 0.000000000000000000e+00
1.430000000000000000e+02 3.909130327549382855e+01 0.000000000000000000e+00 0.000000000000000000e+00
1.440000000000000000e+02 3.497408767102793092e+01 2.000000000000000000e+00 0.000000000000000000e+00
1.450000000000000000e+02 3.698723319403734422e+01 0.000000000000000000e+00 0.000000000000000000e+00
1.460000000000000000e+02 3.857857256664023993e+01 0.000000000000000000e+00 0.000000000000000000e+00
1.470000000000000000e+02 3.791473307460059772e+01 1.000000000000000000e+00 0.000000000000000000e+00
1.480000000000000000e+02 3.727917325062379206e+01 1.000000000000000000e+00 0.000000000000000000e+00
1.490000000000000000e+02 3.806002402411266416e+01 1.000000000000000000e+00 0.000000000000000000e+00
1.500000000000000000e+02 3.883412999019151357e+01 1.000000000000000000e+00 0.000000000000000000e+00
1.510000000000000000e+02 3.773668894043289157e+01 0.000000000000000000e+00 0.000000000000000000e+00
1.520000000000000000e+02 3.941716651313466713e+01 1.000000000000000000e+00 0.000000000000000000e+00
1.530000000000000000e+02 3.993821161536131115e+01 1.000000000000000000e+00 0.000000000000000000e+00
1.540000000000000000e+02 3.896898995666809640e+01 1.000000000000000000e+00 0.000000000000000000e+00
1.550000000000000000e+02 3.963240798504025264e+01 1.000000000000000000e+00 0.000000000000000000e+00
1.560000000000000000e+02 3.830493790850798064e+01 1.000000000000000000e+00 0.000000000000000000e+00
1.570000000000000000e+02 4.138066769599945616e+01 0.000000000000000000e+00 0.000000000000000000e+00
1.580000000000000000e+02 4.048604441822342892e+01 1.000000000000000000e+00 0.000000000000000000e+00
1.590000000000000000e+02 3.868423680094217332e+01 1.000000000000000000e+00 0.000000000000000000e+00
1.600000000000000000e+02 4.041641127652396648e+01 0.000000000000000000e+00 0.000000000000000000e+00
1.610000000000000000e+02 4.330169144893154964e+01 0.000000000000000000e+00 0.000000000000000000e+00
1.620000000000000000e+02 4.372260189196072133e+01 1.000000000000000000e+00 0.000000000000000000e+00
1.630000000000000000e+02 4.269853472547515594e+01 0.000000000000000000e+00 0.000000000000000000e+00
1.640000000000000000e+02 4.162865745759523861e+01 2.000000000000000000e+00 0.000000000000000000e+00
1.650000000000000000e+02 4.351053626454011436e+01 0.000000000000000000e+00 0.000000000000000000e+00
1.660000000000000000e+02 4.275497853471271981e+01 1.000000000000000000e+00 0.000000000000000000e+00
1.670000000000000000e+02 4.289952306154296480e+01 1.000000000000000000e+00 0.000000000000000000e+00
1.680000000000000000e+02 4.497420615359845897e+01 0.000000000000000000e+00 0.000000000000000000e+00
1.690000000000000000e+02 4.386199014343312541e+01 0.000000000000000000e+00 0.000000000000000000e+00
1.700000000000000000e+02 4.560601657099984152e+01 0.000000000000000000e+00 0.000000000000000000e+00
1.710000000000000000e+02 4.645136215146602865e+01 0.000000000000000000e+00 0.000000000000000000e+00
1.720000000000000000e+02 4.615932807657499382e+01 2.000000000000000000e+00 0.000000000000000000e+00
1.730000000000000000e+02 4.595462740110761501e+01 0.000000000000000000e+00 0.000000000000000000e+00
1.740000000000000000e+02 4.789302532264548518e+01 0.000000000000000000e+00 0.000000000000000000e+00
1.750000000000000000e+02 4.737930922254866317e+01 0.000000000000000000e+00 0.000000000000000000e+00
1.760000000000000000e+02 5.102803727938428580e+01 0.000000000000000000e+00 0.000000000000000000e+00
1.770000000000000000e+02 5.019469266558686371e+01 1.000000000000000000e+00 0.000000000000000000e+00
1.780000000000000000e+02 4.976786000848855451e+01 1.000000000000000000e+00 0.000000000000000000e+00
1.790000000000000000e+02 5.069798792522298214e+01 0.000000000000000000e+00 0.000000000000000000e+00
1.800000000000000000e+02 5.115958434231193763e+01 1.000000000000000000e+00 0.000000000000000000e+00
1.810000000000000000e+02 5.051005833345583795e+01 1.000000000000000000e+00 0.000000000000000000e+00
1.820000000000000000e+02 5.299400739794063497e+01 0.000000000000000000e+00 0.000000000000000000e+00
1.830000000000000000e+02 5.250802571970451993e+01 1.000000000000000000e+00 0.000000000000000000e+00
1.840000000000000000e+02 5.121712530556624898e+01 2.000000000000000000e+00 0.000000000000000000e+00
1.850000000000000000e+02 5.242235275963304275e+01 1.000000000000000000e+00 0.000000000000000000e+00
1.860000000000000000e+02 4.980903665527728919e+01 1.000000000000000000e+00 0.000000000000000000e+00
1.870000000000000000e+02 5.123124787845233641e+01 0.000000000000000000e+00 0.000000000000000000e+00
1.880000000000000000e+02 4.980985189691391213e+01 2.000000000000000000e+00 0.000000000000000000e+00
1.890000000000000000e+02 5.195296395275852319e+01 1.000000000000000000e+00 0.000000000000000000e+00
1.900000000000000000e+02 5.099345165994770213e+01 1.000000000000000000e+00 0.000000000000000000e+00
1.910000000000000000e+02 5.201224176617752448e+01 0.000000000000000000e+00 0.000000000000000000e+00
1.920000000000000000e+02 5.282363680885715240e+01 0.000000000000000000e+00 0.000000000000000000e+00
1.930000000000000000e+02 5.213189753300770235e+01 2.000000000000000000e+00 0.000000000000000000e+00
1.940000000000000000e+02 5.278605264188637847e+01 0.000000000000000000e+00 0.000000000000000000e+00
1.950000000000000000e+02 5.396834001776337431e+01 1.000000000000000000e+00 0.000000000000000000e+00
1.960000000000000000e+02 5.554901284284233043e+01 0.000000000000000000e+00 0.000000000000000000e+00
1.970000000000000000e+02 5.446001093991768016e+01 0.000000000000000000e+00 0.000000000000000000e+00
1.980000000000000000e+02 5.685872161707931127e+01 0.000000000000000000e+00 0.000000000000000000e+00
1.990000000000000000e+02 5.583777006365331630e+01 1.000000000000000000e+00 0.000000000000000000e+00
2.000000000000000000e+02 5.379266568907194568e+01 2.000000000000000000e+00 0.000000000000000000e+00
2.010000000000000000e+02 5.580418173744844523e+01 0.000000000000000000e+00 0.000000000000000000e+00
2.020000000000000000e+02 5.645872126060331908e+01 1.000000000000000000e+00 0.000000000000000000e+00
2.030000000000000000e+02 5.825444809332456231e+01 0.000000000000000000e+00 0.000000000000000000e+00
2.040000000000000000e+02 5.646696377871910499e+01 1.000000000000000000e+00 0.000000000000000000e+00
2.050000000000000000e+02 5.767302539654432536e+01 0.000000000000000000e+00 0.000000000000000000e+00
2.060000000000000000e+02 5.734927262218098321e+01 2.000000000000000000e+00 0.000000000000000000e+00
2.070000000000000000e+02 5.581245210229289455e+01 2.000000000000000000e+00 0.000000000000000000e+00
2.080000000000000000e+02 5.575471167410117346e+01 1.000000000000000000e+00 0.000000000000000000e+00
2.090000000000000000e+02 5.521872053719571483e+01 1.000000000000000000e+00 0.000000000000000000e+00
2.100000000000000000e+02 5.703195445382188211e+01 1.000000000000000000e+00 0.000000000000000000e+00
2.110000000000000000e+02 5.665926594801265281e+01 1.000000000000000000e+00 0.000000000000000000e+00
2.120000000000000000e+02 5.570052748371292495e+01 1.000000000000000000e+00 0.000000000000000000e+00
2.130000000000000000e+02 5.773602875283388869e+01 0.000000000000000000e+00 0.000000000000000000e+00
2.140000000000000000e+02 5.804976374166893294e+01 0.000000000000000000e+00 0.000000000000000000e+00
2.150000000000000000e+02 5.919485323091468132e+01 0.000000000000000000e+00 0.000000000000000000e+00
2.160000000000000000e+02 5.994420472932443289e+01 0.000000000000000000e+00 0.000000000000000000e+00
2.170000000000000000e+02 6.074952868777134540e+01 0.000000000000000000e+00 0.000000000000000000e+00
2.180000000000000000e+02 6.053752890080019000e+01 1.000000000000000000e+00 0.000000000000000000e+00
2.190000000000000000e+02 6.199521358006531813e+01 0.000000000000000000e+00 0.000000000000000000e+00
2.200000000000000000e+02 6.229916511968158233e+01 1.000000000000000000e+00 0.000000000000000000e+00
2.210000000000000000e+02 6.159497156348148650e+01 1.000000000000000000e+00 0.000000000000000000e+00
2.220000000000000000e+02 6.177958111850027478e+01 1.000000000000000000e+00 0.000000000000000000e+00
2.230000000000000000e+02 6.374852636957209739e+01 0.000000000000000000e+00 0.000000000000000000e+00
2.240000000000000000e+02 6.431594483501011439e+01 0.000000000000000000e+00 0.000000000000000000e+00
2.250000000000000000e+02 6.259335075716155927e+01 2.000000000000000000e+00 0.000000000000000000e+00
2.260000000000000000e+02 6.300251694697079330e+01 0.000000000000000000e+00 0.000000000000000000e+00
2.270000000000000000e+02 6.393047622040813138e+01 1.000000000000000000e+00 0.000000000000000000e+00
2.280000000000000000e+02 6.348952560392194044e+01 1.000000000000000000e+00 0.000000000000000000e+00
2.290000000000000000e+02 6.464278351215112650e+01 0.000000000000000000e+00 0.000000000000000000e+00
2.300000000000000000e+02 6.549389134464789208e+01 1.000000000000000000e+00 0.000000000000000000e+00
2.310000000000000000e+02 6.352869111383652978e+01 1.000000000000000000e+00 0.000000000000000000e+00
2.320000000000000000e+02 6.549029488570621993e+01 1.000000000000000000e+00 0.000000000000000000e+00
2.330000000000000000e+02 6.476497926194225840e+01 1.000000000000000000e+00 0.000000000000000000e+00
2.340000000000000000e+02 6.688822259975543716e+01 1.000000000000000000e+00 0.000000000000000000e+00
2.350000000000000000e+02 6.643743612593668502e+01 0.000000000000000000e+00 0.000000000000000000e+00
2.360000000000000000e+02 6.577567561302618060e+01 2.000000000000000000e+00 0.000000000000000000e+00
2.370000000000000000e+02 6.521972426954569357e+01 0.000000000000000000e+00 0.000000000000000000e+00
2.380000000000000000e+02 6.449933869409605336e+01 2.000000000000000000e+00 0.000000000000000000e+00
2.390000000000000000e+02 6.336667145930318412e+01 2.000000000000000000e+00 0.000000000000000000e+00
2.400000000000000000e+02 6.313172290323626612e+01 0.000000000000000000e+00 0.000000000000000000e+00
2.410000000000000000e+02 6.304309300095563628e+01 2.000000000000000000e+00 0.000000000000000000e+00
2.420000000000000000e+02 6.332302729253357398e+01 2.000000000000000000e+00 0.000000000000000000e+00
2.430000000000000000e+02 6.310987084692877147e+01 1.000000000000000000e+00 0.000000000000000000e+00
2.440000000000000000e+02 6.312571988737833095e+01 1.000000000000000000e+00 0.000000000000000000e+00
2.450000000000000000e+02 6.389050979652767381e+01 1.000000000000000000e+00 0.000000000000000000e+00
2.460000000000000000e+02 6.423484514756968622e+01 0.000000000000000000e+00 0.000000000000000000e+00
2.470000000000000000e+02 6.329333778231757179e+01 1.000000000000000000e+00 0.000000000000000000e+00
2.480000000000000000e+02 6.419379300511818087e+01 1.000000000000000000e+00 0.000000000000000000e+00
2.490000000000000000e+02 6.354057284597647737e+01 0.000000000000000000e+00 0.000000000000000000e+00
2.500000000000000000e+02 6.371792436372525970e+01 2.000000000000000000e+00 0.000000000000000000e+00
2.510000000000000000e+02 6.452317788117633768e+01 0.000000000000000000e+00 0.000000000000000000e+00
2.520000000000000000e+02 6.606630718552447945e+01 1.000000000000000000e+00 0.000000000000000000e+00
2.530000000000000000e+02 6.657501344430926338e+01 0.000000000000000000e+00 0.000000000000000000e+00
2.540000000000000000e+02 6.363978785187101295e+01 2.000000000000000000e+00 0.000000000000000000e+00
2.550000000000000000e+02 6.589949033554712798e+01 1.000000000000000000e+00 0.000000000000000000e+00
2.560000000000000000e+02 6.546504135461020724e+01 1.000000000000000000e+00 0.000000000000000000e+00
2.570000000000000000e+02 6.661830512771801693e+01 0.000000000000000000e+00 0.000000000000000000e+00
2.580000000000000000e+02 6.689277403372867070e+01 0.000000000000000000e+00 0.000000000000000000e+00
2.590000000000000000e+02 6.618565891387341082e+01 2.000000000000000000e+00 0.000000000000000000e+00
2.600000000000000000e+02 6.690345084108663798e+01 0.000000000000000000e+00 0.000000000000000000e+00
2.610000000000000000e+02 6.665143239300279276e+01 2.000000000000000000e+00 0.000000000000000000e+00
2.620000000000000000e+02 6.591527093777416724e+01 0.000000000000000000e+00 0.000000000000000000e+00
2.630000000000000000e+02 6.791368317819092226e+01 0.000000000000000000e+00 0.000000000000000000e+00
2.640000000000000000e+02 6.898906627367087196e+01 1.000000000000000000e+00 0.000000000000000000e+00
2.650000000000000000e+02 6.727320518412804518e+01 1.000000000000000000e+00 0.000000000000000000e+00
2.660000000000000000e+02 6.932400610933700591e+01 1.000000000000000000e+00 0.000000000000000000e+00
2.670000000000000000e+02 6.983098186577829836e+01 0.000000000000000000e+00 0.000000000000000000e+00
2.680000000000000000e+02 7.152477455828922359e+01 0.000000000000000000e+00 0.000000000000000000e+00
2.690000000000000000e+02 7.028509706568331694e+01 1.000000000000000000e+00 0.000000000000000000e+00
2.700000000000000000e+02 7.030323023058976162e+01 1.000000000000000000e+00 0.000000000000000000e+00
2.710000000000000000e+02 6.936228827298444344e+01 1.000000000000000000e+00 0.000000000000000000e+00
2.720000000000000000e+02 6.976107511933157923e+01 1.000000000000000000e+00 0.000000000000000000e+00
2.730000000000000000e+02 6.932604592394352494e+01 2.000000000000000000e+00 0.000000000000000000e+00
2.740000000000000000e+02 6.746523196501576081e+01 1.000000000000000000e+00 0.000000000000000000e+00
2.750000000000000000e+02 6.850555337917244003e+01 0.000000000000000000e+00 0.000000000000000000e+00
2.760000000000000000e+02 6.940632599597108765e+01 1.000000000000000000e+00 0.000000000000000000e+00
2.770000000000000000e+02 7.000756585415288669e+01 0.000000000000000000e+00 0.000000000000000000e+00
2.780000000000000000e+02 7.042875763765964336e+01 1.000000000000000000e+00 0.000000000000000000e+00
2.790000000000000000e+02 7.042111098833095184e+01 1.000000000000000000e+00 0.000000000000000000e+00
2.800000000000000000e+02 7.204758768500730071e+01 1.000000000000000000e+00 0.000000000000000000e+00
2.810000000000000000e+02 7.194980941592353929e+01 1.000000000000000000e+00 0.000000000000000000e+00
2.820000000000000000e+02 7.106843154040018362e+01 0.000000000000000000e+00 0.000000000000000000e+00
2.830000000000000000e+02 7.355764494604873960e+01 0.000000000000000000e+00 0.000000000000000000e+00
2.840000000000000000e+02 7.452010746168490130e+01 1.000000000000000000e+00 0.000000000000000000e+00
2.850000000000000000e+02 7.099047252492383109e+01 2.000000000000000000e+00 0.000000000000000000e+00
2.860000000000000000e+02 7.344055727359535979e+01 1.000000000000000000e+00 0.000000000000000000e+00
2.870000000000000000e+02 7.148566434417897142e+01 1.000000000000000000e+00 0.000000000000000000e+00
2.880000000000000000e+02 7.303822326285352062e+01 1.000000000000000000e+00 0.000000000000000000e+00
2.890000000000000000e+02 7.113733981578378973e+01 2.000000000000000000e+00 0.000000000000000000e+00
2.900000000000000000e+02 6.911203530575747322e+01 2.000000000000000000e+00 0.000000000000000000e+00
2.910000000000000000e+02 7.032520448820667980e+01 0.000000000000000000e+00 0.000000000000000000e+00
2.920000000000000000e+02 7.096683768873383258e+01 1.000000000000000000e+00 0.000000000000000000e+00
2.930000000000000000e+02 7.289177281186019286e+01 0.000000000000000000e+00 0.000000000000000000e+00
2.940000000000000000e+02 7.037530632396000385e+01 2.000000000000000000e+00 0.000000000000000000e+00
2.950000000000000000e+02 7.199482088850847106e+01 0.000000000000000000e+00 0.000000000000000000e+00
2.960000000000000000e+02 7.149740434963140956e+01 1.000000000000000000e+00 0.000000000000000000e+00
2.970000000000000000e+02 7.380345737990842281e+01 0.000000000000000000e+00 0.000000000000000000e+00
2.980000000000000000e+02 7.330999989641988179e+01 2.000000000000000000e+00 0.000000000000000000e+00
2.990000000000000000e+02 7.016508319864261978e+01 1.000000000000000000e+00 0.000000000000000000e+00
3.000000000000000000e+02 7.281245076163941121e+01 0.000000000000000000e+00 0.000000000000000000e+00
3.010000000000000000e+02 7.257444438719807067e+01 2.000000000000000000e+00 0.000000000000000000e+00
3.020000000000000000e+02 7.157904916927041938e+01 2.000000000000000000e+00 0.000000000000000000e+00
3.030000000000000000e+02 7.085102427296266114e+01 1.000000000000000000e+00 0.000000000000000000e+00
3.040000000000000000e+02 6.943833596507114692e+01 2.000000000000000000e+00 0.000000000000000000e+00
3.050000000000000000e+02 6.946838559918865030e+01 0.000000000000000000e+00 0.000000000000000000e+00
3.060000000000000000e+02 7.233393530810467098e+01 0.000000000000000000e+00 0.000000000000000000e+00
3.070000000000000000e+02 7.021855043159170862e+01 2.000000000000000000e+00 0.000000000000000000e+00
3.080000000000000000e+02 7.085977480885411239e+01 1.000000000000000000e+00 0.000000000000000000e+00
3.090000000000000000e+02 7.169071023691941491e+01 1.000000000000000000e+00 0.000000000000000000e+00
3.100000000000000000e+02 7.218594077119048791e+01 0.000000000000000000e+00 0.000000000000000000e+00
3.110000000000000000e+02 7.026180406623421959e+01 1.000000000000000000e+00 0.000000000000000000e+00
3.120000000000000000e+02 7.176958546434717334e+01 1.000000000000000000e+00 0.000000000000000000e+00
3.130000000000000000e+02 7.382588760668670602e+01 1.000000000000000000e+00 0.000000000000000000e+00
3.140000000000000000e+02 7.228968900125029506e+01 0.000000000000000000e+00 0.000000000000000000e+00
3.150000000000000000e+02 7.163945475652056416e+01 1.000000000000000000e+00 0.000000000000000000e+00
3.160000000000000000e+02 7.240094353592962761e+01 2.000000000000000000e+00 0.000000000000000000e+00
3.170000000000000000e+02 7.116917938654226816e+01 2.000000000000000000e+00 0.000000000000000000e+00
3.180000000000000000e+02 7.103615714771969181e+01 0.000000000000000000e+00 0.000000000000000000e+00
3.190000000000000000e+02 7.080506107537227933e+01 2.000000000000000000e+00 0.000000000000000000e+00
3.200000000000000000e+02 7.281916526201300144e+01 0.000000000000000000e+00 0.000000000000000000e+00
3.210000000000000000e+02 7.042764697414349939e+01 2.000000000000000000e+00 0.000000000000000000e+00
3.220000000000000000e+02 7.114270280468802810e+01 1.000000000000000000e+00 0.000000000000000000e+00
3.230000000000000000e+02 7.092549118039710265e+01 0.000000000000000000e+00 0.000000000000000000e+00
3.240000000000000000e+02 7.435596593442581081e+01 0.000000000000000000e+00 0.000000000000000000e+00
3.250000000000000000e+02 7.367980893732507752e+01 0.000000000000000000e+00 0.000000000000000000e+00
3.260000000000000000e+02 7.522059891971522916e+01 2.000000000000000000e+00 0.000000000000000000e+00
3.270000000000000000e+02 7.216374189836966480e+01 2.000000000000000000e+00 0.000000000000000000e+00
3.280000000000000000e+02 7.289102201131412073e+01 0.000000000000000000e+00 0.000000000000000000e+00
3.290000000000000000e+02 7.336865282240862030e+01 1.000000000000000000e+00 0.000000000000000000e+00
3.300000000000000000e+02 7.294351012013530067e+01 0.000000000000000000e+00 0.000000000000000000e+00
3.310000000000000000e+02 7.366568212418097517e+01 1.000000000000000000e+00 0.000000000000000000e+00
3.320000000000000000e+02 7.410547267983289998e+01 0.000000000000000000e+00 0.000000000000000000e+00
3.330000000000000000e+02 7.451065121371158284e+01 2.000000000000000000e+00 0.000000000000000000e+00
3.340000000000000000e+02 7.410730141461633025e+01 2.000000000000000000e+00 0.000000000000000000e+00
3.350000000000000000e+02 7.375370778493739010e+01 0.000000000000000000e+00 0.000000000000000000e+00
3.360000000000000000e+02 7.419427174475369213e+01 1.000000000000000000e+00 0.000000000000000000e+00
3.370000000000000000e+02 7.657416263500162756e+01 0.000000000000000000e+00 0.000000000000000000e+00
3.380000000000000000e+02 7.458448040136505597e+01 0.000000000000000000e+00 0.000000000000000000e+00
3.390000000000000000e+02 7.661139584266277325e+01 1.000000000000000000e+00 0.000000000000000000e+00
3.400000000000000000e+02 7.672885046100157069e+01 1.000000000000000000e+00 0.000000000000000000e+00
3.410000000000000000e+02 7.638416319431705404e+01 2.000000000000000000e+00 0.000000000000000000e+00
3.420000000000000000e+02 7.628209564273993237e+01 2.000000000000000000e+00 0.000000000000000000e+00
3.430000000000000000e+02 7.280304370562568295e+01 2.000000000000000000e+00 0.000000000000000000e+00
3.440000000000000000e+02 7.249371355711889464e+01 0.000000000000000000e+00 0.000000000000000000e+00
3.450000000000000000e+02 7.399055590587606446e+01 1.000000000000000000e+00 0.000000000000000000e+00
3.460000000000000000e+02 7.268673067709937641e+01 2.000000000000000000e+00 0.000000000000000000e+00
3.470000000000000000e+02 7.452902598455035843e+01 0.000000000000000000e+00 0.000000000000000000e+00
3.480000000000000000e+02 7.434947033542259476e+01 1.000000000000000000e+00 0.000000000000000000e+00
3.490000000000000000e+02 7.490225505138998585e+01 0.000000000000000000e+00 0.000000000000000000e+00
3.500000000000000000e+02 7.371635961606176579e+01 1.000000000000000000e+00 0.000000000000000000e+00
3.510000000000000000e+02 7.615067771775071037e+01 0.000000000000000000e+00 0.000000000000000000e+00
3.520000000000000000e+02 7.477571535702794847e+01 2.000000000000000000e+00 0.000000000000000000e+00
3.530000000000000000e+02 7.459764725939692198e+01 0.000000000000000000e+00 0.000000000000000000e+00
3.540000000000000000e+02 7.409275291570831712e+01 2.000000000000000000e+00 0.000000000000000000e+00
3.550000000000000000e+02 7.439452655006368786e+01 1.000000000000000000e+00 0.000000000000000000e+00
3.560000000000000000e+02 7.478225761528324256e+01 0.000000000000000000e+00 0.000000000000000000e+00
3.570000000000000000e+02 7.623194748098156026e+01 1.000000000000000000e+00 0.000000000000000000e+00
3.580000000000000000e+02 7.567808011558462056e+01 1.000000000000000000e+00 0.000000000000000000e+00
3.590000000000000000e+02 7.666818191176088249e+01 1.000000000000000000e+00 0.000000000000000000e+00
3.600000000000000000e+02 7.711545314536019191e+01 0.000000000000000000e+00 0.000000000000000000e+00
3.610000000000000000e+02 7.671960419948128163e+01 2.000000000000000000e+00 0.000000000000000000e+00
3.620000000000000000e+02 7.691041064433360930e+01 0.000000000000000000e+00 0.000000000000000000e+00
3.630000000000000000e+02 7.617849230463507126e+01 2.000000000000000000e+00 0.000000000000000000e+00
3.640000000000000000e+02 7.419707945261183113e+01 1.000000000000000000e+00 0.000000000000000000e+00
3.650000000000000000e+02 7.613576089653936663e+01 0.000000000000000000e+00 0.000000000000000000e+00
3.660000000000000000e+02 7.671408376584732025e+01 1.000000000000000000e+00 0.000000000000000000e+00
3.670000000000000000e+02 7.681249187712033688e+01 1.000000000000000000e+00 0.000000000000000000e+00
3.680000000000000000e+02 7.603532122760537959e+01 2.000000000000000000e+00 0.000000000000000000e+00
3.690000000000000000e+02 7.778560654234959770e+01 0.000000000000000000e+00 0.000000000000000000e+00
3.700000000000000000e+02 7.730150572469426606e+01 1.000000000000000000e+00 0.000000000000000000e+00
3.710000000000000000e+02 7.906033808889274894e+01 0.000000000000000000e+00 0.000000000000000000e+00
3.720000000000000000e+02 7.676707761056633217e+01 2.000000000000000000e+00 0.000000000000000000e+00
3.730000000000000000e+02 7.762010269016776931e+01 0.000000000000000000e+00 0.000000000000000000e+00
3.740000000000000000e+02 8.045646469143331103e+01 0.000000000000000000e+00 0.000000000000000000e+00
3.750000000000000000e+02 7.901127586821480975e+01 0.000000000000000000e+00 0.000000000000000000e+00
3.760000000000000000e+02 8.011467463698333802e+01 1.000000000000000000e+00 0.000000000000000000e+00
3.770000000000000000e+02 8.193978528189457222e+01 0.000000000000000000e+00 0.000000000000000000e+00
3.780000000000000000e+02 7.995814917825506996e+01 2.000000000000000000e+00 0.000000000000000000e+00
3.790000000000000000e+02 7.974597008794548003e+01 1.000000000000000000e+00 0.000000000000000000e+00
3.800000000000000000e+02 8.110140961857818809e+01 0.000000000000000000e+00 0.000000000000000000e+00
3.810000000000000000e+02 7.961997121742601280e+01 2.000000000000000000e+00 0.000000000000000000e+00
3.820000000000000000e+02 8.230092507490714127e+01 0.000000000000000000e+00 0.000000000000000000e+00
3.830000000000000000e+02 8.313847672396464361e+01 0.000000000000000000e+00 0.000000000000000000e+00
3.840000000000000000e+02 8.181134547797745427e+01 1.000000000000000000e+00 0.000000000000000000e+00
3.850000000000000000e+02 8.222085216241289629e+01 1.000000000000000000e+00 0.000000000000000000e+00
3.860000000000000000e+02 8.251823478654635835e+01 0.000000000000000000e+00 0.000000000000000000e+00
3.870000000000000000e+02 8.186289466103912105e+01 2.000000000000000000e+00 0.000000000000000000e+00
3.880000000000000000e+02 8.207459267848858531e+01 1.000000000000000000e+00 0.000000000000000000e+00
3.890000000000000000e+02 8.231578620908572930e+01 0.000000000000000000e+00 0.000000000000000000e+00
3.900000000000000000e+02 8.469999996451208801e+01 0.000000000000000000e+00 0.000000000000000000e+00
3.910000000000000000e+02 8.432371801886405649e+01 1.000000000000000000e+00 0.000000000000000000e+00
3.920000000000000000e+02 8.563641611492946026e+01 1.000000000000000000e+00 0.000000000000000000e+00
3.930000000000000000e+02 8.328728107546088211e+01 2.000000000000000000e+00 0.000000000000000000e+00
3.940000000000000000e+02 8.278161190542206782e+01 0.000000000000000000e+00 0.000000000000000000e+00
3.950000000000000000e+02 8.363901673489252175e+01 1.000000000000000000e+00 0.000000000000000000e+00
3.960000000000000000e+02 8.349632004951820363e+01 1.000000000000000000e+00 0.000000000000000000e+00
3.970000000000000000e+02 8.503331345048115963e+01 0.000000000000000000e+00 0.000000000000000000e+00
3.980000000000000000e+02 8.659508407739677693e+01 0.000000000000000000e+00 0.000000000000000000e+00
3.990000000000000000e+02 8.803710439534984289e+01 0.000000000000000000e+00 0.000000000000000000e+00
4.000000000000000000e+02 8.639328968486498184e+01 0.000000000000000000e+00 0.000000000000000000e+00
4.010000000000000000e+02 8.838578205794178189e+01 1.000000000000000000e+00 0.000000000000000000e+00
4.020000000000000000e+02 8.623953197937645143e+01 2.000000000000000000e+00 0.000000000000000000e+00
4.030000000000000000e+02 8.711275440072397203e+01 1.000000000000000000e+00 0.000000000000000000e+00
4.040000000000000000e+02 8.933035433407385995e+01 0.000000000000000000e+00 0.000000000000000000e+00
4.050000000000000000e+02 8.651497715110070885e+01 2.000000000000000000e+00 0.000000000000000000e+00
4.060000000000000000e+02 8.762496795702887198e+01 1.000000000000000000e+00 0.000000000000000000e+00
4.070000000000000000e+02 8.742569180141484253e+01 1.000000000000000000e+00 0.000000000000000000e+00
4.080000000000000000e+02 8.614846584692722331e+01 0.000000000000000000e+00 0.000000000000000000e+00
4.090000000000000000e+02 8.715655902950564382e+01 2.000000000000000000e+00 0.000000000000000000e+00
4.100000000000000000e+02 8.816881165802365672e+01 0.000000000000000000e+00 0.000000000000000000e+00
4.110000000000000000e+02 8.816809128632178272e+01 0.000000000000000000e+00 0.000000000000000000e+00
4.120000000000000000e+02 8.928818207981514377e+01 1.000000000000000000e+00 0.000000000000000000e+00
4.130000000000000000e+02 8.808776801323287486e+01 1.000000000000000000e+00 0.000000000000000000e+00
4.140000000000000000e+02 8.790880807736019165e+01 2.000000000000000000e+00 0.000000000000000000e+00
4.150000000000000000e+02 8.900506654154709452e+01 0.000000000000000000e+00 0.000000000000000000e+00
4.160000000000000000e+02 8.945687044393861242e+01 0.000000000000000000e+00 0.000000000000000000e+00
4.170000000000000000e+02 8.845015912019844961e+01 2.000000000000000000e+00 0.000000000000000000e+00
4.180000000000000000e+02 8.902464966093053533e+01 0.000000000000000000e+00 0.000000000000000000e+00
4.190000000000000000e+02 8.896558787644886479e+01 2.000000000000000000e+00 0.000000000000000000e+00
4.200000000000000000e+02 8.787851975860991161e+01 2.000000000000000000e+00 0.000000000000000000e+00
4.210000000000000000e+02 8.734324130289901689e+01 1.000000000000000000e+00 0.000000000000000000e+00
4.220000000000000000e+02 8.912148823437370027e+01 0.000000000000000000e+00 0.000000000000000000e+00
4.230000000000000000e+02 9.013863377591586357e+01 0.000000000000000000e+00 0.000000000000000000e+00
4.240000000000000000e+02 9.077135759872534493e+01 2.000000000000000000e+00 0.000000000000000000e+00
4.250000000000000000e+02 8.904648626725693816e+01 1.000000000000000000e+00 0.000000000000000000e+00
4.260000000000000000e+02 8.907792297818623695e+01 1.000000000000000000e+00 0.000000000000000000e+00
4.270000000000000000e+02 8.915756024560798210e+01 1.000000000000000000e+00 0.000000000000000000e+00
4.280000000000000000e+02 8.988406102397928521e+01 1.000000000000000000e+00 0.000000000000000000e+00
4.290000000000000000e+02 8.852570949888936980e+01 1.000000000000000000e+00 0.000000000000000000e+00
4.300000000000000000e+02 8.894034756030147548e+01 1.000000000000000000e+00 0.000000000000000000e+00
4.310000000000000000e+02 9.014289783103555465e+01 0.000000000000000000e+00 0.000000000000000000e+00
4.320000000000000000e+02 8.968621303417562274e+01 1.000000000000000000e+00 0.000000000000000000e+00
4.330000000000000000e+02 9.119405022967551133e+01 0.000000000000000000e+00 0.000000000000000000e+00
4.340000000000000000e+02 9.025328127197190042e+01 2.000000000000000000e+00 0.000000000000000000e+00
4.350000000000000000e+02 8.933882372710409925e+01 2.000000000000000000e+00 0.000000000000000000e+00
4.360000000000000000e+02 8.927942355836135846e+01 0.000000000000000000e+00 0.000000000000000000e+00
4.370000000000000000e+02 9.127526241887713354e+01 0.000000000000000000e+00 0.000000000000000000e+00
4.380000000000000000e+02 9.106201277624295187e+01 1.000000000000000000e+00 0.000000000000000000e+00
4.390000000000000000e+02 9.242913225900576890e+01 1.000000000000000000e+00 0.000000000000000000e+00
4.400000000000000000e+02 9.157399732470337028e+01 1.000000000000000000e+00 0.000000000000000000e+00
4.410000000000000000e+02 8.952802675054765302e+01 1.000000000000000000e+00 0.000000000000000000e+00
4.420000000000000000e+02 9.030572530207244597e+01 0.000000000000000000e+00 0.000000000000000000e+00
4.430000000000000000e+02 9.046601972732884178e+01 2.000000000000000000e+00 0.000000000000000000e+00
4.440000000000000000e+02 9.163205540227660606e+01 1.000000000000000000e+00 0.000000000000000000e+00
4.450000000000000000e+02 8.979341065340229022e+01 2.000000000000000000e+00 0.000000000000000000e+00
4.460000000000000000e+02 9.136798702716713194e+01 0.000000000000000000e+00 0.000000000000000000e+00
4.470000000000000000e+02 9.117728052231106517e+01 1.000000000000000000e+00 0.000000000000000000e+00
4.480000000000000000e+02 9.099968945666962838e+01 1.000000000000000000e+00 0.000000000000000000e+00
4.490000000000000000e+02 9.310448533367404877e+01 0.000000000000000000e+00 0.000000000000000000e+00
4.500000000000000000e+02 9.235857428281317993e+01 0.000000000000000000e+00 0.000000000000000000e+00
4.510000000000000000e+02 9.253912405492283710e+01 1.000000000000000000e+00 0.000000000000000000e+00
4.520000000000000000e+02 9.495322108659732407e+01 1.000000000000000000e+00 0.000000000000000000e+00
4.530000000000000000e+02 9.454732599773450374e+01 0.000000000000000000e+00 0.000000000000000000e+00
4.540000000000000000e+02 9.140763516967500379e+01 2.000000000000000000e+00 0.000000000000000000e+00
4.550000000000000000e+02 9.458378802603398583e+01 0.000000000000000000e+00 0.000000000000000000e+00
4.560000000000000000e+02 9.538464518054777841e+01 0.000000000000000000e+00 0.000000000000000000e+00
4.570000000000000000e+02 9.604609561377328930e+01 0.000000000000000000e+00 0.000000000000000000e+00
4.580000000000000000e+02 9.500874458134163092e+01 1.000000000000000000e+00 0.000000000000000000e+00
4.590000000000000000e+02 9.778091645906575025e+01 0.000000000000000000e+00 0.000000000000000000e+00
4.600000000000000000e+02 9.747391659923528096e+01 1.000000000000000000e+00 0.000000000000000000e+00
4.610000000000000000e+02 9.808425971699287516e+01 0.000000000000000000e+00 0.000000000000000000e+00
4.620000000000000000e+02 9.811294889854409007e+01 0.000000000000000000e+00 0.000000000000000000e+00
4.630000000000000000e+02 9.822101830497187791e+01 2.000000000000000000e+00 0.000000000000000000e+00
4.640000000000000000e+02 1.006755334043922687e+02 0.000000000000000000e+00 0.000000000000000000e+00
4.650000000000000000e+02 9.806257790828438203e+01 2.000000000000000000e+00 0.000000000000000000e+00
4.660000000000000000e+02 9.943706312252210466e+01 0.000000000000000000e+00 0.000000000000000000e+00
4.670000000000000000e+02 9.823016610011922012e+01 2.000000000000000000e+00 0.000000000000000000e+00
4.680000000000000000e+02 9.677783178211264214e+01 2.000000000000000000e+00 0.000000000000000000e+00
4.690000000000000000e+02 9.717766899699633143e+01 0.000000000000000000e+00 0.000000000000000000e+00
4.700000000000000000e+02 1.004038931906904963e+02 0.000000000000000000e+00 0.000000000000000000e+00
4.710000000000000000e+02 9.908675243852904657e+01 1.000000000000000000e+00 0.000000000000000000e+00
4.720000000000000000e+02 1.000306397501790201e+02 0.000000000000000000e+00 0.000000000000000000e+00
4.730000000000000000e+02 1.002133397987994385e+02 1.000000000000000000e+00 0.000000000000000000e+00
4.740000000000000000e+02 9.994824628787129939e+01 1.000000000000000000e+00 0.000000000000000000e+00
4.750000000000000000e+02 1.007436088751912564e+02 0.000000000000000000e+00 0.000000000000000000e+00
4.760000000000000000e+02 1.025897170206741436e+02 0.000000000000000000e+00 0.000000000000000000e+00
4.770000000000000000e+02 1.022139201690868902e+02 1.000000000000000000e+00 0.000000000000000000e+00
4.780000000000000000e+02 9.998615563832349551e+01 2.000000000000000000e+00 0.000000000000000000e+00
4.790000000000000000e+02 9.925259452981958930e+01 2.000000000000000000e+00 0.000000000000000000e+00
4.800000000000000000e+02 9.908043371881733208e+01 1.000000000000000000e+00 0.000000000000000000e+00
4.810000000000000000e+02 1.002531114495341029e+02 1.000000000000000000e+00 0.000000000000000000e+00
4.820000000000000000e+02 9.990288542395425964e+01 1.000000000000000000e+00 0.000000000000000000e+00
4.830000000000000000e+02 1.021885436210522897e+02 0.000000000000000000e+00 0.000000000000000000e+00
4.840000000000000000e+02 1.033499021313867701e+02 0.000000000000000000e+00 0.000000000000000000e+00
4.850000000000000000e+02 1.021842323417021419e+02 0.000000000000000000e+00 0.000000000000000000e+00
4.860000000000000000e+02 1.024303595485680489e+02 2.000000000000000000e+00 0.000000000000000000e+00
4.870000000000000000e+02 1.019468319337985918e+02 1.000000000000000000e+00 0.000000000000000000e+00
4.880000000000000000e+02 1.029838949755756374e+02 0.000000000000000000e+00 0.000000000000000000e+00
4.890000000000000000e+02 1.025897543203565760e+02 2.000000000000000000e+00 0.000000000000000000e+00
4.900000000000000000e+02 1.019980185648589810e+02 0.000000000000000000e+00 0.000000000000000000e+00
4.910000000000000000e+02 1.042403401418367679e+02 0.000000000000000000e+00 0.000000000000000000e+00
4.920000000000000000e+02 1.045173501414934805e+02 1.000000000000000000e+00 0.000000000000000000e+00
4.930000000000000000e+02 1.056093672349503976e+02 0.000000000000000000e+00 0.000000000000000000e+00
4.940000000000000000e+02 1.061980288505676668e+02 0.000000000000000000e+00 0.000000000000000000e+00
4.950000000000000000e+02 1.079108761428763046e+02 0.000000000000000000e+00 0.000000000000000000e+00
4.960000000000000000e+02 1.080612508095096871e+02 0.000000000000000000e+00 0.000000000000000000e+00
4.970000000000000000e+02 1.085024313163051488e+02 1.000000000000000000e+00 0.000000000000000000e+00
4.980000000000000000e+02 1.065069928074072720e+02 1.000000000000000000e+00 0.000000000000000000e+00
4.990000000000000000e+02 1.091479108416456540e+02 0.000000000000000000e+00 0.000000000000000000e+00
5.000000000000000000e+02 1.073438395704555148e+02 1.000000000000000000e+00 0.000000000000000000e+00
5.010000000000000000e+02 1.092095204213461557e+02 0.000000000000000000e+00 0.000000000000000000e+00
5.020000000000000000e+02 1.094968019929082033e+02 1.000000000000000000e+00 0.000000000000000000e+00
5.030000000000000000e+02 1.082231595750575082e+02 2.000000000000000000e+00 0.000000000000000000e+00
5.040000000000000000e+02 1.092572515466109451e+02 0.000000000000000000e+00 0.000000000000000000e+00
5.050000000000000000e+02 1.106829672954583543e+02 0.000000000000000000e+00 0.000000000000000000e+00
5.060000000000000000e+02 1.090601679621869096e+02 2.000000000000000000e+00 0.000000000000000000e+00
5.070000000000000000e+02 1.097085396559046302e+02 1.000000000000000000e+00 0.000000000000000000e+00
5.080000000000000000e+02 1.109709953475017272e+02 0.000000000000000000e+00 0.000000000000000000e+00
5.090000000000000000e+02 1.102618659756086430e+02 1.000000000000000000e+00 0.000000000000000000e+00
5.100000000000000000e+02 1.102302060385106017e+02 1.000000000000000000e+00 0.000000000000000000e+00
5.110000000000000000e+02 1.123819993002252744e+02 0.000000000000000000e+00 0.000000000000000000e+00
5.120000000000000000e+02 1.101613663643256018e+02 2.000000000000000000e+00 0.000000000000000000e+00
5.130000000000000000e+02 1.117711433782522761e+02 0.000000000000000000e+00 0.000000000000000000e+00
5.140000000000000000e+02 1.126938925993509173e+02 0.000000000000000000e+00 0.000000000000000000e+00
5.150000000000000000e+02 1.103268657418465324e+02 2.000000000000000000e+00 0.000000000000000000e+00
5.160000000000000000e+02 1.119650047142829266e+02 0.000000000000000000e+00 0.000000000000000000e+00
5.170000000000000000e+02 1.119423122232213927e+02 2.000000000000000000e+00 0.000000000000000000e+00
5.180000000000000000e+02 1.129499409377583703e+02 0.000000000000000000e+00 0.000000000000000000e+00
5.190000000000000000e+02 1.137790964476591284e+02 1.000000000000000000e+00 0.000000000000000000e+00
5.200000000000000000e+02 1.143667854412231719e+02 1.000000000000000000e+00 0.000000000000000000e+00
5.210000000000000000e+02 1.131947368040359123e+02 1.000000000000000000e+00 0.000000000000000000e+00
5.220000000000000000e+02 1.142318020620141112e+02 1.000000000000000000e+00 0.000000000000000000e+00
5.230000000000000000e+02 1.138707447980031162e+02 1.000000000000000000e+00 0.000000000000000000e+00
5.240000000000000000e+02 1.151179064243420527e+02 0.000000000000000000e+00 0.000000000000000000e+00
5.250000000000000000e+02 1.124746227873147575e+02 1.000000000000000000e+00 0.000000000000000000e+00
5.260000000000000000e+02 1.144273330289840942e+02 0.000000000000000000e+00 0.000000000000000000e+00
5.270000000000000000e+02 1.156974627869354322e+02 1.000000000000000000e+00 0.000000000000000000e+00
5.280000000000000000e+02 1.146919116817487776e+02 1.000000000000000000e+00 0.000000000000000000e+00
5.290000000000000000e+02 1.142748264811939833e+02 1.000000000000000000e+00 0.000000000000000000e+00
5.300000000000000000e+02 1.151716222992481136e+02 0.000000000000000000e+00 0.000000000000000000e+00
5.310000000000000000e+02 1.169430535456913418e+02 1.000000000000000000e+00 0.000000000000000000e+00
5.320000000000000000e+02 1.165598756169428754e+02 0.000000000000000000e+00 0.000000000000000000e+00
5.330000000000000000e+02 1.172383580938921170e+02 1.000000000000000000e+00 0.000000000000000000e+00
5.340000000000000000e+02 1.169870650808373256e+02 2.000000000000000000e+00 0.000000000000000000e+00
5.350000000000000000e+02 1.142071737636515962e+02 2.000000000000000000e+00 0.000000000000000000e+00
5.360000000000000000e+02 1.150177037147876717e+02 1.000000000000000000e+00 0.000000000000000000e+00
5.370000000000000000e+02 1.145891840378069162e+02 1.000000000000000000e+00 0.000000000000000000e+00
5.380000000000000000e+02 1.141072635000086279e+02 1.000000000000000000e+00 0.000000000000000000e+00
5.390000000000000000e+02 1.168919958487907849e+02 0.000000000000000000e+00 0.000000000000000000e+00
5.400000000000000000e+02 1.142376629016652601e+02 2.000000000000000000e+00 0.000000000000000000e+00
5.410000000000000000e+02 1.163221666621883799e+02 0.000000000000000000e+00 0.000000000000000000e+00
5.420000000000000000e+02 1.161791316390029039e+02 1.000000000000000000e+00 0.000000000000000000e+00
5.430000000000000000e+02 1.172532489115661178e+02 0.000000000000000000e+00 0.000000000000000000e+00
5.440000000000000000e+02 1.158069922344008802e+02 2.000000000000000000e+00 0.000000000000000000e+00
5.450000000000000000e+02 1.161248890973589170e+02 0.000000000000000000e+00 0.000000000000000000e+00
5.460000000000000000e+02 1.191230527730897393e+02 0.000000000000000000e+00 0.000000000000000000e+00
5.470000000000000000e+02 1.177517351377301509e+02 0.000000000000000000e+00 0.000000000000000000e+00
5.480000000000000000e+02 1.185235707087802410e+02 1.000000000000000000e+00 0.000000000000000000e+00
5.490000000000000000e+02 1.198570449773892364e+02 0.000000000000000000e+00 0.000000000000000000e+00
5.500000000000000000e+02 1.212874631967152794e+02 1.000000000000000000e+00 0.000000000000000000e+00
5.510000000000000000e+02 1.203167627898285019e+02 0.000000000000000000e+00 0.000000000000000000e+00
5.520000000000000000e+02 1.219008212339690118e+02 0.000000000000000000e+00 0.000000000000000000e+00
5.530000000000000000e+02 1.219660357346060380e+02 1.000000000000000000e+00 0.000000000000000000e+00
5.540000000000000000e+02 1.209053907788368036e+02 1.000000000000000000e+00 0.000000000000000000e+00
5.550000000000000000e+02 1.231598157170900691e+02 0.000000000000000000e+00 0.000000000000000000e+00
5.560000000000000000e+02 1.239230578028735152e+02 0.000000000000000000e+00 0.000000000000000000e+00
5.570000000000000000e+02 1.230655795380199891e+02 2.000000000000000000e+00 0.000000000000000000e+00
5.580000000000000000e+02 1.238663839649224627e+02 0.000000000000000000e+00 0.000000000000000000e+00
5.590000000000000000e+02 1.236026212746005513e+02 2.000000000000000000e+00 0.000000000000000000e+00
5.600000000000000000e+02 1.247260083581239911e+02 0.000000000000000000e+00 0.000000000000000000e+00
5.610000000000000000e+02 1.255185397254693243e+02 1.000000000000000000e+00 0.000000000000000000e+00
5.620000000000000000e+02 1.246080712273144400e+02 1.000000000000000000e+00 0.000000000000000000e+00
5.630000000000000000e+02 1.260884126899764794e+02 0.000000000000000000e+00 0.000000000000000000e+00
5.640000000000000000e+02 1.233815119650835754e+02 2.000000000000000000e+00 0.000000000000000000e+00
5.650000000000000000e+02 1.254730556898513214e+02 0.000000000000000000e+00 0.000000000000000000e+00
5.660000000000000000e+02 1.252173561787232217e+02 1.000000000000000000e+00 0.000000000000000000e+00
5.670000000000000000e+02 1.247682383194523084e+02 1.000000000000000000e+00 0.000000000000000000e+00
5.680000000000000000e+02 1.250283157780330185e+02 1.000000000000000000e+00 0.000000000000000000e+00
5.690000000000000000e+02 1.243444055783915587e+02 1.000000000000000000e+00 0.000000000000000000e+00
5.700000000000000000e+02 1.271310598722840410e+02 1.000000000000000000e+00 0.000000000000000000e+00
5.710000000000000000e+02 1.264702186716748713e+02 0.000000000000000000e+00 0.000000000000000000e+00
5.720000000000000000e+02 1.269902199751886229e+02 0.000000000000000000e+00 0.000000000000000000e+00
5.730000000000000000e+02 1.286586255744998653e+02 0.000000000000000000e+00 0.000000000000000000e+00
5.740000000000000000e+02 1.299717881000017030e+02 0.000000000000000000e+00 0.000000000000000000e+00
5.750000000000000000e+02 1.277601726112676772e+02 2.000000000000000000e+00 0.000000000000000000e+00
5.760000000000000000e+02 1.280315611921623997e+02 1.000000000000000000e+00 0.000000000000000000e+00
5.770000000000000000e+02 1.279803879208475337e+02 0.000000000000000000e+00 0.000000000000000000e+00
5.780000000000000000e+02 1.310351341720333380e+02 0.000000000000000000e+00 0.000000000000000000e+00
5.790000000000000000e+02 1.293943391957023721e+02 1.000000000000000000e+00 0.000000000000000000e+00
5.800000000000000000e+02 1.299331059028064601e+02 1.000000000000000000e+00 0.000000000000000000e+00
5.810000000000000000e+02 1.310364261645871693e+02 0.000000000000000000e+00 0.000000000000000000e+00
5.820000000000000000e+02 1.323684074495984362e+02 0.000000000000000000e+00 0.000000000000000000e+00
5.830000000000000000e+02 1.317958707480513851e+02 1.000000000000000000e+00 0.000000000000000000e+00
5.840000000000000000e+02 1.310445623269544342e+02 1.000000000000000000e+00 0.000000000000000000e+00
5.850000000000000000e+02 1.302269665486176962e+02 1.000000000000000000e+00 0.000000000000000000e+00
5.860000000000000000e+02 1.320373427062511951e+02 1.000000000000000000e+00 0.000000000000000000e+00
5.870000000000000000e+02 1.311191636643812330e+02 2.000000000000000000e+00 0.000000000000000000e+00
5.880000000000000000e+02 1.315031369639862362e+02 0.000000000000000000e+00 0.000000000000000000e+00
5.890000000000000000e+02 1.309441934442861566e+02 2.000000000000000000e+00 0.000000000000000000e+00
5.900000000000000000e+02 1.302662861154963991e+02 2.000000000000000000e+00 0.000000000000000000e+00
5.910000000000000000e+02 1.314672177289062063e+02 0.000000000000000000e+00 0.000000000000000000e+00
5.920000000000000000e+02 1.313962704298717483e+02 1.000000000000000000e+00 0.000000000000000000e+00
5.930000000000000000e+02 1.329632883266370698e+02 0.000000000000000000e+00 0.000000000000000000e+00
5.940000000000000000e+02 1.325522625014684195e+02 1.000000000000000000e+00 0.000000000000000000e+00
5.950000000000000000e+02 1.323831817921672496e+02 0.000000000000000000e+00 0.000000000000000000e+00
5.960000000000000000e+02 1.337564462431552101e+02 0.000000000000000000e+00 0.000000000000000000e+00
5.970000000000000000e+02 1.330766526832002512e+02 2.000000000000000000e+00 0.000000000000000000e+00
5.980000000000000000e+02 1.312841650121301313e+02 2.000000000000000000e+00 0.000000000000000000e+00
5.990000000000000000e+02 1.318607538609266783e+02 1.000000000000000000e+00 0.000000000000000000e+00
6.000000000000000000e+02 1.345805784428537777e+02 0.000000000000000000e+00 0.000000000000000000e+00
6.010000000000000000e+02 1.351706348245513709e+02 0.000000000000000000e+00 0.000000000000000000e+00
6.020000000000000000e+02 1.339684712236309849e+02 2.000000000000000000e+00 0.000000000000000000e+00
6.030000000000000000e+02 1.325098847628078147e+02 2.000000000000000000e+00 0.000000000000000000e+00
6.040000000000000000e+02 1.332960072221239045e+02 0.000000000000000000e+00 0.000000000000000000e+00
6.050000000000000000e+02 1.326048193121790177e+02 2.000000000000000000e+00 0.000000000000000000e+00
6.060000000000000000e+02 1.324652003685010300e+02 0.000000000000000000e+00 0.000000000000000000e+00
6.070000000000000000e+02 1.320145134313235076e+02 2.000000000000000000e+00 0.000000000000000000e+00
6.080000000000000000e+02 1.332477801541649569e+02 0.000000000000000000e+00 0.000000000000000000e+00
6.090000000000000000e+02 1.332321947358787497e+02 0.000000000000000000e+00 0.000000000000000000e+00
6.100000000000000000e+02 1.331128012573688579e+02 2.000000000000000000e+00 0.000000000000000000e+00
6.110000000000000000e+02 1.329287842340647217e+02 1.000000000000000000e+00 0.000000000000000000e+00
6.120000000000000000e+02 1.343228887698886638e+02 1.000000000000000000e+00 0.000000000000000000e+00
6.130000000000000000e+02 1.328662360331237835e+02 0.000000000000000000e+00 0.000000000000000000e+00
6.140000000000000000e+02 1.347895122031067956e+02 0.000000000000000000e+00 0.000000000000000000e+00
6.150000000000000000e+02 1.342915110321018801e+02 2.000000000000000000e+00 0.000000000000000000e+00
6.160000000000000000e+02 1.334354247139952747e+02 2.000000000000000000e+00 0.000000000000000000e+00
6.170000000000000000e+02 1.346068297839947263e+02 0.000000000000000000e+00 0.000000000000000000e+00
6.180000000000000000e+02 1.343041172976512598e+02 1.000000000000000000e+00 0.000000000000000000e+00
6.190000000000000000e+02 1.349538712560627403e+02 0.000000000000000000e+00 0.000000000000000000e+00
6.200000000000000000e+02 1.343711906243832743e+02 2.000000000000000000e+00 0.000000000000000000e+00
6.210000000000000000e+02 1.334102052907600751e+02 2.000000000000000000e+00 0.000000000000000000e+00
6.220000000000000000e+02 1.329215948815371178e+02 0.000000000000000000e+00 0.000000000000000000e+00
6.230000000000000000e+02 1.344996607151958585e+02 1.000000000000000000e+00 0.000000000000000000e+00
6.240000000000000000e+02 1.336801897985557162e+02 0.000000000000000000e+00 0.000000000000000000e+00
6.250000000000000000e+02 1.349037456131925694e+02 0.000000000000000000e+00 0.000000000000000000e+00
6.260000000000000000e+02 1.358077853492237352e+02 1.000000000000000000e+00 0.000000000000000000e+00
6.270000000000000000e+02 1.377090569235389523e+02 0.000000000000000000e+00 0.000000000000000000e+00
6.280000000000000000e+02 1.357339861350742751e+02 1.000000000000000000e+00 0.000000000000000000e+00
6.290000000000000000e+02 1.364566963602936482e+02 1.000000000000000000e+00 0.000000000000000000e+00
6.300000000000000000e+02 1.369700169432143184e+02 1.000000000000000000e+00 0.000000000000000000e+00
6.310000000000000000e+02 1.365196924895888060e+02 1.000000000000000000e+00 0.000000000000000000e+00
6.320000000000000000e+02 1.356489660928184549e+02 2.000000000000000000e+00 0.000000000000000000e+00
6.330000000000000000e+02 1.359871045238871545e+02 0.000000000000000000e+00 0.000000000000000000e+00
6.340000000000000000e+02 1.367121676043667264e+02 2.000000000000000000e+00 0.000000000000000000e+00
6.350000000000000000e+02 1.342107321371929629e+02 1.000000000000000000e+00 0.000000000000000000e+00
6.360000000000000000e+02 1.362812079656841604e+02 0.000000000000000000e+00 0.000000000000000000e+00
6.370000000000000000e+02 1.376415791610936026e+02 1.000000000000000000e+00 0.000000000000000000e+00
6.380000000000000000e+02 1.381039621752007633e+02 0.000000000000000000e+00 0.000000000000000000e+00
6.390000000000000000e+02 1.374606498407994764e+02 1.000000000000000000e+00 0.000000000000000000e+00
6.400000000000000000e+02 1.391310844253859216e+02 1.000000000000000000e+00 0.000000000000000000e+00
6.410000000000000000e+02 1.393354069388160212e+02 0.000000000000000000e+00 0.000000000000000000e+00
6.420000000000000000e+02 1.399233673404342824e+02 0.000000000000000000e+00 0.000000000000000000e+00
6.430000000000000000e+02 1.414442437608760486e+02 0.000000000000000000e+00 0.000000000000000000e+00
6.440000000000000000e+02 1.416606334428660148e+02 0.000000000000000000e+00 0.000000000000000000e+00
6.450000000000000000e+02 1.441102718510280454e+02 1.000000000000000000e+00 0.000000000000000000e+00
6.460000000000000000e+02 1.411813128459903339e+02 0.000000000000000000e+00 0.000000000000000000e+00
6.470000000000000000e+02 1.452187250360743747e+02 0.000000000000000000e+00 0.000000000000000000e+00
6.480000000000000000e+02 1.425770008516560665e+02 2.000000000000000000e+00 0.000000000000000000e+00
6.490000000000000000e+02 1.440586897732977434e+02 0.000000000000000000e+00 0.000000000000000000e+00
6.500000000000000000e+02 1.439432812178683605e+02 2.000000000000000000e+00 0.000000000000000000e+00
6.510000000000000000e+02 1.433446362333278898e+02 0.000000000000000000e+00 0.000000000000000000e+00
6.520000000000000000e+02 1.420375488810165621e+02 2.000000000000000000e+00 0.000000000000000000e+00
6.530000000000000000e+02 1.424977526858581598e+02 1.000000000000000000e+00 0.000000000000000000e+00
6.540000000000000000e+02 1.439260896574243986e+02 1.000000000000000000e+00 0.000000000000000000e+00
6.550000000000000000e+02 1.420666996603328869e+02 1.000000000000000000e+00 0.000000000000000000e+00
6.560000000000000000e+02 1.429853281680809971e+02 1.000000000000000000e+00 0.000000000000000000e+00
6.570000000000000000e+02 1.426387307799443249e+02 1.000000000000000000e+00 0.000000000000000000e+00
6.580000000000000000e+02 1.422392532963942529e+02 0.000000000000000000e+00 0.000000000000000000e+00
6.590000000000000000e+02 1.422194690566257691e+02 2.000000000000000000e+00 0.000000000000000000e+00
6.600000000000000000e+02 1.442350850179797703e+02 0.000000000000000000e+00 0.000000000000000000e+00
6.610000000000000000e+02 1.426633712491497192e+02 2.000000000000000000e+00 0.000000000000000000e+00
6.620000000000000000e+02 1.423418654900606555e+02 0.000000000000000000e+00 0.000000000000000000e+00
6.630000000000000000e+02 1.433206630305837734e+02 0.000000000000000000e+00 0.000000000000000000e+00
6.640000000000000000e+02 1.469773423180029113e+02 0.000000000000000000e+00 0.000000000000000000e+00
6.650000000000000000e+02 1.472440562433641276e+02 0.000000000000000000e+00 0.000000000000000000e+00
6.660000000000000000e+02 1.454472614951959599e+02 2.000000000000000000e+00 0.000000000000000000e+00
6.670000000000000000e+02 1.474566251184996304e+02 0.000000000000000000e+00 0.000000000000000000e+00
6.680000000000000000e+02 1.458174398514014456e+02 2.000000000000000000e+00 0.000000000000000000e+00
6.690000000000000000e+02 1.464971613236608903e+02 1.000000000000000000e+00 0.000000000000000000e+00
6.700000000000000000e+02 1.473680322862737739e+02 0.000000000000000000e+00 0.000000000000000000e+00
6.710000000000000000e+02 1.461310740842229166e+02 1.000000000000000000e+00 0.000000000000000000e+00
6.720000000000000000e+02 1.475763765276171569e+02 0.000000000000000000e+00 0.000000000000000000e+00
6.730000000000000000e+02 1.486000379185738893e+02 1.000000000000000000e+00 0.000000000000000000e+00
6.740000000000000000e+02 1.482926857463683064e+02 1.000000000000000000e+00 0.000000000000000000e+00
6.750000000000000000e+02 1.499212917109337866e+02 0.000000000000000000e+00 0.000000000000000000e+00
6.760000000000000000e+02 1.486080967790965985e+02 2.000000000000000000e+00 0.000000000000000000e+00
6.770000000000000000e+02 1.481627838477669457e+02 0.000000000000000000e+00 0.000000000000000000e+00
6.780000000000000000e+02 1.492407295969163386e+02 1.000000000000000000e+00 0.000000000000000000e+00
6.790000000000000000e+02 1.492302453094441432e+02 1.000000000000000000e+00 0.000000000000000000e+00
6.800000000000000000e+02 1.491823330395227174e+02 1.000000000000000000e+00 0.000000000000000000e+00
6.810000000000000000e+02 1.500345613014192452e+02 0.000000000000000000e+00 0.000000000000000000e+00
6.820000000000000000e+02 1.508258520045248474e+02 0.000000000000000000e+00 0.000000000000000000e+00
6.830000000000000000e+02 1.506065520846971424e+02 1.000000000000000000e+00 0.000000000000000000e+00
6.840000000000000000e+02 1.525768993685196335e+02 0.000000000000000000e+00 0.000000000000000000e+00
6.850000000000000000e+02 1.517532010394025122e+02 0.000000000000000000e+00 0.000000000000000000e+00
6.860000000000000000e+02 1.530194788409141040e+02 2.000000000000000000e+00 0.000000000000000000e+00
6.870000000000000000e+02 1.515125278336410872e+02 0.000000000000000000e+00 0.000000000000000000e+00
6.880000000000000000e+02 1.516003338810079413e+02 2.000000000000000000e+00 0.000000000000000000e+00
6.890000000000000000e+02 1.543308701081330128e+02 0.000000000000000000e+00 0.000000000000000000e+00
6.900000000000000000e+02 1.534741914470765209e+02 1.000000000000000000e+00 0.000000000000000000e+00
6.910000000000000000e+02 1.533550910012318127e+02 1.000000000000000000e+00 0.000000000000000000e+00
6.920000000000000000e+02 1.543487744239942003e+02 1.000000000000000000e+00 0.000000000000000000e+00
6.930000000000000000e+02 1.527403816258847939e+02 0.000000000000000000e+00 0.000000000000000000e+00
6.940000000000000000e+02 1.551893916355082865e+02 1.000000000000000000e+00 0.000000000000000000e+00
6.950000000000000000e+02 1.540350423082413442e+02 1.000000000000000000e+00 0.000000000000000000e+00
6.960000000000000000e+02 1.546164571623377810e+02 0.000000000000000000e+00 0.000000000000000000e+00
6.970000000000000000e+02 1.572401075653197609e+02 0.000000000000000000e+00 0.000000000000000000e+00
6.980000000000000000e+02 1.562034101669001984e+02 1.000000000000000000e+00 0.000000000000000000e+00
6.990000000000000000e+02 1.556193876384189991e+02 1.000000000000000000e+00 0.000000000000000000e+00
7.000000000000000000e+02 1.560044532920294102e+02 1.000000000000000000e+00 0.000000000000000000e+00
7.010000000000000000e+02 1.575020127725314865e+02 0.000000000000000000e+00 0.000000000000000000e+00
7.020000000000000000e+02 1.566200753528360394e+02 1.000000000000000000e+00 0.000000000000000000e+00
7.030000000000000000e+02 1.586937905514149634e+02 0.000000000000000000e+00 0.000000000000000000e+00
7.040000000000000000e+02 1.567525786879295424e+02 2.000000000000000000e+00 0.000000000000000000e+00
7.050000000000000000e+02 1.562516220436530148e+02 2.000000000000000000e+00 0.000000000000000000e+00
7.060000000000000000e+02 1.555873110900526513e+02 1.000000000000000000e+00 0.000000000000000000e+00
7.070000000000000000e+02 1.581852185604303145e+02 0.000000000000000000e+00 0.000000000000000000e+00
7.080000000000000000e+02 1.567450289398921086e+02 0.000000000000000000e+00 0.000000000000000000e+00
7.090000000000000000e+02 1.597989567565028892e+02 0.000000000000000000e+00 0.000000000000000000e+00
7.100000000000000000e+02 1.588535008373160053e+02 2.000000000000000000e+00 0.000000000000000000e+00
7.110000000000000000e+02 1.564661818042739014e+02 1.000000000000000000e+00 0.000000000000000000e+00
7.120000000000000000e+02 1.605027537313452513e+02 0.000000000000000000e+00 0.000000000000000000e+00
7.130000000000000000e+02 1.588263790654619925e+02 1.000000000000000000e+00 0.000000000000000000e+00
7.140000000000000000e+02 1.586072586705357139e+02 1.000000000000000000e+00 0.000000000000000000e+00
7.150000000000000000e+02 1.596321629820526482e+02 1.000000000000000000e+00 0.000000000000000000e+00
7.160000000000000000e+02 1.592016106872040950e+02 0.000000000000000000e+00 0.000000000000000000e+00
7.170000000000000000e+02 1.603112695475910243e+02 2.000000000000000000e+00 0.000000000000000000e+00
7.180000000000000000e+02 1.590264048027909496e+02 1.000000000000000000e+00 0.000000000000000000e+00
7.190000000000000000e+02 1.592173466337075922e+02 1.000000000000000000e+00 0.000000000000000000e+00
7.200000000000000000e+02 1.598321014695826534e+02 0.000000000000000000e+00 0.000000000000000000e+00
7.210000000000000000e+02 1.594232913003125987e+02 2.000000000000000000e+00 0.000000000000000000e+00
7.220000000000000000e+02 1.607685085322756890e+02 0.000000000000000000e+00 0.000000000000000000e+00
7.230000000000000000e+02 1.602000091057111035e+02 0.000000000000000000e+00 0.000000000000000000e+00
7.240000000000000000e+02 1.631579940291325386e+02 0.000000000000000000e+00 0.000000000000000000e+00
7.250000000000000000e+02 1.614634538126589121e+02 2.000000000000000000e+00 0.000000000000000000e+00
7.260000000000000000e+02 1.609818957968511484e+02 0.000000000000000000e+00 0.000000000000000000e+00
7.270000000000000000e+02 1.624446909284746425e+02 1.000000000000000000e+00 0.000000000000000000e+00
7.280000000000000000e+02 1.608948028279109224e+02 1.000000000000000000e+00 0.000000000000000000e+00
7.290000000000000000e+02 1.624829372085984858e+02 1.000000000000000000e+00 0.000000000000000000e+00
7.300000000000000000e+02 1.635282272717761884e+02 0.000000000000000000e+00 0.000000000000000000e+00
7.310000000000000000e+02 1.644094035375037208e+02 0.000000000000000000e+00 0.000000000000000000e+00
7.320000000000000000e+02 1.633013458198854266e+02 2.000000000000000000e+00 0.000000000000000000e+00
7.330000000000000000e+02 1.647926141350229159e+02 0.000000000000000000e+00 0.000000000000000000e+00
7.340000000000000000e+02 1.644564455651280639e+02 1.000000000000000000e+00 0.000000000000000000e+00
7.350000000000000000e+02 1.647702188113947557e+02 1.000000000000000000e+00 0.000000000000000000e+00
7.360000000000000000e+02 1.629086397432376998e+02 0.000000000000000000e+00 0.000000000000000000e+00
7.370000000000000000e+02 1.648664268001249411e+02 1.000000000000000000e+00 0.000000000000000000e+00
7.380000000000000000e+02 1.657960951753564700e+02 0.000000000000000000e+00 0.000000000000000000e+00
7.390000000000000000e+02 1.670273723759518134e+02 1.000000000000000000e+00 0.000000000000000000e+00
7.400000000000000000e+02 1.662274159772601365e+02 2.000000000000000000e+00 0.000000000000000000e+00
7.410000000000000000e+02 1.657707912119725222e+02 0.000000000000000000e+00 0.000000000000000000e+00
7.420000000000000000e+02 1.646365046321145371e+02 2.000000000000000000e+00 0.000000000000000000e+00
7.430000000000000000e+02 1.657938114145838711e+02 0.000000000000000000e+00 0.000000000000000000e+00
7.440000000000000000e+02 1.655290874376404986e+02 1.000000000000000000e+00 0.000000000000000000e+00
7.450000000000000000e+02 1.677995878460078245e+02 0.000000000000000000e+00 0.000000000000000000e+00
7.460000000000000000e+02 1.682070184311549497e+02 0.000000000000000000e+00 0.000000000000000000e+00
7.470000000000000000e+02 1.676016587759837364e+02 1.000000000000000000e+00 0.000000000000000000e+00
7.480000000000000000e+02 1.695419436198387189e+02 0.000000000000000000e+00 0.000000000000000000e+00
7.490000000000000000e+02 1.699776866160795237e+02 2.000000000000000000e+00 0.000000000000000000e+00
7.500000000000000000e+02 1.687438385139627712e+02 0.000000000000000000e+00 0.000000000000000000e+00
7.510000000000000000e+02 1.675046123259225510e+02 2.000000000000000000e+00 0.000000000000000000e+00
7.520000000000000000e+02 1.700322786063505305e+02 0.000000000000000000e+00 0.000000000000000000e+00
7.530000000000000000e+02 1.697508423434751990e+02 1.000000000000000000e+00 0.000000000000000000e+00
7.540000000000000000e+02 1.699215551634372616e+02 0.000000000000000000e+00 0.000000000000000000e+00
7.550000000000000000e+02 1.697108714661206932e+02 1.000000000000000000e+00 0.000000000000000000e+00
7.560000000000000000e+02 1.722546950475492622e+02 0.000000000000000000e+00 0.000000000000000000e+00
7.570000000000000000e+02 1.716534718632941292e+02 0.000000000000000000e+00 0.000000000000000000e+00
7.580000000000000000e+02 1.707684988321398407e+02 2.000000000000000000e+00 0.000000000000000000e+00
7.590000000000000000e+02 1.729523537140764802e+02 0.000000000000000000e+00 0.000000000000000000e+00
7.600000000000000000e+02 1.716864270194091944e+02 1.000000000000000000e+00 0.000000000000000000e+00
7.610000000000000000e+02 1.731192954850408796e+02 0.000000000000000000e+00 0.000000000000000000e+00
7.620000000000000000e+02 1.719380582986204615e+02 1.000000000000000000e+00 0.000000000000000000e+00
7.630000000000000000e+02 1.735434252818853906e+02 0.000000000000000000e+00 0.000000000000000000e+00
7.640000000000000000e+02 1.750126552079483417e+02 0.000000000000000000e+00 0.000000000000000000e+00
7.650000000000000000e+02 1.740225689479936193e+02 2.000000000000000000e+00 0.000000000000000000e+00
7.660000000000000000e+02 1.742120834127124738e+02 2.000000000000000000e+00 0.000000000000000000e+00
7.670000000000000000e+02 1.740076562931131150e+02 0.000000000000000000e+00 0.000000000000000000e+00
7.680000000000000000e+02 1.748213414783786277e+02 0.000000000000000000e+00 0.000000000000000000e+00
7.690000000000000000e+02 1.743861368499913453e+02 1.000000000000000000e+00 0.000000000000000000e+00
7.700000000000000000e+02 1.746206843979444443e+02 2.000000000000000000e+00 0.000000000000000000e+00
7.710000000000000000e+02 1.729076018584846111e+02 2.000000000000000000e+00 0.000000000000000000e+00
7.720000000000000000e+02 1.743833098228281813e+02 0.000000000000000000e+00 0.000000000000000000e+00
7.730000000000000000e+02 1.718927352762640623e+02 2.000000000000000000e+00 0.000000000000000000e+00
7.740000000000000000e+02 1.738083621203326175e+02 0.000000000000000000e+00 0.000000000000000000e+00
7.750000000000000000e+02 1.748005410315966799e+02 0.000000000000000000e+00 0.000000000000000000e+00
7.760000000000000000e+02 1.744089041815843473e+02 0.000000000000000000e+00 0.000000000000000000e+00
7.770000000000000000e+02 1.768375045784017345e+02 1.000000000000000000e+00 0.000000000000000000e+00
7.780000000000000000e+02 1.771003306200709062e+02 0.000000000000000000e+00 0.000000000000000000e+00
7.790000000000000000e+02 1.772078650552880106e+02 1.000000000000000000e+00 0.000000000000000000e+00
7.800000000000000000e+02 1.772568196989221860e+02 1.000000000000000000e+00 0.000000000000000000e+00
7.810000000000000000e+02 1.779532161770097787e+02 1.000000000000000000e+00 0.000000000000000000e+00
7.820000000000000000e+02 1.766812440609897124e+02 1.000000000000000000e+00 0.000000000000000000e+00
7.830000000000000000e+02 1.775853785029881919e+02 0.000000000000000000e+00 0.000000000000000000e+00
7.840000000000000000e+02 1.759055448213013619e+02 2.000000000000000000e+00 0.000000000000000000e+00
7.850000000000000000e+02 1.772299565973682718e+02 0.000000000000000000e+00 0.000000000000000000e+00
7.860000000000000000e+02 1.784613894991839800e+02 1.000000000000000000e+00 0.000000000000000000e+00
7.870000000000000000e+02 1.779147698870517331e+02 0.000000000000000000e+00 0.000000000000000000e+00
7.880000000000000000e+02 1.790409552663501529e+02 1.000000000000000000e+00 0.000000000000000000e+00
7.890000000000000000e+02 1.790118717247032407e+02 1.000000000000000000e+00 0.000000000000000000e+00
7.900000000000000000e+02 1.779629803294213843e+02 1.000000000000000000e+00 0.000000000000000000e+00
7.910000000000000000e+02 1.793410006362382489e+02 1.000000000000000000e+00 0.000000000000000000e+00
7.920000000000000000e+02 1.812538080259411970e+02 0.000000000000000000e+00 0.000000000000000000e+00
7.930000000000000000e+02 1.796431125260738497e+02 1.000000000000000000e+00 0.000000000000000000e+00
7.940000000000000000e+02 1.807643802671663025e+02 0.000000000000000000e+00 0.000000000000000000e+00
7.950000000000000000e+02 1.795111684800421585e+02 2.000000000000000000e+00 0.000000000000000000e+00
7.960000000000000000e+02 1.799896276457438944e+02 0.000000000000000000e+00 0.000000000000000000e+00
7.970000000000000000e+02 1.783990349310991803e+02 2.000000000000000000e+00 0.000000000000000000e+00
7.980000000000000000e+02 1.804182155445777198e+02 0.000000000000000000e+00 0.000000000000000000e+00
7.990000000000000000e+02 1.791883462444511395e+02 1.000000000000000000e+00 0.000000000000000000e+00
8.000000000000000000e+02 1.806777806449093475e+02 0.000000000000000000e+00 0.000000000000000000e+00
