time	position	state	ATP_bound
1.000000000000000000e+00 2.942264163255640330e+00 0.000000000000000000e+00 0.000000000000000000e+00
2.000000000000000000e+00 1.781265864742991756e+00 0.000000000000000000e+00 0.000000000000000000e+00
3.000000000000000000e+00 1.633154586502875594e+00 2.000000000000000000e+00 0.000000000000000000e+00
4.000000000000000000e+00 1.225300272907732690e+00 1.000000000000000000e+00 0.000000000000000000e+00
5.000000000000000000e+00 1.776818857772981985e+00 0.000000000000000000e+00 0.000000000000000000e+00
6.000000000000000000e+00 1.936705773346656390e+00 1.000000000000000000e+00 0.000000000000000000e+00
7.000000000000000000e+00 3.734863949755035328e+00 1.000000000000000000e+00 0.000000000000000000e+00
8.000000000000000000e+00 2.296545995164097853e+00 0.000000000000000000e+00 0.000000000000000000e+00
9.000000000000000000e+00 2.122512924075157237e+00 1.000000000000000000e+00 0.000000000000000000e+00
1.000000000000000000e+01 3.523193055695808873e+00 0.000000000000000000e+00 0.000000000000000000e+00
1.100000000000000000e+01 3.898760174549865898e+00 2.000000000000000000e+00 0.000000000000000000e+00
1.200000000000000000e+01 1.501136752383868345e+00 2.000000000000000000e+00 0.000000000000000000e+00
1.300000000000000000e+01 2.223443612506022848e+00 1.000000000000000000e+00 0.000000000000000000e+00
1.400000000000000000e+01 2.077516677860939964e+00 1.000000000000000000e+00 0.000000000000000000e+00
1.500000000000000000e+01 3.474806416938818199e+00 0.000000000000000000e+00 0.000000000000000000e+00
1.600000000000000000e+01 2.219382581247888453e+00 2.000000000000000000e+00 0.000000000000000000e+00
1.700000000000000000e+01 2.646240113755952361e+00 1.000000000000000000e+00 0.000000000000000000e+00
1.800000000000000000e+01 4.055536423051990802e+00 0.000000000000000000e+00 0.000000000000000000e+00
1.900000000000000000e+01 3.148381724536159609e+00 2.000000000000000000e+00 0.000000000000000000e+00
2.000000000000000000e+01 2.174010214493828475e+00 2.000000000000000000e+00 0.000000000000000000e+00
2.100000000000000000e+01 1.320361210037459543e-01 0.000000000000000000e+00 0.000000000000000000e+00
2.200000000000000000e+01 1.726561964567940199e+00 1.000000000000000000e+00 0.000000000000000000e+00
2.300000000000000000e+01 1.678636687325784971e+00 1.000000000000000000e+00 0.000000000000000000e+00
2.400000000000000000e+01 1.759183278836010444e+00 1.000000000000000000e+00 0.000000000000000000e+00
2.500000000000000000e+01 1.512038285093336265e+00 1.000000000000000000e+00 0.000000000000000000e+00
2.600000000000000000e+01 3.286286644290075998e+00 0.000000000000000000e+00 0.000000000000000000e+00
2.700000000000000000e+01 3.262457974317445775e+00 0.000000000000000000e+00 0.000000000000000000e+00
2.800000000000000000e+01 4.396102399454162146e+00 1.000000000000000000e+00 0.000000000000000000e+00
2.900000000000000000e+01 4.149717226101903300e+00 1.000000000000000000e+00 0.000000000000000000e+00
3.000000000000000000e+01 4.077655355485951816e+00 1.000000000000000000e+00 0.000000000000000000e+00
3.100000000000000000e+01 2.919384072627778881e+00 2.000000000000000000e+00 0.000000000000000000e+00
3.200000000000000000e+01 2.426827467108500169e+00 2.000000000000000000e+00 0.000000000000000000e+00
3.300000000000000000e+01 1.580942994763506970e+00 2.000000000000000000e+00 0.000000000000000000e+00
3.400000000000000000e+01 3.015537284861888878e-01 0.000000000000000000e+00 0.000000000000000000e+00
3.500000000000000000e+01 2.618064306932040175e+00 0.000000000000000000e+00 0.000000000000000000e+00
3.600000000000000000e+01 1.516796817983770307e+00 2.000000000000000000e+00 0.000000000000000000e+00
3.700000000000000000e+01 2.005870101743090217e+00 0.000000000000000000e+00 0.000000000000000000e+00
3.800000000000000000e+01 9.165490927317669900e-01 2.000000000000000000e+00 0.000000000000000000e+00
3.900000000000000000e+01 1.914876774147665772e+00 1.000000000000000000e+00 0.000000000000000000e+00
4.000000000000000000e+01 2.532874939775960677e+00 1.000000000000000000e+00 0.000000000000000000e+00
4.100000000000000000e+01 2.911385122505095513e+00 0.000000000000000000e+00 0.000000000000000000e+00
4.200000000000000000e+01 1.708884093363025602e+00 2.000000000000000000e+00 0.000000000000000000e+00
4.300000000000000000e+01 2.510859411637093253e+00 0.000000000000000000e+00 0.000000000000000000e+00
4.400000000000000000e+01 4.836114509247256166e+00 0.000000000000000000e+00 0.000000000000000000e+00
4.500000000000000000e+01 3.780852621131035374e+00 2.000000000000000000e+00 0.000000000000000000e+00
4.600000000000000000e+01 2.074503365403532751e+00 2.000000000000000000e+00 0.000000000000000000e+00
4.700000000000000000e+01 1.986268769081309449e+00 1.000000000000000000e+00 0.000000000000000000e+00
4.800000000000000000e+01 3.182270067371816502e+00 0.000000000000000000e+00 0.000000000000000000e+00
4.900000000000000000e+01 3.779725390811667474e+00 1.000000000000000000e+00 0.000000000000000000e+00
5.000000000000000000e+01 2.887398317037404460e+00 0.000000000000000000e+00 0.000000000000000000e+00
5.100000000000000000e+01 4.350001345524786345e+00 1.000000000000000000e+00 0.000000000000000000e+00
5.200000000000000000e+01 3.921233611424009169e+00 0.000000000000000000e+00 0.000000000000000000e+00
5.300000000000000000e+01 3.440628910369522231e+00 2.000000000000000000e+00 0.000000000000000000e+00
5.400000000000000000e+01 1.798719492292549571e+00 2.000000000000000000e+00 0.000000000000000000e+00
5.500000000000000000e+01 3.019094689790753350e+00 1.000000000000000000e+00 0.000000000000000000e+00
5.600000000000000000e+01 3.955412257531577325e+00 0.000000000000000000e+00 0.000000000000000000e+00
5.700000000000000000e+01 4.868948535044879122e+00 1.000000000000000000e+00 0.000000000000000000e+00
5.800000000000000000e+01 3.701034410344004044e+00 1.000000000000000000e+00 0.000000000000000000e+00
5.900000000000000000e+01 3.295228105924211448e+00 2.000000000000000000e+00 0.000000000000000000e+00
6.000000000000000000e+01 3.686372062692113705e+00 1.000000000000000000e+00 0.000000000000000000e+00
6.100000000000000000e+01 1.954935924534901392e+00 0.000000000000000000e+00 0.000000000000000000e+00
6.200000000000000000e+01 4.918228248464036056e+00 0.000000000000000000e+00 0.000000000000000000e+00
6.300000000000000000e+01 5.870948565069987524e+00 0.000000000000000000e+00 0.000000000000000000e+00
6.400000000000000000e+01 6.234553428935159403e+00 0.000000000000000000e+00 0.000000000000000000e+00
6.500000000000000000e+01 7.477455265861844502e+00 0.000000000000000000e+00 0.000000000000000000e+00
6.600000000000000000e+01 9.557972713483918525e+00 0.000000000000000000e+00 0.000000000000000000e+00
6.700000000000000000e+01 9.087044107374932622e+00 0.000000000000000000e+00 0.000000000000000000e+00
6.800000000000000000e+01 8.929430223223537411e+00 2.000000000000000000e+00 0.000000000000000000e+00
6.900000000000000000e+01 1.054091890723154279e+01 0.000000000000000000e+00 0.000000000000000000e+00
7.000000000000000000e+01 1.116371691562690849e+01 0.000000000000000000e+00 0.000000000000000000e+00
7.100000000000000000e+01 1.093207574095034929e+01 2.000000000000000000e+00 0.000000000000000000e+00
7.200000000000000000e+01 1.044203568292543416e+01 1.000000000000000000e+00 0.000000000000000000e+00
7.300000000000000000e+01 1.146476378298735455e+01 0.000000000000000000e+00 0.000000000000000000e+00
7.400000000000000000e+01 1.050871610952832391e+01 2.000000000000000000e+00 0.000000000000000000e+00
7.500000000000000000e+01 1.065210839283370170e+01 2.000000000000000000e+00 0.000000000000000000e+00
7.600000000000000000e+01 8.482466824350204604e+00 2.000000000000000000e+00 0.000000000000000000e+00
7.700000000000000000e+01 8.306598744521334510e+00 0.000000000000000000e+00 0.000000000000000000e+00
7.800000000000000000e+01 8.702748797618806265e+00 1.000000000000000000e+00 0.000000000000000000e+00
7.900000000000000000e+01 9.365226720229959056e+00 0.000000000000000000e+00 0.000000000000000000e+00
8.000000000000000000e+01 1.093908694422168004e+01 0.000000000000000000e+00 0.000000000000000000e+00
8.100000000000000000e+01 1.121188667016673435e+01 1.000000000000000000e+00 0.000000000000000000e+00
8.200000000000000000e+01 9.286402597171623086e+00 2.000000000000000000e+00 0.000000000000000000e+00
8.300000000000000000e+01 1.171899383610723788e+01 0.000000000000000000e+00 0.000000000000000000e+00
8.400000000000000000e+01 1.254720191160636666e+01 0.000000000000000000e+00 0.000000000000000000e+00
8.500000000000000000e+01 1.042746026511127155e+01 2.000000000000000000e+00 0.000000000000000000e+00
8.600000000000000000e+01 9.490662216649013772e+00 2.000000000000000000e+00 0.000000000000000000e+00
8.700000000000000000e+01 1.052614811399384465e+01 1.000000000000000000e+00 0.000000000000000000e+00
8.800000000000000000e+01 8.350992658271046309e+00 2.000000000000000000e+00 0.000000000000000000e+00
8.900000000000000000e+01 9.310261496611083487e+00 0.000000000000000000e+00 0.000000000000000000e+00
9.000000000000000000e+01 9.449226318800285185e+00 2.000000000000000000e+00 0.000000000000000000e+00
9.100000000000000000e+01 9.458985140448996631e+00 1.000000000000000000e+00 0.000000000000000000e+00
9.200000000000000000e+01 9.594345547617807668e+00 1.000000000000000000e+00 0.000000000000000000e+00
9.300000000000000000e+01 9.908872528513887445e+00 0.000000000000000000e+00 0.000000000000000000e+00
9.400000000000000000e+01 1.105967618654010920e+01 1.000000000000000000e+00 0.000000000000000000e+00
9.500000000000000000e+01 1.046073208462813220e+01 0.000000000000000000e+00 0.000000000000000000e+00
9.600000000000000000e+01 1.162664252016884703e+01 1.000000000000000000e+00 0.000000000000000000e+00
9.700000000000000000e+01 9.953185206613863301e+00 1.000000000000000000e+00 0.000000000000000000e+00
9.800000000000000000e+01 1.089614167846716164e+01 2.000000000000000000e+00 0.000000000000000000e+00
9.900000000000000000e+01 1.076368970618804966e+01 0.000000000000000000e+00 0.000000000000000000e+00
1.000000000000000000e+02 1.202132865204635692e+01 1.000000000000000000e+00 0.000000000000000000e+00
1.010000000000000000e+02 1.219947050334911687e+01 0.000000000000000000e+00 0.000000000000000000e+00
1.020000000000000000e+02 1.186843570056095487e+01 0.000000000000000000e+00 0.000000000000000000e+00
1.030000000000000000e+02 1.322597477494212725e+01 2.000000000000000000e+00 0.000000000000000000e+00
1.040000000000000000e+02 1.308453889256565716e+01 0.000000000000000000e+00 0.000000000000000000e+00
1.050000000000000000e+02 1.185844782530008423e+01 2.000000000000000000e+00 0.000000000000000000e+00
1.060000000000000000e+02 1.083374457050280526e+01 2.000000000000000000e+00 0.000000000000000000e+00
1.070000000000000000e+02 1.207760531901134549e+01 0.000000000000000000e+00 0.000000000000000000e+00
1.080000000000000000e+02 1.061337422622480808e+01 2.000000000000000000e+00 0.000000000000000000e+00
1.090000000000000000e+02 9.537979946420433564e+00 2.000000000000000000e+00 0.000000000000000000e+00
1.100000000000000000e+02 9.028688328722447309e+00 2.000000000000000000e+00 0.000000000000000000e+00
1.110000000000000000e+02 9.512320568332533810e+00 0.000000000000000000e+00 0.000000000000000000e+00
1.120000000000000000e+02 8.300374731812695472e+00 2.000000000000000000e+00 0.000000000000000000e+00
1.130000000000000000e+02 1.075103115121521213e+01 0.000000000000000000e+00 0.000000000000000000e+00
1.140000000000000000e+02 9.798219415091566020e+00 1.000000000000000000e+00 0.000000000000000000e+00
1.150000000000000000e+02 1.014889350026270698e+01 1.000000000000000000e+00 0.000000000000000000e+00
1.160000000000000000e+02 9.370313487731124269e+00 2.000000000000000000e+00 0.000000000000000000e+00
1.170000000000000000e+02 8.098383357405372962e+00 2.000000000000000000e+00 0.000000000000000000e+00
1.180000000000000000e+02 8.423543222898636884e+00 0.000000000000000000e+00 0.000000000000000000e+00
1.190000000000000000e+02 9.223440687322028708e+00 2.000000000000000000e+00 0.000000000000000000e+00
1.200000000000000000e+02 9.076414078435810495e+00 0.000000000000000000e+00 0.000000000000000000e+00
1.210000000000000000e+02 1.088580537506239487e+01 0.000000000000000000e+00 0.000000000000000000e+00
1.220000000000000000e+02 1.033187234380668684e+01 0.000000000000000000e+00 0.000000000000000000e+00
1.230000000000000000e+02 1.146203948547584517e+01 1.000000000000000000e+00 0.000000000000000000e+00
1.240000000000000000e+02 1.124820279480608320e+01 1.000000000000000000e+00 0.000000000000000000e+00
1.250000000000000000e+02 1.282776887399358223e+01 0.000000000000000000e+00 0.000000000000000000e+00
1.260000000000000000e+02 1.105668543187391428e+01 2.000000000000000000e+00 0.000000000000000000e+00
1.270000000000000000e+02 1.381732075247892233e+01 0.000000000000000000e+00 0.000000000000000000e+00
1.280000000000000000e+02 1.150866452990159772e+01 2.000000000000000000e+00 0.000000000000000000e+00
1.290000000000000000e+02 1.287478400162618186e+01 0.000000000000000000e+00 0.000000000000000000e+00
1.300000000000000000e+02 1.357785351509347826e+01 0.000000000000000000e+00 0.000000000000000000e+00
1.310000000000000000e+02 1.218954556796672506e+01 2.000000000000000000e+00 0.000000000000000000e+00
1.320000000000000000e+02 1.264699539955523910e+01 1.000000000000000000e+00 0.000000000000000000e+00
1.330000000000000000e+02 1.146135585442289262e+01 2.000000000000000000e+00 0.000000000000000000e+00
1.340000000000000000e+02 1.012935264253896328e+01 2.000000000000000000e+00 0.000000000000000000e+00
1.350000000000000000e+02 1.023020208186433955e+01 1.000000000000000000e+00 0.000000000000000000e+00
1.360000000000000000e+02 1.014538987804798609e+01 0.000000000000000000e+00 0.000000000000000000e+00
1.370000000000000000e+02 9.509139098305984916e+00 1.000000000000000000e+00 0.000000000000000000e+00
1.380000000000000000e+02 9.036335123226185928e+00 2.000000000000000000e+00 0.000000000000000000e+00
1.390000000000000000e+02 9.796521528190829997e+00 1.000000000000000000e+00 0.000000000000000000e+00
1.400000000000000000e+02 8.718612185616885668e+00 2.000000000000000000e+00 0.000000000000000000e+00
1.410000000000000000e+02 1.030241794351904083e+01 0.000000000000000000e+00 0.000000000000000000e+00
1.420000000000000000e+02 8.191677102433237323e+00 1.000000000000000000e+00 0.000000000000000000e+00
1.430000000000000000e+02 1.035255035922382483e+01 1.000000000000000000e+00 0.000000000000000000e+00
1.440000000000000000e+02 1.029012568356690949e+01 1.000000000000000000e+00 0.000000000000000000e+00
1.450000000000000000e+02 9.767160121624050007e+00 1.000000000000000000e+00 0.000000000000000000e+00
1.460000000000000000e+02 1.047097346761842829e+01 0.000000000000000000e+00 0.000000000000000000e+00
1.470000000000000000e+02 1.023089997716258104e+01 2.000000000000000000e+00 0.000000000000000000e+00
1.480000000000000000e+02 1.084089372468447898e+01 0.000000000000000000e+00 0.000000000000000000e+00
1.490000000000000000e+02 1.211351862418830549e+01 0.000000000000000000e+00 0.000000000000000000e+00
1.500000000000000000e+02 1.335539828902598813e+01 1.000000000000000000e+00 0.000000000000000000e+00
1.510000000000000000e+02 1.213047916000968485e+01 1.000000000000000000e+00 0.000000000000000000e+00
1.520000000000000000e+02 1.118622079690353743e+01 1.000000000000000000e+00 0.000000000000000000e+00
1.530000000000000000e+02 1.144856341222400076e+01 1.000000000000000000e+00 0.000000000000000000e+00
1.540000000000000000e+02 1.245345972159731929e+01 0.000000000000000000e+00 0.000000000000000000e+00
1.550000000000000000e+02 1.321113347410372896e+01 0.000000000000000000e+00 0.000000000000000000e+00
1.560000000000000000e+02 1.325507637255986992e+01 1.000000000000000000e+00 0.000000000000000000e+00
1.570000000000000000e+02 1.543377838497853993e+01 0.000000000000000000e+00 0.000000000000000000e+00
1.580000000000000000e+02 1.427991500921123702e+01 1.000000000000000000e+00 0.000000000000000000e+00
1.590000000000000000e+02 1.430300267905197131e+01 1.000000000000000000e+00 0.000000000000000000e+00
1.600000000000000000e+02 1.618830737102106809e+01 0.000000000000000000e+00 0.000000000000000000e+00
1.610000000000000000e+02 1.531289476648507630e+01 2.000000000000000000e+00 0.000000000000000000e+00
1.620000000000000000e+02 1.397712314998599403e+01 2.000000000000000000e+00 0.000000000000000000e+00
1.630000000000000000e+02 1.272545898295169842e+01 2.000000000000000000e+00 0.000000000000000000e+00
1.640000000000000000e+02 1.417520367221092137e+01 0.000000000000000000e+00 0.000000000000000000e+00
1.650000000000000000e+02 1.378935595958960292e+01 2.000000000000000000e+00 0.000000000000000000e+00
1.660000000000000000e+02 1.475365879276106718e+01 0.000000000000000000e+00 0.000000000000000000e+00
1.670000000000000000e+02 1.564972031752588855e+01 0.000000000000000000e+00 0.000000000000000000e+00
1.680000000000000000e+02 1.398623204621594240e+01 1.000000000000000000e+00 0.000000000000000000e+00
1.690000000000000000e+02 1.630038372830965798e+01 0.000000000000000000e+00 0.000000000000000000e+00
1.700000000000000000e+02 1.592913999715155882e+01 2.000000000000000000e+00 0.000000000000000000e+00
1.710000000000000000e+02 1.422695886145688959e+01 0.000000000000000000e+00 0.000000000000000000e+00
1.720000000000000000e+02 1.598928919013347461e+01 2.000000000000000000e+00 0.000000000000000000e+00
1.730000000000000000e+02 1.568242255406056884e+01 0.000000000000000000e+00 0.000000000000000000e+00
1.740000000000000000e+02 1.885342949066012963e+01 0.000000000000000000e+00 0.000000000000000000e+00
1.750000000000000000e+02 1.660860119237413102e+01 1.000000000000000000e+00 0.000000000000000000e+00
1.760000000000000000e+02 1.608328541670400114e+01 1.000000000000000000e+00 0.000000000000000000e+00
1.770000000000000000e+02 1.837448149948658838e+01 0.000000000000000000e+00 0.000000000000000000e+00
1.780000000000000000e+02 1.728462357134109340e+01 1.000000000000000000e+00 0.000000000000000000e+00
1.790000000000000000e+02 1.925227797182432710e+01 1.000000000000000000e+00 0.000000000000000000e+00
1.800000000000000000e+02 1.866107821364071739e+01 0.000000000000000000e+00 0.000000000000000000e+00
1.810000000000000000e+02 1.912264762661231288e+01 1.000000000000000000e+00 0.000000000000000000e+00
1.820000000000000000e+02 1.968279133250803525e+01 1.000000000000000000e+00 0.000000000000000000e+00
1.830000000000000000e+02 1.757994818359221512e+01 2.000000000000000000e+00 0.000000000000000000e+00
1.840000000000000000e+02 2.025731911758915871e+01 0.000000000000000000e+00 0.000000000000000000e+00
1.850000000000000000e+02 1.852378960837734567e+01 2.000000000000000000e+00 0.000000000000000000e+00
1.860000000000000000e+02 1.879734939030661778e+01 0.000000000000000000e+00 0.000000000000000000e+00
1.870000000000000000e+02 1.876663112705044867e+01 2.000000000000000000e+00 0.000000000000000000e+00
1.880000000000000000e+02 1.806207902825610745e+01 1.000000000000000000e+00 0.000000000000000000e+00
1.890000000000000000e+02 2.037003742008063867e+01 0.000000000000000000e+00 0.000000000000000000e+00
1.900000000000000000e+02 1.907181403677971332e+01 0.000000000000000000e+00 0.000000000000000000e+00
1.910000000000000000e+02 2.098832654566989930e+01 0.000000000000000000e+00 0.000000000000000000e+00
1.920000000000000000e+02 2.201380591633087391e+01 0.000000000000000000e+00 0.000000000000000000e+00
1.930000000000000000e+02 2.223700298512851958e+01 2.000000000000000000e+00 0.000000000000000000e+00
1.940000000000000000e+02 2.166508190856318095e+01 1.000000000000000000e+00 0.000000000000000000e+00
1.950000000000000000e+02 1.998057013297455953e+01 1.000000000000000000e+00 0.000000000000000000e+00
1.960000000000000000e+02 2.193885002935981632e+01 0.000000000000000000e+00 0.000000000000000000e+00
1.970000000000000000e+02 2.380673414090718154e+01 0.000000000000000000e+00 0.000000000000000000e+00
1.980000000000000000e+02 2.259717545819994200e+01 1.000000000000000000e+00 0.000000000000000000e+00
1.990000000000000000e+02 2.440093157298958104e+01 0.000000000000000000e+00 0.000000000000000000e+00
2.000000000000000000e+02 2.454672004466671709e+01 0.000000000000000000e+00 0.000000000000000000e+00
2.010000000000000000e+02 2.574880228643027280e+01 1.000000000000000000e+00 0.000000000000000000e+00
2.020000000000000000e+02 2.563527261247802969e+01 0.000000000000000000e+00 0.000000000000000000e+00
2.030000000000000000e+02 2.752210080426318584e+01 0.000000000000000000e+00 0.000000000000000000e+00
2.040000000000000000e+02 2.826826982748757189e+01 1.000000000000000000e+00 0.000000000000000000e+00
2.050000000000000000e+02 2.722336178708167154e+01 1.000000000000000000e+00 0.000000000000000000e+00
2.060000000000000000e+02 2.742267027667087120e+01 0.000000000000000000e+00 0.000000000000000000e+00
2.070000000000000000e+02 2.864443465350393581e+01 0.000000000000000000e+00 0.000000000000000000e+00
2.080000000000000000e+02 2.988014304078498640e+01 0.000000000000000000e+00 0.000000000000000000e+00
2.090000000000000000e+02 3.164435995961196824e+01 1.000000000000000000e+00 0.000000000000000000e+00
2.100000000000000000e+02 3.136066740550286980e+01 1.000000000000000000e+00 0.000000000000000000e+00
2.110000000000000000e+02 2.931845702635248685e+01 1.000000000000000000e+00 0.000000000000000000e+00
2.120000000000000000e+02 2.861650645709320884e+01 2.000000000000000000e+00 0.000000000000000000e+00
2.130000000000000000e+02 2.827078156517543306e+01 1.000000000000000000e+00 0.000000000000000000e+00
2.140000000000000000e+02 2.947884578193977489e+01 0.000000000000000000e+00 0.000000000000000000e+00
2.150000000000000000e+02 3.027290905830686896e+01 1.000000000000000000e+00 0.000000000000000000e+00
2.160000000000000000e+02 3.128256241285643924e+01 0.000000000000000000e+00 0.000000000000000000e+00
2.170000000000000000e+02 3.261219231459293866e+01 0.000000000000000000e+00 0.000000000000000000e+00
2.180000000000000000e+02 3.276523215447272719e+01 1.000000000000000000e+00 0.000000000000000000e+00
2.190000000000000000e+02 3.241789446266182750e+01 0.000000000000000000e+00 0.000000000000000000e+00
2.200000000000000000e+02 3.424539292897522813e+01 1.000000000000000000e+00 0.000000000000000000e+00
2.210000000000000000e+02 3.062526870962527425e+01 2.000000000000000000e+00 0.000000000000000000e+00
2.220000000000000000e+02 3.279338388541034988e+01 0.000000000000000000e+00 0.000000000000000000e+00
2.230000000000000000e+02 3.351725692888722818e+01 0.000000000000000000e+00 0.000000000000000000e+00
2.240000000000000000e+02 3.377413355180321020e+01 1.000000000000000000e+00 0.000000000000000000e+00
2.250000000000000000e+02 3.385232123045015840e+01 1.000000000000000000e+00 0.000000000000000000e+00
2.260000000000000000e+02 3.493598564759670921e+01 0.000000000000000000e+00 0.000000000000000000e+00
2.270000000000000000e+02 3.403869055327837856e+01 2.000000000000000000e+00 0.000000000000000000e+00
2.280000000000000000e+02 3.479643457307786747e+01 0.000000000000000000e+00 0.000000000000000000e+00
2.290000000000000000e+02 3.452398618814767417e+01 1.000000000000000000e+00 0.000000000000000000e+00
2.300000000000000000e+02 3.630822353368029098e+01 0.000000000000000000e+00 0.000000000000000000e+00
2.310000000000000000e+02 3.660417777265214312e+01 0.000000000000000000e+00 0.000000000000000000e+00
2.320000000000000000e+02 3.434346640106969772e+01 2.000000000000000000e+00 0.000000000000000000e+00
2.330000000000000000e+02 3.739130901798704087e+01 0.000000000000000000e+00 0.000000000000000000e+00
2.340000000000000000e+02 3.547229606527605483e+01 2.000000000000000000e+00 0.000000000000000000e+00
2.350000000000000000e+02 3.479491645754078633e+01 2.000000000000000000e+00 0.000000000000000000e+00
2.360000000000000000e+02 3.580812119493615597e+01 0.000000000000000000e+00 0.000000000000000000e+00
2.370000000000000000e+02 3.538881909614503485e+01 2.000000000000000000e+00 0.000000000000000000e+00
2.380000000000000000e+02 3.446258928363850771e+01 1.000000000000000000e+00 0.000000000000000000e+00
2.390000000000000000e+02 3.597141028071303737e+01 0.000000000000000000e+00 0.000000000000000000e+00
2.400000000000000000e+02 3.586847757709571738e+01 1.000000000000000000e+00 0.000000000000000000e+00
2.410000000000000000e+02 3.580185783047360104e+01 1.000000000000000000e+00 0.000000000000000000e+00
2.420000000000000000e+02 3.618696789832073790e+01 1.000000000000000000e+00 0.000000000000000000e+00
2.430000000000000000e+02 3.676895726898149519e+01 0.000000000000000000e+00 0.000000000000000000e+00
2.440000000000000000e+02 3.878754049962962114e+01 1.000000000000000000e+00 0.000000000000000000e+00
2.450000000000000000e+02 3.613966255545417994e+01 1.000000000000000000e+00 0.000000000000000000e+00
2.460000000000000000e+02 3.653335426604612479e+01 1.000000000000000000e+00 0.000000000000000000e+00
2.470000000000000000e+02 3.630938000566056445e+01 1.000000000000000000e+00 0.000000000000000000e+00
2.480000000000000000e+02 3.570655353294852574e+01 2.000000000000000000e+00 0.000000000000000000e+00
2.490000000000000000e+02 3.759801768377277398e+01 0.000000000000000000e+00 0.000000000000000000e+00
2.500000000000000000e+02 3.644243204104633094e+01 2.000000000000000000e+00 0.000000000000000000e+00
2.510000000000000000e+02 3.622491409280098651e+01 0.000000000000000000e+00 0.000000000000000000e+00
2.520000000000000000e+02 3.836420096430873627e+01 0.000000000000000000e+00 0.000000000000000000e+00
2.530000000000000000e+02 3.759695166063129079e+01 1.000000000000000000e+00 0.000000000000000000e+00
2.540000000000000000e+02 3.671127816901660168e+01 2.000000000000000000e+00 0.000000000000000000e+00
2.550000000000000000e+02 3.802016487441770920e+01 0.000000000000000000e+00 0.000000000000000000e+00
2.560000000000000000e+02 3.871265725155434012e+01 0.000000000000000000e+00 0.000000000000000000e+00
2.570000000000000000e+02 3.882482560331374799e+01 1.000000000000000000e+00 0.000000000000000000e+00
2.580000000000000000e+02 4.128526391706539300e+01 0.000000000000000000e+00 0.000000000000000000e+00
2.590000000000000000e+02 4.102402467561717003e+01 0.000000000000000000e+00 0.000000000000000000e+00
2.600000000000000000e+02 4.348325898187628269e+01 0.000000000000000000e+00 0.000000000000000000e+00
2.610000000000000000e+02 4.345296386551110146e+01 1.000000000000000000e+00 0.000000000000000000e+00
2.620000000000000000e+02 4.351574379724977604e+01 0.000000000000000000e+00 0.000000000000000000e+00
2.630000000000000000e+02 4.317987700220903236e+01 1.000000000000000000e+00 0.000000000000000000e+00
2.640000000000000000e+02 4.209111281173861130e+01 1.000000000000000000e+00 0.000000000000000000e+00
2.650000000000000000e+02 4.578787900136165234e+01 0.000000000000000000e+00 0.000000000000000000e+00
2.660000000000000000e+02 4.463711474837753457e+01 0.000000000000000000e+00 0.000000000000000000e+00
2.670000000000000000e+02 4.638610702681145170e+01 0.000000000000000000e+00 0.000000000000000000e+00
2.680000000000000000e+02 4.616385741655826536e+01 2.000000000000000000e+00 0.000000000000000000e+00
2.690000000000000000e+02 4.665049649517615649e+01 0.000000000000000000e+00 0.000000000000000000e+00
2.700000000000000000e+02 4.437353907063669567e+01 2.000000000000000000e+00 0.000000000000000000e+00
2.710000000000000000e+02 4.610416907683775634e+01 0.000000000000000000e+00 0.000000000000000000e+00
2.720000000000000000e+02 4.519888571818669476e+01 1.000000000000000000e+00 0.000000000000000000e+00
2.730000000000000000e+02 4.401808928895891881e+01 2.000000000000000000e+00 0.000000000000000000e+00
2.740000000000000000e+02 4.588609881058878415e+01 0.000000000000000000e+00 0.000000000000000000e+00
2.750000000000000000e+02 4.640414725738344259e+01 0.000000000000000000e+00 0.000000000000000000e+00
2.760000000000000000e+02 4.650777306586847715e+01 2.000000000000000000e+00 0.000000000000000000e+00
2.770000000000000000e+02 4.678557326350284740e+01 0.000000000000000000e+00 0.000000000000000000e+00
2.780000000000000000e+02 4.799460937942752992e+01 0.000000000000000000e+00 0.000000000000000000e+00
2.790000000000000000e+02 4.721559402444836451e+01 2.000000000000000000e+00 0.000000000000000000e+00
2.800000000000000000e+02 4.880589265592420389e+01 0.000000000000000000e+00 0.000000000000000000e+00
2.810000000000000000e+02 4.737924915197628906e+01 1.000000000000000000e+00 0.000000000000000000e+00
2.820000000000000000e+02 5.078035758073871619e+01 0.000000000000000000e+00 0.000000000000000000e+00
2.830000000000000000e+02 4.966477201475390046e+01 1.000000000000000000e+00 0.000000000000000000e+00
2.840000000000000000e+02 4.900430282322745512e+01 1.000000000000000000e+00 0.000000000000000000e+00
2.850000000000000000e+02 4.909222438687110923e+01 0.000000000000000000e+00 0.000000000000000000e+00
2.860000000000000000e+02 4.897264804163528851e+01 1.000000000000000000e+00 0.000000000000000000e+00
2.870000000000000000e+02 4.915411926007494969e+01 1.000000000000000000e+00 0.000000000000000000e+00
2.880000000000000000e+02 5.059281008787539946e+01 0.000000000000000000e+00 0.000000000000000000e+00
2.890000000000000000e+02 5.265475310369788531e+01 0.000000000000000000e+00 0.000000000000000000e+00
2.900000000000000000e+02 5.188403912723067180e+01 1.000000000000000000e+00 0.000000000000000000e+00
2.910000000000000000e+02 5.160757797954578763e+01 1.000000000000000000e+00 0.000000000000000000e+00
2.920000000000000000e+02 5.258200024520007787e+01 1.000000000000000000e+00 0.000000000000000000e+00
2.930000000000000000e+02 5.153285997409879826e+01 0.000000000000000000e+00 0.000000000000000000e+00
2.940000000000000000e+02 5.313700773761711105e+01 1.000000000000000000e+00 0.000000000000000000e+00
2.950000000000000000e+02 5.594624905327253828e+01 0.000000000000000000e+00 0.000000000000000000e+00
2.960000000000000000e+02 5.508700253615111819e+01 0.000000000000000000e+00 0.000000000000000000e+00
2.970000000000000000e+02 5.548309894620979321e+01 2.000000000000000000e+00 0.000000000000000000e+00
2.980000000000000000e+02 5.317308714987839124e+01 1.000000000000000000e+00 0.000000000000000000e+00
2.990000000000000000e+02 5.579283156630152263e+01 0.000000000000000000e+00 0.000000000000000000e+00
3.000000000000000000e+02 5.508858413509451424e+01 2.000000000000000000e+00 0.000000000000000000e+00
3.010000000000000000e+02 5.502843415090520551e+01 0.000000000000000000e+00 0.000000000000000000e+00
3.020000000000000000e+02 5.463107459128169552e+01 1.000000000000000000e+00 0.000000000000000000e+00
3.030000000000000000e+02 5.680141180454496208e+01 0.000000000000000000e+00 0.000000000000000000e+00
3.040000000000000000e+02 5.587468090070918691e+01 1.000000000000000000e+00 0.000000000000000000e+00
3.050000000000000000e+02 5.668944228529401386e+01 0.000000000000000000e+00 0.000000000000000000e+00
3.060000000000000000e+02 5.560137784551321971e+01 2.000000000000000000e+00 0.000000000000000000e+00
3.070000000000000000e+02 5.837450624826755075e+01 0.000000000000000000e+00 0.000000000000000000e+00
3.080000000000000000e+02 5.748015397484909528e+01 1.000000000000000000e+00 0.000000000000000000e+00
3.090000000000000000e+02 5.753246994409348503e+01 1.000000000000000000e+00 0.000000000000000000e+00
3.100000000000000000e+02 5.660742956606592458e+01 1.000000000000000000e+00 0.000000000000000000e+00
3.110000000000000000e+02 5.956463202317672767e+01 0.000000000000000000e+00 0.000000000000000000e+00
3.120000000000000000e+02 5.812607878739049738e+01 2.000000000000000000e+00 0.000000000000000000e+00
3.130000000000000000e+02 5.730063430087498944e+01 0.000000000000000000e+00 0.000000000000000000e+00
3.140000000000000000e+02 5.683972933462163724e+01 2.000000000000000000e+00 0.000000000000000000e+00
3.150000000000000000e+02 5.637235656346852153e+01 2.000000000000000000e+00 0.000000000000000000e+00
3.160000000000000000e+02 5.655005546150691487e+01 2.000000000000000000e+00 0.000000000000000000e+00
3.170000000000000000e+02 5.701893906629757680e+01 0.000000000000000000e+00 0.000000000000000000e+00
3.180000000000000000e+02 5.438481373237591754e+01 2.000000000000000000e+00 0.000000000000000000e+00
3.190000000000000000e+02 5.492607810681938929e+01 1.000000000000000000e+00 0.000000000000000000e+00
3.200000000000000000e+02 5.534961916436620299e+01 1.000000000000000000e+00 0.000000000000000000e+00
3.210000000000000000e+02 5.476092375925209410e+01 1.000000000000000000e+00 0.000000000000000000e+00
3.220000000000000000e+02 5.395009471165440118e+01 1.000000000000000000e+00 0.000000000000000000e+00
3.230000000000000000e+02 5.537613833453017520e+01 0.000000000000000000e+00 0.000000000000000000e+00
3.240000000000000000e+02 5.775269470598076538e+01 0.000000000000000000e+00 0.000000000000000000e+00
3.250000000000000000e+02 5.736256703087867237e+01 1.000000000000000000e+00 0.000000000000000000e+00
3.260000000000000000e+02 5.815526125163037108e+01 0.000000000000000000e+00 0.000000000000000000e+00
3.270000000000000000e+02 5.834829581110344776e+01 1.000000000000000000e+00 0.000000000000000000e+00
3.280000000000000000e+02 5.819936311300784837e+01 0.000000000000000000e+00 0.000000000000000000e+00
3.290000000000000000e+02 5.720546335608242572e+01 1.000000000000000000e+00 0.000000000000000000e+00
3.300000000000000000e+02 5.725906758670316066e+01 2.000000000000000000e+00 0.000000000000000000e+00
3.310000000000000000e+02 5.843238754196789131e+01 0.000000000000000000e+00 0.000000000000000000e+00
3.320000000000000000e+02 6.069609144114176047e+01 0.000000000000000000e+00 0.000000000000000000e+00
3.330000000000000000e+02 5.952515606326820574e+01 1.000000000000000000e+00 0.000000000000000000e+00
3.340000000000000000e+02 6.007988842603253232e+01 1.000000000000000000e+00 0.000000000000000000e+00
3.350000000000000000e+02 6.124055245113181201e+01 0.000000000000000000e+00 0.000000000000000000e+00
3.360000000000000000e+02 6.051096013732119872e+01 1.000000000000000000e+00 0.000000000000000000e+00
3.370000000000000000e+02 6.084509556685301135e+01 0.000000000000000000e+00 0.000000000000000000e+00
3.380000000000000000e+02 6.217691967175240109e+01 1.000000000000000000e+00 0.000000000000000000e+00
3.390000000000000000e+02 6.155577814472935927e+01 1.000000000000000000e+00 0.000000000000000000e+00
3.400000000000000000e+02 6.124207302125633845e+01 1.000000000000000000e+00 0.000000000000000000e+00
3.410000000000000000e+02 6.143703898116897477e+01 0.000000000000000000e+00 0.000000000000000000e+00
3.420000000000000000e+02 6.289576423837674213e+01 2.000000000000000000e+00 0.000000000000000000e+00
3.430000000000000000e+02 6.282376244144465005e+01 0.000000000000000000e+00 0.000000000000000000e+00
3.440000000000000000e+02 6.342448824266086405e+01 0.000000000000000000e+00 0.000000000000000000e+00
3.450000000000000000e+02 6.526903026213956593e+01 0.000000000000000000e+00 0.000000000000000000e+00
3.460000000000000000e+02 6.535574931287187894e+01 1.000000000000000000e+00 0.000000000000000000e+00
3.470000000000000000e+02 6.620057990112674418e+01 1.000000000000000000e+00 0.000000000000000000e+00
3.480000000000000000e+02 6.512791983394100725e+01 1.000000000000000000e+00 0.000000000000000000e+00
3.490000000000000000e+02 6.632796025168865128e+01 0.000000000000000000e+00 0.000000000000000000e+00
3.500000000000000000e+02 6.505976500017989395e+01 2.000000000000000000e+00 0.000000000000000000e+00
3.510000000000000000e+02 6.536701936348656261e+01 1.000000000000000000e+00 0.000000000000000000e+00
3.520000000000000000e+02 6.356677416753101539e+01 1.000000000000000000e+00 0.000000000000000000e+00
3.530000000000000000e+02 6.705358986624912632e+01 0.000000000000000000e+00 0.000000000000000000e+00
3.540000000000000000e+02 6.697675000768994380e+01 0.000000000000000000e+00 0.000000000000000000e+00
3.550000000000000000e+02 6.633089273980996836e+01 1.000000000000000000e+00 0.000000000000000000e+00
3.560000000000000000e+02 6.705709864964950384e+01 1.000000000000000000e+00 0.000000000000000000e+00
3.570000000000000000e+02 6.798659610938371145e+01 0.000000000000000000e+00 0.000000000000000000e+00
3.580000000000000000e+02 6.824788157901997465e+01 2.000000000000000000e+00 0.000000000000000000e+00
3.590000000000000000e+02 6.608049977530697561e+01 2.000000000000000000e+00 0.000000000000000000e+00
3.600000000000000000e+02 6.559476140654162180e+01 0.000000000000000000e+00 0.000000000000000000e+00
3.610000000000000000e+02 6.787817010801205697e+01 0.000000000000000000e+00 0.000000000000000000e+00
3.620000000000000000e+02 6.988084590675087782e+01 0.000000000000000000e+00 0.000000000000000000e+00
3.630000000000000000e+02 7.008734617517913534e+01 1.000000000000000000e+00 0.000000000000000000e+00
3.640000000000000000e+02 7.055164792190602441e+01 0.000000000000000000e+00 0.000000000000000000e+00
3.650000000000000000e+02 6.842677021336243115e+01 2.000000000000000000e+00 0.000000000000000000e+00
3.660000000000000000e+02 6.958262140897204517e+01 0.000000000000000000e+00 0.000000000000000000e+00
3.670000000000000000e+02 7.136399889408959041e+01 0.000000000000000000e+00 0.000000000000000000e+00
3.680000000000000000e+02 7.060831114223145732e+01 2.000000000000000000e+00 0.000000000000000000e+00
3.690000000000000000e+02 6.986339094445327191e+01 1.000000000000000000e+00 0.000000000000000000e+00
3.700000000000000000e+02 7.196960251091428518e+01 0.000000000000000000e+00 0.000000000000000000e+00
3.710000000000000000e+02 7.063226974942763547e+01 2.000000000000000000e+00 0.000000000000000000e+00
3.720000000000000000e+02 7.042980217264393161e+01 0.000000000000000000e+00 0.000000000000000000e+00
3.730000000000000000e+02 6.852854341416981754e+01 2.000000000000000000e+00 0.000000000000000000e+00
3.740000000000000000e+02 7.142847392766300629e+01 0.000000000000000000e+00 0.000000000000000000e+00
3.750000000000000000e+02 6.866896562061941722e+01 2.000000000000000000e+00 0.000000000000000000e+00
3.760000000000000000e+02 6.991201258808095531e+01 0.000000000000000000e+00 0.000000000000000000e+00
3.770000000000000000e+02 6.948474853698517961e+01 2.000000000000000000e+00 0.000000000000000000e+00
3.780000000000000000e+02 7.079608833723814598e+01 0.000000000000000000e+00 0.000000000000000000e+00
3.790000000000000000e+02 6.971793936496902688e+01 2.000000000000000000e+00 0.000000000000000000e+00
3.800000000000000000e+02 7.045791040148921525e+01 0.000000000000000000e+00 0.000000000000000000e+00
3.810000000000000000e+02 7.147737861194376308e+01 0.000000000000000000e+00 0.000000000000000000e+00
3.820000000000000000e+02 7.139868151354255588e+01 1.000000000000000000e+00 0.000000000000000000e+00
3.830000000000000000e+02 7.115874915539441758e+01 1.000000000000000000e+00 0.000000000000000000e+00
3.840000000000000000e+02 7.225282501446682204e+01 1.000000000000000000e+00 0.000000000000000000e+00
3.850000000000000000e+02 7.245951135797578502e+01 1.000000000000000000e+00 0.000000000000000000e+00
3.860000000000000000e+02 7.266335217741759323e+01 1.000000000000000000e+00 0.000000000000000000e+00
3.870000000000000000e+02 7.274028529177503799e+01 0.000000000000000000e+00 0.000000000000000000e+00
3.880000000000000000e+02 7.305307618997119334e+01 0.000000000000000000e+00 0.000000000000000000e+00
3.890000000000000000e+02 7.704435986796971747e+01 0.000000000000000000e+00 0.000000000000000000e+00
3.900000000000000000e+02 7.317554180340002290e+01 2.000000000000000000e+00 0.000000000000000000e+00
3.910000000000000000e+02 7.311361776974125348e+01 1.000000000000000000e+00 0.000000000000000000e+00
3.920000000000000000e+02 7.360405875966560529e+01 2.000000000000000000e+00 0.000000000000000000e+00
3.930000000000000000e+02 7.517403687784440081e+01 0.000000000000000000e+00 0.000000000000000000e+00
3.940000000000000000e+02 7.458813557408238637e+01 0.000000000000000000e+00 0.000000000000000000e+00
3.950000000000000000e+02 7.338646842848980612e+01 2.000000000000000000e+00 0.000000000000000000e+00
3.960000000000000000e+02 7.477160427147566679e+01 1.000000000000000000e+00 0.000000000000000000e+00
3.970000000000000000e+02 7.526325992742975757e+01 1.000000000000000000e+00 0.000000000000000000e+00
3.980000000000000000e+02 7.564612888978977878e+01 0.000000000000000000e+00 0.000000000000000000e+00
3.990000000000000000e+02 7.553709205044293640e+01 0.000000000000000000e+00 0.000000000000000000e+00
4.000000000000000000e+02 7.453228685348487659e+01 2.000000000000000000e+00 0.000000000000000000e+00
4.010000000000000000e+02 7.735841173440815055e+01 0.000000000000000000e+00 0.000000000000000000e+00
4.020000000000000000e+02 7.560892399548596643e+01 1.000000000000000000e+00 0.000000000000000000e+00
4.030000000000000000e+02 7.623877864047594244e+01 1.000000000000000000e+00 0.000000000000000000e+00
4.040000000000000000e+02 7.510847463470113894e+01 2.000000000000000000e+00 0.000000000000000000e+00
4.050000000000000000e+02 7.649393248612328478e+01 0.000000000000000000e+00 0.000000000000000000e+00
4.060000000000000000e+02 7.854658005346260552e+01 0.000000000000000000e+00 0.000000000000000000e+00
4.070000000000000000e+02 7.746002732550067549e+01 0.000000000000000000e+00 0.000000000000000000e+00
4.080000000000000000e+02 7.789339453289656490e+01 1.000000000000000000e+00 0.000000000000000000e+00
4.090000000000000000e+02 7.705702786259489301e+01 1.000000000000000000e+00 0.000000000000000000e+00
4.100000000000000000e+02 7.920745171821195640e+01 0.000000000000000000e+00 0.000000000000000000e+00
4.110000000000000000e+02 7.778446576013496383e+01 2.000000000000000000e+00 0.000000000000000000e+00
4.120000000000000000e+02 7.898802048801992726e+01 0.000000000000000000e+00 0.000000000000000000e+00
4.130000000000000000e+02 7.830195970174403897e+01 2.000000000000000000e+00 0.000000000000000000e+00
4.140000000000000000e+02 7.864621844014776286e+01 0.000000000000000000e+00 0.000000000000000000e+00
4.150000000000000000e+02 7.841881252827188575e+01 1.000000000000000000e+00 0.000000000000000000e+00
4.160000000000000000e+02 7.921371484939611207e+01 1.000000000000000000e+00 0.000000000000000000e+00
4.170000000000000000e+02 7.994178055715723019e+01 0.000000000000000000e+00 0.000000000000000000e+00
4.180000000000000000e+02 8.213374874797335679e+01 0.000000000000000000e+00 0.000000000000000000e+00
4.190000000000000000e+02 7.933765239546927717e+01 2.000000000000000000e+00 0.000000000000000000e+00
4.200000000000000000e+02 7.944553950595809511e+01 0.000000000000000000e+00 0.000000000000000000e+00
4.210000000000000000e+02 7.954970700768073755e+01 2.000000000000000000e+00 0.000000000000000000e+00
4.220000000000000000e+02 7.931555616683111509e+01 1.000000000000000000e+00 0.000000000000000000e+00
4.230000000000000000e+02 8.129222840145253315e+01 0.000000000000000000e+00 0.000000000000000000e+00
4.240000000000000000e+02 8.224772357059258354e+01 0.000000000000000000e+00 0.000000000000000000e+00
4.250000000000000000e+02 8.097644023429998583e+01 1.000000000000000000e+00 0.000000000000000000e+00
4.260000000000000000e+02 8.152873028820242496e+01 1.000000000000000000e+00 0.000000000000000000e+00
4.270000000000000000e+02 8.225530100803364064e+01 1.000000000000000000e+00 0.000000000000000000e+00
4.280000000000000000e+02 8.070733449673325310e+01 2.000000000000000000e+00 0.000000000000000000e+00
4.290000000000000000e+02 8.006822902878934656e+01 1.000000000000000000e+00 0.000000000000000000e+00
4.300000000000000000e+02 8.239717386382375253e+01 1.000000000000000000e+00 0.000000000000000000e+00
4.310000000000000000e+02 7.990999741933896416e+01 2.000000000000000000e+00 0.000000000000000000e+00
4.320000000000000000e+02 8.010358971145599583e+01 0.000000000000000000e+00 0.000000000000000000e+00
4.330000000000000000e+02 8.167426592655905893e+01 0.000000000000000000e+00 0.000000000000000000e+00
4.340000000000000000e+02 8.085253069640943124e+01 2.000000000000000000e+00 0.000000000000000000e+00
4.350000000000000000e+02 8.331973550622849700e+01 1.000000000000000000e+00 0.000000000000000000e+00
4.360000000000000000e+02 7.962987128521369584e+01 1.000000000000000000e+00 0.000000000000000000e+00
4.370000000000000000e+02 8.001184730327236139e+01 1.000000000000000000e+00 0.000000000000000000e+00
4.380000000000000000e+02 8.313830668841590921e+01 0.000000000000000000e+00 0.000000000000000000e+00
4.390000000000000000e+02 8.151750940928256739e+01 1.000000000000000000e+00 0.000000000000000000e+00
4.400000000000000000e+02 8.280924252490218862e+01 1.000000000000000000e+00 0.000000000000000000e+00
4.410000000000000000e+02 8.307958229098684910e+01 0.000000000000000000e+00 0.000000000000000000e+00
4.420000000000000000e+02 8.127746245887679777e+01 2.000000000000000000e+00 0.000000000000000000e+00
4.430000000000000000e+02 8.228117364708315051e+01 0.000000000000000000e+00 0.000000000000000000e+00
4.440000000000000000e+02 8.289338982208352036e+01 1.000000000000000000e+00 0.000000000000000000e+00
4.450000000000000000e+02 8.521195927163418560e+01 0.000000000000000000e+00 0.000000000000000000e+00
4.460000000000000000e+02 8.453788319138863017e+01 1.000000000000000000e+00 0.000000000000000000e+00
4.470000000000000000e+02 8.479034600148811762e+01 0.000000000000000000e+00 0.000000000000000000e+00
4.480000000000000000e+02 8.551095974232804053e+01 0.000000000000000000e+00 0.000000000000000000e+00
4.490000000000000000e+02 8.820753687700859302e+01 0.000000000000000000e+00 0.000000000000000000e+00
4.500000000000000000e+02 8.796755409381418644e+01 1.000000000000000000e+00 0.000000000000000000e+00
4.510000000000000000e+02 8.855901376020896976e+01 1.000000000000000000e+00 0.000000000000000000e+00
4.520000000000000000e+02 8.783290362715480626e+01 0.000000000000000000e+00 0.000000000000000000e+00
4.530000000000000000e+02 8.713634142091061108e+01 2.000000000000000000e+00 0.000000000000000000e+00
4.540000000000000000e+02 8.656165398923424448e+01 1.000000000000000000e+00 0.000000000000000000e+00
4.550000000000000000e+02 8.800843989341238682e+01 0.000000000000000000e+00 0.000000000000000000e+00
4.560000000000000000e+02 8.591538956699159257e+01 2.000000000000000000e+00 0.000000000000000000e+00
4.570000000000000000e+02 8.837046961670095868e+01 0.000000000000000000e+00 0.000000000000000000e+00
4.580000000000000000e+02 8.737098949952500959e+01 1.000000000000000000e+00 0.000000000000000000e+00
4.590000000000000000e+02 8.930811083784493576e+01 0.000000000000000000e+00 0.000000000000000000e+00
4.600000000000000000e+02 8.629506256465148795e+01 2.000000000000000000e+00 0.000000000000000000e+00
4.610000000000000000e+02 8.755309953550759872e+01 1.000000000000000000e+00 0.000000000000000000e+00
4.620000000000000000e+02 8.917591992554110902e+01 1.000000000000000000e+00 0.000000000000000000e+00
4.630000000000000000e+02 8.897720086361468361e+01 0.000000000000000000e+00 0.000000000000000000e+00
4.640000000000000000e+02 8.718411237397273794e+01 2.000000000000000000e+00 0.000000000000000000e+00
4.650000000000000000e+02 8.695140737128134845e+01 1.000000000000000000e+00 0.000000000000000000e+00
4.660000000000000000e+02 8.757531982564786688e+01 2.000000000000000000e+00 0.000000000000000000e+00
4.670000000000000000e+02 8.773020294671607644e+01 1.000000000000000000e+00 0.000000000000000000e+00
4.680000000000000000e+02 8.746027214442143816e+01 0.000000000000000000e+00 0.000000000000000000e+00
4.690000000000000000e+02 8.961074543145784332e+01 0.000000000000000000e+00 0.000000000000000000e+00
4.700000000000000000e+02 8.824819409873656184e+01 2.000000000000000000e+00 0.000000000000000000e+00
4.710000000000000000e+02 8.896880553434120031e+01 0.000000000000000000e+00 0.000000000000000000e+00
4.720000000000000000e+02 8.926834272959220584e+01 1.000000000000000000e+00 0.000000000000000000e+00
4.730000000000000000e+02 9.108530171332137115e+01 0.000000000000000000e+00 0.000000000000000000e+00
4.740000000000000000e+02 9.043218664502472848e+01 1.000000000000000000e+00 0.000000000000000000e+00
4.750000000000000000e+02 9.112245628962664057e+01 0.000000000000000000e+00 0.000000000000000000e+00
4.760000000000000000e+02 9.000629746792256469e+01 2.000000000000000000e+00 0.000000000000000000e+00
4.770000000000000000e+02 9.128928613898305855e+01 0.000000000000000000e+00 0.000000000000000000e+00
4.780000000000000000e+02 9.123064584492244933e+01 1.000000000000000000e+00 0.000000000000000000e+00
4.790000000000000000e+02 9.111781943480528412e+01 0.000000000000000000e+00 0.000000000000000000e+00
4.800000000000000000e+02 9.216396039174811960e+01 1.000000000000000000e+00 0.000000000000000000e+00
4.810000000000000000e+02 9.171982526074431519e+01 1.000000000000000000e+00 0.000000000000000000e+00
4.820000000000000000e+02 9.270044103851294892e+01 1.000000000000000000e+00 0.000000000000000000e+00
4.830000000000000000e+02 9.259197596874309966e+01 1.000000000000000000e+00 0.000000000000000000e+00
4.840000000000000000e+02 9.331516413920624586e+01 0.000000000000000000e+00 0.000000000000000000e+00
4.850000000000000000e+02 9.400350316198775147e+01 0.000000000000000000e+00 0.000000000000000000e+00
4.860000000000000000e+02 9.324022467923900592e+01 0.000000000000000000e+00 0.000000000000000000e+00
4.870000000000000000e+02 9.559667253441871537e+01 0.000000000000000000e+00 0.000000000000000000e+00
4.880000000000000000e+02 9.481317024259782045e+01 1.000000000000000000e+00 0.000000000000000000e+00
4.890000000000000000e+02 9.694149919800894111e+01 0.000000000000000000e+00 0.000000000000000000e+00
4.900000000000000000e+02 9.594145542393890480e+01 1.000000000000000000e+00 0.000000000000000000e+00
4.910000000000000000e+02 9.779439331834097970e+01 0.000000000000000000e+00 0.000000000000000000e+00
4.920000000000000000e+02 9.820946145317627440e+01 2.000000000000000000e+00 0.000000000000000000e+00
4.930000000000000000e+02 9.841274920834300133e+01 0.000000000000000000e+00 0.000000000000000000e+00
4.940000000000000000e+02 9.754422948128382131e+01 2.000000000000000000e+00 0.000000000000000000e+00
4.950000000000000000e+02 9.871606521035310777e+01 0.000000000000000000e+00 0.000000000000000000e+00
4.960000000000000000e+02 9.740415706159107856e+01 1.000000000000000000e+00 0.000000000000000000e+00
4.970000000000000000e+02 9.820246299319406091e+01 1.000000000000000000e+00 0.000000000000000000e+00
4.980000000000000000e+02 9.980978605180797558e+01 0.000000000000000000e+00 0.000000000000000000e+00
4.990000000000000000e+02 9.943159556755318818e+01 2.000000000000000000e+00 0.000000000000000000e+00
5.000000000000000000e+02 9.959514625511457098e+01 0.000000000000000000e+00 0.000000000000000000e+00
5.010000000000000000e+02 9.689670223832879969e+01 2.000000000000000000e+00 0.000000000000000000e+00
5.020000000000000000e+02 9.847269537174707921e+01 0.000000000000000000e+00 0.000000000000000000e+00
5.030000000000000000e+02 9.854086608944272996e+01 0.000000000000000000e+00 0.000000000000000000e+00
5.040000000000000000e+02 1.010841388086756183e+02 0.000000000000000000e+00 0.000000000000000000e+00
5.050000000000000000e+02 1.002718018256138208e+02 2.000000000000000000e+00 0.000000000000000000e+00
5.060000000000000000e+02 1.005649768423505037e+02 0.000000000000000000e+00 0.000000000000000000e+00
5.070000000000000000e+02 1.025271839775809042e+02 0.000000000000000000e+00 0.000000000000000000e+00
5.080000000000000000e+02 1.030212273517392418e+02 1.000000000000000000e+00 0.000000000000000000e+00
5.090000000000000000e+02 1.016980689267743543e+02 1.000000000000000000e+00 0.000000000000000000e+00
5.100000000000000000e+02 1.010107073750033209e+02 1.000000000000000000e+00 0.000000000000000000e+00
5.110000000000000000e+02 1.030319240181817122e+02 0.000000000000000000e+00 0.000000000000000000e+00
5.120000000000000000e+02 1.027774309227210239e+02 2.000000000000000000e+00 0.000000000000000000e+00
5.130000000000000000e+02 1.009471496298748008e+02 2.000000000000000000e+00 0.000000000000000000e+00
5.140000000000000000e+02 1.010947011328750875e+02 2.000000000000000000e+00 0.000000000000000000e+00
5.150000000000000000e+02 1.016366028186772894e+02 0.000000000000000000e+00 0.000000000000000000e+00
5.160000000000000000e+02 1.004612073639990371e+02 0.000000000000000000e+00 0.000000000000000000e+00
5.170000000000000000e+02 1.015323049181159405e+02 0.000000000000000000e+00 0.000000000000000000e+00
5.180000000000000000e+02 1.035117466756593529e+02 0.000000000000000000e+00 0.000000000000000000e+00
5.190000000000000000e+02 1.054173383000952100e+02 0.000000000000000000e+00 0.000000000000000000e+00
5.200000000000000000e+02 1.076861987571793975e+02 0.000000000000000000e+00 0.000000000000000000e+00
5.210000000000000000e+02 1.055126750282529855e+02 2.000000000000000000e+00 0.000000000000000000e+00
5.220000000000000000e+02 1.034946310741209601e+02 2.000000000000000000e+00 0.000000000000000000e+00
5.230000000000000000e+02 1.040711679482902952e+02 1.000000000000000000e+00 0.000000000000000000e+00
5.240000000000000000e+02 1.039383126674321431e+02 1.000000000000000000e+00 0.000000000000000000e+00
5.250000000000000000e+02 1.035168319023124610e+02 1.000000000000000000e+00 0.000000000000000000e+00
5.260000000000000000e+02 1.032884857706612394e+02 1.000000000000000000e+00 0.000000000000000000e+00
5.270000000000000000e+02 1.026098421262453400e+02 2.000000000000000000e+00 0.000000000000000000e+00
5.280000000000000000e+02 1.025873384982014187e+02 2.000000000000000000e+00 0.000000000000000000e+00
5.290000000000000000e+02 1.034506883499433201e+02 0.000000000000000000e+00 0.000000000000000000e+00
5.300000000000000000e+02 1.043291284275552187e+02 0.000000000000000000e+00 0.000000000000000000e+00
5.310000000000000000e+02 1.048807885946368117e+02 0.000000000000000000e+00 0.000000000000000000e+00
5.320000000000000000e+02 1.045469923736724098e+02 2.000000000000000000e+00 0.000000000000000000e+00
5.330000000000000000e+02 1.046688896062606062e+02 0.000000000000000000e+00 0.000000000000000000e+00
5.340000000000000000e+02 1.044179160011839258e+02 1.000000000000000000e+00 0.000000000000000000e+00
5.350000000000000000e+02 1.057676840717304572e+02 0.000000000000000000e+00 0.000000000000000000e+00
5.360000000000000000e+02 1.066855919703428839e+02 2.000000000000000000e+00 0.000000000000000000e+00
5.370000000000000000e+02 1.056258122078968569e+02 2.000000000000000000e+00 0.000000000000000000e+00
5.380000000000000000e+02 1.033972340749497647e+02 1.000000000000000000e+00 0.000000000000000000e+00
5.390000000000000000e+02 1.046524587005610272e+02 1.000000000000000000e+00 0.000000000000000000e+00
5.400000000000000000e+02 1.036640047956217074e+02 1.000000000000000000e+00 0.000000000000000000e+00
5.410000000000000000e+02 1.027505277191747695e+02 2.000000000000000000e+00 0.000000000000000000e+00
5.420000000000000000e+02 1.036725029125700530e+02 0.000000000000000000e+00 0.000000000000000000e+00
5.430000000000000000e+02 1.051191623265172268e+02 1.000000000000000000e+00 0.000000000000000000e+00
5.440000000000000000e+02 1.051123300277040613e+02 0.000000000000000000e+00 0.000000000000000000e+00
5.450000000000000000e+02 1.058044844767439798e+02 0.000000000000000000e+00 0.000000000000000000e+00
5.460000000000000000e+02 1.055120243333155514e+02 1.000000000000000000e+00 0.000000000000000000e+00
5.470000000000000000e+02 1.055405670082295160e+02 1.000000000000000000e+00 0.000000000000000000e+00
5.480000000000000000e+02 1.060736139638411828e+02 0.000000000000000000e+00 0.000000000000000000e+00
5.490000000000000000e+02 1.072569408310567809e+02 2.000000000000000000e+00 0.000000000000000000e+00
5.500000000000000000e+02 1.067708069041039209e+02 1.000000000000000000e+00 0.000000000000000000e+00
5.510000000000000000e+02 1.070035706909840343e+02 0.000000000000000000e+00 0.000000000000000000e+00
5.520000000000000000e+02 1.084830945586296451e+02 0.000000000000000000e+00 0.000000000000000000e+00
5.530000000000000000e+02 1.065797090416076713e+02 2.000000000000000000e+00 0.000000000000000000e+00
5.540000000000000000e+02 1.075839802542843131e+02 0.000000000000000000e+00 0.000000000000000000e+00
5.550000000000000000e+02 1.079837394017961003e+02 1.000000000000000000e+00 0.000000000000000000e+00
5.560000000000000000e+02 1.085960561359267018e+02 1.000000000000000000e+00 0.000000000000000000e+00
5.570000000000000000e+02 1.106538629928984392e+02 0.000000000000000000e+00 0.000000000000000000e+00
5.580000000000000000e+02 1.094127975736850686e+02 1.000000000000000000e+00 0.000000000000000000e+00
5.590000000000000000e+02 1.101233114899805514e+02 0.000000000000000000e+00 0.000000000000000000e+00
5.600000000000000000e+02 1.093182696135126122e+02 2.000000000000000000e+00 0.000000000000000000e+00
5.610000000000000000e+02 1.094310965400934776e+02 0.000000000000000000e+00 0.000000000000000000e+00
5.620000000000000000e+02 1.100108987503428750e+02 0.000000000000000000e+00 0.000000000000000000e+00
5.630000000000000000e+02 1.120679486717792344e+02 0.000000000000000000e+00 0.000000000000000000e+00
5.640000000000000000e+02 1.113882995578819504e+02 2.000000000000000000e+00 0.000000000000000000e+00
5.650000000000000000e+02 1.121302577248727772e+02 0.000000000000000000e+00 0.000000000000000000e+00
5.660000000000000000e+02 1.134840674441990274e+02 0.000000000000000000e+00 0.000000000000000000e+00
5.670000000000000000e+02 1.126174105020117509e+02 1.000000000000000000e+00 0.000000000000000000e+00
5.680000000000000000e+02 1.136178874642220222e+02 0.000000000000000000e+00 0.000000000000000000e+00
5.690000000000000000e+02 1.144035994478135336e+02 0.000000000000000000e+00 0.000000000000000000e+00
5.700000000000000000e+02 1.150026874310329248e+02 1.000000000000000000e+00 0.000000000000000000e+00
5.710000000000000000e+02 1.162935968300796077e+02 0.000000000000000000e+00 0.000000000000000000e+00
5.720000000000000000e+02 1.165365869302011816e+02 1.000000000000000000e+00 0.000000000000000000e+00
5.730000000000000000e+02 1.173356232932123788e+02 0.000000000000000000e+00 0.000000000000000000e+00
5.740000000000000000e+02 1.168492167236929333e+02 0.000000000000000000e+00 0.000000000000000000e+00
5.750000000000000000e+02 1.178085027229071926e+02 1.000000000000000000e+00 0.000000000000000000e+00
5.760000000000000000e+02 1.190027642641605325e+02 0.000000000000000000e+00 0.000000000000000000e+00
5.770000000000000000e+02 1.186434179243210423e+02 0.000000000000000000e+00 0.000000000000000000e+00
5.780000000000000000e+02 1.198234190428150043e+02 2.000000000000000000e+00 0.000000000000000000e+00
5.790000000000000000e+02 1.187664260910420211e+02 2.000000000000000000e+00 0.000000000000000000e+00
5.800000000000000000e+02 1.211405690892032538e+02 0.000000000000000000e+00 0.000000000000000000e+00
5.810000000000000000e+02 1.197812668903546012e+02 0.000000000000000000e+00 0.000000000000000000e+00
5.820000000000000000e+02 1.202683183587301983e+02 1.000000000000000000e+00 0.000000000000000000e+00
5.830000000000000000e+02 1.205180701928054958e+02 1.000000000000000000e+00 0.000000000000000000e+00
5.840000000000000000e+02 1.207953806615819161e+02 0.000000000000000000e+00 0.000000000000000000e+00
5.850000000000000000e+02 1.209798853559874630e+02 1.000000000000000000e+00 0.000000000000000000e+00
5.860000000000000000e+02 1.197813534961519792e+02 2.000000000000000000e+00 0.000000000000000000e+00
5.870000000000000000e+02 1.216776781198138480e+02 0.000000000000000000e+00 0.000000000000000000e+00
5.880000000000000000e+02 1.210205669305667158e+02 1.000000000000000000e+00 0.000000000000000000e+00
5.890000000000000000e+02 1.215148786020215681e+02 0.000000000000000000e+00 0.000000000000000000e+00
5.900000000000000000e+02 1.232629413355914920e+02 1.000000000000000000e+00 0.000000000000000000e+00
5.910000000000000000e+02 1.214749854406098137e+02 2.000000000000000000e+00 0.000000000000000000e+00
5.920000000000000000e+02 1.237438492069564830e+02 0.000000000000000000e+00 0.000000000000000000e+00
5.930000000000000000e+02 1.208620750080167028e+02 2.000000000000000000e+00 0.000000000000000000e+00
5.940000000000000000e+02 1.199336935578181880e+02 0.000000000000000000e+00 0.000000000000000000e+00
5.950000000000000000e+02 1.205803946136738887e+02 1.000000000000000000e+00 0.000000000000000000e+00
5.960000000000000000e+02 1.226338672612814946e+02 1.000000000000000000e+00 0.000000000000000000e+00
5.970000000000000000e+02 1.221899206894882326e+02 0.000000000000000000e+00 0.000000000000000000e+00
5.980000000000000000e+02 1.222189694844889374e+02 1.000000000000000000e+00 0.000000000000000000e+00
5.990000000000000000e+02 1.238656591421263329e+02 0.000000000000000000e+00 0.000000000000000000e+00
6.000000000000000000e+02 1.215999761826311243e+02 2.000000000000000000e+00 0.000000000000000000e+00
6.010000000000000000e+02 1.248557441052528247e+02 0.000000000000000000e+00 0.000000000000000000e+00
6.020000000000000000e+02 1.235980665057371084e+02 1.000000000000000000e+00 0.000000000000000000e+00
6.030000000000000000e+02 1.251810335949986381e+02 0.000000000000000000e+00 0.000000000000000000e+00
6.040000000000000000e+02 1.262643642835562616e+02 0.000000000000000000e+00 0.000000000000000000e+00
6.050000000000000000e+02 1.266115560822116777e+02 1.000000000000000000e+00 0.000000000000000000e+00
6.060000000000000000e+02 1.252064181716271776e+02 2.000000000000000000e+00 0.000000000000000000e+00
6.070000000000000000e+02 1.264729293961655969e+02 0.000000000000000000e+00 0.000000000000000000e+00
6.080000000000000000e+02 1.266403181601139494e+02 1.000000000000000000e+00 0.000000000000000000e+00
6.090000000000000000e+02 1.259683607829473999e+02 0.000000000000000000e+00 0.000000000000000000e+00
6.100000000000000000e+02 1.264320443416925031e+02 1.000000000000000000e+00 0.000000000000000000e+00
6.110000000000000000e+02 1.266690797181683905e+02 1.000000000000000000e+00 0.000000000000000000e+00
6.120000000000000000e+02 1.278698213461189823e+02 1.000000000000000000e+00 0.000000000000000000e+00
6.130000000000000000e+02 1.262125790620341803e+02 1.000000000000000000e+00 0.000000000000000000e+00
6.140000000000000000e+02 1.274715367486914346e+02 0.000000000000000000e+00 0.000000000000000000e+00
6.150000000000000000e+02 1.273729123217800776e+02 2.000000000000000000e+00 0.000000000000000000e+00
6.160000000000000000e+02 1.283661186149630851e+02 1.000000000000000000e+00 0.000000000000000000e+00
6.170000000000000000e+02 1.265915937981218775e+02 1.000000000000000000e+00 0.000000000000000000e+00
6.180000000000000000e+02 1.257320515362188331e+02 2.000000000000000000e+00 0.000000000000000000e+00
6.190000000000000000e+02 1.269945413263856864e+02 0.000000000000000000e+00 0.000000000000000000e+00
6.200000000000000000e+02 1.255477162500547763e+02 2.000000000000000000e+00 0.000000000000000000e+00
6.210000000000000000e+02 1.284765062181133715e+02 0.000000000000000000e+00 0.000000000000000000e+00
6.220000000000000000e+02 1.286274978118812840e+02 0.000000000000000000e+00 0.000000000000000000e+00
6.230000000000000000e+02 1.286748182236663638e+02 1.000000000000000000e+00 0.000000000000000000e+00
6.240000000000000000e+02 1.272343511300371262e+02 1.000000000000000000e+00 0.000000000000000000e+00
6.250000000000000000e+02 1.271664775418251878e+02 2.000000000000000000e+00 0.000000000000000000e+00
6.260000000000000000e+02 1.265359415064393431e+02 2.000000000000000000e+00 0.000000000000000000e+00
6.270000000000000000e+02 1.277721013292415790e+02 0.000000000000000000e+00 0.000000000000000000e+00
6.280000000000000000e+02 1.263060782699387801e+02 2.000000000000000000e+00 0.000000000000000000e+00
6.290000000000000000e+02 1.253422297157176359e+02 1.000000000000000000e+00 0.000000000000000000e+00
6.300000000000000000e+02 1.273252691440750368e+02 0.000000000000000000e+00 0.000000000000000000e+00
6.310000000000000000e+02 1.257229578068807712e+02 2.000000000000000000e+00 0.000000000000000000e+00
6.320000000000000000e+02 1.274093292682256475e+02 0.000000000000000000e+00 0.000000000000000000e+00
6.330000000000000000e+02 1.276961408407361773e+02 0.000000000000000000e+00 0.000000000000000000e+00
6.340000000000000000e+02 1.282709156181687433e+02 1.000000000000000000e+00 0.000000000000000000e+00
6.350000000000000000e+02 1.298653590374581484e+02 0.000000000000000000e+00 0.000000000000000000e+00
6.360000000000000000e+02 1.283380739122815442e+02 2.000000000000000000e+00 0.000000000000000000e+00
6.370000000000000000e+02 1.281959929678827734e+02 0.000000000000000000e+00 0.000000000000000000e+00
6.380000000000000000e+02 1.286082644931647962e+02 1.000000000000000000e+00 0.000000000000000000e+00
6.390000000000000000e+02 1.295069806457663617e+02 2.000000000000000000e+00 0.000000000000000000e+00
6.400000000000000000e+02 1.300101905262824857e+02 0.000000000000000000e+00 0.000000000000000000e+00
6.410000000000000000e+02 1.290446000300958076e+02 1.000000000000000000e+00 0.000000000000000000e+00
6.420000000000000000e+02 1.306995603307802867e+02 0.000000000000000000e+00 0.000000000000000000e+00
6.430000000000000000e+02 1.310551523411695314e+02 0.000000000000000000e+00 0.000000000000000000e+00
6.440000000000000000e+02 1.305099916973958898e+02 2.000000000000000000e+00 0.000000000000000000e+00
6.450000000000000000e+02 1.310319684816511483e+02 0.000000000000000000e+00 0.000000000000000000e+00
6.460000000000000000e+02 1.304461826951380203e+02 1.000000000000000000e+00 0.000000000000000000e+00
6.470000000000000000e+02 1.294997294264656489e+02 2.000000000000000000e+00 0.000000000000000000e+00
6.480000000000000000e+02 1.307079140816956055e+02 1.000000000000000000e+00 0.000000000000000000e+00
6.490000000000000000e+02 1.304396480794376600e+02 0.000000000000000000e+00 0.000000000000000000e+00
6.500000000000000000e+02 1.309197911670723329e+02 1.000000000000000000e+00 0.000000000000000000e+00
6.510000000000000000e+02 1.300474567088916444e+02 2.000000000000000000e+00 0.000000000000000000e+00
6.520000000000000000e+02 1.315699077744611714e+02 0.000000000000000000e+00 0.000000000000000000e+00
6.530000000000000000e+02 1.330787995990915817e+02 0.000000000000000000e+00 0.000000000000000000e+00
6.540000000000000000e+02 1.322750429019526166e+02 1.000000000000000000e+00 0.000000000000000000e+00
6.550000000000000000e+02 1.332084645796716984e+02 1.000000000000000000e+00 0.000000000000000000e+00
6.560000000000000000e+02 1.334297561597187496e+02 0.000000000000000000e+00 0.000000000000000000e+00
6.570000000000000000e+02 1.337147819020928239e+02 0.000000000000000000e+00 0.000000000000000000e+00
6.580000000000000000e+02 1.325390127371291271e+02 2.000000000000000000e+00 0.000000000000000000e+00
6.590000000000000000e+02 1.331181016061046591e+02 0.000000000000000000e+00 0.000000000000000000e+00
6.600000000000000000e+02 1.343710285633430885e+02 1.000000000000000000e+00 0.000000000000000000e+00
6.610000000000000000e+02 1.354449765933590584e+02 1.000000000000000000e+00 0.000000000000000000e+00
6.620000000000000000e+02 1.331671511140842767e+02 1.000000000000000000e+00 0.000000000000000000e+00
6.630000000000000000e+02 1.344095714033409763e+02 1.000000000000000000e+00 0.000000000000000000e+00
6.640000000000000000e+02 1.346138749140552875e+02 0.000000000000000000e+00 0.000000000000000000e+00
6.650000000000000000e+02 1.347755160031817070e+02 0.000000000000000000e+00 0.000000000000000000e+00
6.660000000000000000e+02 1.353210823331498318e+02 1.000000000000000000e+00 0.000000000000000000e+00
6.670000000000000000e+02 1.370065751233528033e+02 0.000000000000000000e+00 0.000000000000000000e+00
6.680000000000000000e+02 1.343315308700433377e+02 2.000000000000000000e+00 0.000000000000000000e+00
6.690000000000000000e+02 1.358016224336600715e+02 2.000000000000000000e+00 0.000000000000000000e+00
6.700000000000000000e+02 1.343142274233273668e+02 2.000000000000000000e+00 0.000000000000000000e+00
6.710000000000000000e+02 1.337036624988399467e+02 1.000000000000000000e+00 0.000000000000000000e+00
6.720000000000000000e+02 1.343992406627806417e+02 1.000000000000000000e+00 0.000000000000000000e+00
6.730000000000000000e+02 1.325639572682511869e+02 2.000000000000000000e+00 0.000000000000000000e+00
6.740000000000000000e+02 1.329974532767248263e+02 1.000000000000000000e+00 0.000000000000000000e+00
6.750000000000000000e+02 1.320316480889893569e+02 2.000000000000000000e+00 0.000000000000000000e+00
6.760000000000000000e+02 1.303613973011657095e+02 1.000000000000000000e+00 0.000000000000000000e+00
6.770000000000000000e+02 1.319561984251417357e+02 1.000000000000000000e+00 0.000000000000000000e+00
6.780000000000000000e+02 1.305413524114169377e+02 2.000000000000000000e+00 0.000000000000000000e+00
6.790000000000000000e+02 1.301480498387459193e+02 2.000000000000000000e+00 0.000000000000000000e+00
6.800000000000000000e+02 1.294244197532687508e+02 0.000000000000000000e+00 0.000000000000000000e+00
6.810000000000000000e+02 1.299743630984543188e+02 1.000000000000000000e+00 0.000000000000000000e+00
6.820000000000000000e+02 1.324771262175187303e+02 0.000000000000000000e+00 0.000000000000000000e+00
6.830000000000000000e+02 1.320719772493762889e+02 1.000000000000000000e+00 0.000000000000000000e+00
6.840000000000000000e+02 1.316640211749367211e+02 1.000000000000000000e+00 0.000000000000000000e+00
6.850000000000000000e+02 1.332873891702283800e+02 0.000000000000000000e+00 0.000000000000000000e+00
6.860000000000000000e+02 1.326500143131042364e+02 2.000000000000000000e+00 0.000000000000000000e+00
6.870000000000000000e+02 1.325336378488929654e+02 2.000000000000000000e+00 0.000000000000000000e+00
6.880000000000000000e+02 1.315366122243173663e+02 0.000000000000000000e+00 0.000000000000000000e+00
6.890000000000000000e+02 1.298126314976275921e+02 2.000000000000000000e+00 0.000000000000000000e+00
6.900000000000000000e+02 1.317444197439270113e+02 0.000000000000000000e+00 0.000000000000000000e+00
6.910000000000000000e+02 1.333099096630698455e+02 0.000000000000000000e+00 0.000000000000000000e+00
6.920000000000000000e+02 1.332976747291970980e+02 1.000000000000000000e+00 0.000000000000000000e+00
6.930000000000000000e+02 1.323573499652816849e+02 1.000000000000000000e+00 0.000000000000000000e+00
6.940000000000000000e+02 1.350342607380727031e+02 1.000000000000000000e+00 0.000000000000000000e+00
6.950000000000000000e+02 1.344748890474322138e+02 0.000000000000000000e+00 0.000000000000000000e+00
6.960000000000000000e+02 1.335169913930460552e+02 2.000000000000000000e+00 0.000000000000000000e+00
6.970000000000000000e+02 1.320445823333956810e+02 1.000000000000000000e+00 0.000000000000000000e+00
6.980000000000000000e+02 1.339107246382173173e+02 1.000000000000000000e+00 0.000000000000000000e+00
6.990000000000000000e+02 1.322526565872646813e+02 1.000000000000000000e+00 0.000000000000000000e+00
7.000000000000000000e+02 1.333100289600048995e+02 0.000000000000000000e+00 0.000000000000000000e+00
7.010000000000000000e+02 1.346609107582864340e+02 1.000000000000000000e+00 0.000000000000000000e+00
7.020000000000000000e+02 1.329459502043196153e+02 2.000000000000000000e+00 0.000000000000000000e+00
7.030000000000000000e+02 1.348519790688016542e+02 0.000000000000000000e+00 0.000000000000000000e+00
7.040000000000000000e+02 1.340569950658591267e+02 1.000000000000000000e+00 0.000000000000000000e+00
7.050000000000000000e+02 1.343806792360360589e+02 0.000000000000000000e+00 0.000000000000000000e+00
7.060000000000000000e+02 1.358224349167341245e+02 0.000000000000000000e+00 0.000000000000000000e+00
7.070000000000000000e+02 1.359077374527704478e+02 1.000000000000000000e+00 0.000000000000000000e+00
7.080000000000000000e+02 1.358287247229355614e+02 1.000000000000000000e+00 0.000000000000000000e+00
7.090000000000000000e+02 1.355789653894713354e+02 2.000000000000000000e+00 0.000000000000000000e+00
7.100000000000000000e+02 1.352162836176665905e+02 0.000000000000000000e+00 0.000000000000000000e+00
7.110000000000000000e+02 1.327773499852682733e+02 2.000000000000000000e+00 0.000000000000000000e+00
7.120000000000000000e+02 1.355837574935593182e+02 0.000000000000000000e+00 0.000000000000000000e+00
7.130000000000000000e+02 1.337818237017696106e+02 2.000000000000000000e+00 0.000000000000000000e+00
7.140000000000000000e+02 1.336488466200356982e+02 1.000000000000000000e+00 0.000000000000000000e+00
7.150000000000000000e+02 1.349545410428679304e+02 1.000000000000000000e+00 0.000000000000000000e+00
7.160000000000000000e+02 1.351568073872099660e+02 1.000000000000000000e+00 0.000000000000000000e+00
7.170000000000000000e+02 1.347258836646297482e+02 1.000000000000000000e+00 0.000000000000000000e+00
7.180000000000000000e+02 1.345145921393732351e+02 1.000000000000000000e+00 0.000000000000000000e+00
7.190000000000000000e+02 1.352539263812979584e+02 1.000000000000000000e+00 0.000000000000000000e+00
7.200000000000000000e+02 1.348592498913341728e+02 1.000000000000000000e+00 0.000000000000000000e+00
7.210000000000000000e+02 1.364270523473363141e+02 0.000000000000000000e+00 0.000000000000000000e+00
7.220000000000000000e+02 1.359692197742054418e+02 2.000000000000000000e+00 0.000000000000000000e+00
7.230000000000000000e+02 1.361634393698298595e+02 0.000000000000000000e+00 0.000000000000000000e+00
7.240000000000000000e+02 1.380356523642932700e+02 1.000000000000000000e+00 0.000000000000000000e+00
7.250000000000000000e+02 1.351870652005134161e+02 1.000000000000000000e+00 0.000000000000000000e+00
7.260000000000000000e+02 1.356650385703256916e+02 1.000000000000000000e+00 0.000000000000000000e+00
7.270000000000000000e+02 1.349673250841007075e+02 1.000000000000000000e+00 0.000000000000000000e+00
7.280000000000000000e+02 1.363159971905857617e+02 1.000000000000000000e+00 0.000000000000000000e+00
7.290000000000000000e+02 1.367474180065009932e+02 0.000000000000000000e+00 0.000000000000000000e+00
7.300000000000000000e+02 1.373741020273294851e+02 1.000000000000000000e+00 0.000000000000000000e+00
7.310000000000000000e+02 1.379654816327276876e+02 0.000000000000000000e+00 0.000000000000000000e+00
7.320000000000000000e+02 1.372483059992310359e+02 2.000000000000000000e+00 0.000000000000000000e+00
7.330000000000000000e+02 1.357145330801435819e+02 2.000000000000000000e+00 0.000000000000000000e+00
7.340000000000000000e+02 1.372913246171859498e+02 0.000000000000000000e+00 0.000000000000000000e+00
7.350000000000000000e+02 1.380397288456311458e+02 0.000000000000000000e+00 0.000000000000000000e+00
7.360000000000000000e+02 1.367134401096693352e+02 2.000000000000000000e+00 0.000000000000000000e+00
7.370000000000000000e+02 1.379357965954635290e+02 1.000000000000000000e+00 0.000000000000000000e+00
7.380000000000000000e+02 1.380952948154964588e+02 1.000000000000000000e+00 0.000000000000000000e+00
7.390000000000000000e+02 1.380447727523641106e+02 0.000000000000000000e+00 0.000000000000000000e+00
7.400000000000000000e+02 1.376437145555292716e+02 2.000000000000000000e+00 0.000000000000000000e+00
7.410000000000000000e+02 1.363358470843166685e+02 2.000000000000000000e+00 0.000000000000000000e+00
7.420000000000000000e+02 1.363884068926605266e+02 0.000000000000000000e+00 0.000000000000000000e+00
7.430000000000000000e+02 1.383943303493466885e+02 1.000000000000000000e+00 0.000000000000000000e+00
7.440000000000000000e+02 1.371657383768975080e+02 1.000000000000000000e+00 0.000000000000000000e+00
7.450000000000000000e+02 1.391077353319805354e+02 0.000000000000000000e+00 0.000000000000000000e+00
7.460000000000000000e+02 1.390254115973593230e+02 1.000000000000000000e+00 0.000000000000000000e+00
7.470000000000000000e+02 1.395959351509951887e+02 1.000000000000000000e+00 0.000000000000000000e+00
7.480000000000000000e+02 1.375239918563331400e+02 1.000000000000000000e+00 0.000000000000000000e+00
7.490000000000000000e+02 1.382934452835789898e+02 1.000000000000000000e+00 0.000000000000000000e+00
7.500000000000000000e+02 1.387130071632241481e+02 0.000000000000000000e+00 0.000000000000000000e+00
7.510000000000000000e+02 1.397517687599517444e+02 1.000000000000000000e+00 0.000000000000000000e+00
7.520000000000000000e+02 1.378078742008043207e+02 1.000000000000000000e+00 0.000000000000000000e+00
7.530000000000000000e+02 1.392745923812370847e+02 1.000000000000000000e+00 0.000000000000000000e+00
7.540000000000000000e+02 1.377048754089773581e+02 2.000000000000000000e+00 0.000000000000000000e+00
7.550000000000000000e+02 1.398911990487592050e+02 0.000000000000000000e+00 0.000000000000000000e+00
7.560000000000000000e+02 1.409686437923485869e+02 0.000000000000000000e+00 0.000000000000000000e+00
7.570000000000000000e+02 1.389775240674876784e+02 2.000000000000000000e+00 0.000000000000000000e+00
7.580000000000000000e+02 1.400073798369913050e+02 0.000000000000000000e+00 0.000000000000000000e+00
7.590000000000000000e+02 1.394713261742786869e+02 1.000000000000000000e+00 0.000000000000000000e+00
7.600000000000000000e+02 1.405988825346061901e+02 0.000000000000000000e+00 0.000000000000000000e+00
7.610000000000000000e+02 1.422361031611595195e+02 0.000000000000000000e+00 0.000000000000000000e+00
7.620000000000000000e+02 1.415138674635639688e+02 1.000000000000000000e+00 0.000000000000000000e+00
7.630000000000000000e+02 1.419434656270549908e+02 1.000000000000000000e+00 0.000000000000000000e+00
7.640000000000000000e+02 1.427078628632487494e+02 0.000000000000000000e+00 0.000000000000000000e+00
7.650000000000000000e+02 1.429468730897581281e+02 1.000000000000000000e+00 0.000000000000000000e+00
7.660000000000000000e+02 1.427144437896260456e+02 1.000000000000000000e+00 0.000000000000000000e+00
7.670000000000000000e+02 1.451695540012792662e+02 0.000000000000000000e+00 0.000000000000000000e+00
7.680000000000000000e+02 1.443821785780470179e+02 1.000000000000000000e+00 0.000000000000000000e+00
7.690000000000000000e+02 1.436010437573498848e+02 1.000000000000000000e+00 0.000000000000000000e+00
7.700000000000000000e+02 1.447926894753930753e+02 1.000000000000000000e+00 0.000000000000000000e+00
7.710000000000000000e+02 1.433319574361525213e+02 2.000000000000000000e+00 0.000000000000000000e+00
7.720000000000000000e+02 1.435368272272815489e+02 0.000000000000000000e+00 0.000000000000000000e+00
7.730000000000000000e+02 1.429661089509203009e+02 1.000000000000000000e+00 0.000000000000000000e+00
7.740000000000000000e+02 1.431335525907371675e+02 1.000000000000000000e+00 0.000000000000000000e+00
7.750000000000000000e+02 1.458222963581736735e+02 0.000000000000000000e+00 0.000000000000000000e+00
7.760000000000000000e+02 1.458461747399162789e+02 1.000000000000000000e+00 0.000000000000000000e+00
7.770000000000000000e+02 1.448587726036505501e+02 1.000000000000000000e+00 0.000000000000000000e+00
7.780000000000000000e+02 1.467958280571745888e+02 0.000000000000000000e+00 0.000000000000000000e+00
7.790000000000000000e+02 1.453875728534459881e+02 2.000000000000000000e+00 0.000000000000000000e+00
7.800000000000000000e+02 1.448118922032199976e+02 2.000000000000000000e+00 0.000000000000000000e+00
7.810000000000000000e+02 1.447451459258713271e+02 1.000000000000000000e+00 0.000000000000000000e+00
7.820000000000000000e+02 1.450566080183866120e+02 0.000000000000000000e+00 0.000000000000000000e+00
7.830000000000000000e+02 1.448222901475892002e+02 0.000000000000000000e+00 0.000000000000000000e+00
7.840000000000000000e+02 1.456661907835020031e+02 0.000000000000000000e+00 0.000000000000000000e+00
7.850000000000000000e+02 1.484427470887425500e+02 0.000000000000000000e+00 0.000000000000000000e+00
7.860000000000000000e+02 1.487917350124691609e+02 0.000000000000000000e+00 0.000000000000000000e+00
7.870000000000000000e+02 1.492887797751878622e+02 0.000000000000000000e+00 0.000000000000000000e+00
7.880000000000000000e+02 1.485828351499048381e+02 2.000000000000000000e+00 0.000000000000000000e+00
7.890000000000000000e+02 1.492332492128002741e+02 2.000000000000000000e+00 0.000000000000000000e+00
7.900000000000000000e+02 1.487233937949350491e+02 0.000000000000000000e+00 0.000000000000000000e+00
7.910000000000000000e+02 1.507749134098595789e+02 0.000000000000000000e+00 0.000000000000000000e+00
7.920000000000000000e+02 1.487399764316046458e+02 2.000000000000000000e+00 0.000000000000000000e+00
7.930000000000000000e+02 1.487390684389006879e+02 1.000000000000000000e+00 0.000000000000000000e+00
7.940000000000000000e+02 1.489363111951570886e+02 1.000000000000000000e+00 0.000000000000000000e+00
7.950000000000000000e+02 1.504399566745832715e+02 0.000000000000000000e+00 0.000000000000000000e+00
7.960000000000000000e+02 1.500114053945978867e+02 2.000000000000000000e+00 0.000000000000000000e+00
7.970000000000000000e+02 1.497710330247713273e+02 0.000000000000000000e+00 0.000000000000000000e+00
7.980000000000000000e+02 1.503390194336019761e+02 1.000000000000000000e+00 0.000000000000000000e+00
7.990000000000000000e+02 1.516438498569269200e+02 0.000000000000000000e+00 0.000000000000000000e+00
8.000000000000000000e+02 1.508364440976644687e+02 1.000000000000000000e+00 0.000000000000000000e+00
