time	position	state	ATP_bound
1.000000000000000000e+00 9.084053987955895693e-01 0.000000000000000000e+00 0.000000000000000000e+00
2.000000000000000000e+00 2.522164827310898083e+00 1.000000000000000000e+00 0.000000000000000000e+00
3.000000000000000000e+00 2.052884387615673045e+00 0.000000000000000000e+00 0.000000000000000000e+00
4.000000000000000000e+00 2.780434249759304866e+00 0.000000000000000000e+00 0.000000000000000000e+00
5.000000000000000000e+00 4.248568858390204817e+00 0.000000000000000000e+00 0.000000000000000000e+00
6.000000000000000000e+00 3.350984549517061595e+00 2.000000000000000000e+00 0.000000000000000000e+00
7.000000000000000000e+00 3.586854869530869294e+00 1.000000000000000000e+00 0.000000000000000000e+00
8.000000000000000000e+00 2.731201776660179714e+00 1.000000000000000000e+00 0.000000000000000000e+00
9.000000000000000000e+00 2.487193689428076837e+00 1.000000000000000000e+00 0.000000000000000000e+00
1.000000000000000000e+01 4.656732988079225422e+00 0.000000000000000000e+00 0.000000000000000000e+00
1.100000000000000000e+01 3.993748012991564789e+00 0.000000000000000000e+00 0.000000000000000000e+00
1.200000000000000000e+01 5.585696412851080872e+00 0.000000000000000000e+00 0.000000000000000000e+00
1.300000000000000000e+01 6.545859043954222578e+00 1.000000000000000000e+00 0.000000000000000000e+00
1.400000000000000000e+01 6.085596711155686123e+00 1.000000000000000000e+00 0.000000000000000000e+00
1.500000000000000000e+01 7.268449730151552934e+00 0.000000000000000000e+00 0.000000000000000000e+00
1.600000000000000000e+01 5.746500586527101717e+00 2.000000000000000000e+00 0.000000000000000000e+00
1.700000000000000000e+01 6.985527289550211627e+00 0.000000000000000000e+00 0.000000000000000000e+00
1.800000000000000000e+01 5.273573887520321968e+00 1.000000000000000000e+00 0.000000000000000000e+00
1.900000000000000000e+01 8.249014281583910702e+00 1.000000000000000000e+00 0.000000000000000000e+00
2.000000000000000000e+01 7.714957839798451289e+00 0.000000000000000000e+00 0.000000000000000000e+00
2.100000000000000000e+01 6.508825471748570735e+00 2.000000000000000000e+00 0.000000000000000000e+00
2.200000000000000000e+01 8.093826225123455842e+00 0.000000000000000000e+00 0.000000000000000000e+00
2.300000000000000000e+01 6.667939955697380405e+00 1.000000000000000000e+00 0.000000000000000000e+00
2.400000000000000000e+01 8.780708079446588599e+00 1.000000000000000000e+00 0.000000000000000000e+00
2.500000000000000000e+01 8.079207588808955620e+00 1.000000000000000000e+00 0.000000000000000000e+00
2.600000000000000000e+01 9.331703734626517033e+00 0.000000000000000000e+00 0.000000000000000000e+00
2.700000000000000000e+01 9.343091172551179824e+00 0.000000000000000000e+00 0.000000000000000000e+00
2.800000000000000000e+01 1.169829248886122031e+01 0.000000000000000000e+00 0.000000000000000000e+00
2.900000000000000000e+01 1.133788160530863642e+01 2.000000000000000000e+00 0.000000000000000000e+00
3.000000000000000000e+01 8.649761245520174668e+00 2.000000000000000000e+00 0.000000000000000000e+00
3.100000000000000000e+01 1.098329118312323516e+01 0.000000000000000000e+00 0.000000000000000000e+00
3.200000000000000000e+01 1.012725273868179876e+01 1.000000000000000000e+00 0.000000000000000000e+00
3.300000000000000000e+01 8.693728347753022945e+00 1.000000000000000000e+00 0.000000000000000000e+00
3.400000000000000000e+01 1.011311272749608747e+01 0.000000000000000000e+00 0.000000000000000000e+00
3.500000000000000000e+01 1.244778706721973549e+01 0.000000000000000000e+00 0.000000000000000000e+00
3.600000000000000000e+01 1.299477613683361987e+01 0.000000000000000000e+00 0.000000000000000000e+00
3.700000000000000000e+01 1.117264091135440296e+01 2.000000000000000000e+00 0.000000000000000000e+00
3.800000000000000000e+01 1.108489497061775886e+01 2.000000000000000000e+00 0.000000000000000000e+00
3.900000000000000000e+01 1.106148880715379157e+01 1.000000000000000000e+00 0.000000000000000000e+00
4.000000000000000000e+01 9.538005343276987347e+00 2.000000000000000000e+00 0.000000000000000000e+00
4.100000000000000000e+01 1.072183528508211303e+01 1.000000000000000000e+00 0.000000000000000000e+00
4.200000000000000000e+01 9.082496965695618485e+00 1.000000000000000000e+00 0.000000000000000000e+00
4.300000000000000000e+01 1.104433747108983965e+01 0.000000000000000000e+00 0.000000000000000000e+00
4.400000000000000000e+01 1.186879486177824106e+01 0.000000000000000000e+00 0.000000000000000000e+00
4.500000000000000000e+01 9.860872086278037685e+00 2.000000000000000000e+00 0.000000000000000000e+00
4.600000000000000000e+01 1.203914221839939991e+01 0.000000000000000000e+00 0.000000000000000000e+00
4.700000000000000000e+01 1.386208495212298608e+01 0.000000000000000000e+00 0.000000000000000000e+00
4.800000000000000000e+01 1.385945034729965997e+01 2.000000000000000000e+00 0.000000000000000000e+00
4.900000000000000000e+01 1.081659404152494908e+01 2.000000000000000000e+00 0.000000000000000000e+00
5.000000000000000000e+01 1.157344978050328876e+01 0.000000000000000000e+00 0.000000000000000000e+00
5.100000000000000000e+01 1.199196123299797812e+01 1.000000000000000000e+00 0.000000000000000000e+00
5.200000000000000000e+01 1.239360833220791314e+01 0.000000000000000000e+00 0.000000000000000000e+00
5.300000000000000000e+01 1.391590167458259053e+01 0.000000000000000000e+00 0.000000000000000000e+00
5.400000000000000000e+01 1.356682073847531456e+01 1.000000000000000000e+00 0.000000000000000000e+00
5.500000000000000000e+01 1.257290675921560208e+01 2.000000000000000000e+00 0.000000000000000000e+00
5.600000000000000000e+01 1.332030340279994185e+01 1.000000000000000000e+00 0.000000000000000000e+00
5.700000000000000000e+01 1.221795357866188780e+01 1.000000000000000000e+00 0.000000000000000000e+00
5.800000000000000000e+01 1.225895488535603484e+01 2.000000000000000000e+00 0.000000000000000000e+00
5.900000000000000000e+01 1.178671339070464441e+01 1.000000000000000000e+00 0.000000000000000000e+00
6.000000000000000000e+01 1.209757794364728412e+01 1.000000000000000000e+00 0.000000000000000000e+00
6.100000000000000000e+01 1.368529771415593643e+01 0.000000000000000000e+00 0.000000000000000000e+00
6.200000000000000000e+01 1.357513349189885332e+01 1.000000000000000000e+00 0.000000000000000000e+00
6.300000000000000000e+01 1.367083654366572176e+01 0.000000000000000000e+00 0.000000000000000000e+00
6.400000000000000000e+01 1.356283140117071895e+01 2.000000000000000000e+00 0.000000000000000000e+00
6.500000000000000000e+01 1.426213478366335963e+01 0.000000000000000000e+00 0.000000000000000000e+00
6.600000000000000000e+01 1.561957618247406110e+01 0.000000000000000000e+00 0.000000000000000000e+00
6.700000000000000000e+01 1.546401282023481372e+01 0.000000000000000000e+00 0.000000000000000000e+00
6.800000000000000000e+01 1.649610186983902693e+01 2.000000000000000000e+00 0.000000000000000000e+00
6.900000000000000000e+01 1.264511481137253135e+01 2.000000000000000000e+00 0.000000000000000000e+00
7.000000000000000000e+01 1.517916723160011117e+01 1.000000000000000000e+00 0.000000000000000000e+00
7.100000000000000000e+01 1.266039289074166696e+01 2.000000000000000000e+00 0.000000000000000000e+00
7.200000000000000000e+01 1.298494051062785459e+01 1.000000000000000000e+00 0.000000000000000000e+00
7.300000000000000000e+01 1.383187892489738857e+01 1.000000000000000000e+00 0.000000000000000000e+00
7.400000000000000000e+01 1.418122028282805758e+01 0.000000000000000000e+00 0.000000000000000000e+00
7.500000000000000000e+01 1.316928916834600649e+01 2.000000000000000000e+00 0.000000000000000000e+00
7.600000000000000000e+01 1.245536488985605672e+01 2.000000000000000000e+00 0.000000000000000000e+00
7.700000000000000000e+01 1.221281080969664146e+01 1.000000000000000000e+00 0.000000000000000000e+00
7.800000000000000000e+01 1.235254132445507302e+01 0.000000000000000000e+00 0.000000000000000000e+00
7.900000000000000000e+01 1.150360616378731748e+01 2.000000000000000000e+00 0.000000000000000000e+00
8.000000000000000000e+01 1.280129782673084016e+01 0.000000000000000000e+00 0.000000000000000000e+00
8.100000000000000000e+01 1.086104150325568085e+01 2.000000000000000000e+00 0.000000000000000000e+00
8.200000000000000000e+01 1.128062412820238691e+01 2.000000000000000000e+00 0.000000000000000000e+00
8.300000000000000000e+01 1.089302142592851474e+01 1.000000000000000000e+00 0.000000000000000000e+00
8.400000000000000000e+01 1.148761329345908777e+01 1.000000000000000000e+00 0.000000000000000000e+00
8.500000000000000000e+01 1.224106418927984841e+01 0.000000000000000000e+00 0.000000000000000000e+00
8.600000000000000000e+01 1.169193448820016634e+01 1.000000000000000000e+00 0.000000000000000000e+00
8.700000000000000000e+01 1.242538909186373353e+01 1.000000000000000000e+00 0.000000000000000000e+00
8.800000000000000000e+01 1.115807715082982909e+01 2.000000000000000000e+00 0.000000000000000000e+00
8.900000000000000000e+01 1.082035556449655367e+01 2.000000000000000000e+00 0.000000000000000000e+00
9.000000000000000000e+01 1.175119479998089744e+01 0.000000000000000000e+00 0.000000000000000000e+00
9.100000000000000000e+01 1.151703925515977289e+01 0.000000000000000000e+00 0.000000000000000000e+00
9.200000000000000000e+01 1.165012986037567799e+01 2.000000000000000000e+00 0.000000000000000000e+00
9.300000000000000000e+01 9.501522885839630561e+00 2.000000000000000000e+00 0.000000000000000000e+00
9.400000000000000000e+01 1.109942406571460438e+01 0.000000000000000000e+00 0.000000000000000000e+00
9.500000000000000000e+01 1.094010670143398833e+01 1.000000000000000000e+00 0.000000000000000000e+00
9.600000000000000000e+01 1.103133865553565407e+01 1.000000000000000000e+00 0.000000000000000000e+00
9.700000000000000000e+01 9.296901807782010252e+00 2.000000000000000000e+00 0.000000000000000000e+00
9.800000000000000000e+01 9.920952321430917209e+00 0.000000000000000000e+00 0.000000000000000000e+00
9.900000000000000000e+01 1.178392763737207005e+01 0.000000000000000000e+00 0.000000000000000000e+00
1.000000000000000000e+02 1.142386615074106437e+01 1.000000000000000000e+00 0.000000000000000000e+00
1.010000000000000000e+02 1.230498659093453639e+01 0.000000000000000000e+00 0.000000000000000000e+00
1.020000000000000000e+02 1.346720430782215061e+01 0.000000000000000000e+00 0.000000000000000000e+00
1.030000000000000000e+02 1.075917470444693258e+01 2.000000000000000000e+00 0.000000000000000000e+00
1.040000000000000000e+02 1.203007741774739436e+01 1.000000000000000000e+00 0.000000000000000000e+00
1.050000000000000000e+02 1.191176164163454487e+01 1.000000000000000000e+00 0.000000000000000000e+00
1.060000000000000000e+02 1.244503037402598089e+01 2.000000000000000000e+00 0.000000000000000000e+00
1.070000000000000000e+02 1.358013769921993941e+01 0.000000000000000000e+00 0.000000000000000000e+00
1.080000000000000000e+02 1.283727938101330501e+01 2.000000000000000000e+00 0.000000000000000000e+00
1.090000000000000000e+02 1.029915753131931311e+01 2.000000000000000000e+00 0.000000000000000000e+00
1.100000000000000000e+02 9.931221954402960961e+00 2.000000000000000000e+00 0.000000000000000000e+00
1.110000000000000000e+02 8.563393740079504823e+00 1.000000000000000000e+00 0.000000000000000000e+00
1.120000000000000000e+02 1.019750261364549182e+01 1.000000000000000000e+00 0.000000000000000000e+00
1.130000000000000000e+02 1.043296667823466350e+01 0.000000000000000000e+00 0.000000000000000000e+00
1.140000000000000000e+02 1.028703416583747732e+01 2.000000000000000000e+00 0.000000000000000000e+00
1.150000000000000000e+02 1.032675757713462339e+01 0.000000000000000000e+00 0.000000000000000000e+00
1.160000000000000000e+02 1.103650709953807052e+01 1.000000000000000000e+00 0.000000000000000000e+00
1.170000000000000000e+02 1.037273184735187392e+01 0.000000000000000000e+00 0.000000000000000000e+00
1.180000000000000000e+02 1.191199748451338536e+01 1.000000000000000000e+00 0.000000000000000000e+00
1.190000000000000000e+02 1.251333573354883910e+01 1.000000000000000000e+00 0.000000000000000000e+00
1.200000000000000000e+02 1.219902674895227790e+01 0.000000000000000000e+00 0.000000000000000000e+00
1.210000000000000000e+02 1.430979335105209138e+01 1.000000000000000000e+00 0.000000000000000000e+00
1.220000000000000000e+02 1.272523904424870800e+01 1.000000000000000000e+00 0.000000000000000000e+00
1.230000000000000000e+02 1.406495440976049238e+01 0.000000000000000000e+00 0.000000000000000000e+00
1.240000000000000000e+02 1.424712144284220550e+01 0.000000000000000000e+00 0.000000000000000000e+00
1.250000000000000000e+02 1.419059495870323673e+01 2.000000000000000000e+00 0.000000000000000000e+00
1.260000000000000000e+02 1.309347326415506707e+01 2.000000000000000000e+00 0.000000000000000000e+00
1.270000000000000000e+02 1.524858221735157038e+01 0.000000000000000000e+00 0.000000000000000000e+00
1.280000000000000000e+02 1.296403675909551723e+01 1.000000000000000000e+00 0.000000000000000000e+00
1.290000000000000000e+02 1.332695549619279163e+01 1.000000000000000000e+00 0.000000000000000000e+00
1.300000000000000000e+02 1.497209154783152663e+01 1.000000000000000000e+00 0.000000000000000000e+00
1.310000000000000000e+02 1.435809528873325291e+01 2.000000000000000000e+00 0.000000000000000000e+00
1.320000000000000000e+02 1.185912432608684064e+01 2.000000000000000000e+00 0.000000000000000000e+00
1.330000000000000000e+02 1.454923349348182882e+01 0.000000000000000000e+00 0.000000000000000000e+00
1.340000000000000000e+02 1.484586130173498120e+01 0.000000000000000000e+00 0.000000000000000000e+00
1.350000000000000000e+02 1.399514543737582706e+01 0.000000000000000000e+00 0.000000000000000000e+00
1.360000000000000000e+02 1.527676801831912279e+01 1.000000000000000000e+00 0.000000000000000000e+00
1.370000000000000000e+02 1.431715394512241346e+01 1.000000000000000000e+00 0.000000000000000000e+00
1.380000000000000000e+02 1.586222103036672593e+01 1.000000000000000000e+00 0.000000000000000000e+00
1.390000000000000000e+02 1.635746329129531773e+01 0.000000000000000000e+00 0.000000000000000000e+00
1.400000000000000000e+02 1.891715033378508437e+01 0.000000000000000000e+00 0.000000000000000000e+00
1.410000000000000000e+02 1.568088042028115758e+01 2.000000000000000000e+00 0.000000000000000000e+00
1.420000000000000000e+02 1.599438507387844588e+01 0.000000000000000000e+00 0.000000000000000000e+00
1.430000000000000000e+02 1.907870766743467783e+01 0.000000000000000000e+00 0.000000000000000000e+00
1.440000000000000000e+02 1.775003546424034795e+01 1.000000000000000000e+00 0.000000000000000000e+00
1.450000000000000000e+02 1.885086959946580976e+01 1.000000000000000000e+00 0.000000000000000000e+00
1.460000000000000000e+02 1.808367446586262162e+01 0.000000000000000000e+00 0.000000000000000000e+00
1.470000000000000000e+02 1.986761663133729172e+01 0.000000000000000000e+00 0.000000000000000000e+00
1.480000000000000000e+02 2.093001300298141842e+01 0.000000000000000000e+00 0.000000000000000000e+00
1.490000000000000000e+02 2.069807907693082782e+01 1.000000000000000000e+00 0.000000000000000000e+00
1.500000000000000000e+02 2.215453325105198346e+01 0.000000000000000000e+00 0.000000000000000000e+00
1.510000000000000000e+02 2.176248821784600906e+01 0.000000000000000000e+00 0.000000000000000000e+00
1.520000000000000000e+02 2.148258788991228485e+01 2.000000000000000000e+00 0.000000000000000000e+00
1.530000000000000000e+02 2.280790606634622364e+01 0.000000000000000000e+00 0.000000000000000000e+00
1.540000000000000000e+02 2.235037218503601508e+01 1.000000000000000000e+00 0.000000000000000000e+00
1.550000000000000000e+02 2.508092436756243870e+01 0.000000000000000000e+00 0.000000000000000000e+00
1.560000000000000000e+02 2.354520655269198670e+01 2.000000000000000000e+00 0.000000000000000000e+00
1.570000000000000000e+02 2.309652504244987270e+01 0.000000000000000000e+00 0.000000000000000000e+00
1.580000000000000000e+02 2.343189991840224096e+01 2.000000000000000000e+00 0.000000000000000000e+00
1.590000000000000000e+02 2.370850005405006300e+01 1.000000000000000000e+00 0.000000000000000000e+00
1.600000000000000000e+02 2.321234710326444528e+01 1.000000000000000000e+00 0.000000000000000000e+00
1.610000000000000000e+02 2.472588522801654776e+01 0.000000000000000000e+00 0.000000000000000000e+00
1.620000000000000000e+02 2.446022157508941319e+01 0.000000000000000000e+00 0.000000000000000000e+00
1.630000000000000000e+02 2.523849745584782411e+01 2.000000000000000000e+00 0.000000000000000000e+00
1.640000000000000000e+02 2.260762479028407768e+01 2.000000000000000000e+00 0.000000000000000000e+00
1.650000000000000000e+02 2.409114167590022149e+01 0.000000000000000000e+00 0.000000000000000000e+00
1.660000000000000000e+02 2.448876865490358057e+01 2.000000000000000000e+00 0.000000000000000000e+00
1.670000000000000000e+02 2.465368227786553845e+01 0.000000000000000000e+00 0.000000000000000000e+00
1.680000000000000000e+02 2.183328540880717838e+01 2.000000000000000000e+00 0.000000000000000000e+00
1.690000000000000000e+02 2.402561729033459414e+01 0.000000000000000000e+00 0.000000000000000000e+00
1.700000000000000000e+02 2.269054531368873739e+01 2.000000000000000000e+00 0.000000000000000000e+00
1.710000000000000000e+02 2.278551568514037484e+01 0.000000000000000000e+00 0.000000000000000000e+00
1.720000000000000000e+02 2.352219365254315875e+01 2.000000000000000000e+00 0.000000000000000000e+00
1.730000000000000000e+02 2.440199777256226454e+01 0.000000000000000000e+00 0.000000000000000000e+00
1.740000000000000000e+02 2.347490265891732264e+01 1.000000000000000000e+00 0.000000000000000000e+00
1.750000000000000000e+02 2.444822069877650605e+01 1.000000000000000000e+00 0.000000000000000000e+00
1.760000000000000000e+02 2.308708171348696681e+01 2.000000000000000000e+00 0.000000000000000000e+00
1.770000000000000000e+02 2.333076264129134714e+01 0.000000000000000000e+00 0.000000000000000000e+00
1.780000000000000000e+02 2.248879119625564371e+01 2.000000000000000000e+00 0.000000000000000000e+00
1.790000000000000000e+02 2.392173001182876746e+01 1.000000000000000000e+00 0.000000000000000000e+00
1.800000000000000000e+02 2.172477604155950459e+01 0.000000000000000000e+00 0.000000000000000000e+00
1.810000000000000000e+02 2.375620074985336316e+01 2.000000000000000000e+00 0.000000000000000000e+00
1.820000000000000000e+02 2.238095111941476745e+01 0.000000000000000000e+00 0.000000000000000000e+00
1.830000000000000000e+02 2.365315256222640627e+01 2.000000000000000000e+00 0.000000000000000000e+00
1.840000000000000000e+02 2.283575894058967748e+01 0.000000000000000000e+00 0.000000000000000000e+00
1.850000000000000000e+02 2.276549000096172293e+01 2.000000000000000000e+00 0.000000000000000000e+00
1.860000000000000000e+02 2.400658316551518467e+01 0.000000000000000000e+00 0.000000000000000000e+00
1.870000000000000000e+02 2.247189429467037769e+01 2.000000000000000000e+00 0.000000000000000000e+00
1.880000000000000000e+02 2.306770823461307174e+01 1.000000000000000000e+00 0.000000000000000000e+00
1.890000000000000000e+02 2.347611909624608373e+01 1.000000000000000000e+00 0.000000000000000000e+00
1.900000000000000000e+02 2.083927079780541192e+01 2.000000000000000000e+00 0.000000000000000000e+00
1.910000000000000000e+02 2.431449229569378900e+01 0.000000000000000000e+00 0.000000000000000000e+00
1.920000000000000000e+02 2.104944273713989489e+01 2.000000000000000000e+00 0.000000000000000000e+00
1.930000000000000000e+02 2.348339460288337932e+01 0.000000000000000000e+00 0.000000000000000000e+00
1.940000000000000000e+02 2.458552393942906988e+01 0.000000000000000000e+00 0.000000000000000000e+00
1.950000000000000000e+02 2.524014828490116713e+01 0.000000000000000000e+00 0.000000000000000000e+00
1.960000000000000000e+02 2.483740604788730977e+01 1.000000000000000000e+00 0.000000000000000000e+00
1.970000000000000000e+02 2.553791856643796265e+01 0.000000000000000000e+00 0.000000000000000000e+00
1.980000000000000000e+02 2.447670387359154276e+01 1.000000000000000000e+00 0.000000000000000000e+00
1.990000000000000000e+02 2.630052400445875804e+01 0.000000000000000000e+00 0.000000000000000000e+00
2.000000000000000000e+02 2.665338965412841787e+01 1.000000000000000000e+00 0.000000000000000000e+00
2.010000000000000000e+02 2.847814837638900443e+01 0.000000000000000000e+00 0.000000000000000000e+00
2.020000000000000000e+02 2.775549398936897916e+01 1.000000000000000000e+00 0.000000000000000000e+00
2.030000000000000000e+02 2.981136443379618584e+01 0.000000000000000000e+00 0.000000000000000000e+00
2.040000000000000000e+02 3.025737637283135228e+01 0.000000000000000000e+00 0.000000000000000000e+00
2.050000000000000000e+02 3.095513495306042273e+01 0.000000000000000000e+00 0.000000000000000000e+00
2.060000000000000000e+02 3.166738792421271498e+01 0.000000000000000000e+00 0.000000000000000000e+00
2.070000000000000000e+02 3.342952236178476966e+01 1.000000000000000000e+00 0.000000000000000000e+00
2.080000000000000000e+02 3.169534571340846085e+01 0.000000000000000000e+00 0.000000000000000000e+00
2.090000000000000000e+02 3.392000139578687623e+01 1.000000000000000000e+00 0.000000000000000000e+00
2.100000000000000000e+02 3.327740157674036681e+01 1.000000000000000000e+00 0.000000000000000000e+00
2.110000000000000000e+02 3.317315228509571767e+01 1.000000000000000000e+00 0.000000000000000000e+00
2.120000000000000000e+02 3.248780490060135406e+01 1.000000000000000000e+00 0.000000000000000000e+00
2.130000000000000000e+02 3.381065771945721821e+01 1.000000000000000000e+00 0.000000000000000000e+00
2.140000000000000000e+02 3.255800502392195028e+01 2.000000000000000000e+00 0.000000000000000000e+00
2.150000000000000000e+02 3.308711644417562070e+01 0.000000000000000000e+00 0.000000000000000000e+00
2.160000000000000000e+02 3.193150279754849308e+01 2.000000000000000000e+00 0.000000000000000000e+00
2.170000000000000000e+02 3.246564649573696926e+01 0.000000000000000000e+00 0.000000000000000000e+00
2.180000000000000000e+02 3.363273796934092275e+01 0.000000000000000000e+00 0.000000000000000000e+00
2.190000000000000000e+02 3.349373244608052147e+01 2.000000000000000000e+00 0.000000000000000000e+00
2.200000000000000000e+02 3.455771651664979771e+01 0.000000000000000000e+00 0.000000000000000000e+00
2.210000000000000000e+02 3.219797461322618659e+01 2.000000000000000000e+00 0.000000000000000000e+00
2.220000000000000000e+02 3.462476287560140520e+01 0.000000000000000000e+00 0.000000000000000000e+00
2.230000000000000000e+02 3.531396330771650582e+01 0.000000000000000000e+00 0.000000000000000000e+00
2.240000000000000000e+02 3.497384617224283687e+01 2.000000000000000000e+00 0.000000000000000000e+00
2.250000000000000000e+02 3.462580639846343189e+01 0.000000000000000000e+00 0.000000000000000000e+00
2.260000000000000000e+02 3.441562029052158778e+01 2.000000000000000000e+00 0.000000000000000000e+00
2.270000000000000000e+02 3.272493164568122381e+01 2.000000000000000000e+00 0.000000000000000000e+00
2.280000000000000000e+02 3.141956333819010894e+01 2.000000000000000000e+00 0.000000000000000000e+00
2.290000000000000000e+02 3.137360654559557460e+01 1.000000000000000000e+00 0.000000000000000000e+00
2.300000000000000000e+02 3.424359189699683981e+01 0.000000000000000000e+00 0.000000000000000000e+00
2.310000000000000000e+02 3.254941940213501539e+01 0.000000000000000000e+00 0.000000000000000000e+00
2.320000000000000000e+02 3.398392865657019968e+01 1.000000000000000000e+00 0.000000000000000000e+00
2.330000000000000000e+02 3.475463847763961667e+01 1.000000000000000000e+00 0.000000000000000000e+00
2.340000000000000000e+02 3.513281718689862032e+01 0.000000000000000000e+00 0.000000000000000000e+00
2.350000000000000000e+02 3.533742427749591997e+01 0.000000000000000000e+00 0.000000000000000000e+00
2.360000000000000000e+02 3.591233015597992306e+01 2.000000000000000000e+00 0.000000000000000000e+00
2.370000000000000000e+02 3.712701401513874799e+01 0.000000000000000000e+00 0.000000000000000000e+00
2.380000000000000000e+02 3.610465507728931556e+01 1.000000000000000000e+00 0.000000000000000000e+00
2.390000000000000000e+02 3.482274891680005169e+01 1.000000000000000000e+00 0.000000000000000000e+00
2.400000000000000000e+02 3.507477374365737433e+01 2.000000000000000000e+00 0.000000000000000000e+00
2.410000000000000000e+02 3.538179110545953421e+01 0.000000000000000000e+00 0.000000000000000000e+00
2.420000000000000000e+02 3.750453042223995226e+01 0.000000000000000000e+00 0.000000000000000000e+00
2.430000000000000000e+02 3.452805125013878751e+01 2.000000000000000000e+00 0.000000000000000000e+00
2.440000000000000000e+02 3.685619807599380238e+01 0.000000000000000000e+00 0.000000000000000000e+00
2.450000000000000000e+02 3.730543964918179967e+01 0.000000000000000000e+00 0.000000000000000000e+00
2.460000000000000000e+02 3.986523813411723438e+01 0.000000000000000000e+00 0.000000000000000000e+00
2.470000000000000000e+02 3.955244009594412802e+01 2.000000000000000000e+00 0.000000000000000000e+00
2.480000000000000000e+02 3.684970701442357210e+01 2.000000000000000000e+00 0.000000000000000000e+00
2.490000000000000000e+02 3.799639141260284703e+01 0.000000000000000000e+00 0.000000000000000000e+00
2.500000000000000000e+02 3.696830716840812414e+01 2.000000000000000000e+00 0.000000000000000000e+00
2.510000000000000000e+02 3.611982299119228657e+01 2.000000000000000000e+00 0.000000000000000000e+00
2.520000000000000000e+02 3.761742709328097334e+01 0.000000000000000000e+00 0.000000000000000000e+00
2.530000000000000000e+02 3.750323067492607976e+01 0.000000000000000000e+00 0.000000000000000000e+00
2.540000000000000000e+02 3.789489787278139943e+01 2.000000000000000000e+00 0.000000000000000000e+00
2.550000000000000000e+02 3.605945002006411926e+01 2.000000000000000000e+00 0.000000000000000000e+00
2.560000000000000000e+02 3.770398749402044558e+01 0.000000000000000000e+00 0.000000000000000000e+00
2.570000000000000000e+02 3.834497360585045556e+01 0.000000000000000000e+00 0.000000000000000000e+00
2.580000000000000000e+02 3.649088241364435703e+01 2.000000000000000000e+00 0.000000000000000000e+00
2.590000000000000000e+02 3.814198699913700352e+01 0.000000000000000000e+00 0.000000000000000000e+00
2.600000000000000000e+02 3.942813360735090100e+01 0.000000000000000000e+00 0.000000000000000000e+00
2.610000000000000000e+02 3.850200740053597315e+01 2.000000000000000000e+00 0.000000000000000000e+00
2.620000000000000000e+02 3.770015684977388304e+01 1.000000000000000000e+00 0.000000000000000000e+00
2.630000000000000000e+02 3.833589646561223674e+01 0.000000000000000000e+00 0.000000000000000000e+00
2.640000000000000000e+02 3.865997518156908797e+01 2.000000000000000000e+00 0.000000000000000000e+00
2.650000000000000000e+02 3.671285264846105179e+01 2.000000000000000000e+00 0.000000000000000000e+00
2.660000000000000000e+02 3.721360468128378329e+01 0.000000000000000000e+00 0.000000000000000000e+00
2.670000000000000000e+02 3.684797056020916273e+01 2.000000000000000000e+00 0.000000000000000000e+00
2.680000000000000000e+02 3.889519753910322208e+01 0.000000000000000000e+00 0.000000000000000000e+00
2.690000000000000000e+02 3.840301721769622390e+01 0.000000000000000000e+00 0.000000000000000000e+00
2.700000000000000000e+02 3.958971772736061467e+01 1.000000000000000000e+00 0.000000000000000000e+00
2.710000000000000000e+02 4.065831068209061527e+01 0.000000000000000000e+00 0.000000000000000000e+00
2.720000000000000000e+02 3.804737793777853483e+01 2.000000000000000000e+00 0.000000000000000000e+00
2.730000000000000000e+02 4.036034120557456362e+01 0.000000000000000000e+00 0.000000000000000000e+00
2.740000000000000000e+02 3.967890314899805304e+01 0.000000000000000000e+00 0.000000000000000000e+00
2.750000000000000000e+02 4.238063677756532144e+01 1.000000000000000000e+00 0.000000000000000000e+00
2.760000000000000000e+02 3.987218705293594212e+01 1.000000000000000000e+00 0.000000000000000000e+00
2.770000000000000000e+02 4.195945994424609182e+01 0.000000000000000000e+00 0.000000000000000000e+00
2.780000000000000000e+02 4.236989416138301578e+01 0.000000000000000000e+00 0.000000000000000000e+00
2.790000000000000000e+02 4.208208225504684918e+01 2.000000000000000000e+00 0.000000000000000000e+00
2.800000000000000000e+02 4.264235838960184566e+01 1.000000000000000000e+00 0.000000000000000000e+00
2.810000000000000000e+02 4.213959469039974692e+01 1.000000000000000000e+00 0.000000000000000000e+00
2.820000000000000000e+02 3.997461443814049886e+01 2.000000000000000000e+00 0.000000000000000000e+00
2.830000000000000000e+02 4.178501704665812611e+01 0.000000000000000000e+00 0.000000000000000000e+00
2.840000000000000000e+02 4.315790175261463446e+01 0.000000000000000000e+00 0.000000000000000000e+00
2.850000000000000000e+02 4.210832030468967702e+01 1.000000000000000000e+00 0.000000000000000000e+00
2.860000000000000000e+02 4.353028439194387289e+01 0.000000000000000000e+00 0.000000000000000000e+00
2.870000000000000000e+02 4.506629400785323014e+01 1.000000000000000000e+00 0.000000000000000000e+00
2.880000000000000000e+02 4.601377070944301551e+01 0.000000000000000000e+00 0.000000000000000000e+00
2.890000000000000000e+02 4.630719136749339526e+01 0.000000000000000000e+00 0.000000000000000000e+00
2.900000000000000000e+02 4.578890720556932337e+01 2.000000000000000000e+00 0.000000000000000000e+00
2.910000000000000000e+02 4.568543284055699871e+01 0.000000000000000000e+00 0.000000000000000000e+00
2.920000000000000000e+02 4.906254399226860841e+01 0.000000000000000000e+00 0.000000000000000000e+00
2.930000000000000000e+02 4.734055481920946562e+01 2.000000000000000000e+00 0.000000000000000000e+00
2.940000000000000000e+02 4.820566269665312831e+01 0.000000000000000000e+00 0.000000000000000000e+00
2.950000000000000000e+02 4.649661896659185345e+01 2.000000000000000000e+00 0.000000000000000000e+00
2.960000000000000000e+02 4.837132499921508355e+01 0.000000000000000000e+00 0.000000000000000000e+00
2.970000000000000000e+02 4.724626968528502857e+01 0.000000000000000000e+00 0.000000000000000000e+00
2.980000000000000000e+02 4.892966839849005112e+01 0.000000000000000000e+00 0.000000000000000000e+00
2.990000000000000000e+02 4.958526143398677277e+01 0.000000000000000000e+00 0.000000000000000000e+00
3.000000000000000000e+02 4.951130727193113756e+01 1.000000000000000000e+00 0.000000000000000000e+00
3.010000000000000000e+02 5.131868228919334030e+01 0.000000000000000000e+00 0.000000000000000000e+00
3.020000000000000000e+02 4.962453621866262665e+01 2.000000000000000000e+00 0.000000000000000000e+00
3.030000000000000000e+02 5.088502604210437141e+01 2.000000000000000000e+00 0.000000000000000000e+00
3.040000000000000000e+02 4.938587157519602044e+01 1.000000000000000000e+00 0.000000000000000000e+00
3.050000000000000000e+02 4.982315753148464665e+01 1.000000000000000000e+00 0.000000000000000000e+00
3.060000000000000000e+02 4.906466615458187164e+01 1.000000000000000000e+00 0.000000000000000000e+00
3.070000000000000000e+02 4.816677494020348149e+01 2.000000000000000000e+00 0.000000000000000000e+00
3.080000000000000000e+02 4.771751387047210358e+01 2.000000000000000000e+00 0.000000000000000000e+00
3.090000000000000000e+02 4.858864355433038185e+01 0.000000000000000000e+00 0.000000000000000000e+00
3.100000000000000000e+02 4.630808148625786913e+01 2.000000000000000000e+00 0.000000000000000000e+00
3.110000000000000000e+02 4.884585747763757269e+01 0.000000000000000000e+00 0.000000000000000000e+00
3.120000000000000000e+02 4.731981367750792344e+01 2.000000000000000000e+00 0.000000000000000000e+00
3.130000000000000000e+02 4.866202057439652862e+01 0.000000000000000000e+00 0.000000000000000000e+00
3.140000000000000000e+02 4.701561309410754319e+01 1.000000000000000000e+00 0.000000000000000000e+00
3.150000000000000000e+02 4.661421540740330727e+01 1.000000000000000000e+00 0.000000000000000000e+00
3.160000000000000000e+02 4.759778421961660655e+01 1.000000000000000000e+00 0.000000000000000000e+00
3.170000000000000000e+02 4.816343783143688029e+01 0.000000000000000000e+00 0.000000000000000000e+00
3.180000000000000000e+02 4.798663788251208473e+01 2.000000000000000000e+00 0.000000000000000000e+00
3.190000000000000000e+02 4.777529210867795939e+01 0.000000000000000000e+00 0.000000000000000000e+00
3.200000000000000000e+02 4.828093741215162993e+01 1.000000000000000000e+00 0.000000000000000000e+00
3.210000000000000000e+02 4.895119502093586306e+01 1.000000000000000000e+00 0.000000000000000000e+00
3.220000000000000000e+02 5.079402145788208145e+01 0.000000000000000000e+00 0.000000000000000000e+00
3.230000000000000000e+02 4.945465655970203045e+01 1.000000000000000000e+00 0.000000000000000000e+00
3.240000000000000000e+02 4.956404459743882285e+01 2.000000000000000000e+00 0.000000000000000000e+00
3.250000000000000000e+02 4.967826200842168305e+01 0.000000000000000000e+00 0.000000000000000000e+00
3.260000000000000000e+02 5.015925583795034015e+01 1.000000000000000000e+00 0.000000000000000000e+00
3.270000000000000000e+02 5.087418349747144219e+01 0.000000000000000000e+00 0.000000000000000000e+00
3.280000000000000000e+02 5.037662975000237253e+01 1.000000000000000000e+00 0.000000000000000000e+00
3.290000000000000000e+02 5.120912391452566226e+01 1.000000000000000000e+00 0.000000000000000000e+00
3.300000000000000000e+02 5.248048791165837201e+01 0.000000000000000000e+00 0.000000000000000000e+00
3.310000000000000000e+02 5.207622702909479528e+01 1.000000000000000000e+00 0.000000000000000000e+00
3.320000000000000000e+02 5.301709220396779898e+01 0.000000000000000000e+00 0.000000000000000000e+00
3.330000000000000000e+02 5.303853571570862613e+01 0.000000000000000000e+00 0.000000000000000000e+00
3.340000000000000000e+02 5.360452882253375151e+01 1.000000000000000000e+00 0.000000000000000000e+00
3.350000000000000000e+02 5.573913197498146843e+01 0.000000000000000000e+00 0.000000000000000000e+00
3.360000000000000000e+02 5.382742854661238141e+01 2.000000000000000000e+00 0.000000000000000000e+00
3.370000000000000000e+02 5.407168931917245658e+01 0.000000000000000000e+00 0.000000000000000000e+00
3.380000000000000000e+02 5.175721202505399532e+01 2.000000000000000000e+00 0.000000000000000000e+00
3.390000000000000000e+02 5.524899968244517368e+01 0.000000000000000000e+00 0.000000000000000000e+00
3.400000000000000000e+02 5.364535020075221183e+01 2.000000000000000000e+00 0.000000000000000000e+00
3.410000000000000000e+02 5.468453406446730014e+01 0.000000000000000000e+00 0.000000000000000000e+00
3.420000000000000000e+02 5.591374346904658665e+01 1.000000000000000000e+00 0.000000000000000000e+00
3.430000000000000000e+02 5.475318874741297037e+01 2.000000000000000000e+00 0.000000000000000000e+00
3.440000000000000000e+02 5.352809984721304915e+01 1.000000000000000000e+00 0.000000000000000000e+00
3.450000000000000000e+02 5.523991749596811474e+01 1.000000000000000000e+00 0.000000000000000000e+00
3.460000000000000000e+02 5.474919223747386354e+01 0.000000000000000000e+00 0.000000000000000000e+00
3.470000000000000000e+02 5.638995086206949026e+01 0.000000000000000000e+00 0.000000000000000000e+00
3.480000000000000000e+02 5.627320177134973278e+01 0.000000000000000000e+00 0.000000000000000000e+00
3.490000000000000000e+02 5.786170720814711643e+01 0.000000000000000000e+00 0.000000000000000000e+00
3.500000000000000000e+02 5.767885410667211232e+01 1.000000000000000000e+00 0.000000000000000000e+00
3.510000000000000000e+02 5.840361659060033617e+01 0.000000000000000000e+00 0.000000000000000000e+00
3.520000000000000000e+02 5.644618748473912717e+01 2.000000000000000000e+00 0.000000000000000000e+00
3.530000000000000000e+02 5.838071031156544421e+01 0.000000000000000000e+00 0.000000000000000000e+00
3.540000000000000000e+02 5.789129339850504152e+01 2.000000000000000000e+00 0.000000000000000000e+00
3.550000000000000000e+02 5.843468187022499194e+01 0.000000000000000000e+00 0.000000000000000000e+00
3.560000000000000000e+02 5.923807867729445320e+01 1.000000000000000000e+00 0.000000000000000000e+00
3.570000000000000000e+02 6.175876635707928841e+01 0.000000000000000000e+00 0.000000000000000000e+00
3.580000000000000000e+02 5.992528961412009636e+01 0.000000000000000000e+00 0.000000000000000000e+00
3.590000000000000000e+02 5.867198392431006226e+01 2.000000000000000000e+00 0.000000000000000000e+00
3.600000000000000000e+02 5.956152092305266166e+01 1.000000000000000000e+00 0.000000000000000000e+00
3.610000000000000000e+02 6.030666311481238751e+01 1.000000000000000000e+00 0.000000000000000000e+00
3.620000000000000000e+02 5.845765997245258916e+01 2.000000000000000000e+00 0.000000000000000000e+00
3.630000000000000000e+02 5.977673506828165273e+01 0.000000000000000000e+00 0.000000000000000000e+00
3.640000000000000000e+02 6.030093912188556260e+01 0.000000000000000000e+00 0.000000000000000000e+00
3.650000000000000000e+02 6.124189699935472930e+01 0.000000000000000000e+00 0.000000000000000000e+00
3.660000000000000000e+02 6.471140955692443697e+01 1.000000000000000000e+00 0.000000000000000000e+00
3.670000000000000000e+02 6.138221228710494159e+01 2.000000000000000000e+00 0.000000000000000000e+00
3.680000000000000000e+02 6.181106839508829864e+01 0.000000000000000000e+00 0.000000000000000000e+00
3.690000000000000000e+02 6.193236185038961139e+01 1.000000000000000000e+00 0.000000000000000000e+00
3.700000000000000000e+02 6.253258289441414064e+01 1.000000000000000000e+00 0.000000000000000000e+00
3.710000000000000000e+02 6.206912670519976416e+01 0.000000000000000000e+00 0.000000000000000000e+00
3.720000000000000000e+02 6.178495631106328290e+01 2.000000000000000000e+00 0.000000000000000000e+00
3.730000000000000000e+02 6.334053214018945965e+01 0.000000000000000000e+00 0.000000000000000000e+00
3.740000000000000000e+02 6.291800395113253330e+01 1.000000000000000000e+00 0.000000000000000000e+00
3.750000000000000000e+02 6.212424111183736386e+01 1.000000000000000000e+00 0.000000000000000000e+00
3.760000000000000000e+02 6.368482838866089679e+01 0.000000000000000000e+00 0.000000000000000000e+00
3.770000000000000000e+02 6.471969595163943723e+01 0.000000000000000000e+00 0.000000000000000000e+00
3.780000000000000000e+02 6.601169367443476688e+01 0.000000000000000000e+00 0.000000000000000000e+00
3.790000000000000000e+02 6.594751938894920329e+01 2.000000000000000000e+00 0.000000000000000000e+00
3.800000000000000000e+02 6.391468708019856138e+01 2.000000000000000000e+00 0.000000000000000000e+00
3.810000000000000000e+02 6.497887256935391065e+01 0.000000000000000000e+00 0.000000000000000000e+00
3.820000000000000000e+02 6.472503091582834145e+01 2.000000000000000000e+00 0.000000000000000000e+00
3.830000000000000000e+02 6.430008405526712068e+01 0.000000000000000000e+00 0.000000000000000000e+00
3.840000000000000000e+02 6.597571423052394834e+01 1.000000000000000000e+00 0.000000000000000000e+00
3.850000000000000000e+02 6.458094302651747398e+01 1.000000000000000000e+00 0.000000000000000000e+00
3.860000000000000000e+02 6.638468942417731000e+01 0.000000000000000000e+00 0.000000000000000000e+00
3.870000000000000000e+02 6.552664680011615417e+01 2.000000000000000000e+00 0.000000000000000000e+00
3.880000000000000000e+02 6.545469810197899108e+01 0.000000000000000000e+00 0.000000000000000000e+00
3.890000000000000000e+02 6.625116650090815540e+01 1.000000000000000000e+00 0.000000000000000000e+00
3.900000000000000000e+02 6.566902500751257321e+01 1.000000000000000000e+00 0.000000000000000000e+00
3.910000000000000000e+02 6.562026664477490101e+01 1.000000000000000000e+00 0.000000000000000000e+00
3.920000000000000000e+02 6.515225046196135850e+01 1.000000000000000000e+00 0.000000000000000000e+00
3.930000000000000000e+02 6.518181139109732669e+01 1.000000000000000000e+00 0.000000000000000000e+00
3.940000000000000000e+02 6.507889037500488882e+01 1.000000000000000000e+00 0.000000000000000000e+00
3.950000000000000000e+02 6.656642535019902596e+01 1.000000000000000000e+00 0.000000000000000000e+00
3.960000000000000000e+02 6.651916978046384088e+01 0.000000000000000000e+00 0.000000000000000000e+00
3.970000000000000000e+02 6.583915889989960135e+01 1.000000000000000000e+00 0.000000000000000000e+00
3.980000000000000000e+02 6.567573964257829289e+01 1.000000000000000000e+00 0.000000000000000000e+00
3.990000000000000000e+02 6.787365759850199254e+01 0.000000000000000000e+00 0.000000000000000000e+00
4.000000000000000000e+02 6.697777573667600848e+01 2.000000000000000000e+00 0.000000000000000000e+00
4.010000000000000000e+02 6.819020237181901223e+01 0.000000000000000000e+00 0.000000000000000000e+00
4.020000000000000000e+02 6.713238299831078848e+01 1.000000000000000000e+00 0.000000000000000000e+00
4.030000000000000000e+02 6.985309363905277280e+01 1.000000000000000000e+00 0.000000000000000000e+00
4.040000000000000000e+02 6.951090200648667405e+01 0.000000000000000000e+00 0.000000000000000000e+00
4.050000000000000000e+02 6.979245617684594549e+01 0.000000000000000000e+00 0.000000000000000000e+00
4.060000000000000000e+02 7.132543537951607959e+01 0.000000000000000000e+00 0.000000000000000000e+00
4.070000000000000000e+02 7.251197919155173111e+01 0.000000000000000000e+00 0.000000000000000000e+00
4.080000000000000000e+02 7.071548649246034302e+01 2.000000000000000000e+00 0.000000000000000000e+00
4.090000000000000000e+02 7.236650185450643846e+01 0.000000000000000000e+00 0.000000000000000000e+00
4.100000000000000000e+02 7.189009744944230818e+01 1.000000000000000000e+00 0.000000000000000000e+00
4.110000000000000000e+02 7.275545665813334040e+01 0.000000000000000000e+00 0.000000000000000000e+00
4.120000000000000000e+02 7.326977893359494942e+01 2.000000000000000000e+00 0.000000000000000000e+00
4.130000000000000000e+02 7.117919841408337334e+01 1.000000000000000000e+00 0.000000000000000000e+00
4.140000000000000000e+02 7.140537066542388800e+01 1.000000000000000000e+00 0.000000000000000000e+00
4.150000000000000000e+02 7.238539503343687898e+01 1.000000000000000000e+00 0.000000000000000000e+00
4.160000000000000000e+02 7.294790567414607096e+01 1.000000000000000000e+00 0.000000000000000000e+00
4.170000000000000000e+02 7.019942469195837020e+01 2.000000000000000000e+00 0.000000000000000000e+00
4.180000000000000000e+02 7.252693845834562580e+01 0.000000000000000000e+00 0.000000000000000000e+00
4.190000000000000000e+02 7.380345743945325410e+01 0.000000000000000000e+00 0.000000000000000000e+00
4.200000000000000000e+02 7.300468642158099897e+01 2.000000000000000000e+00 0.000000000000000000e+00
4.210000000000000000e+02 7.271736219721606176e+01 0.000000000000000000e+00 0.000000000000000000e+00
4.220000000000000000e+02 7.201742293259530925e+01 2.000000000000000000e+00 0.000000000000000000e+00
4.230000000000000000e+02 7.148481696226586735e+01 2.000000000000000000e+00 0.000000000000000000e+00
4.240000000000000000e+02 7.047492419738271963e+01 0.000000000000000000e+00 0.000000000000000000e+00
4.250000000000000000e+02 7.332326731840728939e+01 1.000000000000000000e+00 0.000000000000000000e+00
4.260000000000000000e+02 7.078821060341458349e+01 2.000000000000000000e+00 0.000000000000000000e+00
4.270000000000000000e+02 6.979628245399339903e+01 1.000000000000000000e+00 0.000000000000000000e+00
4.280000000000000000e+02 6.937887769544636285e+01 2.000000000000000000e+00 0.000000000000000000e+00
4.290000000000000000e+02 6.941350415068687596e+01 1.000000000000000000e+00 0.000000000000000000e+00
4.300000000000000000e+02 6.934835564731139357e+01 1.000000000000000000e+00 0.000000000000000000e+00
4.310000000000000000e+02 6.791248862061505065e+01 2.000000000000000000e+00 0.000000000000000000e+00
4.320000000000000000e+02 6.834201922049814470e+01 2.000000000000000000e+00 0.000000000000000000e+00
4.330000000000000000e+02 6.942853652024530220e+01 0.000000000000000000e+00 0.000000000000000000e+00
4.340000000000000000e+02 6.957665709872740933e+01 1.000000000000000000e+00 0.000000000000000000e+00
4.350000000000000000e+02 7.110249607475468281e+01 0.000000000000000000e+00 0.000000000000000000e+00
4.360000000000000000e+02 6.739138687879277256e+01 2.000000000000000000e+00 0.000000000000000000e+00
4.370000000000000000e+02 7.070424899596335422e+01 0.000000000000000000e+00 0.000000000000000000e+00
4.380000000000000000e+02 6.957658438573511717e+01 1.000000000000000000e+00 0.000000000000000000e+00
4.390000000000000000e+02 7.045684919410676628e+01 1.000000000000000000e+00 0.000000000000000000e+00
4.400000000000000000e+02 7.083614000556023882e+01 0.000000000000000000e+00 0.000000000000000000e+00
4.410000000000000000e+02 7.131867500593529030e+01 0.000000000000000000e+00 0.000000000000000000e+00
4.420000000000000000e+02 7.212776302784145344e+01 1.000000000000000000e+00 0.000000000000000000e+00
4.430000000000000000e+02 7.252761316481176834e+01 0.000000000000000000e+00 0.000000000000000000e+00
4.440000000000000000e+02 7.290699131420602441e+01 2.000000000000000000e+00 0.000000000000000000e+00
4.450000000000000000e+02 7.262732101086189118e+01 1.000000000000000000e+00 0.000000000000000000e+00
4.460000000000000000e+02 7.145948915821252001e+01 1.000000000000000000e+00 0.000000000000000000e+00
4.470000000000000000e+02 7.326194436840805224e+01 1.000000000000000000e+00 0.000000000000000000e+00
4.480000000000000000e+02 7.347106037270737033e+01 0.000000000000000000e+00 0.000000000000000000e+00
4.490000000000000000e+02 7.353373505352584516e+01 0.000000000000000000e+00 0.000000000000000000e+00
4.500000000000000000e+02 7.504004724380796176e+01 0.000000000000000000e+00 0.000000000000000000e+00
4.510000000000000000e+02 7.633372512441680158e+01 0.000000000000000000e+00 0.000000000000000000e+00
4.520000000000000000e+02 7.560648138299943355e+01 2.000000000000000000e+00 0.000000000000000000e+00
4.530000000000000000e+02 7.385913792821635582e+01 2.000000000000000000e+00 0.000000000000000000e+00
4.540000000000000000e+02 7.621377865128775397e+01 0.000000000000000000e+00 0.000000000000000000e+00
4.550000000000000000e+02 7.367199156683568617e+01 1.000000000000000000e+00 0.000000000000000000e+00
4.560000000000000000e+02 7.652224126090086997e+01 0.000000000000000000e+00 0.000000000000000000e+00
4.570000000000000000e+02 7.556822867493640672e+01 2.000000000000000000e+00 0.000000000000000000e+00
4.580000000000000000e+02 7.511624404412194167e+01 0.000000000000000000e+00 0.000000000000000000e+00
4.590000000000000000e+02 7.732673835254078654e+01 0.000000000000000000e+00 0.000000000000000000e+00
4.600000000000000000e+02 7.781719113458659365e+01 0.000000000000000000e+00 0.000000000000000000e+00
4.610000000000000000e+02 7.880617535345315616e+01 0.000000000000000000e+00 0.000000000000000000e+00
4.620000000000000000e+02 7.967940750782936732e+01 0.000000000000000000e+00 0.000000000000000000e+00
4.630000000000000000e+02 7.744520106185561303e+01 2.000000000000000000e+00 0.000000000000000000e+00
4.640000000000000000e+02 8.008812009464412540e+01 0.000000000000000000e+00 0.000000000000000000e+00
4.650000000000000000e+02 7.970135004038516513e+01 1.000000000000000000e+00 0.000000000000000000e+00
4.660000000000000000e+02 8.150304742155391580e+01 0.000000000000000000e+00 0.000000000000000000e+00
4.670000000000000000e+02 8.012249280211199221e+01 1.000000000000000000e+00 0.000000000000000000e+00
4.680000000000000000e+02 8.160062849100448545e+01 0.000000000000000000e+00 0.000000000000000000e+00
4.690000000000000000e+02 8.162478958182634869e+01 2.000000000000000000e+00 0.000000000000000000e+00
4.700000000000000000e+02 8.265026932215258171e+01 0.000000000000000000e+00 0.000000000000000000e+00
4.710000000000000000e+02 8.166504395067647692e+01 2.000000000000000000e+00 0.000000000000000000e+00
4.720000000000000000e+02 7.994854577522123407e+01 2.000000000000000000e+00 0.000000000000000000e+00
4.730000000000000000e+02 8.144250897548769785e+01 0.000000000000000000e+00 0.000000000000000000e+00
4.740000000000000000e+02 8.076414850865961625e+01 2.000000000000000000e+00 0.000000000000000000e+00
4.750000000000000000e+02 8.081790125319520257e+01 0.000000000000000000e+00 0.000000000000000000e+00
4.760000000000000000e+02 8.095357030842875190e+01 2.000000000000000000e+00 0.000000000000000000e+00
4.770000000000000000e+02 8.033134111809341960e+01 0.000000000000000000e+00 0.000000000000000000e+00
4.780000000000000000e+02 8.053666978275950328e+01 1.000000000000000000e+00 0.000000000000000000e+00
4.790000000000000000e+02 8.368853775622550017e+01 0.000000000000000000e+00 0.000000000000000000e+00
4.800000000000000000e+02 8.054004090630745338e+01 2.000000000000000000e+00 0.000000000000000000e+00
4.810000000000000000e+02 7.956477464295723223e+01 2.000000000000000000e+00 0.000000000000000000e+00
4.820000000000000000e+02 8.048998083164057959e+01 0.000000000000000000e+00 0.000000000000000000e+00
4.830000000000000000e+02 8.037525121437964515e+01 2.000000000000000000e+00 0.000000000000000000e+00
4.840000000000000000e+02 7.998015841787257330e+01 0.000000000000000000e+00 0.000000000000000000e+00
4.850000000000000000e+02 8.134729831414469459e+01 0.000000000000000000e+00 0.000000000000000000e+00
4.860000000000000000e+02 8.387523151531986798e+01 1.000000000000000000e+00 0.000000000000000000e+00
4.870000000000000000e+02 8.354106384901922411e+01 1.000000000000000000e+00 0.000000000000000000e+00
4.880000000000000000e+02 8.192492300238920677e+01 0.000000000000000000e+00 0.000000000000000000e+00
4.890000000000000000e+02 8.415471298013632406e+01 1.000000000000000000e+00 0.000000000000000000e+00
4.900000000000000000e+02 8.372428629585695603e+01 0.000000000000000000e+00 0.000000000000000000e+00
4.910000000000000000e+02 8.367719522582031288e+01 2.000000000000000000e+00 0.000000000000000000e+00
4.920000000000000000e+02 8.290880120775692319e+01 0.000000000000000000e+00 0.000000000000000000e+00
4.930000000000000000e+02 8.569457270268617322e+01 0.000000000000000000e+00 0.000000000000000000e+00
4.940000000000000000e+02 8.457468236742991508e+01 1.000000000000000000e+00 0.000000000000000000e+00
4.950000000000000000e+02 8.508121259063341313e+01 1.000000000000000000e+00 0.000000000000000000e+00
4.960000000000000000e+02 8.530537262122582831e+01 0.000000000000000000e+00 0.000000000000000000e+00
4.970000000000000000e+02 8.587932844974885427e+01 1.000000000000000000e+00 0.000000000000000000e+00
4.980000000000000000e+02 8.632556647380935999e+01 2.000000000000000000e+00 0.000000000000000000e+00
4.990000000000000000e+02 8.559045980519026386e+01 0.000000000000000000e+00 0.000000000000000000e+00
5.000000000000000000e+02 8.479832292373218650e+01 2.000000000000000000e+00 0.000000000000000000e+00
5.010000000000000000e+02 8.664985379673730392e+01 0.000000000000000000e+00 0.000000000000000000e+00
5.020000000000000000e+02 8.687091412804747392e+01 0.000000000000000000e+00 0.000000000000000000e+00
5.030000000000000000e+02 8.682137015140034464e+01 2.000000000000000000e+00 0.000000000000000000e+00
5.040000000000000000e+02 8.649546265582833371e+01 0.000000000000000000e+00 0.000000000000000000e+00
5.050000000000000000e+02 8.709957376855889777e+01 1.000000000000000000e+00 0.000000000000000000e+00
5.060000000000000000e+02 8.626965816011646382e+01 1.000000000000000000e+00 0.000000000000000000e+00
5.070000000000000000e+02 8.732271751363454371e+01 0.000000000000000000e+00 0.000000000000000000e+00
5.080000000000000000e+02 8.992354073938687975e+01 0.000000000000000000e+00 0.000000000000000000e+00
5.090000000000000000e+02 8.806667059919116980e+01 2.000000000000000000e+00 0.000000000000000000e+00
5.100000000000000000e+02 8.840863559722710363e+01 0.000000000000000000e+00 0.000000000000000000e+00
5.110000000000000000e+02 8.711973594474895322e+01 2.000000000000000000e+00 0.000000000000000000e+00
5.120000000000000000e+02 8.779912224122124087e+01 2.000000000000000000e+00 0.000000000000000000e+00
5.130000000000000000e+02 8.841505910738277407e+01 0.000000000000000000e+00 0.000000000000000000e+00
5.140000000000000000e+02 8.804313446044437796e+01 1.000000000000000000e+00 0.000000000000000000e+00
5.150000000000000000e+02 8.791095397477742779e+01 1.000000000000000000e+00 0.000000000000000000e+00
5.160000000000000000e+02 8.944004102896167296e+01 0.000000000000000000e+00 0.000000000000000000e+00
5.170000000000000000e+02 8.807572156627367121e+01 2.000000000000000000e+00 0.000000000000000000e+00
5.180000000000000000e+02 8.943620204451860900e+01 0.000000000000000000e+00 0.000000000000000000e+00
5.190000000000000000e+02 8.733424891331731033e+01 1.000000000000000000e+00 0.000000000000000000e+00
5.200000000000000000e+02 8.936900435833686629e+01 0.000000000000000000e+00 0.000000000000000000e+00
5.210000000000000000e+02 8.914092863512382792e+01 1.000000000000000000e+00 0.000000000000000000e+00
5.220000000000000000e+02 8.939286799612676759e+01 2.000000000000000000e+00 0.000000000000000000e+00
5.230000000000000000e+02 8.984607748503032099e+01 0.000000000000000000e+00 0.000000000000000000e+00
5.240000000000000000e+02 8.979524294680680896e+01 1.000000000000000000e+00 0.000000000000000000e+00
5.250000000000000000e+02 9.035293238197240839e+01 1.000000000000000000e+00 0.000000000000000000e+00
5.260000000000000000e+02 9.039375063755237250e+01 1.000000000000000000e+00 0.000000000000000000e+00
5.270000000000000000e+02 8.974841117440318783e+01 1.000000000000000000e+00 0.000000000000000000e+00
5.280000000000000000e+02 8.983349709783253445e+01 1.000000000000000000e+00 0.000000000000000000e+00
5.290000000000000000e+02 8.982632646429841827e+01 1.000000000000000000e+00 0.000000000000000000e+00
5.300000000000000000e+02 9.053202993090970097e+01 0.000000000000000000e+00 0.000000000000000000e+00
5.310000000000000000e+02 8.982657709066964458e+01 2.000000000000000000e+00 0.000000000000000000e+00
5.320000000000000000e+02 9.108086052297524304e+01 0.000000000000000000e+00 0.000000000000000000e+00
5.330000000000000000e+02 9.171273274923538565e+01 2.000000000000000000e+00 0.000000000000000000e+00
5.340000000000000000e+02 8.886171332967273884e+01 2.000000000000000000e+00 0.000000000000000000e+00
5.350000000000000000e+02 9.025585881789133680e+01 0.000000000000000000e+00 0.000000000000000000e+00
5.360000000000000000e+02 9.052863924970405662e+01 0.000000000000000000e+00 0.000000000000000000e+00
5.370000000000000000e+02 9.131725852638381014e+01 2.000000000000000000e+00 0.000000000000000000e+00
5.380000000000000000e+02 9.007303315174040392e+01 1.000000000000000000e+00 0.000000000000000000e+00
5.390000000000000000e+02 9.108906627855517968e+01 0.000000000000000000e+00 0.000000000000000000e+00
5.400000000000000000e+02 9.108166631414107428e+01 0.000000000000000000e+00 0.000000000000000000e+00
5.410000000000000000e+02 9.156336887688475201e+01 0.000000000000000000e+00 0.000000000000000000e+00
5.420000000000000000e+02 9.176073392247408833e+01 2.000000000000000000e+00 0.000000000000000000e+00
5.430000000000000000e+02 9.196304519154212187e+01 2.000000000000000000e+00 0.000000000000000000e+00
5.440000000000000000e+02 9.189364940012582395e+01 0.000000000000000000e+00 0.000000000000000000e+00
5.450000000000000000e+02 9.102282329748740608e+01 2.000000000000000000e+00 0.000000000000000000e+00
5.460000000000000000e+02 9.220876622346770546e+01 0.000000000000000000e+00 0.000000000000000000e+00
5.470000000000000000e+02 9.050690598623005201e+01 1.000000000000000000e+00 0.000000000000000000e+00
5.480000000000000000e+02 9.226639263796316470e+01 1.000000000000000000e+00 0.000000000000000000e+00
5.490000000000000000e+02 9.171485328753172439e+01 1.000000000000000000e+00 0.000000000000000000e+00
5.500000000000000000e+02 9.260416323133441097e+01 0.000000000000000000e+00 0.000000000000000000e+00
5.510000000000000000e+02 9.308807192246136708e+01 2.000000000000000000e+00 0.000000000000000000e+00
5.520000000000000000e+02 9.286908486168871946e+01 1.000000000000000000e+00 0.000000000000000000e+00
5.530000000000000000e+02 9.029752582585500420e+01 2.000000000000000000e+00 0.000000000000000000e+00
5.540000000000000000e+02 9.216788015627047059e+01 0.000000000000000000e+00 0.000000000000000000e+00
5.550000000000000000e+02 9.071999542068817846e+01 1.000000000000000000e+00 0.000000000000000000e+00
5.560000000000000000e+02 9.236009566300909057e+01 1.000000000000000000e+00 0.000000000000000000e+00
5.570000000000000000e+02 8.924442705705129697e+01 1.000000000000000000e+00 0.000000000000000000e+00
5.580000000000000000e+02 9.262836562014305741e+01 1.000000000000000000e+00 0.000000000000000000e+00
5.590000000000000000e+02 9.245087875234118258e+01 1.000000000000000000e+00 0.000000000000000000e+00
5.600000000000000000e+02 9.216012833084421629e+01 1.000000000000000000e+00 0.000000000000000000e+00
5.610000000000000000e+02 9.174985643058018070e+01 1.000000000000000000e+00 0.000000000000000000e+00
5.620000000000000000e+02 9.135097127714163889e+01 2.000000000000000000e+00 0.000000000000000000e+00
5.630000000000000000e+02 9.062580692454577047e+01 1.000000000000000000e+00 0.000000000000000000e+00
5.640000000000000000e+02 9.185013009840787390e+01 0.000000000000000000e+00 0.000000000000000000e+00
5.650000000000000000e+02 9.254127017277657785e+01 0.000000000000000000e+00 0.000000000000000000e+00
5.660000000000000000e+02 9.509683328194422813e+01 0.000000000000000000e+00 0.000000000000000000e+00
5.670000000000000000e+02 9.469303668482494629e+01 1.000000000000000000e+00 0.000000000000000000e+00
5.680000000000000000e+02 9.437554311962225029e+01 0.000000000000000000e+00 0.000000000000000000e+00
5.690000000000000000e+02 9.471339276649081285e+01 0.000000000000000000e+00 0.000000000000000000e+00
5.700000000000000000e+02 9.527387209215383734e+01 1.000000000000000000e+00 0.000000000000000000e+00
5.710000000000000000e+02 9.503885339027564783e+01 2.000000000000000000e+00 0.000000000000000000e+00
5.720000000000000000e+02 9.604583046369714339e+01 0.000000000000000000e+00 0.000000000000000000e+00
5.730000000000000000e+02 9.646114282405626739e+01 0.000000000000000000e+00 0.000000000000000000e+00
5.740000000000000000e+02 9.531562544999235342e+01 2.000000000000000000e+00 0.000000000000000000e+00
5.750000000000000000e+02 9.555511640104852233e+01 1.000000000000000000e+00 0.000000000000000000e+00
5.760000000000000000e+02 9.693100913238481553e+01 0.000000000000000000e+00 0.000000000000000000e+00
5.770000000000000000e+02 9.563110498286357597e+01 2.000000000000000000e+00 0.000000000000000000e+00
5.780000000000000000e+02 9.432090405468936467e+01 0.000000000000000000e+00 0.000000000000000000e+00
5.790000000000000000e+02 9.760304123332002746e+01 0.000000000000000000e+00 0.000000000000000000e+00
5.800000000000000000e+02 9.827746113651156179e+01 1.000000000000000000e+00 0.000000000000000000e+00
5.810000000000000000e+02 9.980566573227667959e+01 0.000000000000000000e+00 0.000000000000000000e+00
5.820000000000000000e+02 9.783445647239807386e+01 2.000000000000000000e+00 0.000000000000000000e+00
5.830000000000000000e+02 9.778848442957350073e+01 0.000000000000000000e+00 0.000000000000000000e+00
5.840000000000000000e+02 1.007358640335294382e+02 1.000000000000000000e+00 0.000000000000000000e+00
5.850000000000000000e+02 9.990518804543189901e+01 1.000000000000000000e+00 0.000000000000000000e+00
5.860000000000000000e+02 1.005894934932383222e+02 0.000000000000000000e+00 0.000000000000000000e+00
5.870000000000000000e+02 1.002983149648391930e+02 1.000000000000000000e+00 0.000000000000000000e+00
5.880000000000000000e+02 1.012185961419999387e+02 0.000000000000000000e+00 0.000000000000000000e+00
5.890000000000000000e+02 9.974567372284651867e+01 2.000000000000000000e+00 0.000000000000000000e+00
5.900000000000000000e+02 1.013587124377699382e+02 0.000000000000000000e+00 0.000000000000000000e+00
5.910000000000000000e+02 1.006730972837762721e+02 1.000000000000000000e+00 0.000000000000000000e+00
5.920000000000000000e+02 9.949981211796043112e+01 2.000000000000000000e+00 0.000000000000000000e+00
5.930000000000000000e+02 9.965740640517185511e+01 0.000000000000000000e+00 0.000000000000000000e+00
5.940000000000000000e+02 1.006049681314974720e+02 1.000000000000000000e+00 0.000000000000000000e+00
5.950000000000000000e+02 9.923334912279175057e+01 1.000000000000000000e+00 0.000000000000000000e+00
5.960000000000000000e+02 9.991842307163383907e+01 1.000000000000000000e+00 0.000000000000000000e+00
5.970000000000000000e+02 1.004502928187053499e+02 2.000000000000000000e+00 0.000000000000000000e+00
5.980000000000000000e+02 1.011073217566030138e+02 0.000000000000000000e+00 0.000000000000000000e+00
5.990000000000000000e+02 1.022899167723675191e+02 0.000000000000000000e+00 0.000000000000000000e+00
6.000000000000000000e+02 1.038263386973989242e+02 0.000000000000000000e+00 0.000000000000000000e+00
6.010000000000000000e+02 1.039894297579133138e+02 0.000000000000000000e+00 0.000000000000000000e+00
6.020000000000000000e+02 1.043507849433317034e+02 2.000000000000000000e+00 0.000000000000000000e+00
6.030000000000000000e+02 1.027394086629360572e+02 0.000000000000000000e+00 0.000000000000000000e+00
6.040000000000000000e+02 1.030839003240113527e+02 2.000000000000000000e+00 0.000000000000000000e+00
6.050000000000000000e+02 1.045362755067140625e+02 0.000000000000000000e+00 0.000000000000000000e+00
6.060000000000000000e+02 1.043202938589100910e+02 1.000000000000000000e+00 0.000000000000000000e+00
6.070000000000000000e+02 1.053418606102338231e+02 0.000000000000000000e+00 0.000000000000000000e+00
6.080000000000000000e+02 1.053070182127897567e+02 1.000000000000000000e+00 0.000000000000000000e+00
6.090000000000000000e+02 1.063113904161381527e+02 0.000000000000000000e+00 0.000000000000000000e+00
6.100000000000000000e+02 1.062608090620079793e+02 1.000000000000000000e+00 0.000000000000000000e+00
6.110000000000000000e+02 1.055378899554155510e+02 1.000000000000000000e+00 0.000000000000000000e+00
6.120000000000000000e+02 1.073025542413739544e+02 0.000000000000000000e+00 0.000000000000000000e+00
6.130000000000000000e+02 1.086698047423515163e+02 0.000000000000000000e+00 0.000000000000000000e+00
6.140000000000000000e+02 1.079141679155196840e+02 1.000000000000000000e+00 0.000000000000000000e+00
6.150000000000000000e+02 1.073810673843039893e+02 1.000000000000000000e+00 0.000000000000000000e+00
6.160000000000000000e+02 1.078257036072988910e+02 1.000000000000000000e+00 0.000000000000000000e+00
6.170000000000000000e+02 1.091194128577821658e+02 0.000000000000000000e+00 0.000000000000000000e+00
6.180000000000000000e+02 1.085672246722039773e+02 2.000000000000000000e+00 0.000000000000000000e+00
6.190000000000000000e+02 1.083288822445239390e+02 1.000000000000000000e+00 0.000000000000000000e+00
6.200000000000000000e+02 1.091572999781326416e+02 1.000000000000000000e+00 0.000000000000000000e+00
6.210000000000000000e+02 1.064322473133975251e+02 2.000000000000000000e+00 0.000000000000000000e+00
6.220000000000000000e+02 1.088885057593524124e+02 0.000000000000000000e+00 0.000000000000000000e+00
6.230000000000000000e+02 1.091955149335410198e+02 0.000000000000000000e+00 0.000000000000000000e+00
6.240000000000000000e+02 1.095553029652763257e+02 1.000000000000000000e+00 0.000000000000000000e+00
6.250000000000000000e+02 1.112180729809630009e+02 0.000000000000000000e+00 0.000000000000000000e+00
6.260000000000000000e+02 1.107597771712108141e+02 0.000000000000000000e+00 0.000000000000000000e+00
6.270000000000000000e+02 1.109459084402898981e+02 1.000000000000000000e+00 0.000000000000000000e+00
6.280000000000000000e+02 1.115880025106796438e+02 0.000000000000000000e+00 0.000000000000000000e+00
6.290000000000000000e+02 1.134958597935945193e+02 0.000000000000000000e+00 0.000000000000000000e+00
6.300000000000000000e+02 1.131690260930427030e+02 1.000000000000000000e+00 0.000000000000000000e+00
6.310000000000000000e+02 1.132481880758845847e+02 2.000000000000000000e+00 0.000000000000000000e+00
6.320000000000000000e+02 1.098175408916360993e+02 2.000000000000000000e+00 0.000000000000000000e+00
6.330000000000000000e+02 1.090182795174362553e+02 2.000000000000000000e+00 0.000000000000000000e+00
6.340000000000000000e+02 1.117496751253577116e+02 0.000000000000000000e+00 0.000000000000000000e+00
6.350000000000000000e+02 1.111577396204822037e+02 1.000000000000000000e+00 0.000000000000000000e+00
6.360000000000000000e+02 1.144623943143647580e+02 0.000000000000000000e+00 0.000000000000000000e+00
6.370000000000000000e+02 1.120090406482704708e+02 1.000000000000000000e+00 0.000000000000000000e+00
6.380000000000000000e+02 1.136950722234410165e+02 1.000000000000000000e+00 0.000000000000000000e+00
6.390000000000000000e+02 1.115567873508631891e+02 2.000000000000000000e+00 0.000000000000000000e+00
6.400000000000000000e+02 1.115905152386965113e+02 0.000000000000000000e+00 0.000000000000000000e+00
6.410000000000000000e+02 1.097681636517575470e+02 2.000000000000000000e+00 0.000000000000000000e+00
6.420000000000000000e+02 1.127426231781260100e+02 0.000000000000000000e+00 0.000000000000000000e+00
6.430000000000000000e+02 1.114418850531586287e+02 1.000000000000000000e+00 0.000000000000000000e+00
6.440000000000000000e+02 1.131790509181683433e+02 0.000000000000000000e+00 0.000000000000000000e+00
6.450000000000000000e+02 1.129227462494721834e+02 2.000000000000000000e+00 0.000000000000000000e+00
6.460000000000000000e+02 1.107222813327093007e+02 1.000000000000000000e+00 0.000000000000000000e+00
6.470000000000000000e+02 1.103779153783940927e+02 1.000000000000000000e+00 0.000000000000000000e+00
6.480000000000000000e+02 1.121792194664115101e+02 1.000000000000000000e+00 0.000000000000000000e+00
6.490000000000000000e+02 1.128354256927185730e+02 0.000000000000000000e+00 0.000000000000000000e+00
6.500000000000000000e+02 1.120665438958002511e+02 1.000000000000000000e+00 0.000000000000000000e+00
6.510000000000000000e+02 1.145331978349247635e+02 0.000000000000000000e+00 0.000000000000000000e+00
6.520000000000000000e+02 1.153028777509584444e+02 0.000000000000000000e+00 0.000000000000000000e+00
6.530000000000000000e+02 1.149465319750617169e+02 1.000000000000000000e+00 0.000000000000000000e+00
6.540000000000000000e+02 1.159888161325591227e+02 0.000000000000000000e+00 0.000000000000000000e+00
6.550000000000000000e+02 1.167667539958239047e+02 1.000000000000000000e+00 0.000000000000000000e+00
6.560000000000000000e+02 1.146966945069635671e+02 2.000000000000000000e+00 0.000000000000000000e+00
6.570000000000000000e+02 1.147388206041109129e+02 2.000000000000000000e+00 0.000000000000000000e+00
6.580000000000000000e+02 1.147428070547798455e+02 0.000000000000000000e+00 0.000000000000000000e+00
6.590000000000000000e+02 1.131443909264049239e+02 2.000000000000000000e+00 0.000000000000000000e+00
6.600000000000000000e+02 1.142916711148012610e+02 1.000000000000000000e+00 0.000000000000000000e+00
6.610000000000000000e+02 1.135328611185506134e+02 2.000000000000000000e+00 0.000000000000000000e+00
6.620000000000000000e+02 1.122644451492198527e+02 2.000000000000000000e+00 0.000000000000000000e+00
6.630000000000000000e+02 1.120149929248568412e+02 2.000000000000000000e+00 0.000000000000000000e+00
6.640000000000000000e+02 1.105707298076580116e+02 2.000000000000000000e+00 0.000000000000000000e+00
6.650000000000000000e+02 1.124528663772279629e+02 0.000000000000000000e+00 0.000000000000000000e+00
6.660000000000000000e+02 1.100726634298069797e+02 2.000000000000000000e+00 0.000000000000000000e+00
6.670000000000000000e+02 1.114931168958083987e+02 0.000000000000000000e+00 0.000000000000000000e+00
6.680000000000000000e+02 1.115481150662886591e+02 0.000000000000000000e+00 0.000000000000000000e+00
6.690000000000000000e+02 1.145831843763625670e+02 0.000000000000000000e+00 0.000000000000000000e+00
6.700000000000000000e+02 1.112437186974066918e+02 2.000000000000000000e+00 0.000000000000000000e+00
6.710000000000000000e+02 1.124803798643887660e+02 0.000000000000000000e+00 0.000000000000000000e+00
6.720000000000000000e+02 1.129414014111923308e+02 1.000000000000000000e+00 0.000000000000000000e+00
6.730000000000000000e+02 1.141327790128871698e+02 1.000000000000000000e+00 0.000000000000000000e+00
6.740000000000000000e+02 1.133106109461824360e+02 1.000000000000000000e+00 0.000000000000000000e+00
6.750000000000000000e+02 1.103550523477825749e+02 2.000000000000000000e+00 0.000000000000000000e+00
6.760000000000000000e+02 1.132428799081705364e+02 0.000000000000000000e+00 0.000000000000000000e+00
6.770000000000000000e+02 1.130274765501468011e+02 1.000000000000000000e+00 0.000000000000000000e+00
6.780000000000000000e+02 1.135640358148118452e+02 0.000000000000000000e+00 0.000000000000000000e+00
6.790000000000000000e+02 1.149530982371618961e+02 0.000000000000000000e+00 0.000000000000000000e+00
6.800000000000000000e+02 1.142813793790164709e+02 2.000000000000000000e+00 0.000000000000000000e+00
6.810000000000000000e+02 1.143376254810780495e+02 1.000000000000000000e+00 0.000000000000000000e+00
6.820000000000000000e+02 1.163602805321128386e+02 0.000000000000000000e+00 0.000000000000000000e+00
6.830000000000000000e+02 1.155126079939486488e+02 0.000000000000000000e+00 0.000000000000000000e+00
6.840000000000000000e+02 1.145610374178044282e+02 2.000000000000000000e+00 0.000000000000000000e+00
6.850000000000000000e+02 1.150422977391462069e+02 1.000000000000000000e+00 0.000000000000000000e+00
6.860000000000000000e+02 1.140271793561139475e+02 2.000000000000000000e+00 0.000000000000000000e+00
6.870000000000000000e+02 1.163170940423649711e+02 0.000000000000000000e+00 0.000000000000000000e+00
6.880000000000000000e+02 1.143504965242957354e+02 2.000000000000000000e+00 0.000000000000000000e+00
6.890000000000000000e+02 1.160800706635519361e+02 1.000000000000000000e+00 0.000000000000000000e+00
6.900000000000000000e+02 1.145300220179605759e+02 1.000000000000000000e+00 0.000000000000000000e+00
6.910000000000000000e+02 1.127314970512417318e+02 2.000000000000000000e+00 0.000000000000000000e+00
6.920000000000000000e+02 1.134169198682107407e+02 0.000000000000000000e+00 0.000000000000000000e+00
6.930000000000000000e+02 1.129900720029759356e+02 2.000000000000000000e+00 0.000000000000000000e+00
6.940000000000000000e+02 1.142504744013687059e+02 0.000000000000000000e+00 0.000000000000000000e+00
6.950000000000000000e+02 1.137184704621379865e+02 1.000000000000000000e+00 0.000000000000000000e+00
6.960000000000000000e+02 1.140197406195820520e+02 0.000000000000000000e+00 0.000000000000000000e+00
6.970000000000000000e+02 1.146352487534366418e+02 0.000000000000000000e+00 0.000000000000000000e+00
6.980000000000000000e+02 1.158789011295114477e+02 1.000000000000000000e+00 0.000000000000000000e+00
6.990000000000000000e+02 1.162364308683863214e+02 1.000000000000000000e+00 0.000000000000000000e+00
7.000000000000000000e+02 1.171450866042664387e+02 0.000000000000000000e+00 0.000000000000000000e+00
7.010000000000000000e+02 1.186905100628157328e+02 0.000000000000000000e+00 0.000000000000000000e+00
7.020000000000000000e+02 1.181511254450848867e+02 1.000000000000000000e+00 0.000000000000000000e+00
7.030000000000000000e+02 1.185683727247539707e+02 0.000000000000000000e+00 0.000000000000000000e+00
7.040000000000000000e+02 1.206034459354218029e+02 0.000000000000000000e+00 0.000000000000000000e+00
7.050000000000000000e+02 1.214034000744968296e+02 0.000000000000000000e+00 0.000000000000000000e+00
7.060000000000000000e+02 1.222915327406315953e+02 0.000000000000000000e+00 0.000000000000000000e+00
7.070000000000000000e+02 1.216565626986314754e+02 1.000000000000000000e+00 0.000000000000000000e+00
7.080000000000000000e+02 1.225202787970616072e+02 0.000000000000000000e+00 0.000000000000000000e+00
7.090000000000000000e+02 1.231812947247961034e+02 1.000000000000000000e+00 0.000000000000000000e+00
7.100000000000000000e+02 1.215628223824984673e+02 1.000000000000000000e+00 0.000000000000000000e+00
7.110000000000000000e+02 1.235231148028772594e+02 0.000000000000000000e+00 0.000000000000000000e+00
7.120000000000000000e+02 1.243405934995001303e+02 0.000000000000000000e+00 0.000000000000000000e+00
7.130000000000000000e+02 1.241845359321699931e+02 2.000000000000000000e+00 0.000000000000000000e+00
7.140000000000000000e+02 1.248974592596208453e+02 0.000000000000000000e+00 0.000000000000000000e+00
7.150000000000000000e+02 1.247343248181636426e+02 2.000000000000000000e+00 0.000000000000000000e+00
7.160000000000000000e+02 1.249282229409455880e+02 1.000000000000000000e+00 0.000000000000000000e+00
7.170000000000000000e+02 1.256971074938414432e+02 0.000000000000000000e+00 0.000000000000000000e+00
7.180000000000000000e+02 1.236706883006221460e+02 2.000000000000000000e+00 0.000000000000000000e+00
7.190000000000000000e+02 1.255543674204477753e+02 0.000000000000000000e+00 0.000000000000000000e+00
7.200000000000000000e+02 1.230410895869485586e+02 2.000000000000000000e+00 0.000000000000000000e+00
7.210000000000000000e+02 1.256019896082406007e+02 0.000000000000000000e+00 0.000000000000000000e+00
7.220000000000000000e+02 1.258116200429685279e+02 1.000000000000000000e+00 0.000000000000000000e+00
7.230000000000000000e+02 1.250673587849818205e+02 1.000000000000000000e+00 0.000000000000000000e+00
7.240000000000000000e+02 1.285215779113335088e+02 0.000000000000000000e+00 0.000000000000000000e+00
7.250000000000000000e+02 1.256259820101730043e+02 0.000000000000000000e+00 0.000000000000000000e+00
7.260000000000000000e+02 1.271161828149590036e+02 0.000000000000000000e+00 0.000000000000000000e+00
7.270000000000000000e+02 1.267643949383531208e+02 1.000000000000000000e+00 0.000000000000000000e+00
7.280000000000000000e+02 1.269721729104256838e+02 0.000000000000000000e+00 0.000000000000000000e+00
7.290000000000000000e+02 1.290768891864591126e+02 0.000000000000000000e+00 0.000000000000000000e+00
7.300000000000000000e+02 1.306229497287847892e+02 1.000000000000000000e+00 0.000000000000000000e+00
7.310000000000000000e+02 1.296041361788957147e+02 2.000000000000000000e+00 0.000000000000000000e+00
7.320000000000000000e+02 1.316437616861888102e+02 0.000000000000000000e+00 0.000000000000000000e+00
7.330000000000000000e+02 1.319027623154671005e+02 0.000000000000000000e+00 0.000000000000000000e+00
7.340000000000000000e+02 1.313265397950104045e+02 0.000000000000000000e+00 0.000000000000000000e+00
7.350000000000000000e+02 1.331442046522646763e+02 0.000000000000000000e+00 0.000000000000000000e+00
7.360000000000000000e+02 1.330231804127353712e+02 1.000000000000000000e+00 0.000000000000000000e+00
7.370000000000000000e+02 1.339063256402275783e+02 1.000000000000000000e+00 0.000000000000000000e+00
7.380000000000000000e+02 1.322242420217301060e+02 1.000000000000000000e+00 0.000000000000000000e+00
7.390000000000000000e+02 1.327927374457591441e+02 1.000000000000000000e+00 0.000000000000000000e+00
7.400000000000000000e+02 1.326457976424198080e+02 0.000000000000000000e+00 0.000000000000000000e+00
7.410000000000000000e+02 1.335153282505110610e+02 1.000000000000000000e+00 0.000000000000000000e+00
7.420000000000000000e+02 1.345639507680685654e+02 0.000000000000000000e+00 0.000000000000000000e+00
7.430000000000000000e+02 1.358455851071905158e+02 0.000000000000000000e+00 0.000000000000000000e+00
7.440000000000000000e+02 1.375396149812289082e+02 0.000000000000000000e+00 0.000000000000000000e+00
7.450000000000000000e+02 1.381964155592957582e+02 1.000000000000000000e+00 0.000000000000000000e+00
7.460000000000000000e+02 1.365626714998294631e+02 1.000000000000000000e+00 0.000000000000000000e+00
7.470000000000000000e+02 1.358767862714260275e+02 1.000000000000000000e+00 0.000000000000000000e+00
7.480000000000000000e+02 1.362876045775999501e+02 2.000000000000000000e+00 0.000000000000000000e+00
7.490000000000000000e+02 1.357524668401384247e+02 1.000000000000000000e+00 0.000000000000000000e+00
7.500000000000000000e+02 1.360429521579460470e+02 1.000000000000000000e+00 0.000000000000000000e+00
7.510000000000000000e+02 1.364266790494804695e+02 0.000000000000000000e+00 0.000000000000000000e+00
7.520000000000000000e+02 1.364805864338582637e+02 1.000000000000000000e+00 0.000000000000000000e+00
7.530000000000000000e+02 1.351561939586611913e+02 2.000000000000000000e+00 0.000000000000000000e+00
7.540000000000000000e+02 1.346417802272410711e+02 2.000000000000000000e+00 0.000000000000000000e+00
7.550000000000000000e+02 1.357843353291154074e+02 0.000000000000000000e+00 0.000000000000000000e+00
7.560000000000000000e+02 1.383141355459497674e+02 0.000000000000000000e+00 0.000000000000000000e+00
7.570000000000000000e+02 1.380150491054012889e+02 0.000000000000000000e+00 0.000000000000000000e+00
7.580000000000000000e+02 1.372215622674521001e+02 2.000000000000000000e+00 0.000000000000000000e+00
7.590000000000000000e+02 1.371834520381549112e+02 0.000000000000000000e+00 0.000000000000000000e+00
7.600000000000000000e+02 1.374817967285863460e+02 2.000000000000000000e+00 0.000000000000000000e+00
7.610000000000000000e+02 1.373348648169862258e+02 0.000000000000000000e+00 0.000000000000000000e+00
7.620000000000000000e+02 1.361385962384477466e+02 2.000000000000000000e+00 0.000000000000000000e+00
7.630000000000000000e+02 1.388839130994440723e+02 0.000000000000000000e+00 0.000000000000000000e+00
7.640000000000000000e+02 1.371193941505331679e+02 1.000000000000000000e+00 0.000000000000000000e+00
7.650000000000000000e+02 1.404701746685085482e+02 0.000000000000000000e+00 0.000000000000000000e+00
7.660000000000000000e+02 1.391109328055782441e+02 2.000000000000000000e+00 0.000000000000000000e+00
7.670000000000000000e+02 1.391384475230591420e+02 0.000000000000000000e+00 0.000000000000000000e+00
7.680000000000000000e+02 1.383403684278557364e+02 2.000000000000000000e+00 0.000000000000000000e+00
7.690000000000000000e+02 1.360617665097174154e+02 2.000000000000000000e+00 0.000000000000000000e+00
7.700000000000000000e+02 1.378288282960577646e+02 0.000000000000000000e+00 0.000000000000000000e+00
7.710000000000000000e+02 1.381816772222096006e+02 1.000000000000000000e+00 0.000000000000000000e+00
7.720000000000000000e+02 1.388985143041937818e+02 0.000000000000000000e+00 0.000000000000000000e+00
7.730000000000000000e+02 1.416012534510188345e+02 0.000000000000000000e+00 0.000000000000000000e+00
7.740000000000000000e+02 1.421060220636998963e+02 0.000000000000000000e+00 0.000000000000000000e+00
7.750000000000000000e+02 1.405535925009753555e+02 1.000000000000000000e+00 0.000000000000000000e+00
7.760000000000000000e+02 1.417106495698079414e+02 1.000000000000000000e+00 0.000000000000000000e+00
7.770000000000000000e+02 1.418882491717096173e+02 1.000000000000000000e+00 0.000000000000000000e+00
7.780000000000000000e+02 1.425086851494361895e+02 0.000000000000000000e+00 0.000000000000000000e+00
7.790000000000000000e+02 1.427344411162318636e+02 0.000000000000000000e+00 0.000000000000000000e+00
7.800000000000000000e+02 1.406679486019822605e+02 2.000000000000000000e+00 0.000000000000000000e+00
7.810000000000000000e+02 1.415245404957390747e+02 1.000000000000000000e+00 0.000000000000000000e+00
7.820000000000000000e+02 1.435668834115023174e+02 1.000000000000000000e+00 0.000000000000000000e+00
7.830000000000000000e+02 1.413402414664508342e+02 2.000000000000000000e+00 0.000000000000000000e+00
7.840000000000000000e+02 1.428278901341246581e+02 0.000000000000000000e+00 0.000000000000000000e+00
7.850000000000000000e+02 1.402319839210822749e+02 2.000000000000000000e+00 0.000000000000000000e+00
7.860000000000000000e+02 1.412173803913936752e+02 2.000000000000000000e+00 0.000000000000000000e+00
7.870000000000000000e+02 1.404422796058869665e+02 0.000000000000000000e+00 0.000000000000000000e+00
7.880000000000000000e+02 1.428471275507866949e+02 0.000000000000000000e+00 0.000000000000000000e+00
7.890000000000000000e+02 1.430448555298890483e+02 0.000000000000000000e+00 0.000000000000000000e+00
7.900000000000000000e+02 1.408295741540792392e+02 2.000000000000000000e+00 0.000000000000000000e+00
7.910000000000000000e+02 1.414254649013602432e+02 2.000000000000000000e+00 0.000000000000000000e+00
7.920000000000000000e+02 1.432938014371923998e+02 0.000000000000000000e+00 0.000000000000000000e+00
7.930000000000000000e+02 1.416998046780895493e+02 0.000000000000000000e+00 0.000000000000000000e+00
7.940000000000000000e+02 1.439443469810843226e+02 0.000000000000000000e+00 0.000000000000000000e+00
7.950000000000000000e+02 1.442434668795648065e+02 1.000000000000000000e+00 0.000000000000000000e+00
7.960000000000000000e+02 1.434873669997997467e+02 1.000000000000000000e+00 0.000000000000000000e+00
7.970000000000000000e+02 1.433627417377189772e+02 1.000000000000000000e+00 0.000000000000000000e+00
7.980000000000000000e+02 1.436102746163281267e+02 1.000000000000000000e+00 0.000000000000000000e+00
7.990000000000000000e+02 1.453419153948392193e+02 0.000000000000000000e+00 0.000000000000000000e+00
8.000000000000000000e+02 1.443015893850343900e+02 2.000000000000000000e+00 0.000000000000000000e+00
