time	position	state	ATP_bound
1.000000000000000000e+00 1.409527413867418533e-01 1.000000000000000000e+00 0.000000000000000000e+00
2.000000000000000000e+00 6.916552114164902232e-01 0.000000000000000000e+00 0.000000000000000000e+00
3.000000000000000000e+00 1.738373946767543643e+00 1.000000000000000000e+00 0.000000000000000000e+00
4.000000000000000000e+00 2.061554130831900089e+00 0.000000000000000000e+00 0.000000000000000000e+00
5.000000000000000000e+00 1.736800168060227190e+00 1.000000000000000000e+00 0.000000000000000000e+00
6.000000000000000000e+00 3.809510750291014602e+00 0.000000000000000000e+00 0.000000000000000000e+00
7.000000000000000000e+00 4.541908086200757921e+00 1.000000000000000000e+00 0.000000000000000000e+00
8.000000000000000000e+00 3.739700498231055548e+00 0.000000000000000000e+00 0.000000000000000000e+00
9.000000000000000000e+00 2.151498052707200070e+00 2.000000000000000000e+00 0.000000000000000000e+00
1.000000000000000000e+01 3.424665939315849617e+00 0.000000000000000000e+00 0.000000000000000000e+00
1.100000000000000000e+01 3.479912428176271888e+00 1.000000000000000000e+00 0.000000000000000000e+00
1.200000000000000000e+01 5.885953298130356615e+00 0.000000000000000000e+00 0.000000000000000000e+00
1.300000000000000000e+01 4.476254189038639808e+00 1.000000000000000000e+00 0.000000000000000000e+00
1.400000000000000000e+01 2.079723299969328920e+00 2.000000000000000000e+00 0.000000000000000000e+00
1.500000000000000000e+01 5.050552861572256802e+00 0.000000000000000000e+00 0.000000000000000000e+00
1.600000000000000000e+01 6.130846099664406523e+00 0.000000000000000000e+00 0.000000000000000000e+00
1.700000000000000000e+01 4.596199810342568526e+00 2.000000000000000000e+00 0.000000000000000000e+00
1.800000000000000000e+01 5.787698222798302261e+00 0.000000000000000000e+00 0.000000000000000000e+00
1.900000000000000000e+01 5.689075143391085554e+00 1.000000000000000000e+00 0.000000000000000000e+00
2.000000000000000000e+01 4.833846424982224832e+00 1.000000000000000000e+00 0.000000000000000000e+00
2.100000000000000000e+01 7.333412172073856539e+00 0.000000000000000000e+00 0.000000000000000000e+00
2.200000000000000000e+01 8.130255754957005365e+00 1.000000000000000000e+00 0.000000000000000000e+00
2.300000000000000000e+01 7.811439423759169998e+00 0.000000000000000000e+00 0.000000000000000000e+00
2.400000000000000000e+01 8.315572955062858540e+00 0.000000000000000000e+00 0.000000000000000000e+00
2.500000000000000000e+01 7.059648104917526368e+00 2.000000000000000000e+00 0.000000000000000000e+00
2.600000000000000000e+01 7.220158717476977017e+00 2.000000000000000000e+00 0.000000000000000000e+00
2.700000000000000000e+01 4.199905881848293276e+00 1.000000000000000000e+00 0.000000000000000000e+00
2.800000000000000000e+01 5.199884176043281236e+00 2.000000000000000000e+00 0.000000000000000000e+00
2.900000000000000000e+01 7.244529009972975331e+00 0.000000000000000000e+00 0.000000000000000000e+00
3.000000000000000000e+01 6.976344592392416111e+00 1.000000000000000000e+00 0.000000000000000000e+00
3.100000000000000000e+01 8.115826730871146921e+00 0.000000000000000000e+00 0.000000000000000000e+00
3.200000000000000000e+01 7.118859218864369787e+00 1.000000000000000000e+00 0.000000000000000000e+00
3.300000000000000000e+01 8.246190276625183557e+00 0.000000000000000000e+00 0.000000000000000000e+00
3.400000000000000000e+01 9.437596866168673770e+00 2.000000000000000000e+00 0.000000000000000000e+00
3.500000000000000000e+01 7.158815859927432967e+00 1.000000000000000000e+00 0.000000000000000000e+00
3.600000000000000000e+01 9.666583061919945763e+00 0.000000000000000000e+00 0.000000000000000000e+00
3.700000000000000000e+01 9.632517314057910340e+00 0.000000000000000000e+00 0.000000000000000000e+00
3.800000000000000000e+01 9.888254404093153482e+00 1.000000000000000000e+00 0.000000000000000000e+00
3.900000000000000000e+01 8.841531397644029511e+00 2.000000000000000000e+00 0.000000000000000000e+00
4.000000000000000000e+01 8.448955731911608424e+00 2.000000000000000000e+00 0.000000000000000000e+00
4.100000000000000000e+01 7.557057640664917919e+00 1.000000000000000000e+00 0.000000000000000000e+00
4.200000000000000000e+01 8.932732542001089016e+00 1.000000000000000000e+00 0.000000000000000000e+00
4.300000000000000000e+01 7.894770669210833702e+00 0.000000000000000000e+00 0.000000000000000000e+00
4.400000000000000000e+01 1.003274752037792084e+01 0.000000000000000000e+00 0.000000000000000000e+00
4.500000000000000000e+01 8.070932725703876542e+00 2.000000000000000000e+00 0.000000000000000000e+00
4.600000000000000000e+01 1.013824388150688094e+01 0.000000000000000000e+00 0.000000000000000000e+00
4.700000000000000000e+01 1.104073448166748683e+01 1.000000000000000000e+00 0.000000000000000000e+00
4.800000000000000000e+01 1.152863580515766628e+01 0.000000000000000000e+00 0.000000000000000000e+00
4.900000000000000000e+01 1.044563071563190881e+01 1.000000000000000000e+00 0.000000000000000000e+00
5.000000000000000000e+01 9.192632007313946474e+00 2.000000000000000000e+00 0.000000000000000000e+00
5.100000000000000000e+01 1.064734758366942380e+01 0.000000000000000000e+00 0.000000000000000000e+00
5.200000000000000000e+01 1.198465771073086295e+01 0.000000000000000000e+00 0.000000000000000000e+00
5.300000000000000000e+01 1.279150747418739620e+01 0.000000000000000000e+00 0.000000000000000000e+00
5.400000000000000000e+01 1.374503477436746302e+01 0.000000000000000000e+00 0.000000000000000000e+00
5.500000000000000000e+01 1.443954306099739426e+01 1.000000000000000000e+00 0.000000000000000000e+00
5.600000000000000000e+01 1.507587811929038324e+01 0.000000000000000000e+00 0.000000000000000000e+00
5.700000000000000000e+01 1.613624304194793169e+01 1.000000000000000000e+00 0.000000000000000000e+00
5.800000000000000000e+01 1.365454768045400158e+01 1.000000000000000000e+00 0.000000000000000000e+00
5.900000000000000000e+01 1.538815284465282573e+01 0.000000000000000000e+00 0.000000000000000000e+00
6.000000000000000000e+01 1.504945125138106476e+01 1.000000000000000000e+00 0.000000000000000000e+00
6.100000000000000000e+01 1.685061411986637481e+01 0.000000000000000000e+00 0.000000000000000000e+00
6.200000000000000000e+01 1.631527719300141044e+01 2.000000000000000000e+00 0.000000000000000000e+00
6.300000000000000000e+01 1.949387374360119196e+01 0.000000000000000000e+00 0.000000000000000000e+00
6.400000000000000000e+01 1.773050896920584663e+01 1.000000000000000000e+00 0.000000000000000000e+00
6.500000000000000000e+01 2.052190090118373433e+01 0.000000000000000000e+00 0.000000000000000000e+00
6.600000000000000000e+01 1.694032822239579161e+01 2.000000000000000000e+00 0.000000000000000000e+00
6.700000000000000000e+01 1.860378375041923960e+01 0.000000000000000000e+00 0.000000000000000000e+00
6.800000000000000000e+01 1.578695220052628301e+01 2.000000000000000000e+00 0.000000000000000000e+00
6.900000000000000000e+01 1.777646526201507271e+01 0.000000000000000000e+00 0.000000000000000000e+00
7.000000000000000000e+01 1.740209063935351708e+01 1.000000000000000000e+00 0.000000000000000000e+00
7.100000000000000000e+01 1.869857529813381802e+01 1.000000000000000000e+00 0.000000000000000000e+00
7.200000000000000000e+01 1.889311343320346381e+01 1.000000000000000000e+00 0.000000000000000000e+00
7.300000000000000000e+01 1.803863239442994981e+01 1.000000000000000000e+00 0.000000000000000000e+00
7.400000000000000000e+01 1.719863583300753618e+01 1.000000000000000000e+00 0.000000000000000000e+00
7.500000000000000000e+01 1.844171940928830011e+01 1.000000000000000000e+00 0.000000000000000000e+00
7.600000000000000000e+01 1.927761377017310807e+01 1.000000000000000000e+00 0.000000000000000000e+00
7.700000000000000000e+01 1.901243134142069380e+01 0.000000000000000000e+00 0.000000000000000000e+00
7.800000000000000000e+01 1.763507457712540116e+01 1.000000000000000000e+00 0.000000000000000000e+00
7.900000000000000000e+01 1.886382781836656264e+01 1.000000000000000000e+00 0.000000000000000000e+00
8.000000000000000000e+01 1.995306837523025578e+01 1.000000000000000000e+00 0.000000000000000000e+00
8.100000000000000000e+01 1.711566711377586003e+01 1.000000000000000000e+00 0.000000000000000000e+00
8.200000000000000000e+01 2.032075772112237289e+01 1.000000000000000000e+00 0.000000000000000000e+00
8.300000000000000000e+01 1.993785769342531111e+01 1.000000000000000000e+00 0.000000000000000000e+00
8.400000000000000000e+01 1.938400370261858541e+01 1.000000000000000000e+00 0.000000000000000000e+00
8.500000000000000000e+01 1.891935379008304352e+01 1.000000000000000000e+00 0.000000000000000000e+00
8.600000000000000000e+01 1.944476070097904241e+01 1.000000000000000000e+00 0.000000000000000000e+00
8.700000000000000000e+01 1.752620681547634973e+01 1.000000000000000000e+00 0.000000000000000000e+00
8.800000000000000000e+01 1.924501398001279284e+01 0.000000000000000000e+00 0.000000000000000000e+00
8.900000000000000000e+01 2.239859261240772170e+01 0.000000000000000000e+00 0.000000000000000000e+00
9.000000000000000000e+01 1.910272531240061156e+01 2.000000000000000000e+00 0.000000000000000000e+00
9.100000000000000000e+01 1.999169530056247268e+01 0.000000000000000000e+00 0.000000000000000000e+00
9.200000000000000000e+01 2.164370937901619740e+01 0.000000000000000000e+00 0.000000000000000000e+00
9.300000000000000000e+01 2.255177451585590020e+01 0.000000000000000000e+00 0.000000000000000000e+00
9.400000000000000000e+01 2.347797318776261122e+01 1.000000000000000000e+00 0.000000000000000000e+00
9.500000000000000000e+01 2.406632667957597249e+01 1.000000000000000000e+00 0.000000000000000000e+00
9.600000000000000000e+01 2.118399357309379027e+01 2.000000000000000000e+00 0.000000000000000000e+00
9.700000000000000000e+01 2.359285029061395278e+01 0.000000000000000000e+00 0.000000000000000000e+00
9.800000000000000000e+01 2.472827814136635638e+01 0.000000000000000000e+00 0.000000000000000000e+00
9.900000000000000000e+01 2.512706773648559633e+01 0.000000000000000000e+00 0.000000000000000000e+00
1.000000000000000000e+02 2.483582410718989308e+01 1.000000000000000000e+00 0.000000000000000000e+00
1.010000000000000000e+02 2.593175674181042467e+01 0.000000000000000000e+00 0.000000000000000000e+00
1.020000000000000000e+02 2.549501175494238581e+01 1.000000000000000000e+00 0.000000000000000000e+00
1.030000000000000000e+02 2.662602335975319434e+01 0.000000000000000000e+00 0.000000000000000000e+00
1.040000000000000000e+02 2.760481336868732427e+01 1.000000000000000000e+00 0.000000000000000000e+00
1.050000000000000000e+02 2.804612202781028074e+01 0.000000000000000000e+00 0.000000000000000000e+00
1.060000000000000000e+02 3.005751883682287939e+01 0.000000000000000000e+00 0.000000000000000000e+00
1.070000000000000000e+02 2.979597783315370307e+01 1.000000000000000000e+00 0.000000000000000000e+00
1.080000000000000000e+02 2.732070086749409654e+01 2.000000000000000000e+00 0.000000000000000000e+00
1.090000000000000000e+02 2.739566934698768108e+01 1.000000000000000000e+00 0.000000000000000000e+00
1.100000000000000000e+02 3.062535996462665011e+01 0.000000000000000000e+00 0.000000000000000000e+00
1.110000000000000000e+02 2.990843632318549083e+01 0.000000000000000000e+00 0.000000000000000000e+00
1.120000000000000000e+02 3.037167867381494801e+01 1.000000000000000000e+00 0.000000000000000000e+00
1.130000000000000000e+02 3.205000701187476864e+01 1.000000000000000000e+00 0.000000000000000000e+00
1.140000000000000000e+02 2.952781890876659787e+01 1.000000000000000000e+00 0.000000000000000000e+00
1.150000000000000000e+02 3.108072185286187405e+01 0.000000000000000000e+00 0.000000000000000000e+00
1.160000000000000000e+02 3.066102055241104551e+01 1.000000000000000000e+00 0.000000000000000000e+00
1.170000000000000000e+02 3.020356085989385875e+01 1.000000000000000000e+00 0.000000000000000000e+00
1.180000000000000000e+02 3.075370033600711395e+01 1.000000000000000000e+00 0.000000000000000000e+00
1.190000000000000000e+02 3.166913482764100607e+01 1.000000000000000000e+00 0.000000000000000000e+00
1.200000000000000000e+02 3.136094097035839567e+01 0.000000000000000000e+00 0.000000000000000000e+00
1.210000000000000000e+02 3.352039587472085458e+01 0.000000000000000000e+00 0.000000000000000000e+00
1.220000000000000000e+02 3.336015764193583522e+01 0.000000000000000000e+00 0.000000000000000000e+00
1.230000000000000000e+02 3.269798717584281889e+01 2.000000000000000000e+00 0.000000000000000000e+00
1.240000000000000000e+02 3.313987603325850984e+01 1.000000000000000000e+00 0.000000000000000000e+00
1.250000000000000000e+02 3.241120425837177521e+01 2.000000000000000000e+00 0.000000000000000000e+00
1.260000000000000000e+02 3.293599338918868114e+01 0.000000000000000000e+00 0.000000000000000000e+00
1.270000000000000000e+02 3.240217722061482419e+01 1.000000000000000000e+00 0.000000000000000000e+00
1.280000000000000000e+02 3.400684477256542948e+01 0.000000000000000000e+00 0.000000000000000000e+00
1.290000000000000000e+02 3.272552638791928814e+01 2.000000000000000000e+00 0.000000000000000000e+00
1.300000000000000000e+02 3.395254711177696549e+01 1.000000000000000000e+00 0.000000000000000000e+00
1.310000000000000000e+02 3.250691594126603690e+01 0.000000000000000000e+00 0.000000000000000000e+00
1.320000000000000000e+02 3.475313487880917052e+01 0.000000000000000000e+00 0.000000000000000000e+00
1.330000000000000000e+02 3.249362418626556348e+01 2.000000000000000000e+00 0.000000000000000000e+00
1.340000000000000000e+02 3.281624958824821903e+01 2.000000000000000000e+00 0.000000000000000000e+00
1.350000000000000000e+02 3.438100706994532629e+01 0.000000000000000000e+00 0.000000000000000000e+00
1.360000000000000000e+02 3.429845574257431196e+01 1.000000000000000000e+00 0.000000000000000000e+00
1.370000000000000000e+02 3.445082099695945033e+01 0.000000000000000000e+00 0.000000000000000000e+00
1.380000000000000000e+02 3.522573677854909135e+01 1.000000000000000000e+00 0.000000000000000000e+00
1.390000000000000000e+02 3.595323533092090429e+01 1.000000000000000000e+00 0.000000000000000000e+00
1.400000000000000000e+02 3.689842173033708406e+01 0.000000000000000000e+00 0.000000000000000000e+00
1.410000000000000000e+02 3.559958722558125288e+01 2.000000000000000000e+00 0.000000000000000000e+00
1.420000000000000000e+02 3.484182193617625245e+01 1.000000000000000000e+00 0.000000000000000000e+00
1.430000000000000000e+02 3.512986679319180183e+01 0.000000000000000000e+00 0.000000000000000000e+00
1.440000000000000000e+02 3.589942007718564554e+01 1.000000000000000000e+00 0.000000000000000000e+00
1.450000000000000000e+02 3.636542290147379930e+01 0.000000000000000000e+00 0.000000000000000000e+00
1.460000000000000000e+02 3.631330541629444042e+01 0.000000000000000000e+00 0.000000000000000000e+00
1.470000000000000000e+02 3.858772148965093152e+01 0.000000000000000000e+00 0.000000000000000000e+00
1.480000000000000000e+02 3.988124566126537474e+01 0.000000000000000000e+00 0.000000000000000000e+00
1.490000000000000000e+02 4.002614261432389497e+01 0.000000000000000000e+00 0.000000000000000000e+00
1.500000000000000000e+02 4.023705694023033175e+01 1.000000000000000000e+00 0.000000000000000000e+00
1.510000000000000000e+02 4.143100979333844691e+01 1.000000000000000000e+00 0.000000000000000000e+00
1.520000000000000000e+02 4.092346456704192548e+01 0.000000000000000000e+00 0.000000000000000000e+00
1.530000000000000000e+02 4.257954064546346018e+01 0.000000000000000000e+00 0.000000000000000000e+00
1.540000000000000000e+02 4.433368786809967332e+01 0.000000000000000000e+00 0.000000000000000000e+00
1.550000000000000000e+02 4.166822318865038000e+01 2.000000000000000000e+00 0.000000000000000000e+00
1.560000000000000000e+02 4.236680270358803568e+01 2.000000000000000000e+00 0.000000000000000000e+00
1.570000000000000000e+02 4.356678604375116493e+01 1.000000000000000000e+00 0.000000000000000000e+00
1.580000000000000000e+02 4.232332971116253617e+01 1.000000000000000000e+00 0.000000000000000000e+00
1.590000000000000000e+02 4.411842413463009649e+01 0.000000000000000000e+00 0.000000000000000000e+00
1.600000000000000000e+02 4.296042472773591925e+01 2.000000000000000000e+00 0.000000000000000000e+00
1.610000000000000000e+02 4.248325098140760758e+01 0.000000000000000000e+00 0.000000000000000000e+00
1.620000000000000000e+02 4.331436812954547122e+01 1.000000000000000000e+00 0.000000000000000000e+00
1.630000000000000000e+02 4.312690166398686387e+01 1.000000000000000000e+00 0.000000000000000000e+00
1.640000000000000000e+02 4.478762505103809133e+01 0.000000000000000000e+00 0.000000000000000000e+00
1.650000000000000000e+02 4.464480719247487883e+01 0.000000000000000000e+00 0.000000000000000000e+00
1.660000000000000000e+02 4.391180200510183340e+01 2.000000000000000000e+00 0.000000000000000000e+00
1.670000000000000000e+02 4.244439745074569004e+01 2.000000000000000000e+00 0.000000000000000000e+00
1.680000000000000000e+02 4.314416819083384524e+01 0.000000000000000000e+00 0.000000000000000000e+00
1.690000000000000000e+02 4.549582051936854299e+01 1.000000000000000000e+00 0.000000000000000000e+00
1.700000000000000000e+02 4.286938084832767970e+01 1.000000000000000000e+00 0.000000000000000000e+00
1.710000000000000000e+02 4.407691856550473375e+01 0.000000000000000000e+00 0.000000000000000000e+00
1.720000000000000000e+02 4.403262572944339581e+01 2.000000000000000000e+00 0.000000000000000000e+00
1.730000000000000000e+02 4.410426040624898292e+01 0.000000000000000000e+00 0.000000000000000000e+00
1.740000000000000000e+02 4.286468150738620153e+01 2.000000000000000000e+00 0.000000000000000000e+00
1.750000000000000000e+02 4.554569645300053082e+01 0.000000000000000000e+00 0.000000000000000000e+00
1.760000000000000000e+02 4.569063622942093161e+01 1.000000000000000000e+00 0.000000000000000000e+00
1.770000000000000000e+02 4.620949668727084259e+01 0.000000000000000000e+00 0.000000000000000000e+00
1.780000000000000000e+02 4.449333598516407307e+01 1.000000000000000000e+00 0.000000000000000000e+00
1.790000000000000000e+02 4.413875396181573763e+01 2.000000000000000000e+00 0.000000000000000000e+00
1.800000000000000000e+02 4.598257378298426801e+01 1.000000000000000000e+00 0.000000000000000000e+00
1.810000000000000000e+02 4.630322204361941374e+01 0.000000000000000000e+00 0.000000000000000000e+00
1.820000000000000000e+02 4.648280161151221535e+01 1.000000000000000000e+00 0.000000000000000000e+00
1.830000000000000000e+02 4.654915550544973257e+01 1.000000000000000000e+00 0.000000000000000000e+00
1.840000000000000000e+02 4.620540508104884481e+01 1.000000000000000000e+00 0.000000000000000000e+00
1.850000000000000000e+02 4.847165679050066700e+01 0.000000000000000000e+00 0.000000000000000000e+00
1.860000000000000000e+02 4.499541365964106632e+01 2.000000000000000000e+00 0.000000000000000000e+00
1.870000000000000000e+02 4.655348113709340652e+01 0.000000000000000000e+00 0.000000000000000000e+00
1.880000000000000000e+02 4.540360370537301549e+01 2.000000000000000000e+00 0.000000000000000000e+00
1.890000000000000000e+02 4.658434418753196127e+01 0.000000000000000000e+00 0.000000000000000000e+00
1.900000000000000000e+02 4.823481073915029782e+01 1.000000000000000000e+00 0.000000000000000000e+00
1.910000000000000000e+02 4.773785775892430649e+01 1.000000000000000000e+00 0.000000000000000000e+00
1.920000000000000000e+02 4.670342752314768831e+01 1.000000000000000000e+00 0.000000000000000000e+00
1.930000000000000000e+02 4.763972544138120924e+01 1.000000000000000000e+00 0.000000000000000000e+00
1.940000000000000000e+02 4.749757992030260567e+01 0.000000000000000000e+00 0.000000000000000000e+00
1.950000000000000000e+02 4.769703267120090828e+01 1.000000000000000000e+00 0.000000000000000000e+00
1.960000000000000000e+02 4.821784270008487283e+01 0.000000000000000000e+00 0.000000000000000000e+00
1.970000000000000000e+02 5.119765870708572919e+01 0.000000000000000000e+00 0.000000000000000000e+00
1.980000000000000000e+02 5.036828170580750452e+01 0.000000000000000000e+00 0.000000000000000000e+00
1.990000000000000000e+02 4.888714197773490611e+01 2.000000000000000000e+00 0.000000000000000000e+00
2.000000000000000000e+02 5.057376303721959943e+01 0.000000000000000000e+00 0.000000000000000000e+00
2.010000000000000000e+02 5.102732286209354129e+01 1.000000000000000000e+00 0.000000000000000000e+00
2.020000000000000000e+02 5.262009367879370103e+01 0.000000000000000000e+00 0.000000000000000000e+00
2.030000000000000000e+02 5.019018749797663048e+01 2.000000000000000000e+00 0.000000000000000000e+00
2.040000000000000000e+02 5.236406992887997802e+01 1.000000000000000000e+00 0.000000000000000000e+00
2.050000000000000000e+02 5.104600492535993084e+01 0.000000000000000000e+00 0.000000000000000000e+00
2.060000000000000000e+02 5.148103615149454981e+01 1.000000000000000000e+00 0.000000000000000000e+00
2.070000000000000000e+02 5.110628281664388339e+01 1.000000000000000000e+00 0.000000000000000000e+00
2.080000000000000000e+02 5.288574333717789955e+01 1.000000000000000000e+00 0.000000000000000000e+00
2.090000000000000000e+02 5.253271427132961691e+01 1.000000000000000000e+00 0.000000000000000000e+00
2.100000000000000000e+02 5.123661475593475245e+01 1.000000000000000000e+00 0.000000000000000000e+00
2.110000000000000000e+02 5.322405931404101409e+01 0.000000000000000000e+00 0.000000000000000000e+00
2.120000000000000000e+02 5.285217930264538921e+01 1.000000000000000000e+00 0.000000000000000000e+00
2.130000000000000000e+02 5.323020993241136978e+01 1.000000000000000000e+00 0.000000000000000000e+00
2.140000000000000000e+02 5.422128057391481093e+01 1.000000000000000000e+00 0.000000000000000000e+00
2.150000000000000000e+02 5.365740552398933971e+01 0.000000000000000000e+00 0.000000000000000000e+00
2.160000000000000000e+02 5.449923631767907040e+01 1.000000000000000000e+00 0.000000000000000000e+00
2.170000000000000000e+02 5.319048227998733580e+01 1.000000000000000000e+00 0.000000000000000000e+00
2.180000000000000000e+02 5.567398397802221410e+01 0.000000000000000000e+00 0.000000000000000000e+00
2.190000000000000000e+02 5.617259408127507925e+01 1.000000000000000000e+00 0.000000000000000000e+00
2.200000000000000000e+02 5.501174156970652973e+01 0.000000000000000000e+00 0.000000000000000000e+00
2.210000000000000000e+02 5.806580571856521544e+01 0.000000000000000000e+00 0.000000000000000000e+00
2.220000000000000000e+02 5.746196329855001039e+01 1.000000000000000000e+00 0.000000000000000000e+00
2.230000000000000000e+02 5.741191927694351449e+01 0.000000000000000000e+00 0.000000000000000000e+00
2.240000000000000000e+02 5.623939558515939297e+01 1.000000000000000000e+00 0.000000000000000000e+00
2.250000000000000000e+02 5.714965141247247971e+01 1.000000000000000000e+00 0.000000000000000000e+00
2.260000000000000000e+02 5.764534236877462803e+01 1.000000000000000000e+00 0.000000000000000000e+00
2.270000000000000000e+02 5.705927275765153439e+01 2.000000000000000000e+00 0.000000000000000000e+00
2.280000000000000000e+02 5.675385435549397073e+01 1.000000000000000000e+00 0.000000000000000000e+00
2.290000000000000000e+02 5.880604427182259997e+01 1.000000000000000000e+00 0.000000000000000000e+00
2.300000000000000000e+02 5.758494685820292602e+01 0.000000000000000000e+00 0.000000000000000000e+00
2.310000000000000000e+02 5.802306342059990385e+01 2.000000000000000000e+00 0.000000000000000000e+00
2.320000000000000000e+02 5.622162524969314035e+01 1.000000000000000000e+00 0.000000000000000000e+00
2.330000000000000000e+02 5.830150704408794127e+01 0.000000000000000000e+00 0.000000000000000000e+00
2.340000000000000000e+02 5.801247838141792812e+01 0.000000000000000000e+00 0.000000000000000000e+00
2.350000000000000000e+02 5.828020775651156526e+01 1.000000000000000000e+00 0.000000000000000000e+00
2.360000000000000000e+02 5.930596955017063721e+01 0.000000000000000000e+00 0.000000000000000000e+00
2.370000000000000000e+02 5.949140381490368412e+01 1.000000000000000000e+00 0.000000000000000000e+00
2.380000000000000000e+02 6.023190095852599057e+01 1.000000000000000000e+00 0.000000000000000000e+00
2.390000000000000000e+02 6.053768185075320929e+01 1.000000000000000000e+00 0.000000000000000000e+00
2.400000000000000000e+02 5.855875817042640818e+01 2.000000000000000000e+00 0.000000000000000000e+00
2.410000000000000000e+02 5.665838178884465748e+01 2.000000000000000000e+00 0.000000000000000000e+00
2.420000000000000000e+02 5.823738692548219831e+01 1.000000000000000000e+00 0.000000000000000000e+00
2.430000000000000000e+02 5.779899171489010712e+01 2.000000000000000000e+00 0.000000000000000000e+00
2.440000000000000000e+02 5.707241735638292823e+01 1.000000000000000000e+00 0.000000000000000000e+00
2.450000000000000000e+02 5.912273403084915202e+01 0.000000000000000000e+00 0.000000000000000000e+00
2.460000000000000000e+02 5.821753709089507112e+01 1.000000000000000000e+00 0.000000000000000000e+00
2.470000000000000000e+02 5.819661589169930949e+01 1.000000000000000000e+00 0.000000000000000000e+00
2.480000000000000000e+02 5.730560765057414585e+01 1.000000000000000000e+00 0.000000000000000000e+00
2.490000000000000000e+02 5.837327493892123442e+01 1.000000000000000000e+00 0.000000000000000000e+00
2.500000000000000000e+02 5.586768864537783230e+01 2.000000000000000000e+00 0.000000000000000000e+00
2.510000000000000000e+02 5.643582564833539550e+01 2.000000000000000000e+00 0.000000000000000000e+00
2.520000000000000000e+02 5.353431068685681282e+01 2.000000000000000000e+00 0.000000000000000000e+00
2.530000000000000000e+02 5.464343334436387778e+01 0.000000000000000000e+00 0.000000000000000000e+00
2.540000000000000000e+02 5.533196686297812761e+01 2.000000000000000000e+00 0.000000000000000000e+00
2.550000000000000000e+02 5.683375914027617171e+01 0.000000000000000000e+00 0.000000000000000000e+00
2.560000000000000000e+02 5.475922214360138440e+01 1.000000000000000000e+00 0.000000000000000000e+00
2.570000000000000000e+02 5.697161431445473312e+01 0.000000000000000000e+00 0.000000000000000000e+00
2.580000000000000000e+02 5.699255193360163929e+01 2.000000000000000000e+00 0.000000000000000000e+00
2.590000000000000000e+02 5.855410459269618428e+01 0.000000000000000000e+00 0.000000000000000000e+00
2.600000000000000000e+02 5.598675258923456965e+01 1.000000000000000000e+00 0.000000000000000000e+00
2.610000000000000000e+02 5.874299435662631907e+01 0.000000000000000000e+00 0.000000000000000000e+00
2.620000000000000000e+02 5.674416300661084733e+01 2.000000000000000000e+00 0.000000000000000000e+00
2.630000000000000000e+02 5.700499318738723531e+01 0.000000000000000000e+00 0.000000000000000000e+00
2.640000000000000000e+02 5.727961423877653147e+01 1.000000000000000000e+00 0.000000000000000000e+00
2.650000000000000000e+02 5.856631819946793627e+01 1.000000000000000000e+00 0.000000000000000000e+00
2.660000000000000000e+02 5.737393889337407415e+01 2.000000000000000000e+00 0.000000000000000000e+00
2.670000000000000000e+02 5.752692944105858430e+01 0.000000000000000000e+00 0.000000000000000000e+00
2.680000000000000000e+02 5.677473620672047616e+01 2.000000000000000000e+00 0.000000000000000000e+00
2.690000000000000000e+02 5.655707119650854509e+01 2.000000000000000000e+00 0.000000000000000000e+00
2.700000000000000000e+02 5.778725352585660602e+01 0.000000000000000000e+00 0.000000000000000000e+00
2.710000000000000000e+02 5.858209103670156281e+01 0.000000000000000000e+00 0.000000000000000000e+00
2.720000000000000000e+02 5.792435984395191895e+01 1.000000000000000000e+00 0.000000000000000000e+00
2.730000000000000000e+02 5.855042203150043889e+01 1.000000000000000000e+00 0.000000000000000000e+00
2.740000000000000000e+02 5.667998163757575014e+01 1.000000000000000000e+00 0.000000000000000000e+00
2.750000000000000000e+02 5.926814505320874815e+01 1.000000000000000000e+00 0.000000000000000000e+00
2.760000000000000000e+02 5.985767237577694999e+01 0.000000000000000000e+00 0.000000000000000000e+00
2.770000000000000000e+02 5.923863401107088578e+01 0.000000000000000000e+00 0.000000000000000000e+00
2.780000000000000000e+02 5.874825278982622478e+01 2.000000000000000000e+00 0.000000000000000000e+00
2.790000000000000000e+02 6.113993921144697907e+01 0.000000000000000000e+00 0.000000000000000000e+00
2.800000000000000000e+02 6.110031461394533636e+01 0.000000000000000000e+00 0.000000000000000000e+00
2.810000000000000000e+02 6.043209934831342878e+01 1.000000000000000000e+00 0.000000000000000000e+00
2.820000000000000000e+02 6.004100750713475065e+01 1.000000000000000000e+00 0.000000000000000000e+00
2.830000000000000000e+02 6.105832848700318038e+01 1.000000000000000000e+00 0.000000000000000000e+00
2.840000000000000000e+02 6.227792602199952654e+01 0.000000000000000000e+00 0.000000000000000000e+00
2.850000000000000000e+02 6.241147737415816721e+01 1.000000000000000000e+00 0.000000000000000000e+00
2.860000000000000000e+02 6.173279507720831560e+01 1.000000000000000000e+00 0.000000000000000000e+00
2.870000000000000000e+02 6.172062564406142116e+01 1.000000000000000000e+00 0.000000000000000000e+00
2.880000000000000000e+02 6.341895292107211191e+01 0.000000000000000000e+00 0.000000000000000000e+00
2.890000000000000000e+02 6.377440550991728685e+01 1.000000000000000000e+00 0.000000000000000000e+00
2.900000000000000000e+02 6.304278508379232449e+01 0.000000000000000000e+00 0.000000000000000000e+00
2.910000000000000000e+02 6.400250100548069554e+01 0.000000000000000000e+00 0.000000000000000000e+00
2.920000000000000000e+02 6.450423860204611515e+01 2.000000000000000000e+00 0.000000000000000000e+00
2.930000000000000000e+02 6.430642483239738283e+01 0.000000000000000000e+00 0.000000000000000000e+00
2.940000000000000000e+02 6.459209412371829728e+01 1.000000000000000000e+00 0.000000000000000000e+00
2.950000000000000000e+02 6.603389007043135450e+01 1.000000000000000000e+00 0.000000000000000000e+00
2.960000000000000000e+02 6.568850971816203810e+01 0.000000000000000000e+00 0.000000000000000000e+00
2.970000000000000000e+02 6.737557316799700402e+01 0.000000000000000000e+00 0.000000000000000000e+00
2.980000000000000000e+02 6.818544717833809443e+01 1.000000000000000000e+00 0.000000000000000000e+00
2.990000000000000000e+02 6.838568733893420415e+01 0.000000000000000000e+00 0.000000000000000000e+00
3.000000000000000000e+02 6.650229002538821987e+01 2.000000000000000000e+00 0.000000000000000000e+00
3.010000000000000000e+02 6.565724230356326530e+01 2.000000000000000000e+00 0.000000000000000000e+00
3.020000000000000000e+02 6.495230112418569490e+01 2.000000000000000000e+00 0.000000000000000000e+00
3.030000000000000000e+02 6.590365114791291035e+01 1.000000000000000000e+00 0.000000000000000000e+00
3.040000000000000000e+02 6.735158439096744587e+01 0.000000000000000000e+00 0.000000000000000000e+00
3.050000000000000000e+02 6.600087410948708566e+01 0.000000000000000000e+00 0.000000000000000000e+00
3.060000000000000000e+02 6.580274811895937148e+01 1.000000000000000000e+00 0.000000000000000000e+00
3.070000000000000000e+02 6.834875384075770910e+01 0.000000000000000000e+00 0.000000000000000000e+00
3.080000000000000000e+02 6.795051955050107040e+01 0.000000000000000000e+00 0.000000000000000000e+00
3.090000000000000000e+02 7.105557971524207517e+01 0.000000000000000000e+00 0.000000000000000000e+00
3.100000000000000000e+02 6.791555109692393444e+01 1.000000000000000000e+00 0.000000000000000000e+00
3.110000000000000000e+02 6.956089926610070506e+01 1.000000000000000000e+00 0.000000000000000000e+00
3.120000000000000000e+02 6.949378495633189345e+01 2.000000000000000000e+00 0.000000000000000000e+00
3.130000000000000000e+02 6.956947526707938323e+01 0.000000000000000000e+00 0.000000000000000000e+00
3.140000000000000000e+02 7.001364309051663781e+01 1.000000000000000000e+00 0.000000000000000000e+00
3.150000000000000000e+02 7.235488963849040545e+01 0.000000000000000000e+00 0.000000000000000000e+00
3.160000000000000000e+02 7.130161455959711247e+01 2.000000000000000000e+00 0.000000000000000000e+00
3.170000000000000000e+02 7.121305918489944986e+01 1.000000000000000000e+00 0.000000000000000000e+00
3.180000000000000000e+02 7.092415807444217535e+01 1.000000000000000000e+00 0.000000000000000000e+00
3.190000000000000000e+02 6.853129969347364181e+01 2.000000000000000000e+00 0.000000000000000000e+00
3.200000000000000000e+02 7.163874447014795521e+01 0.000000000000000000e+00 0.000000000000000000e+00
3.210000000000000000e+02 7.010813314895405313e+01 0.000000000000000000e+00 0.000000000000000000e+00
3.220000000000000000e+02 7.042838906915443431e+01 2.000000000000000000e+00 0.000000000000000000e+00
3.230000000000000000e+02 7.053120126368409615e+01 1.000000000000000000e+00 0.000000000000000000e+00
3.240000000000000000e+02 7.073053029047656537e+01 0.000000000000000000e+00 0.000000000000000000e+00
3.250000000000000000e+02 7.053199046484493806e+01 2.000000000000000000e+00 0.000000000000000000e+00
3.260000000000000000e+02 7.186888532685632924e+01 0.000000000000000000e+00 0.000000000000000000e+00
3.270000000000000000e+02 6.930356589546366308e+01 2.000000000000000000e+00 0.000000000000000000e+00
3.280000000000000000e+02 7.124511410859933846e+01 0.000000000000000000e+00 0.000000000000000000e+00
3.290000000000000000e+02 7.223161286773267875e+01 0.000000000000000000e+00 0.000000000000000000e+00
3.300000000000000000e+02 7.417148468772279557e+01 0.000000000000000000e+00 0.000000000000000000e+00
3.310000000000000000e+02 7.394841953712482052e+01 0.000000000000000000e+00 0.000000000000000000e+00
3.320000000000000000e+02 7.525962081789650426e+01 0.000000000000000000e+00 0.000000000000000000e+00
3.330000000000000000e+02 7.362026080666028349e+01 2.000000000000000000e+00 0.000000000000000000e+00
3.340000000000000000e+02 7.479369139886516393e+01 0.000000000000000000e+00 0.000000000000000000e+00
3.350000000000000000e+02 7.541551504703771514e+01 2.000000000000000000e+00 0.000000000000000000e+00
3.360000000000000000e+02 7.308707060568200120e+01 1.000000000000000000e+00 0.000000000000000000e+00
3.370000000000000000e+02 7.184154445984732718e+01 2.000000000000000000e+00 0.000000000000000000e+00
3.380000000000000000e+02 7.315904357524911461e+01 0.000000000000000000e+00 0.000000000000000000e+00
3.390000000000000000e+02 7.589718919322542945e+01 0.000000000000000000e+00 0.000000000000000000e+00
3.400000000000000000e+02 7.432523203337609630e+01 1.000000000000000000e+00 0.000000000000000000e+00
3.410000000000000000e+02 7.403963363541362241e+01 1.000000000000000000e+00 0.000000000000000000e+00
3.420000000000000000e+02 7.653195856255528895e+01 0.000000000000000000e+00 0.000000000000000000e+00
3.430000000000000000e+02 7.433173426683903529e+01 2.000000000000000000e+00 0.000000000000000000e+00
3.440000000000000000e+02 7.419729825145508073e+01 1.000000000000000000e+00 0.000000000000000000e+00
3.450000000000000000e+02 7.487252923615078259e+01 1.000000000000000000e+00 0.000000000000000000e+00
3.460000000000000000e+02 7.649541806276494071e+01 0.000000000000000000e+00 0.000000000000000000e+00
3.470000000000000000e+02 7.613802620461045478e+01 1.000000000000000000e+00 0.000000000000000000e+00
3.480000000000000000e+02 7.785543567194217474e+01 0.000000000000000000e+00 0.000000000000000000e+00
3.490000000000000000e+02 7.571976507832535219e+01 2.000000000000000000e+00 0.000000000000000000e+00
3.500000000000000000e+02 7.676369803806326786e+01 0.000000000000000000e+00 0.000000000000000000e+00
3.510000000000000000e+02 7.745177459653102403e+01 2.000000000000000000e+00 0.000000000000000000e+00
3.520000000000000000e+02 7.773353498174159881e+01 0.000000000000000000e+00 0.000000000000000000e+00
3.530000000000000000e+02 7.683057961976581396e+01 1.000000000000000000e+00 0.000000000000000000e+00
3.540000000000000000e+02 7.807034524529937869e+01 0.000000000000000000e+00 0.000000000000000000e+00
3.550000000000000000e+02 7.954184810612120771e+01 0.000000000000000000e+00 0.000000000000000000e+00
3.560000000000000000e+02 7.881646130024914498e+01 1.000000000000000000e+00 0.000000000000000000e+00
3.570000000000000000e+02 8.032107838687139179e+01 0.000000000000000000e+00 0.000000000000000000e+00
3.580000000000000000e+02 8.144253054318568275e+01 0.000000000000000000e+00 0.000000000000000000e+00
3.590000000000000000e+02 8.153665716162223021e+01 0.000000000000000000e+00 0.000000000000000000e+00
3.600000000000000000e+02 8.135915673412783633e+01 2.000000000000000000e+00 0.000000000000000000e+00
3.610000000000000000e+02 8.182924320254772965e+01 0.000000000000000000e+00 0.000000000000000000e+00
3.620000000000000000e+02 8.035425619664121655e+01 2.000000000000000000e+00 0.000000000000000000e+00
3.630000000000000000e+02 8.128561814883347836e+01 1.000000000000000000e+00 0.000000000000000000e+00
3.640000000000000000e+02 7.900841641605160248e+01 2.000000000000000000e+00 0.000000000000000000e+00
3.650000000000000000e+02 8.151122772150503693e+01 0.000000000000000000e+00 0.000000000000000000e+00
3.660000000000000000e+02 8.126158678168121696e+01 1.000000000000000000e+00 0.000000000000000000e+00
3.670000000000000000e+02 8.163665686057848347e+01 1.000000000000000000e+00 0.000000000000000000e+00
3.680000000000000000e+02 8.245028280235895579e+01 0.000000000000000000e+00 0.000000000000000000e+00
3.690000000000000000e+02 8.292030748196086165e+01 0.000000000000000000e+00 0.000000000000000000e+00
3.700000000000000000e+02 8.391622425972624910e+01 1.000000000000000000e+00 0.000000000000000000e+00
3.710000000000000000e+02 8.359160436091707425e+01 0.000000000000000000e+00 0.000000000000000000e+00
3.720000000000000000e+02 8.336137243240490591e+01 2.000000000000000000e+00 0.000000000000000000e+00
3.730000000000000000e+02 8.433938194372039732e+01 0.000000000000000000e+00 0.000000000000000000e+00
3.740000000000000000e+02 8.499498674967867373e+01 0.000000000000000000e+00 0.000000000000000000e+00
3.750000000000000000e+02 8.558462184653249949e+01 1.000000000000000000e+00 0.000000000000000000e+00
3.760000000000000000e+02 8.604352667917522979e+01 1.000000000000000000e+00 0.000000000000000000e+00
3.770000000000000000e+02 8.569980116886213750e+01 1.000000000000000000e+00 0.000000000000000000e+00
3.780000000000000000e+02 8.501145678030719921e+01 0.000000000000000000e+00 0.000000000000000000e+00
3.790000000000000000e+02 8.468991552519288746e+01 2.000000000000000000e+00 0.000000000000000000e+00
3.800000000000000000e+02 8.474598157837550616e+01 1.000000000000000000e+00 0.000000000000000000e+00
3.810000000000000000e+02 8.468688380998516152e+01 1.000000000000000000e+00 0.000000000000000000e+00
3.820000000000000000e+02 8.398400358478309613e+01 1.000000000000000000e+00 0.000000000000000000e+00
3.830000000000000000e+02 8.575321507362230022e+01 0.000000000000000000e+00 0.000000000000000000e+00
3.840000000000000000e+02 8.778273999399394256e+01 0.000000000000000000e+00 0.000000000000000000e+00
3.850000000000000000e+02 8.689264269911853944e+01 1.000000000000000000e+00 0.000000000000000000e+00
3.860000000000000000e+02 8.759059973684799161e+01 0.000000000000000000e+00 0.000000000000000000e+00
3.870000000000000000e+02 8.681353872702396757e+01 2.000000000000000000e+00 0.000000000000000000e+00
3.880000000000000000e+02 8.483417707451916101e+01 2.000000000000000000e+00 0.000000000000000000e+00
3.890000000000000000e+02 8.544913160165766897e+01 0.000000000000000000e+00 0.000000000000000000e+00
3.900000000000000000e+02 8.714868368420603417e+01 1.000000000000000000e+00 0.000000000000000000e+00
3.910000000000000000e+02 8.712761551916085523e+01 1.000000000000000000e+00 0.000000000000000000e+00
3.920000000000000000e+02 8.907049387372970273e+01 0.000000000000000000e+00 0.000000000000000000e+00
3.930000000000000000e+02 8.804592334173456436e+01 0.000000000000000000e+00 0.000000000000000000e+00
3.940000000000000000e+02 8.851049658922488561e+01 1.000000000000000000e+00 0.000000000000000000e+00
3.950000000000000000e+02 9.048065860416370754e+01 0.000000000000000000e+00 0.000000000000000000e+00
3.960000000000000000e+02 8.998827518254100255e+01 1.000000000000000000e+00 0.000000000000000000e+00
3.970000000000000000e+02 9.144905300998287601e+01 0.000000000000000000e+00 0.000000000000000000e+00
3.980000000000000000e+02 9.181045078678027949e+01 1.000000000000000000e+00 0.000000000000000000e+00
3.990000000000000000e+02 9.034557813862360831e+01 1.000000000000000000e+00 0.000000000000000000e+00
4.000000000000000000e+02 8.970404544992898366e+01 1.000000000000000000e+00 0.000000000000000000e+00
4.010000000000000000e+02 9.113312180837338872e+01 0.000000000000000000e+00 0.000000000000000000e+00
4.020000000000000000e+02 9.094959038823685660e+01 2.000000000000000000e+00 0.000000000000000000e+00
4.030000000000000000e+02 8.888626974876900988e+01 2.000000000000000000e+00 0.000000000000000000e+00
4.040000000000000000e+02 9.099759080010267098e+01 0.000000000000000000e+00 0.000000000000000000e+00
4.050000000000000000e+02 9.070799612028029912e+01 1.000000000000000000e+00 0.000000000000000000e+00
4.060000000000000000e+02 8.877212290008031914e+01 2.000000000000000000e+00 0.000000000000000000e+00
4.070000000000000000e+02 9.126990744188444182e+01 0.000000000000000000e+00 0.000000000000000000e+00
4.080000000000000000e+02 9.112448881293951786e+01 1.000000000000000000e+00 0.000000000000000000e+00
4.090000000000000000e+02 9.027669089276137981e+01 0.000000000000000000e+00 0.000000000000000000e+00
4.100000000000000000e+02 9.086679539653843563e+01 1.000000000000000000e+00 0.000000000000000000e+00
4.110000000000000000e+02 9.018894063846956044e+01 2.000000000000000000e+00 0.000000000000000000e+00
4.120000000000000000e+02 9.239436306218979666e+01 0.000000000000000000e+00 0.000000000000000000e+00
4.130000000000000000e+02 9.221949083417422344e+01 2.000000000000000000e+00 0.000000000000000000e+00
4.140000000000000000e+02 8.949608835368781001e+01 2.000000000000000000e+00 0.000000000000000000e+00
4.150000000000000000e+02 8.993597483747844024e+01 1.000000000000000000e+00 0.000000000000000000e+00
4.160000000000000000e+02 8.885670676050533245e+01 2.000000000000000000e+00 0.000000000000000000e+00
4.170000000000000000e+02 8.989144608410481396e+01 0.000000000000000000e+00 0.000000000000000000e+00
4.180000000000000000e+02 9.164906259163679181e+01 0.000000000000000000e+00 0.000000000000000000e+00
4.190000000000000000e+02 9.130956480140223164e+01 0.000000000000000000e+00 0.000000000000000000e+00
4.200000000000000000e+02 9.202828913030782587e+01 1.000000000000000000e+00 0.000000000000000000e+00
4.210000000000000000e+02 9.241458633383467713e+01 1.000000000000000000e+00 0.000000000000000000e+00
4.220000000000000000e+02 9.402204172595035914e+01 0.000000000000000000e+00 0.000000000000000000e+00
4.230000000000000000e+02 9.183409257531455694e+01 1.000000000000000000e+00 0.000000000000000000e+00
4.240000000000000000e+02 9.354447591064855771e+01 0.000000000000000000e+00 0.000000000000000000e+00
4.250000000000000000e+02 9.347126644293241782e+01 2.000000000000000000e+00 0.000000000000000000e+00
4.260000000000000000e+02 9.089054105238787429e+01 2.000000000000000000e+00 0.000000000000000000e+00
4.270000000000000000e+02 9.373581234107899718e+01 0.000000000000000000e+00 0.000000000000000000e+00
4.280000000000000000e+02 9.435175065419090856e+01 0.000000000000000000e+00 0.000000000000000000e+00
4.290000000000000000e+02 9.516170788630444122e+01 0.000000000000000000e+00 0.000000000000000000e+00
4.300000000000000000e+02 9.374342598492142997e+01 2.000000000000000000e+00 0.000000000000000000e+00
4.310000000000000000e+02 9.544123478533582272e+01 0.000000000000000000e+00 0.000000000000000000e+00
4.320000000000000000e+02 9.518251917250442773e+01 0.000000000000000000e+00 0.000000000000000000e+00
4.330000000000000000e+02 9.592917549540172217e+01 0.000000000000000000e+00 0.000000000000000000e+00
4.340000000000000000e+02 9.867765811294928824e+01 1.000000000000000000e+00 0.000000000000000000e+00
4.350000000000000000e+02 9.763571997250130607e+01 0.000000000000000000e+00 0.000000000000000000e+00
4.360000000000000000e+02 1.004457976861568795e+02 0.000000000000000000e+00 0.000000000000000000e+00
4.370000000000000000e+02 9.807058415244664218e+01 1.000000000000000000e+00 0.000000000000000000e+00
4.380000000000000000e+02 9.957811373383681541e+01 1.000000000000000000e+00 0.000000000000000000e+00
4.390000000000000000e+02 9.818883569475893580e+01 1.000000000000000000e+00 0.000000000000000000e+00
4.400000000000000000e+02 9.849741984656691329e+01 1.000000000000000000e+00 0.000000000000000000e+00
4.410000000000000000e+02 1.005489785684591340e+02 0.000000000000000000e+00 0.000000000000000000e+00
4.420000000000000000e+02 1.002559155110309064e+02 2.000000000000000000e+00 0.000000000000000000e+00
4.430000000000000000e+02 1.001069026433216322e+02 0.000000000000000000e+00 0.000000000000000000e+00
4.440000000000000000e+02 1.003399774531865631e+02 1.000000000000000000e+00 0.000000000000000000e+00
4.450000000000000000e+02 1.023426791763901349e+02 0.000000000000000000e+00 0.000000000000000000e+00
4.460000000000000000e+02 9.995502634388672902e+01 2.000000000000000000e+00 0.000000000000000000e+00
4.470000000000000000e+02 9.937940446432044439e+01 0.000000000000000000e+00 0.000000000000000000e+00
4.480000000000000000e+02 1.022122538540641443e+02 1.000000000000000000e+00 0.000000000000000000e+00
4.490000000000000000e+02 1.011439826791236243e+02 1.000000000000000000e+00 0.000000000000000000e+00
4.500000000000000000e+02 1.008405623951373542e+02 1.000000000000000000e+00 0.000000000000000000e+00
4.510000000000000000e+02 1.005698941065344485e+02 1.000000000000000000e+00 0.000000000000000000e+00
4.520000000000000000e+02 1.009989931319437346e+02 0.000000000000000000e+00 0.000000000000000000e+00
4.530000000000000000e+02 1.018684805701140590e+02 1.000000000000000000e+00 0.000000000000000000e+00
4.540000000000000000e+02 1.022134555378976302e+02 0.000000000000000000e+00 0.000000000000000000e+00
4.550000000000000000e+02 1.013227566146835557e+02 2.000000000000000000e+00 0.000000000000000000e+00
4.560000000000000000e+02 1.019011245990276819e+02 2.000000000000000000e+00 0.000000000000000000e+00
4.570000000000000000e+02 1.016410309473069304e+02 0.000000000000000000e+00 0.000000000000000000e+00
4.580000000000000000e+02 1.041118741958777605e+02 0.000000000000000000e+00 0.000000000000000000e+00
4.590000000000000000e+02 1.029389607246645966e+02 2.000000000000000000e+00 0.000000000000000000e+00
4.600000000000000000e+02 1.010546444893127926e+02 2.000000000000000000e+00 0.000000000000000000e+00
4.610000000000000000e+02 1.013905537630531626e+02 0.000000000000000000e+00 0.000000000000000000e+00
4.620000000000000000e+02 1.013364177999540061e+02 2.000000000000000000e+00 0.000000000000000000e+00
4.630000000000000000e+02 9.901726579299915443e+01 2.000000000000000000e+00 0.000000000000000000e+00
4.640000000000000000e+02 1.013545375781581726e+02 0.000000000000000000e+00 0.000000000000000000e+00
4.650000000000000000e+02 9.992982923187126687e+01 2.000000000000000000e+00 0.000000000000000000e+00
4.660000000000000000e+02 1.008686314329520712e+02 0.000000000000000000e+00 0.000000000000000000e+00
4.670000000000000000e+02 1.006621065370353421e+02 2.000000000000000000e+00 0.000000000000000000e+00
4.680000000000000000e+02 9.975034034325135224e+01 0.000000000000000000e+00 0.000000000000000000e+00
4.690000000000000000e+02 9.976033296639269565e+01 2.000000000000000000e+00 0.000000000000000000e+00
4.700000000000000000e+02 9.865640772798670355e+01 2.000000000000000000e+00 0.000000000000000000e+00
4.710000000000000000e+02 9.898095213888369415e+01 1.000000000000000000e+00 0.000000000000000000e+00
4.720000000000000000e+02 9.900170497181521512e+01 1.000000000000000000e+00 0.000000000000000000e+00
4.730000000000000000e+02 9.935113721402144904e+01 1.000000000000000000e+00 0.000000000000000000e+00
4.740000000000000000e+02 9.780624067388868070e+01 2.000000000000000000e+00 0.000000000000000000e+00
4.750000000000000000e+02 9.846959102141036624e+01 1.000000000000000000e+00 0.000000000000000000e+00
4.760000000000000000e+02 9.681695969811558200e+01 2.000000000000000000e+00 0.000000000000000000e+00
4.770000000000000000e+02 9.737652580749521292e+01 2.000000000000000000e+00 0.000000000000000000e+00
4.780000000000000000e+02 9.691335997218148179e+01 0.000000000000000000e+00 0.000000000000000000e+00
4.790000000000000000e+02 9.830330256879557282e+01 0.000000000000000000e+00 0.000000000000000000e+00
4.800000000000000000e+02 9.960207131703175776e+01 0.000000000000000000e+00 0.000000000000000000e+00
4.810000000000000000e+02 9.906578014385533493e+01 1.000000000000000000e+00 0.000000000000000000e+00
4.820000000000000000e+02 9.904300712765437709e+01 2.000000000000000000e+00 0.000000000000000000e+00
4.830000000000000000e+02 9.960161965585750465e+01 1.000000000000000000e+00 0.000000000000000000e+00
4.840000000000000000e+02 9.715595151098143845e+01 1.000000000000000000e+00 0.000000000000000000e+00
4.850000000000000000e+02 9.872732857484234614e+01 0.000000000000000000e+00 0.000000000000000000e+00
4.860000000000000000e+02 1.008282840227861499e+02 0.000000000000000000e+00 0.000000000000000000e+00
4.870000000000000000e+02 1.010674092021492925e+02 0.000000000000000000e+00 0.000000000000000000e+00
4.880000000000000000e+02 9.995261249525856329e+01 1.000000000000000000e+00 0.000000000000000000e+00
4.890000000000000000e+02 1.007786008308296601e+02 1.000000000000000000e+00 0.000000000000000000e+00
4.900000000000000000e+02 1.012798292381930878e+02 0.000000000000000000e+00 0.000000000000000000e+00
4.910000000000000000e+02 1.021832773404493366e+02 0.000000000000000000e+00 0.000000000000000000e+00
4.920000000000000000e+02 1.022984651889469774e+02 0.000000000000000000e+00 0.000000000000000000e+00
4.930000000000000000e+02 1.045358003103542757e+02 2.000000000000000000e+00 0.000000000000000000e+00
4.940000000000000000e+02 1.029021589716963518e+02 2.000000000000000000e+00 0.000000000000000000e+00
4.950000000000000000e+02 1.022352663339197392e+02 0.000000000000000000e+00 0.000000000000000000e+00
4.960000000000000000e+02 1.050561544362679314e+02 0.000000000000000000e+00 0.000000000000000000e+00
4.970000000000000000e+02 1.021681374228500800e+02 2.000000000000000000e+00 0.000000000000000000e+00
4.980000000000000000e+02 1.013938099824757302e+02 2.000000000000000000e+00 0.000000000000000000e+00
4.990000000000000000e+02 1.011079692633818610e+02 2.000000000000000000e+00 0.000000000000000000e+00
5.000000000000000000e+02 9.991847789402173419e+01 1.000000000000000000e+00 0.000000000000000000e+00
5.010000000000000000e+02 1.018170156382684013e+02 0.000000000000000000e+00 0.000000000000000000e+00
5.020000000000000000e+02 1.018725200409032254e+02 1.000000000000000000e+00 0.000000000000000000e+00
5.030000000000000000e+02 1.043132594100971318e+02 0.000000000000000000e+00 0.000000000000000000e+00
5.040000000000000000e+02 1.026094765388202745e+02 2.000000000000000000e+00 0.000000000000000000e+00
5.050000000000000000e+02 1.036446628212003702e+02 1.000000000000000000e+00 0.000000000000000000e+00
5.060000000000000000e+02 1.016110457243003111e+02 1.000000000000000000e+00 0.000000000000000000e+00
5.070000000000000000e+02 9.937833307190045673e+01 2.000000000000000000e+00 0.000000000000000000e+00
5.080000000000000000e+02 1.009137305235804121e+02 0.000000000000000000e+00 0.000000000000000000e+00
5.090000000000000000e+02 1.025987167164240219e+02 0.000000000000000000e+00 0.000000000000000000e+00
5.100000000000000000e+02 1.019621322476611596e+02 2.000000000000000000e+00 0.000000000000000000e+00
5.110000000000000000e+02 1.020063337216721067e+02 0.000000000000000000e+00 0.000000000000000000e+00
5.120000000000000000e+02 1.037768800778734857e+02 0.000000000000000000e+00 0.000000000000000000e+00
5.130000000000000000e+02 1.022151646653435364e+02 2.000000000000000000e+00 0.000000000000000000e+00
5.140000000000000000e+02 1.041447892854778559e+02 0.000000000000000000e+00 0.000000000000000000e+00
5.150000000000000000e+02 1.052739991146664664e+02 0.000000000000000000e+00 0.000000000000000000e+00
5.160000000000000000e+02 1.049488193943613936e+02 0.000000000000000000e+00 0.000000000000000000e+00
5.170000000000000000e+02 1.052428066773141069e+02 2.000000000000000000e+00 0.000000000000000000e+00
5.180000000000000000e+02 1.061948780373579666e+02 0.000000000000000000e+00 0.000000000000000000e+00
5.190000000000000000e+02 1.056180940930019290e+02 2.000000000000000000e+00 0.000000000000000000e+00
5.200000000000000000e+02 1.048883934271112111e+02 1.000000000000000000e+00 0.000000000000000000e+00
5.210000000000000000e+02 1.044616001594132939e+02 1.000000000000000000e+00 0.000000000000000000e+00
5.220000000000000000e+02 1.049715474387235474e+02 0.000000000000000000e+00 0.000000000000000000e+00
5.230000000000000000e+02 1.058689321129814971e+02 2.000000000000000000e+00 0.000000000000000000e+00
5.240000000000000000e+02 1.058356910229442462e+02 0.000000000000000000e+00 0.000000000000000000e+00
5.250000000000000000e+02 1.069403058325454055e+02 0.000000000000000000e+00 0.000000000000000000e+00
5.260000000000000000e+02 1.076257623024197869e+02 1.000000000000000000e+00 0.000000000000000000e+00
5.270000000000000000e+02 1.082536762228892542e+02 0.000000000000000000e+00 0.000000000000000000e+00
5.280000000000000000e+02 1.080884916653971857e+02 0.000000000000000000e+00 0.000000000000000000e+00
5.290000000000000000e+02 1.102473824289133688e+02 0.000000000000000000e+00 0.000000000000000000e+00
5.300000000000000000e+02 1.083852642902242991e+02 2.000000000000000000e+00 0.000000000000000000e+00
5.310000000000000000e+02 1.077748071314680374e+02 2.000000000000000000e+00 0.000000000000000000e+00
5.320000000000000000e+02 1.061921117437170778e+02 2.000000000000000000e+00 0.000000000000000000e+00
5.330000000000000000e+02 1.092712188522658749e+02 0.000000000000000000e+00 0.000000000000000000e+00
5.340000000000000000e+02 1.082881356618423752e+02 1.000000000000000000e+00 0.000000000000000000e+00
5.350000000000000000e+02 1.082322449551667489e+02 0.000000000000000000e+00 0.000000000000000000e+00
5.360000000000000000e+02 1.108839926649814771e+02 1.000000000000000000e+00 0.000000000000000000e+00
5.370000000000000000e+02 1.097516975435519271e+02 0.000000000000000000e+00 0.000000000000000000e+00
5.380000000000000000e+02 1.106277984716884788e+02 1.000000000000000000e+00 0.000000000000000000e+00
5.390000000000000000e+02 1.103142993763656818e+02 0.000000000000000000e+00 0.000000000000000000e+00
5.400000000000000000e+02 1.089635653973549552e+02 2.000000000000000000e+00 0.000000000000000000e+00
5.410000000000000000e+02 1.088199297478693808e+02 2.000000000000000000e+00 0.000000000000000000e+00
5.420000000000000000e+02 1.074761602031787078e+02 2.000000000000000000e+00 0.000000000000000000e+00
5.430000000000000000e+02 1.093112538517745378e+02 0.000000000000000000e+00 0.000000000000000000e+00
5.440000000000000000e+02 1.090092831317344491e+02 2.000000000000000000e+00 0.000000000000000000e+00
5.450000000000000000e+02 1.079469869044081918e+02 2.000000000000000000e+00 0.000000000000000000e+00
5.460000000000000000e+02 1.076468291166519862e+02 0.000000000000000000e+00 0.000000000000000000e+00
5.470000000000000000e+02 1.081008570880043891e+02 2.000000000000000000e+00 0.000000000000000000e+00
5.480000000000000000e+02 1.063431558575710056e+02 1.000000000000000000e+00 0.000000000000000000e+00
5.490000000000000000e+02 1.063449003526785788e+02 2.000000000000000000e+00 0.000000000000000000e+00
5.500000000000000000e+02 1.065307388964086073e+02 0.000000000000000000e+00 0.000000000000000000e+00
5.510000000000000000e+02 1.071417093434027379e+02 0.000000000000000000e+00 0.000000000000000000e+00
5.520000000000000000e+02 1.094473782777827040e+02 0.000000000000000000e+00 0.000000000000000000e+00
5.530000000000000000e+02 1.100151634827057023e+02 0.000000000000000000e+00 0.000000000000000000e+00
5.540000000000000000e+02 1.109365812621144443e+02 2.000000000000000000e+00 0.000000000000000000e+00
5.550000000000000000e+02 1.112957771035414822e+02 0.000000000000000000e+00 0.000000000000000000e+00
5.560000000000000000e+02 1.109852428604496737e+02 0.000000000000000000e+00 0.000000000000000000e+00
5.570000000000000000e+02 1.121888468135893930e+02 1.000000000000000000e+00 0.000000000000000000e+00
5.580000000000000000e+02 1.119359827798963636e+02 0.000000000000000000e+00 0.000000000000000000e+00
5.590000000000000000e+02 1.103367847254634739e+02 2.000000000000000000e+00 0.000000000000000000e+00
5.600000000000000000e+02 1.128018528231352207e+02 0.000000000000000000e+00 0.000000000000000000e+00
5.610000000000000000e+02 1.129039938793990814e+02 0.000000000000000000e+00 0.000000000000000000e+00
5.620000000000000000e+02 1.142076159145205736e+02 0.000000000000000000e+00 0.000000000000000000e+00
5.630000000000000000e+02 1.143080657422501503e+02 0.000000000000000000e+00 0.000000000000000000e+00
5.640000000000000000e+02 1.166894430696124942e+02 0.000000000000000000e+00 0.000000000000000000e+00
5.650000000000000000e+02 1.141447704863723658e+02 2.000000000000000000e+00 0.000000000000000000e+00
5.660000000000000000e+02 1.142054381198783659e+02 1.000000000000000000e+00 0.000000000000000000e+00
5.670000000000000000e+02 1.147061637853812215e+02 1.000000000000000000e+00 0.000000000000000000e+00
5.680000000000000000e+02 1.167885961403951569e+02 1.000000000000000000e+00 0.000000000000000000e+00
5.690000000000000000e+02 1.167232322561523290e+02 1.000000000000000000e+00 0.000000000000000000e+00
5.700000000000000000e+02 1.153730938255422132e+02 0.000000000000000000e+00 0.000000000000000000e+00
5.710000000000000000e+02 1.150091229518574352e+02 1.000000000000000000e+00 0.000000000000000000e+00
5.720000000000000000e+02 1.179876584977794352e+02 0.000000000000000000e+00 0.000000000000000000e+00
5.730000000000000000e+02 1.168072856538727535e+02 1.000000000000000000e+00 0.000000000000000000e+00
5.740000000000000000e+02 1.161062628254664162e+02 2.000000000000000000e+00 0.000000000000000000e+00
5.750000000000000000e+02 1.177317336456984549e+02 0.000000000000000000e+00 0.000000000000000000e+00
5.760000000000000000e+02 1.166443689265819188e+02 2.000000000000000000e+00 0.000000000000000000e+00
5.770000000000000000e+02 1.181037074423248612e+02 0.000000000000000000e+00 0.000000000000000000e+00
5.780000000000000000e+02 1.175814723841631064e+02 1.000000000000000000e+00 0.000000000000000000e+00
5.790000000000000000e+02 1.185237036989777692e+02 0.000000000000000000e+00 0.000000000000000000e+00
5.800000000000000000e+02 1.182136586289546898e+02 1.000000000000000000e+00 0.000000000000000000e+00
5.810000000000000000e+02 1.177185594064071950e+02 1.000000000000000000e+00 0.000000000000000000e+00
5.820000000000000000e+02 1.183289608832510993e+02 1.000000000000000000e+00 0.000000000000000000e+00
5.830000000000000000e+02 1.188003515591932739e+02 0.000000000000000000e+00 0.000000000000000000e+00
5.840000000000000000e+02 1.198282155389692605e+02 0.000000000000000000e+00 0.000000000000000000e+00
5.850000000000000000e+02 1.210663906337422731e+02 1.000000000000000000e+00 0.000000000000000000e+00
5.860000000000000000e+02 1.214518397740173299e+02 0.000000000000000000e+00 0.000000000000000000e+00
5.870000000000000000e+02 1.211921903486570784e+02 0.000000000000000000e+00 0.000000000000000000e+00
5.880000000000000000e+02 1.222342825817160303e+02 2.000000000000000000e+00 0.000000000000000000e+00
5.890000000000000000e+02 1.215431189594988552e+02 0.000000000000000000e+00 0.000000000000000000e+00
5.900000000000000000e+02 1.228081767872499768e+02 0.000000000000000000e+00 0.000000000000000000e+00
5.910000000000000000e+02 1.230848176380846866e+02 1.000000000000000000e+00 0.000000000000000000e+00
5.920000000000000000e+02 1.219363062640935595e+02 1.000000000000000000e+00 0.000000000000000000e+00
5.930000000000000000e+02 1.221932518100480394e+02 1.000000000000000000e+00 0.000000000000000000e+00
5.940000000000000000e+02 1.222987187683422263e+02 2.000000000000000000e+00 0.000000000000000000e+00
5.950000000000000000e+02 1.209877299511284008e+02 1.000000000000000000e+00 0.000000000000000000e+00
5.960000000000000000e+02 1.211805121538645977e+02 1.000000000000000000e+00 0.000000000000000000e+00
5.970000000000000000e+02 1.232201112020551221e+02 1.000000000000000000e+00 0.000000000000000000e+00
5.980000000000000000e+02 1.212539520488568598e+02 2.000000000000000000e+00 0.000000000000000000e+00
5.990000000000000000e+02 1.206060655667625809e+02 2.000000000000000000e+00 0.000000000000000000e+00
6.000000000000000000e+02 1.215227242875860014e+02 0.000000000000000000e+00 0.000000000000000000e+00
6.010000000000000000e+02 1.213294305875785568e+02 1.000000000000000000e+00 0.000000000000000000e+00
6.020000000000000000e+02 1.195385635213757354e+02 1.000000000000000000e+00 0.000000000000000000e+00
6.030000000000000000e+02 1.224416296171968099e+02 0.000000000000000000e+00 0.000000000000000000e+00
6.040000000000000000e+02 1.214338683938677548e+02 2.000000000000000000e+00 0.000000000000000000e+00
6.050000000000000000e+02 1.237876275737509957e+02 0.000000000000000000e+00 0.000000000000000000e+00
6.060000000000000000e+02 1.221439881814166739e+02 0.000000000000000000e+00 0.000000000000000000e+00
6.070000000000000000e+02 1.231206833385709842e+02 0.000000000000000000e+00 0.000000000000000000e+00
6.080000000000000000e+02 1.264038975616494440e+02 0.000000000000000000e+00 0.000000000000000000e+00
6.090000000000000000e+02 1.245963793135939710e+02 2.000000000000000000e+00 0.000000000000000000e+00
6.100000000000000000e+02 1.251520660339603808e+02 0.000000000000000000e+00 0.000000000000000000e+00
6.110000000000000000e+02 1.251658419717226280e+02 0.000000000000000000e+00 0.000000000000000000e+00
6.120000000000000000e+02 1.254894971524311131e+02 1.000000000000000000e+00 0.000000000000000000e+00
6.130000000000000000e+02 1.272130383867905721e+02 0.000000000000000000e+00 0.000000000000000000e+00
6.140000000000000000e+02 1.266998432908423098e+02 1.000000000000000000e+00 0.000000000000000000e+00
6.150000000000000000e+02 1.275778472702670427e+02 0.000000000000000000e+00 0.000000000000000000e+00
6.160000000000000000e+02 1.297002460819448686e+02 0.000000000000000000e+00 0.000000000000000000e+00
6.170000000000000000e+02 1.292583884485961221e+02 0.000000000000000000e+00 0.000000000000000000e+00
6.180000000000000000e+02 1.301098662110210569e+02 1.000000000000000000e+00 0.000000000000000000e+00
6.190000000000000000e+02 1.310699421931432767e+02 0.000000000000000000e+00 0.000000000000000000e+00
6.200000000000000000e+02 1.295026248212622022e+02 2.000000000000000000e+00 0.000000000000000000e+00
6.210000000000000000e+02 1.316408347214591004e+02 0.000000000000000000e+00 0.000000000000000000e+00
6.220000000000000000e+02 1.306848738005060397e+02 2.000000000000000000e+00 0.000000000000000000e+00
6.230000000000000000e+02 1.302057112021285832e+02 0.000000000000000000e+00 0.000000000000000000e+00
6.240000000000000000e+02 1.311673100568007158e+02 1.000000000000000000e+00 0.000000000000000000e+00
6.250000000000000000e+02 1.308261062529370520e+02 1.000000000000000000e+00 0.000000000000000000e+00
6.260000000000000000e+02 1.329239233534656250e+02 0.000000000000000000e+00 0.000000000000000000e+00
6.270000000000000000e+02 1.306118000344939958e+02 2.000000000000000000e+00 0.000000000000000000e+00
6.280000000000000000e+02 1.314755701886390113e+02 1.000000000000000000e+00 0.000000000000000000e+00
6.290000000000000000e+02 1.289361489551646116e+02 2.000000000000000000e+00 0.000000000000000000e+00
6.300000000000000000e+02 1.287539227375851567e+02 0.000000000000000000e+00 0.000000000000000000e+00
6.310000000000000000e+02 1.310223622205663503e+02 1.000000000000000000e+00 0.000000000000000000e+00
6.320000000000000000e+02 1.321951828804265006e+02 0.000000000000000000e+00 0.000000000000000000e+00
6.330000000000000000e+02 1.309447196289361557e+02 1.000000000000000000e+00 0.000000000000000000e+00
6.340000000000000000e+02 1.318994126946686549e+02 1.000000000000000000e+00 0.000000000000000000e+00
6.350000000000000000e+02 1.309762820691229877e+02 2.000000000000000000e+00 0.000000000000000000e+00
6.360000000000000000e+02 1.319214258321082980e+02 0.000000000000000000e+00 0.000000000000000000e+00
6.370000000000000000e+02 1.310283563218364975e+02 2.000000000000000000e+00 0.000000000000000000e+00
6.380000000000000000e+02 1.304830028288986057e+02 2.000000000000000000e+00 0.000000000000000000e+00
6.390000000000000000e+02 1.295235761963239156e+02 1.000000000000000000e+00 0.000000000000000000e+00
6.400000000000000000e+02 1.320304703559577604e+02 0.000000000000000000e+00 0.000000000000000000e+00
6.410000000000000000e+02 1.296529979226392868e+02 2.000000000000000000e+00 0.000000000000000000e+00
6.420000000000000000e+02 1.319246596469799613e+02 0.000000000000000000e+00 0.000000000000000000e+00
6.430000000000000000e+02 1.308045100174097115e+02 2.000000000000000000e+00 0.000000000000000000e+00
6.440000000000000000e+02 1.303402429643763014e+02 1.000000000000000000e+00 0.000000000000000000e+00
6.450000000000000000e+02 1.288881920598748820e+02 2.000000000000000000e+00 0.000000000000000000e+00
6.460000000000000000e+02 1.285799330333202874e+02 0.000000000000000000e+00 0.000000000000000000e+00
6.470000000000000000e+02 1.310601596682820684e+02 0.000000000000000000e+00 0.000000000000000000e+00
6.480000000000000000e+02 1.305230595960833568e+02 2.000000000000000000e+00 0.000000000000000000e+00
6.490000000000000000e+02 1.313206928894698819e+02 0.000000000000000000e+00 0.000000000000000000e+00
6.500000000000000000e+02 1.320230427615209408e+02 0.000000000000000000e+00 0.000000000000000000e+00
6.510000000000000000e+02 1.320359855501340576e+02 0.000000000000000000e+00 0.000000000000000000e+00
6.520000000000000000e+02 1.322575269372129583e+02 2.000000000000000000e+00 0.000000000000000000e+00
6.530000000000000000e+02 1.319146864821481984e+02 2.000000000000000000e+00 0.000000000000000000e+00
6.540000000000000000e+02 1.322164862959309914e+02 0.000000000000000000e+00 0.000000000000000000e+00
6.550000000000000000e+02 1.341906463459960150e+02 0.000000000000000000e+00 0.000000000000000000e+00
6.560000000000000000e+02 1.325767168759198853e+02 1.000000000000000000e+00 0.000000000000000000e+00
6.570000000000000000e+02 1.338581881280833557e+02 1.000000000000000000e+00 0.000000000000000000e+00
6.580000000000000000e+02 1.329726190836938713e+02 1.000000000000000000e+00 0.000000000000000000e+00
6.590000000000000000e+02 1.338322404135776935e+02 1.000000000000000000e+00 0.000000000000000000e+00
6.600000000000000000e+02 1.323472405312090530e+02 2.000000000000000000e+00 0.000000000000000000e+00
6.610000000000000000e+02 1.326683041719056177e+02 1.000000000000000000e+00 0.000000000000000000e+00
6.620000000000000000e+02 1.329654866816769356e+02 1.000000000000000000e+00 0.000000000000000000e+00
6.630000000000000000e+02 1.324977309517144306e+02 0.000000000000000000e+00 0.000000000000000000e+00
6.640000000000000000e+02 1.337436390098896482e+02 0.000000000000000000e+00 0.000000000000000000e+00
6.650000000000000000e+02 1.349666157793178343e+02 0.000000000000000000e+00 0.000000000000000000e+00
6.660000000000000000e+02 1.352410265924900727e+02 0.000000000000000000e+00 0.000000000000000000e+00
6.670000000000000000e+02 1.335766160125197359e+02 2.000000000000000000e+00 0.000000000000000000e+00
6.680000000000000000e+02 1.354496650636450852e+02 0.000000000000000000e+00 0.000000000000000000e+00
6.690000000000000000e+02 1.358561806764097071e+02 0.000000000000000000e+00 0.000000000000000000e+00
6.700000000000000000e+02 1.367252587125611285e+02 2.000000000000000000e+00 0.000000000000000000e+00
6.710000000000000000e+02 1.361162669820106714e+02 0.000000000000000000e+00 0.000000000000000000e+00
6.720000000000000000e+02 1.384390984943036074e+02 0.000000000000000000e+00 0.000000000000000000e+00
6.730000000000000000e+02 1.382415296735161974e+02 1.000000000000000000e+00 0.000000000000000000e+00
6.740000000000000000e+02 1.373633103558846926e+02 2.000000000000000000e+00 0.000000000000000000e+00
6.750000000000000000e+02 1.385184152976563610e+02 1.000000000000000000e+00 0.000000000000000000e+00
6.760000000000000000e+02 1.352319112526556069e+02 2.000000000000000000e+00 0.000000000000000000e+00
6.770000000000000000e+02 1.355494682467947030e+02 0.000000000000000000e+00 0.000000000000000000e+00
6.780000000000000000e+02 1.363284167772350202e+02 1.000000000000000000e+00 0.000000000000000000e+00
6.790000000000000000e+02 1.354129014497837034e+02 2.000000000000000000e+00 0.000000000000000000e+00
6.800000000000000000e+02 1.369315369143852195e+02 0.000000000000000000e+00 0.000000000000000000e+00
6.810000000000000000e+02 1.377282505561871346e+02 0.000000000000000000e+00 0.000000000000000000e+00
6.820000000000000000e+02 1.381215398398269372e+02 1.000000000000000000e+00 0.000000000000000000e+00
6.830000000000000000e+02 1.382410928892904565e+02 0.000000000000000000e+00 0.000000000000000000e+00
6.840000000000000000e+02 1.401463922717404955e+02 0.000000000000000000e+00 0.000000000000000000e+00
6.850000000000000000e+02 1.385796001018863706e+02 2.000000000000000000e+00 0.000000000000000000e+00
6.860000000000000000e+02 1.392594438219948927e+02 2.000000000000000000e+00 0.000000000000000000e+00
6.870000000000000000e+02 1.390033287544892744e+02 0.000000000000000000e+00 0.000000000000000000e+00
6.880000000000000000e+02 1.399498666407500878e+02 1.000000000000000000e+00 0.000000000000000000e+00
6.890000000000000000e+02 1.403388489128489311e+02 0.000000000000000000e+00 0.000000000000000000e+00
6.900000000000000000e+02 1.394179849566095868e+02 2.000000000000000000e+00 0.000000000000000000e+00
6.910000000000000000e+02 1.390117766641972423e+02 0.000000000000000000e+00 0.000000000000000000e+00
6.920000000000000000e+02 1.401474752625996132e+02 1.000000000000000000e+00 0.000000000000000000e+00
6.930000000000000000e+02 1.395977003708733832e+02 1.000000000000000000e+00 0.000000000000000000e+00
6.940000000000000000e+02 1.406417391341836378e+02 0.000000000000000000e+00 0.000000000000000000e+00
6.950000000000000000e+02 1.403023253943775615e+02 1.000000000000000000e+00 0.000000000000000000e+00
6.960000000000000000e+02 1.406424015812523578e+02 1.000000000000000000e+00 0.000000000000000000e+00
6.970000000000000000e+02 1.428293629231872046e+02 0.000000000000000000e+00 0.000000000000000000e+00
6.980000000000000000e+02 1.426851301885671148e+02 0.000000000000000000e+00 0.000000000000000000e+00
6.990000000000000000e+02 1.403862951426916936e+02 2.000000000000000000e+00 0.000000000000000000e+00
7.000000000000000000e+02 1.428369647191446177e+02 0.000000000000000000e+00 0.000000000000000000e+00
7.010000000000000000e+02 1.417087729248520986e+02 2.000000000000000000e+00 0.000000000000000000e+00
7.020000000000000000e+02 1.414954857286914489e+02 2.000000000000000000e+00 0.000000000000000000e+00
7.030000000000000000e+02 1.426884829667107510e+02 0.000000000000000000e+00 0.000000000000000000e+00
7.040000000000000000e+02 1.409238055946235590e+02 2.000000000000000000e+00 0.000000000000000000e+00
7.050000000000000000e+02 1.414222455583021940e+02 0.000000000000000000e+00 0.000000000000000000e+00
7.060000000000000000e+02 1.414197296348770010e+02 1.000000000000000000e+00 0.000000000000000000e+00
7.070000000000000000e+02 1.411327996737774129e+02 1.000000000000000000e+00 0.000000000000000000e+00
7.080000000000000000e+02 1.408903320125662333e+02 2.000000000000000000e+00 0.000000000000000000e+00
7.090000000000000000e+02 1.422217084803143905e+02 0.000000000000000000e+00 0.000000000000000000e+00
7.100000000000000000e+02 1.423667857260693950e+02 2.000000000000000000e+00 0.000000000000000000e+00
7.110000000000000000e+02 1.417881199959845731e+02 0.000000000000000000e+00 0.000000000000000000e+00
7.120000000000000000e+02 1.418256250973986710e+02 0.000000000000000000e+00 0.000000000000000000e+00
7.130000000000000000e+02 1.411789423011648807e+02 2.000000000000000000e+00 0.000000000000000000e+00
7.140000000000000000e+02 1.414613632094371098e+02 1.000000000000000000e+00 0.000000000000000000e+00
7.150000000000000000e+02 1.407263457117932148e+02 0.000000000000000000e+00 0.000000000000000000e+00
7.160000000000000000e+02 1.414872797355456839e+02 2.000000000000000000e+00 0.000000000000000000e+00
7.170000000000000000e+02 1.439771383750143912e+02 0.000000000000000000e+00 0.000000000000000000e+00
7.180000000000000000e+02 1.442542418898315759e+02 0.000000000000000000e+00 0.000000000000000000e+00
7.190000000000000000e+02 1.459767049784743733e+02 0.000000000000000000e+00 0.000000000000000000e+00
7.200000000000000000e+02 1.458211375698935228e+02 0.000000000000000000e+00 0.000000000000000000e+00
7.210000000000000000e+02 1.468634225039991179e+02 1.000000000000000000e+00 0.000000000000000000e+00
7.220000000000000000e+02 1.473616867226346301e+02 1.000000000000000000e+00 0.000000000000000000e+00
7.230000000000000000e+02 1.458050816537483456e+02 1.000000000000000000e+00 0.000000000000000000e+00
7.240000000000000000e+02 1.476165140266650724e+02 0.000000000000000000e+00 0.000000000000000000e+00
7.250000000000000000e+02 1.461896900193780766e+02 1.000000000000000000e+00 0.000000000000000000e+00
7.260000000000000000e+02 1.490770652764032889e+02 0.000000000000000000e+00 0.000000000000000000e+00
7.270000000000000000e+02 1.482786009507024119e+02 1.000000000000000000e+00 0.000000000000000000e+00
7.280000000000000000e+02 1.475390867874164655e+02 2.000000000000000000e+00 0.000000000000000000e+00
7.290000000000000000e+02 1.463222494054499236e+02 1.000000000000000000e+00 0.000000000000000000e+00
7.300000000000000000e+02 1.474374709876228735e+02 1.000000000000000000e+00 0.000000000000000000e+00
7.310000000000000000e+02 1.455988146014303766e+02 2.000000000000000000e+00 0.000000000000000000e+00
7.320000000000000000e+02 1.465674098301715560e+02 0.000000000000000000e+00 0.000000000000000000e+00
7.330000000000000000e+02 1.459417125141141014e+02 1.000000000000000000e+00 0.000000000000000000e+00
7.340000000000000000e+02 1.469458687474997305e+02 1.000000000000000000e+00 0.000000000000000000e+00
7.350000000000000000e+02 1.451748556486903112e+02 2.000000000000000000e+00 0.000000000000000000e+00
7.360000000000000000e+02 1.465279495422580851e+02 1.000000000000000000e+00 0.000000000000000000e+00
7.370000000000000000e+02 1.477508840658695419e+02 0.000000000000000000e+00 0.000000000000000000e+00
7.380000000000000000e+02 1.464584027888837738e+02 2.000000000000000000e+00 0.000000000000000000e+00
7.390000000000000000e+02 1.470620697070419851e+02 0.000000000000000000e+00 0.000000000000000000e+00
7.400000000000000000e+02 1.463625898374807264e+02 2.000000000000000000e+00 0.000000000000000000e+00
7.410000000000000000e+02 1.484156355106980811e+02 0.000000000000000000e+00 0.000000000000000000e+00
7.420000000000000000e+02 1.467981030802840507e+02 2.000000000000000000e+00 0.000000000000000000e+00
7.430000000000000000e+02 1.450764693134657648e+02 0.000000000000000000e+00 0.000000000000000000e+00
7.440000000000000000e+02 1.473065557454557677e+02 1.000000000000000000e+00 0.000000000000000000e+00
7.450000000000000000e+02 1.477012875597920356e+02 0.000000000000000000e+00 0.000000000000000000e+00
7.460000000000000000e+02 1.457195728558021983e+02 2.000000000000000000e+00 0.000000000000000000e+00
7.470000000000000000e+02 1.475814418937019354e+02 0.000000000000000000e+00 0.000000000000000000e+00
7.480000000000000000e+02 1.465762756423202688e+02 2.000000000000000000e+00 0.000000000000000000e+00
7.490000000000000000e+02 1.483845120641045412e+02 0.000000000000000000e+00 0.000000000000000000e+00
7.500000000000000000e+02 1.486040799512749686e+02 1.000000000000000000e+00 0.000000000000000000e+00
7.510000000000000000e+02 1.496816929198905939e+02 0.000000000000000000e+00 0.000000000000000000e+00
7.520000000000000000e+02 1.502295802723898532e+02 0.000000000000000000e+00 0.000000000000000000e+00
7.530000000000000000e+02 1.506794701986605389e+02 0.000000000000000000e+00 0.000000000000000000e+00
7.540000000000000000e+02 1.521318539200148052e+02 0.000000000000000000e+00 0.000000000000000000e+00
7.550000000000000000e+02 1.505300026817200489e+02 1.000000000000000000e+00 0.000000000000000000e+00
7.560000000000000000e+02 1.504771486356794981e+02 2.000000000000000000e+00 0.000000000000000000e+00
7.570000000000000000e+02 1.510051437912645156e+02 1.000000000000000000e+00 0.000000000000000000e+00
7.580000000000000000e+02 1.521670271424756606e+02 0.000000000000000000e+00 0.000000000000000000e+00
7.590000000000000000e+02 1.531852559186736755e+02 0.000000000000000000e+00 0.000000000000000000e+00
7.600000000000000000e+02 1.534633412429539305e+02 0.000000000000000000e+00 0.000000000000000000e+00
7.610000000000000000e+02 1.559727307478715375e+02 0.000000000000000000e+00 0.000000000000000000e+00
7.620000000000000000e+02 1.558495423161617452e+02 1.000000000000000000e+00 0.000000000000000000e+00
7.630000000000000000e+02 1.552095064986047248e+02 1.000000000000000000e+00 0.000000000000000000e+00
7.640000000000000000e+02 1.549692655197302145e+02 0.000000000000000000e+00 0.000000000000000000e+00
7.650000000000000000e+02 1.548488582454455411e+02 1.000000000000000000e+00 0.000000000000000000e+00
7.660000000000000000e+02 1.564754933319349846e+02 1.000000000000000000e+00 0.000000000000000000e+00
7.670000000000000000e+02 1.571266117032629950e+02 1.000000000000000000e+00 0.000000000000000000e+00
7.680000000000000000e+02 1.568480020835758353e+02 0.000000000000000000e+00 0.000000000000000000e+00
7.690000000000000000e+02 1.560309367685218547e+02 1.000000000000000000e+00 0.000000000000000000e+00
7.700000000000000000e+02 1.573910128025661948e+02 0.000000000000000000e+00 0.000000000000000000e+00
7.710000000000000000e+02 1.579274690143092812e+02 1.000000000000000000e+00 0.000000000000000000e+00
7.720000000000000000e+02 1.608228402683148772e+02 0.000000000000000000e+00 0.000000000000000000e+00
7.730000000000000000e+02 1.613340650990865868e+02 0.000000000000000000e+00 0.000000000000000000e+00
7.740000000000000000e+02 1.601752927242827980e+02 0.000000000000000000e+00 0.000000000000000000e+00
7.750000000000000000e+02 1.618159258275503873e+02 0.000000000000000000e+00 0.000000000000000000e+00
7.760000000000000000e+02 1.639818881214945634e+02 0.000000000000000000e+00 0.000000000000000000e+00
7.770000000000000000e+02 1.636756760114051588e+02 0.000000000000000000e+00 0.000000000000000000e+00
7.780000000000000000e+02 1.660056685130346068e+02 0.000000000000000000e+00 0.000000000000000000e+00
7.790000000000000000e+02 1.663299680073979232e+02 0.000000000000000000e+00 0.000000000000000000e+00
7.800000000000000000e+02 1.657856749441995134e+02 0.000000000000000000e+00 0.000000000000000000e+00
7.810000000000000000e+02 1.682347644812560361e+02 2.000000000000000000e+00 0.000000000000000000e+00
7.820000000000000000e+02 1.672977749537498084e+02 1.000000000000000000e+00 0.000000000000000000e+00
7.830000000000000000e+02 1.666443164894920415e+02 0.000000000000000000e+00 0.000000000000000000e+00
7.840000000000000000e+02 1.652771343004972664e+02 2.000000000000000000e+00 0.000000000000000000e+00
7.850000000000000000e+02 1.661191687312745842e+02 0.000000000000000000e+00 0.000000000000000000e+00
7.860000000000000000e+02 1.679794868838449986e+02 0.000000000000000000e+00 0.000000000000000000e+00
7.870000000000000000e+02 1.689442944575899617e+02 2.000000000000000000e+00 0.000000000000000000e+00
7.880000000000000000e+02 1.646687134339713339e+02 2.000000000000000000e+00 0.000000000000000000e+00
7.890000000000000000e+02 1.684268590111214223e+02 0.000000000000000000e+00 0.000000000000000000e+00
7.900000000000000000e+02 1.683009908679852913e+02 0.000000000000000000e+00 0.000000000000000000e+00
7.910000000000000000e+02 1.679419750153151938e+02 2.000000000000000000e+00 0.000000000000000000e+00
7.920000000000000000e+02 1.679858848802032867e+02 0.000000000000000000e+00 0.000000000000000000e+00
7.930000000000000000e+02 1.686646076770773561e+02 0.000000000000000000e+00 0.000000000000000000e+00
7.940000000000000000e+02 1.697340317576160089e+02 1.000000000000000000e+00 0.000000000000000000e+00
7.950000000000000000e+02 1.706220691998077541e+02 0.000000000000000000e+00 0.000000000000000000e+00
7.960000000000000000e+02 1.706151748224721700e+02 0.000000000000000000e+00 0.000000000000000000e+00
7.970000000000000000e+02 1.713310362648288958e+02 1.000000000000000000e+00 0.000000000000000000e+00
7.980000000000000000e+02 1.729565771779456895e+02 0.000000000000000000e+00 0.000000000000000000e+00
7.990000000000000000e+02 1.729387716000386206e+02 0.000000000000000000e+00 0.000000000000000000e+00
8.000000000000000000e+02 1.725169343094867997e+02 2.000000000000000000e+00 0.000000000000000000e+00
