time	position	state	ATP_bound
1.000000000000000000e+00 6.408566393956001139e-01 2.000000000000000000e+00 0.000000000000000000e+00
2.000000000000000000e+00 0.000000000000000000e+00 1.000000000000000000e+00 0.000000000000000000e+00
3.000000000000000000e+00 1.475102178629890348e+00 0.000000000000000000e+00 0.000000000000000000e+00
4.000000000000000000e+00 2.278888670510565539e+00 0.000000000000000000e+00 0.000000000000000000e+00
5.000000000000000000e+00 3.609461503069597121e+00 0.000000000000000000e+00 0.000000000000000000e+00
6.000000000000000000e+00 3.142055817059528966e+00 0.000000000000000000e+00 0.000000000000000000e+00
7.000000000000000000e+00 5.360106712707616516e+00 0.000000000000000000e+00 0.000000000000000000e+00
8.000000000000000000e+00 6.690357526863083493e+00 0.000000000000000000e+00 0.000000000000000000e+00
9.000000000000000000e+00 5.585840046783626889e+00 0.000000000000000000e+00 0.000000000000000000e+00
1.000000000000000000e+01 8.805729301411179932e+00 0.000000000000000000e+00 0.000000000000000000e+00
1.100000000000000000e+01 7.722612410259965365e+00 2.000000000000000000e+00 0.000000000000000000e+00
1.200000000000000000e+01 5.498242255249519594e+00 2.000000000000000000e+00 0.000000000000000000e+00
1.300000000000000000e+01 6.981556479943906268e+00 0.000000000000000000e+00 0.000000000000000000e+00
1.400000000000000000e+01 7.665462666271360526e+00 0.000000000000000000e+00 0.000000000000000000e+00
1.500000000000000000e+01 8.370802289013735020e+00 0.000000000000000000e+00 0.000000000000000000e+00
1.600000000000000000e+01 1.057336046509280791e+01 0.000000000000000000e+00 0.000000000000000000e+00
1.700000000000000000e+01 1.136192446022530156e+01 0.000000000000000000e+00 0.000000000000000000e+00
1.800000000000000000e+01 1.253840136793412086e+01 0.000000000000000000e+00 0.000000000000000000e+00
1.900000000000000000e+01 1.262368568213393516e+01 0.000000000000000000e+00 0.000000000000000000e+00
2.000000000000000000e+01 1.320452073260567971e+01 0.000000000000000000e+00 0.000000000000000000e+00
2.100000000000000000e+01 1.544253044418103116e+01 0.000000000000000000e+00 0.000000000000000000e+00
2.200000000000000000e+01 1.566985269732447428e+01 0.000000000000000000e+00 0.000000000000000000e+00
2.300000000000000000e+01 1.730503688998999934e+01 0.000000000000000000e+00 0.000000000000000000e+00
2.400000000000000000e+01 1.593765487195872410e+01 2.000000000000000000e+00 0.000000000000000000e+00
2.500000000000000000e+01 1.662583225057977288e+01 0.000000000000000000e+00 0.000000000000000000e+00
2.600000000000000000e+01 1.643563283068553460e+01 1.000000000000000000e+00 0.000000000000000000e+00
2.700000000000000000e+01 1.810830177900095705e+01 0.000000000000000000e+00 0.000000000000000000e+00
2.800000000000000000e+01 1.914751554773634012e+01 0.000000000000000000e+00 0.000000000000000000e+00
2.900000000000000000e+01 2.104301517896190532e+01 0.000000000000000000e+00 0.000000000000000000e+00
3.000000000000000000e+01 2.104531085398238588e+01 0.000000000000000000e+00 0.000000000000000000e+00
3.100000000000000000e+01 2.236099819423968782e+01 0.000000000000000000e+00 0.000000000000000000e+00
3.200000000000000000e+01 2.312277741417057797e+01 0.000000000000000000e+00 0.000000000000000000e+00
3.300000000000000000e+01 2.448228825456994073e+01 0.000000000000000000e+00 0.000000000000000000e+00
3.400000000000000000e+01 2.430800652799479877e+01 0.000000000000000000e+00 0.000000000000000000e+00
3.500000000000000000e+01 2.568434125464069595e+01 0.000000000000000000e+00 0.000000000000000000e+00
3.600000000000000000e+01 2.648141053991407290e+01 1.000000000000000000e+00 0.000000000000000000e+00
3.700000000000000000e+01 2.648452504395994822e+01 0.000000000000000000e+00 0.000000000000000000e+00
3.800000000000000000e+01 2.765440519826643495e+01 0.000000000000000000e+00 0.000000000000000000e+00
3.900000000000000000e+01 2.989735601767558038e+01 0.000000000000000000e+00 0.000000000000000000e+00
4.000000000000000000e+01 2.986298660935236882e+01 0.000000000000000000e+00 0.000000000000000000e+00
4.100000000000000000e+01 3.072860343304657249e+01 0.000000000000000000e+00 0.000000000000000000e+00
4.200000000000000000e+01 3.207456448159798157e+01 0.000000000000000000e+00 0.000000000000000000e+00
4.300000000000000000e+01 3.286307579263701939e+01 0.000000000000000000e+00 0.000000000000000000e+00
4.400000000000000000e+01 3.388379219148883692e+01 0.000000000000000000e+00 0.000000000000000000e+00
4.500000000000000000e+01 3.434097787787747791e+01 0.000000000000000000e+00 0.000000000000000000e+00
4.600000000000000000e+01 3.564652339047621155e+01 1.000000000000000000e+00 0.000000000000000000e+00
4.700000000000000000e+01 3.402603118351857603e+01 1.000000000000000000e+00 0.000000000000000000e+00
4.800000000000000000e+01 3.394879649293747548e+01 2.000000000000000000e+00 0.000000000000000000e+00
4.900000000000000000e+01 3.226003730297833272e+01 2.000000000000000000e+00 0.000000000000000000e+00
5.000000000000000000e+01 3.406844559332804323e+01 0.000000000000000000e+00 0.000000000000000000e+00
5.100000000000000000e+01 3.334721495554649096e+01 1.000000000000000000e+00 0.000000000000000000e+00
5.200000000000000000e+01 3.462050623875190070e+01 0.000000000000000000e+00 0.000000000000000000e+00
5.300000000000000000e+01 3.388703376351932661e+01 2.000000000000000000e+00 0.000000000000000000e+00
5.400000000000000000e+01 3.264284591096708255e+01 2.000000000000000000e+00 0.000000000000000000e+00
5.500000000000000000e+01 3.202908237313276629e+01 2.000000000000000000e+00 0.000000000000000000e+00
5.600000000000000000e+01 3.189103854955262918e+01 1.000000000000000000e+00 0.000000000000000000e+00
5.700000000000000000e+01 3.263537846424311795e+01 0.000000000000000000e+00 0.000000000000000000e+00
5.800000000000000000e+01 3.298229414840265150e+01 0.000000000000000000e+00 0.000000000000000000e+00
5.900000000000000000e+01 3.516459557881935183e+01 0.000000000000000000e+00 0.000000000000000000e+00
6.000000000000000000e+01 3.714384600997477293e+01 0.000000000000000000e+00 0.000000000000000000e+00
6.100000000000000000e+01 3.712619785942922590e+01 0.000000000000000000e+00 0.000000000000000000e+00
6.200000000000000000e+01 3.826770138318544667e+01 0.000000000000000000e+00 0.000000000000000000e+00
6.300000000000000000e+01 3.733161278572035258e+01 2.000000000000000000e+00 0.000000000000000000e+00
6.400000000000000000e+01 3.580051309002261917e+01 2.000000000000000000e+00 0.000000000000000000e+00
6.500000000000000000e+01 3.755009687192112722e+01 0.000000000000000000e+00 0.000000000000000000e+00
6.600000000000000000e+01 3.754691258994684944e+01 1.000000000000000000e+00 0.000000000000000000e+00
6.700000000000000000e+01 3.783517221787419516e+01 0.000000000000000000e+00 0.000000000000000000e+00
6.800000000000000000e+01 3.863585373999971040e+01 0.000000000000000000e+00 0.000000000000000000e+00
6.900000000000000000e+01 3.961379468332449250e+01 0.000000000000000000e+00 0.000000000000000000e+00
7.000000000000000000e+01 4.142178049183122113e+01 0.000000000000000000e+00 0.000000000000000000e+00
7.100000000000000000e+01 3.957134295336810226e+01 2.000000000000000000e+00 0.000000000000000000e+00
7.200000000000000000e+01 3.837190704104330052e+01 2.000000000000000000e+00 0.000000000000000000e+00
7.300000000000000000e+01 4.065886483537882157e+01 0.000000000000000000e+00 0.000000000000000000e+00
7.400000000000000000e+01 4.105257186275682812e+01 0.000000000000000000e+00 0.000000000000000000e+00
7.500000000000000000e+01 4.242950619329820938e+01 0.000000000000000000e+00 0.000000000000000000e+00
7.600000000000000000e+01 4.304070806536030602e+01 0.000000000000000000e+00 0.000000000000000000e+00
7.700000000000000000e+01 4.310599716507720558e+01 0.000000000000000000e+00 0.000000000000000000e+00
7.800000000000000000e+01 4.520036606544532987e+01 0.000000000000000000e+00 0.000000000000000000e+00
7.900000000000000000e+01 4.496947594990016484e+01 1.000000000000000000e+00 0.000000000000000000e+00
8.000000000000000000e+01 4.458777312903593071e+01 1.000000000000000000e+00 0.000000000000000000e+00
8.100000000000000000e+01 4.539961108298946613e+01 1.000000000000000000e+00 0.000000000000000000e+00
8.200000000000000000e+01 4.549527561241465889e+01 1.000000000000000000e+00 0.000000000000000000e+00
8.300000000000000000e+01 4.669601097366122389e+01 0.000000000000000000e+00 0.000000000000000000e+00
8.400000000000000000e+01 4.649642697620170395e+01 0.000000000000000000e+00 0.000000000000000000e+00
8.500000000000000000e+01 4.818844657258945574e+01 0.000000000000000000e+00 0.000000000000000000e+00
8.600000000000000000e+01 4.782731067607349473e+01 1.000000000000000000e+00 0.000000000000000000e+00
8.700000000000000000e+01 4.755708923708441915e+01 1.000000000000000000e+00 0.000000000000000000e+00
8.800000000000000000e+01 4.947095921230178561e+01 0.000000000000000000e+00 0.000000000000000000e+00
8.900000000000000000e+01 4.985313754743225445e+01 0.000000000000000000e+00 0.000000000000000000e+00
9.000000000000000000e+01 5.096002045864176466e+01 0.000000000000000000e+00 0.000000000000000000e+00
9.100000000000000000e+01 5.067633414617952781e+01 2.000000000000000000e+00 0.000000000000000000e+00
9.200000000000000000e+01 5.051271268044411045e+01 1.000000000000000000e+00 0.000000000000000000e+00
9.300000000000000000e+01 5.014776961630519736e+01 1.000000000000000000e+00 0.000000000000000000e+00
9.400000000000000000e+01 5.113916314224596960e+01 0.000000000000000000e+00 0.000000000000000000e+00
9.500000000000000000e+01 5.302137741513574554e+01 0.000000000000000000e+00 0.000000000000000000e+00
9.600000000000000000e+01 5.147068924495221864e+01 1.000000000000000000e+00 0.000000000000000000e+00
9.700000000000000000e+01 5.227648252498684656e+01 0.000000000000000000e+00 0.000000000000000000e+00
9.800000000000000000e+01 5.378391076600595255e+01 0.000000000000000000e+00 0.000000000000000000e+00
9.900000000000000000e+01 5.547584089752304948e+01 0.000000000000000000e+00 0.000000000000000000e+00
1.000000000000000000e+02 5.542049612887473131e+01 0.000000000000000000e+00 0.000000000000000000e+00
1.010000000000000000e+02 5.684513991115839104e+01 0.000000000000000000e+00 0.000000000000000000e+00
1.020000000000000000e+02 5.755856139410504113e+01 0.000000000000000000e+00 0.000000000000000000e+00
1.030000000000000000e+02 5.905169735922533647e+01 0.000000000000000000e+00 0.000000000000000000e+00
1.040000000000000000e+02 5.884545565230831698e+01 1.000000000000000000e+00 0.000000000000000000e+00
1.050000000000000000e+02 5.992014161975106390e+01 0.000000000000000000e+00 0.000000000000000000e+00
1.060000000000000000e+02 6.061161810409085859e+01 0.000000000000000000e+00 0.000000000000000000e+00
1.070000000000000000e+02 6.137759084374423679e+01 0.000000000000000000e+00 0.000000000000000000e+00
1.080000000000000000e+02 6.324910070147922170e+01 0.000000000000000000e+00 0.000000000000000000e+00
1.090000000000000000e+02 6.513213018707395463e+01 0.000000000000000000e+00 0.000000000000000000e+00
1.100000000000000000e+02 6.520649524926548679e+01 0.000000000000000000e+00 0.000000000000000000e+00
1.110000000000000000e+02 6.633636305055280502e+01 0.000000000000000000e+00 0.000000000000000000e+00
1.120000000000000000e+02 6.690567606159414993e+01 0.000000000000000000e+00 0.000000000000000000e+00
1.130000000000000000e+02 6.830118378387722089e+01 0.000000000000000000e+00 0.000000000000000000e+00
1.140000000000000000e+02 6.902192262249091925e+01 0.000000000000000000e+00 0.000000000000000000e+00
1.150000000000000000e+02 6.973990364371843498e+01 1.000000000000000000e+00 0.000000000000000000e+00
1.160000000000000000e+02 7.018757713902920159e+01 0.000000000000000000e+00 0.000000000000000000e+00
1.170000000000000000e+02 6.910765051168992557e+01 2.000000000000000000e+00 0.000000000000000000e+00
1.180000000000000000e+02 6.934212103508188818e+01 0.000000000000000000e+00 0.000000000000000000e+00
1.190000000000000000e+02 7.115197926445991072e+01 0.000000000000000000e+00 0.000000000000000000e+00
1.200000000000000000e+02 7.169355716952050273e+01 0.000000000000000000e+00 0.000000000000000000e+00
1.210000000000000000e+02 7.234673767630562224e+01 0.000000000000000000e+00 0.000000000000000000e+00
1.220000000000000000e+02 7.424074679582587066e+01 0.000000000000000000e+00 0.000000000000000000e+00
1.230000000000000000e+02 7.431800906913646543e+01 0.000000000000000000e+00 0.000000000000000000e+00
1.240000000000000000e+02 7.623221851740400723e+01 0.000000000000000000e+00 0.000000000000000000e+00
1.250000000000000000e+02 7.635171146486672455e+01 0.000000000000000000e+00 0.000000000000000000e+00
1.260000000000000000e+02 7.814981172501097717e+01 0.000000000000000000e+00 0.000000000000000000e+00
1.270000000000000000e+02 7.944862601737561647e+01 0.000000000000000000e+00 0.000000000000000000e+00
1.280000000000000000e+02 8.050992907674255150e+01 0.000000000000000000e+00 0.000000000000000000e+00
1.290000000000000000e+02 8.112808655113440182e+01 0.000000000000000000e+00 0.000000000000000000e+00
1.300000000000000000e+02 8.198060631451407687e+01 0.000000000000000000e+00 0.000000000000000000e+00
1.310000000000000000e+02 8.239550638090220502e+01 0.000000000000000000e+00 0.000000000000000000e+00
1.320000000000000000e+02 8.485417945421708907e+01 0.000000000000000000e+00 0.000000000000000000e+00
1.330000000000000000e+02 8.446913119781115142e+01 0.000000000000000000e+00 0.000000000000000000e+00
1.340000000000000000e+02 8.390478322073015249e+01 2.000000000000000000e+00 0.000000000000000000e+00
1.350000000000000000e+02 8.226774426488239556e+01 2.000000000000000000e+00 0.000000000000000000e+00
1.360000000000000000e+02 8.230698436507884708e+01 2.000000000000000000e+00 0.000000000000000000e+00
1.370000000000000000e+02 8.159972946310315933e+01 1.000000000000000000e+00 0.000000000000000000e+00
1.380000000000000000e+02 8.291302181088677514e+01 0.000000000000000000e+00 0.000000000000000000e+00
1.390000000000000000e+02 8.214768897306248618e+01 2.000000000000000000e+00 0.000000000000000000e+00
1.400000000000000000e+02 8.352624344923135880e+01 0.000000000000000000e+00 0.000000000000000000e+00
1.410000000000000000e+02 8.444015609624391061e+01 0.000000000000000000e+00 0.000000000000000000e+00
1.420000000000000000e+02 8.579218591204936217e+01 0.000000000000000000e+00 0.000000000000000000e+00
1.430000000000000000e+02 8.563121890339854758e+01 0.000000000000000000e+00 0.000000000000000000e+00
1.440000000000000000e+02 8.664900439997370540e+01 0.000000000000000000e+00 0.000000000000000000e+00
1.450000000000000000e+02 8.795969699295224586e+01 0.000000000000000000e+00 0.000000000000000000e+00
1.460000000000000000e+02 8.913146555033871721e+01 0.000000000000000000e+00 0.000000000000000000e+00
1.470000000000000000e+02 8.884228675086940541e+01 0.000000000000000000e+00 0.000000000000000000e+00
1.480000000000000000e+02 9.094739488273914674e+01 0.000000000000000000e+00 0.000000000000000000e+00
1.490000000000000000e+02 9.177919706326908056e+01 0.000000000000000000e+00 0.000000000000000000e+00
1.500000000000000000e+02 9.294881067340102732e+01 0.000000000000000000e+00 0.000000000000000000e+00
1.510000000000000000e+02 9.345598910786308977e+01 0.000000000000000000e+00 0.000000000000000000e+00
1.520000000000000000e+02 9.571911999655057457e+01 0.000000000000000000e+00 0.000000000000000000e+00
1.530000000000000000e+02 9.498286751202337541e+01 0.000000000000000000e+00 0.000000000000000000e+00
1.540000000000000000e+02 9.537935893541272492e+01 2.000000000000000000e+00 0.000000000000000000e+00
1.550000000000000000e+02 9.586829687099803721e+01 0.000000000000000000e+00 0.000000000000000000e+00
1.560000000000000000e+02 9.440363594923991286e+01 2.000000000000000000e+00 0.000000000000000000e+00
1.570000000000000000e+02 9.548959724514823222e+01 1.000000000000000000e+00 0.000000000000000000e+00
1.580000000000000000e+02 9.530576923392470690e+01 1.000000000000000000e+00 0.000000000000000000e+00
1.590000000000000000e+02 9.567735623148222146e+01 0.000000000000000000e+00 0.000000000000000000e+00
1.600000000000000000e+02 9.675733030611021945e+01 0.000000000000000000e+00 0.000000000000000000e+00
1.610000000000000000e+02 9.740746190517477032e+01 0.000000000000000000e+00 0.000000000000000000e+00
1.620000000000000000e+02 9.938764019732620625e+01 0.000000000000000000e+00 0.000000000000000000e+00
1.630000000000000000e+02 1.004988700632921592e+02 0.000000000000000000e+00 0.000000000000000000e+00
1.640000000000000000e+02 1.008664512806122815e+02 0.000000000000000000e+00 0.000000000000000000e+00
1.650000000000000000e+02 1.021411872349098218e+02 0.000000000000000000e+00 0.000000000000000000e+00
1.660000000000000000e+02 1.022721803842651411e+02 0.000000000000000000e+00 0.000000000000000000e+00
1.670000000000000000e+02 1.040579224078631739e+02 0.000000000000000000e+00 0.000000000000000000e+00
1.680000000000000000e+02 1.049702628375299156e+02 0.000000000000000000e+00 0.000000000000000000e+00
1.690000000000000000e+02 1.064075908250918872e+02 0.000000000000000000e+00 0.000000000000000000e+00
1.700000000000000000e+02 1.078307583400623884e+02 0.000000000000000000e+00 0.000000000000000000e+00
1.710000000000000000e+02 1.081994978524314348e+02 0.000000000000000000e+00 0.000000000000000000e+00
1.720000000000000000e+02 1.091099261039793191e+02 0.000000000000000000e+00 0.000000000000000000e+00
1.730000000000000000e+02 1.089782523786588513e+02 1.000000000000000000e+00 0.000000000000000000e+00
1.740000000000000000e+02 1.106471833146459716e+02 0.000000000000000000e+00 0.000000000000000000e+00
1.750000000000000000e+02 1.112628221331011815e+02 0.000000000000000000e+00 0.000000000000000000e+00
1.760000000000000000e+02 1.124004369115111643e+02 0.000000000000000000e+00 0.000000000000000000e+00
1.770000000000000000e+02 1.126589707391514423e+02 0.000000000000000000e+00 0.000000000000000000e+00
1.780000000000000000e+02 1.136362319261329219e+02 0.000000000000000000e+00 0.000000000000000000e+00
1.790000000000000000e+02 1.148274330095108411e+02 0.000000000000000000e+00 0.000000000000000000e+00
1.800000000000000000e+02 1.141302321001941920e+02 2.000000000000000000e+00 0.000000000000000000e+00
1.810000000000000000e+02 1.142556123106703296e+02 0.000000000000000000e+00 0.000000000000000000e+00
1.820000000000000000e+02 1.161653281425299298e+02 0.000000000000000000e+00 0.000000000000000000e+00
1.830000000000000000e+02 1.170518336503516679e+02 0.000000000000000000e+00 0.000000000000000000e+00
1.840000000000000000e+02 1.179212334470522023e+02 0.000000000000000000e+00 0.000000000000000000e+00
1.850000000000000000e+02 1.185503279521872457e+02 0.000000000000000000e+00 0.000000000000000000e+00
1.860000000000000000e+02 1.190713758243153819e+02 2.000000000000000000e+00 0.000000000000000000e+00
1.870000000000000000e+02 1.179128207702093221e+02 1.000000000000000000e+00 0.000000000000000000e+00
1.880000000000000000e+02 1.167001753119500478e+02 2.000000000000000000e+00 0.000000000000000000e+00
1.890000000000000000e+02 1.175072673219693797e+02 0.000000000000000000e+00 0.000000000000000000e+00
1.900000000000000000e+02 1.194895105093735168e+02 0.000000000000000000e+00 0.000000000000000000e+00
1.910000000000000000e+02 1.197043571167809120e+02 1.000000000000000000e+00 0.000000000000000000e+00
1.920000000000000000e+02 1.197914251405288297e+02 0.000000000000000000e+00 0.000000000000000000e+00
1.930000000000000000e+02 1.206863883556321468e+02 0.000000000000000000e+00 0.000000000000000000e+00
1.940000000000000000e+02 1.214855074029341040e+02 0.000000000000000000e+00 0.000000000000000000e+00
1.950000000000000000e+02 1.237958839296965863e+02 0.000000000000000000e+00 0.000000000000000000e+00
1.960000000000000000e+02 1.241153266582659143e+02 0.000000000000000000e+00 0.000000000000000000e+00
1.970000000000000000e+02 1.251922974723718909e+02 0.000000000000000000e+00 0.000000000000000000e+00
1.980000000000000000e+02 1.257066607223456316e+02 0.000000000000000000e+00 0.000000000000000000e+00
1.990000000000000000e+02 1.270821439506388231e+02 0.000000000000000000e+00 0.000000000000000000e+00
2.000000000000000000e+02 1.281355576296321033e+02 0.000000000000000000e+00 0.000000000000000000e+00
2.010000000000000000e+02 1.284519526448780198e+02 0.000000000000000000e+00 0.000000000000000000e+00
2.020000000000000000e+02 1.292738379205298145e+02 0.000000000000000000e+00 0.000000000000000000e+00
2.030000000000000000e+02 1.310330178550154869e+02 0.000000000000000000e+00 0.000000000000000000e+00
2.040000000000000000e+02 1.323678327382817770e+02 0.000000000000000000e+00 0.000000000000000000e+00
2.050000000000000000e+02 1.327770626485282719e+02 0.000000000000000000e+00 0.000000000000000000e+00
2.060000000000000000e+02 1.346726495860129944e+02 0.000000000000000000e+00 0.000000000000000000e+00
2.070000000000000000e+02 1.350888082991764065e+02 0.000000000000000000e+00 0.000000000000000000e+00
2.080000000000000000e+02 1.354037776385439145e+02 0.000000000000000000e+00 0.000000000000000000e+00
2.090000000000000000e+02 1.353247997061550336e+02 1.000000000000000000e+00 0.000000000000000000e+00
2.100000000000000000e+02 1.366781841878874957e+02 0.000000000000000000e+00 0.000000000000000000e+00
2.110000000000000000e+02 1.386492390304452726e+02 0.000000000000000000e+00 0.000000000000000000e+00
2.120000000000000000e+02 1.392277074217497841e+02 0.000000000000000000e+00 0.000000000000000000e+00
2.130000000000000000e+02 1.404184410543008141e+02 0.000000000000000000e+00 0.000000000000000000e+00
2.140000000000000000e+02 1.398811406869018015e+02 0.000000000000000000e+00 0.000000000000000000e+00
2.150000000000000000e+02 1.421800660453880880e+02 0.000000000000000000e+00 0.000000000000000000e+00
2.160000000000000000e+02 1.422016013727406403e+02 1.000000000000000000e+00 0.000000000000000000e+00
2.170000000000000000e+02 1.440090639848145315e+02 0.000000000000000000e+00 0.000000000000000000e+00
2.180000000000000000e+02 1.423794582147034760e+02 2.000000000000000000e+00 0.000000000000000000e+00
2.190000000000000000e+02 1.422741459006025480e+02 1.000000000000000000e+00 0.000000000000000000e+00
2.200000000000000000e+02 1.411663862217338306e+02 1.000000000000000000e+00 0.000000000000000000e+00
2.210000000000000000e+02 1.418760413103470341e+02 1.000000000000000000e+00 0.000000000000000000e+00
2.220000000000000000e+02 1.429399630405526693e+02 0.000000000000000000e+00 0.000000000000000000e+00
2.230000000000000000e+02 1.435451767037334037e+02 0.000000000000000000e+00 0.000000000000000000e+00
2.240000000000000000e+02 1.448956284183120999e+02 0.000000000000000000e+00 0.000000000000000000e+00
2.250000000000000000e+02 1.460261293512855048e+02 0.000000000000000000e+00 0.000000000000000000e+00
2.260000000000000000e+02 1.472068645625295744e+02 0.000000000000000000e+00 0.000000000000000000e+00
2.270000000000000000e+02 1.482235011893707508e+02 0.000000000000000000e+00 0.000000000000000000e+00
2.280000000000000000e+02 1.461214446630589805e+02 2.000000000000000000e+00 0.000000000000000000e+00
2.290000000000000000e+02 1.493956718650960056e+02 0.000000000000000000e+00 0.000000000000000000e+00
2.300000000000000000e+02 1.490864798254674781e+02 0.000000000000000000e+00 0.000000000000000000e+00
2.310000000000000000e+02 1.491201923476483842e+02 0.000000000000000000e+00 0.000000000000000000e+00
2.320000000000000000e+02 1.513195940473040366e+02 0.000000000000000000e+00 0.000000000000000000e+00
2.330000000000000000e+02 1.513287421879017245e+02 0.000000000000000000e+00 0.000000000000000000e+00
2.340000000000000000e+02 1.524840213368006516e+02 0.000000000000000000e+00 0.000000000000000000e+00
2.350000000000000000e+02 1.539083894672917836e+02 0.000000000000000000e+00 0.000000000000000000e+00
2.360000000000000000e+02 1.561981109882041210e+02 0.000000000000000000e+00 0.000000000000000000e+00
2.370000000000000000e+02 1.560394435336422418e+02 0.000000000000000000e+00 0.000000000000000000e+00
2.380000000000000000e+02 1.573929052383183205e+02 0.000000000000000000e+00 0.000000000000000000e+00
2.390000000000000000e+02 1.575873089714469586e+02 1.000000000000000000e+00 0.000000000000000000e+00
2.400000000000000000e+02 1.579016848411523313e+02 1.000000000000000000e+00 0.000000000000000000e+00
2.410000000000000000e+02 1.572964902790115502e+02 1.000000000000000000e+00 0.000000000000000000e+00
2.420000000000000000e+02 1.579270199901257570e+02 0.000000000000000000e+00 0.000000000000000000e+00
2.430000000000000000e+02 1.594595741848221451e+02 0.000000000000000000e+00 0.000000000000000000e+00
2.440000000000000000e+02 1.603384112360842551e+02 0.000000000000000000e+00 0.000000000000000000e+00
2.450000000000000000e+02 1.593645294743944305e+02 2.000000000000000000e+00 0.000000000000000000e+00
2.460000000000000000e+02 1.571392980265101755e+02 2.000000000000000000e+00 0.000000000000000000e+00
2.470000000000000000e+02 1.587205138664144783e+02 1.000000000000000000e+00 0.000000000000000000e+00
2.480000000000000000e+02 1.579333429323405937e+02 1.000000000000000000e+00 0.000000000000000000e+00
2.490000000000000000e+02 1.574402597314247316e+02 1.000000000000000000e+00 0.000000000000000000e+00
2.500000000000000000e+02 1.588182821169611145e+02 1.000000000000000000e+00 0.000000000000000000e+00
2.510000000000000000e+02 1.593161842618236221e+02 0.000000000000000000e+00 0.000000000000000000e+00
2.520000000000000000e+02 1.598554728629638078e+02 0.000000000000000000e+00 0.000000000000000000e+00
2.530000000000000000e+02 1.582511345895630370e+02 2.000000000000000000e+00 0.000000000000000000e+00
2.540000000000000000e+02 1.585422700418379236e+02 1.000000000000000000e+00 0.000000000000000000e+00
2.550000000000000000e+02 1.597600670477902440e+02 0.000000000000000000e+00 0.000000000000000000e+00
2.560000000000000000e+02 1.596880307573974846e+02 0.000000000000000000e+00 0.000000000000000000e+00
2.570000000000000000e+02 1.612963877968630584e+02 0.000000000000000000e+00 0.000000000000000000e+00
2.580000000000000000e+02 1.613373057287614643e+02 1.000000000000000000e+00 0.000000000000000000e+00
2.590000000000000000e+02 1.633027836281353586e+02 0.000000000000000000e+00 0.000000000000000000e+00
2.600000000000000000e+02 1.640743613887493950e+02 0.000000000000000000e+00 0.000000000000000000e+00
2.610000000000000000e+02 1.657853214584545185e+02 0.000000000000000000e+00 0.000000000000000000e+00
2.620000000000000000e+02 1.635606946262149961e+02 2.000000000000000000e+00 0.000000000000000000e+00
2.630000000000000000e+02 1.647346574401699968e+02 0.000000000000000000e+00 0.000000000000000000e+00
2.640000000000000000e+02 1.670994094794771740e+02 0.000000000000000000e+00 0.000000000000000000e+00
2.650000000000000000e+02 1.664822332684743174e+02 0.000000000000000000e+00 0.000000000000000000e+00
2.660000000000000000e+02 1.674236116622391251e+02 0.000000000000000000e+00 0.000000000000000000e+00
2.670000000000000000e+02 1.693720188680141518e+02 0.000000000000000000e+00 0.000000000000000000e+00
2.680000000000000000e+02 1.697387618436811749e+02 0.000000000000000000e+00 0.000000000000000000e+00
2.690000000000000000e+02 1.706949417846807364e+02 0.000000000000000000e+00 0.000000000000000000e+00
2.700000000000000000e+02 1.710418920025314833e+02 0.000000000000000000e+00 0.000000000000000000e+00
2.710000000000000000e+02 1.714693584904341321e+02 2.000000000000000000e+00 0.000000000000000000e+00
2.720000000000000000e+02 1.692188908134084215e+02 2.000000000000000000e+00 0.000000000000000000e+00
2.730000000000000000e+02 1.695136357337356685e+02 1.000000000000000000e+00 0.000000000000000000e+00
2.740000000000000000e+02 1.706835367555783023e+02 0.000000000000000000e+00 0.000000000000000000e+00
2.750000000000000000e+02 1.706539556209546618e+02 1.000000000000000000e+00 0.000000000000000000e+00
2.760000000000000000e+02 1.719972227296866265e+02 0.000000000000000000e+00 0.000000000000000000e+00
2.770000000000000000e+02 1.727221685333497874e+02 0.000000000000000000e+00 0.000000000000000000e+00
2.780000000000000000e+02 1.728281625954578544e+02 0.000000000000000000e+00 0.000000000000000000e+00
2.790000000000000000e+02 1.745869396241011202e+02 1.000000000000000000e+00 0.000000000000000000e+00
2.800000000000000000e+02 1.748644915920498875e+02 0.000000000000000000e+00 0.000000000000000000e+00
2.810000000000000000e+02 1.748481280982708483e+02 0.000000000000000000e+00 0.000000000000000000e+00
2.820000000000000000e+02 1.771774418935299877e+02 0.000000000000000000e+00 0.000000000000000000e+00
2.830000000000000000e+02 1.778791663178064653e+02 0.000000000000000000e+00 0.000000000000000000e+00
2.840000000000000000e+02 1.783368369426445099e+02 0.000000000000000000e+00 0.000000000000000000e+00
2.850000000000000000e+02 1.804158235646536355e+02 0.000000000000000000e+00 0.000000000000000000e+00
2.860000000000000000e+02 1.813864882416628745e+02 1.000000000000000000e+00 0.000000000000000000e+00
2.870000000000000000e+02 1.809866228749216646e+02 0.000000000000000000e+00 0.000000000000000000e+00
2.880000000000000000e+02 1.816553457244201866e+02 0.000000000000000000e+00 0.000000000000000000e+00
2.890000000000000000e+02 1.834336793706145272e+02 0.000000000000000000e+00 0.000000000000000000e+00
2.900000000000000000e+02 1.843249557934944676e+02 0.000000000000000000e+00 0.000000000000000000e+00
2.910000000000000000e+02 1.847357764861040721e+02 0.000000000000000000e+00 0.000000000000000000e+00
2.920000000000000000e+02 1.860138437704373473e+02 0.000000000000000000e+00 0.000000000000000000e+00
2.930000000000000000e+02 1.870404692697993880e+02 0.000000000000000000e+00 0.000000000000000000e+00
2.940000000000000000e+02 1.880747542539587585e+02 0.000000000000000000e+00 0.000000000000000000e+00
2.950000000000000000e+02 1.882561937510415078e+02 1.000000000000000000e+00 0.000000000000000000e+00
2.960000000000000000e+02 1.888256031357014706e+02 0.000000000000000000e+00 0.000000000000000000e+00
2.970000000000000000e+02 1.894539284480581216e+02 0.000000000000000000e+00 0.000000000000000000e+00
2.980000000000000000e+02 1.910147526509137208e+02 0.000000000000000000e+00 0.000000000000000000e+00
2.990000000000000000e+02 1.920876831562591462e+02 0.000000000000000000e+00 0.000000000000000000e+00
3.000000000000000000e+02 1.925696862646061618e+02 0.000000000000000000e+00 0.000000000000000000e+00
3.010000000000000000e+02 1.938139340482716193e+02 0.000000000000000000e+00 0.000000000000000000e+00
3.020000000000000000e+02 1.946191423477354761e+02 0.000000000000000000e+00 0.000000000000000000e+00
3.030000000000000000e+02 1.963916074757677279e+02 0.000000000000000000e+00 0.000000000000000000e+00
3.040000000000000000e+02 1.966254013699281131e+02 0.000000000000000000e+00 0.000000000000000000e+00
3.050000000000000000e+02 1.983392868765265007e+02 0.000000000000000000e+00 0.000000000000000000e+00
3.060000000000000000e+02 1.985695220526644675e+02 0.000000000000000000e+00 0.000000000000000000e+00
3.070000000000000000e+02 1.978218972980902777e+02 2.000000000000000000e+00 0.000000000000000000e+00
3.080000000000000000e+02 1.976986869414761259e+02 1.000000000000000000e+00 0.000000000000000000e+00
3.090000000000000000e+02 1.991409403152680682e+02 0.000000000000000000e+00 0.000000000000000000e+00
3.100000000000000000e+02 2.005090221460096984e+02 0.000000000000000000e+00 0.000000000000000000e+00
3.110000000000000000e+02 2.007920930184017152e+02 0.000000000000000000e+00 0.000000000000000000e+00
3.120000000000000000e+02 2.017154641596366105e+02 0.000000000000000000e+00 0.000000000000000000e+00
3.130000000000000000e+02 2.033830078711031035e+02 0.000000000000000000e+00 0.000000000000000000e+00
3.140000000000000000e+02 2.039592087729449474e+02 0.000000000000000000e+00 0.000000000000000000e+00
3.150000000000000000e+02 2.043784122648152959e+02 0.000000000000000000e+00 0.000000000000000000e+00
3.160000000000000000e+02 2.057278515886040111e+02 0.000000000000000000e+00 0.000000000000000000e+00
3.170000000000000000e+02 2.067120485578099931e+02 0.000000000000000000e+00 0.000000000000000000e+00
3.180000000000000000e+02 2.083303224365184576e+02 0.000000000000000000e+00 0.000000000000000000e+00
3.190000000000000000e+02 2.088276495251470237e+02 0.000000000000000000e+00 0.000000000000000000e+00
3.200000000000000000e+02 2.095112134124060788e+02 0.000000000000000000e+00 0.000000000000000000e+00
3.210000000000000000e+02 2.111856422482089783e+02 0.000000000000000000e+00 0.000000000000000000e+00
3.220000000000000000e+02 2.120861202836232167e+02 0.000000000000000000e+00 0.000000000000000000e+00
3.230000000000000000e+02 2.131391100874071185e+02 0.000000000000000000e+00 0.000000000000000000e+00
3.240000000000000000e+02 2.136152741240069304e+02 0.000000000000000000e+00 0.000000000000000000e+00
3.250000000000000000e+02 2.136170269011007292e+02 2.000000000000000000e+00 0.000000000000000000e+00
3.260000000000000000e+02 2.124153783677358831e+02 2.000000000000000000e+00 0.000000000000000000e+00
3.270000000000000000e+02 2.132355756943286735e+02 0.000000000000000000e+00 0.000000000000000000e+00
3.280000000000000000e+02 2.125842036510780133e+02 0.000000000000000000e+00 0.000000000000000000e+00
3.290000000000000000e+02 2.142580001503370966e+02 0.000000000000000000e+00 0.000000000000000000e+00
3.300000000000000000e+02 2.156409040568466082e+02 0.000000000000000000e+00 0.000000000000000000e+00
3.310000000000000000e+02 2.165273086040076862e+02 0.000000000000000000e+00 0.000000000000000000e+00
3.320000000000000000e+02 2.176038913029084938e+02 0.000000000000000000e+00 0.000000000000000000e+00
3.330000000000000000e+02 2.188888971815787272e+02 0.000000000000000000e+00 0.000000000000000000e+00
3.340000000000000000e+02 2.194728266362376417e+02 0.000000000000000000e+00 0.000000000000000000e+00
3.350000000000000000e+02 2.210338336502597087e+02 0.000000000000000000e+00 0.000000000000000000e+00
3.360000000000000000e+02 2.225403971030344223e+02 0.000000000000000000e+00 0.000000000000000000e+00
3.370000000000000000e+02 2.235787046608021740e+02 0.000000000000000000e+00 0.000000000000000000e+00
3.380000000000000000e+02 2.238080898248139476e+02 0.000000000000000000e+00 0.000000000000000000e+00
3.390000000000000000e+02 2.229745548656677272e+02 2.000000000000000000e+00 0.000000000000000000e+00
3.400000000000000000e+02 2.215511052715313554e+02 2.000000000000000000e+00 0.000000000000000000e+00
3.410000000000000000e+02 2.227048073971180884e+02 0.000000000000000000e+00 0.000000000000000000e+00
3.420000000000000000e+02 2.253445516535348361e+02 0.000000000000000000e+00 0.000000000000000000e+00
3.430000000000000000e+02 2.237128582948197106e+02 1.000000000000000000e+00 0.000000000000000000e+00
3.440000000000000000e+02 2.240491737672610952e+02 1.000000000000000000e+00 0.000000000000000000e+00
3.450000000000000000e+02 2.225667029930892227e+02 2.000000000000000000e+00 0.000000000000000000e+00
3.460000000000000000e+02 2.236418190644797050e+02 0.000000000000000000e+00 0.000000000000000000e+00
3.470000000000000000e+02 2.254232891949496036e+02 0.000000000000000000e+00 0.000000000000000000e+00
3.480000000000000000e+02 2.257254476084496844e+02 0.000000000000000000e+00 0.000000000000000000e+00
3.490000000000000000e+02 2.271073347660918103e+02 0.000000000000000000e+00 0.000000000000000000e+00
3.500000000000000000e+02 2.270686678199729727e+02 1.000000000000000000e+00 0.000000000000000000e+00
3.510000000000000000e+02 2.280956648127873905e+02 0.000000000000000000e+00 0.000000000000000000e+00
3.520000000000000000e+02 2.286998175120957058e+02 0.000000000000000000e+00 0.000000000000000000e+00
3.530000000000000000e+02 2.303326819994457537e+02 0.000000000000000000e+00 0.000000000000000000e+00
3.540000000000000000e+02 2.315058382259163068e+02 0.000000000000000000e+00 0.000000000000000000e+00
3.550000000000000000e+02 2.312030304559922911e+02 0.000000000000000000e+00 0.000000000000000000e+00
3.560000000000000000e+02 2.336073049274097571e+02 0.000000000000000000e+00 0.000000000000000000e+00
3.570000000000000000e+02 2.322823286868663786e+02 1.000000000000000000e+00 0.000000000000000000e+00
3.580000000000000000e+02 2.328095762563620781e+02 2.000000000000000000e+00 0.000000000000000000e+00
3.590000000000000000e+02 2.316534078767643052e+02 1.000000000000000000e+00 0.000000000000000000e+00
3.600000000000000000e+02 2.328480287317891282e+02 0.000000000000000000e+00 0.000000000000000000e+00
3.610000000000000000e+02 2.336907600329300578e+02 0.000000000000000000e+00 0.000000000000000000e+00
3.620000000000000000e+02 2.353477544307358471e+02 0.000000000000000000e+00 0.000000000000000000e+00
3.630000000000000000e+02 2.364102085535848516e+02 0.000000000000000000e+00 0.000000000000000000e+00
3.640000000000000000e+02 2.369441336792917525e+02 0.000000000000000000e+00 0.000000000000000000e+00
3.650000000000000000e+02 2.361159995124459670e+02 2.000000000000000000e+00 0.000000000000000000e+00
3.660000000000000000e+02 2.363201483734479780e+02 0.000000000000000000e+00 0.000000000000000000e+00
3.670000000000000000e+02 2.379669026831334122e+02 0.000000000000000000e+00 0.000000000000000000e+00
3.680000000000000000e+02 2.382106954733359885e+02 0.000000000000000000e+00 0.000000000000000000e+00
3.690000000000000000e+02 2.399430819907751697e+02 0.000000000000000000e+00 0.000000000000000000e+00
3.700000000000000000e+02 2.403364563259669069e+02 0.000000000000000000e+00 0.000000000000000000e+00
3.710000000000000000e+02 2.406319466045590900e+02 2.000000000000000000e+00 0.000000000000000000e+00
3.720000000000000000e+02 2.407879044061382388e+02 0.000000000000000000e+00 0.000000000000000000e+00
3.730000000000000000e+02 2.423752170660216620e+02 0.000000000000000000e+00 0.000000000000000000e+00
3.740000000000000000e+02 2.410734110133019215e+02 1.000000000000000000e+00 0.000000000000000000e+00
3.750000000000000000e+02 2.420670472842272432e+02 1.000000000000000000e+00 0.000000000000000000e+00
3.760000000000000000e+02 2.426184329447934260e+02 0.000000000000000000e+00 0.000000000000000000e+00
3.770000000000000000e+02 2.443309680133341431e+02 0.000000000000000000e+00 0.000000000000000000e+00
3.780000000000000000e+02 2.446410848199219572e+02 0.000000000000000000e+00 0.000000000000000000e+00
3.790000000000000000e+02 2.448873524648049056e+02 1.000000000000000000e+00 0.000000000000000000e+00
3.800000000000000000e+02 2.459922752383539262e+02 0.000000000000000000e+00 0.000000000000000000e+00
3.810000000000000000e+02 2.473348529085907614e+02 0.000000000000000000e+00 0.000000000000000000e+00
3.820000000000000000e+02 2.474946494310147500e+02 0.000000000000000000e+00 0.000000000000000000e+00
3.830000000000000000e+02 2.476681532757310151e+02 2.000000000000000000e+00 0.000000000000000000e+00
3.840000000000000000e+02 2.484048097215678013e+02 0.000000000000000000e+00 0.000000000000000000e+00
3.850000000000000000e+02 2.495057463134058082e+02 0.000000000000000000e+00 0.000000000000000000e+00
3.860000000000000000e+02 2.507486820446196703e+02 0.000000000000000000e+00 0.000000000000000000e+00
3.870000000000000000e+02 2.509203059179371564e+02 0.000000000000000000e+00 0.000000000000000000e+00
3.880000000000000000e+02 2.515961406010984831e+02 0.000000000000000000e+00 0.000000000000000000e+00
3.890000000000000000e+02 2.524523984064195474e+02 0.000000000000000000e+00 0.000000000000000000e+00
3.900000000000000000e+02 2.545413557908323696e+02 0.000000000000000000e+00 0.000000000000000000e+00
3.910000000000000000e+02 2.529748916860036729e+02 2.000000000000000000e+00 0.000000000000000000e+00
3.920000000000000000e+02 2.518227534356236959e+02 2.000000000000000000e+00 0.000000000000000000e+00
3.930000000000000000e+02 2.533331935941664312e+02 0.000000000000000000e+00 0.000000000000000000e+00
3.940000000000000000e+02 2.542628384602801361e+02 0.000000000000000000e+00 0.000000000000000000e+00
3.950000000000000000e+02 2.543999143967064640e+02 0.000000000000000000e+00 0.000000000000000000e+00
3.960000000000000000e+02 2.552207640175955419e+02 0.000000000000000000e+00 0.000000000000000000e+00
3.970000000000000000e+02 2.572185980049987961e+02 0.000000000000000000e+00 0.000000000000000000e+00
3.980000000000000000e+02 2.578425245183096877e+02 0.000000000000000000e+00 0.000000000000000000e+00
3.990000000000000000e+02 2.589597960055543240e+02 0.000000000000000000e+00 0.000000000000000000e+00
4.000000000000000000e+02 2.599674670220001644e+02 0.000000000000000000e+00 0.000000000000000000e+00
4.010000000000000000e+02 2.607388198623952462e+02 0.000000000000000000e+00 0.000000000000000000e+00
4.020000000000000000e+02 2.617652082999177878e+02 0.000000000000000000e+00 0.000000000000000000e+00
4.030000000000000000e+02 2.625358816111258875e+02 1.000000000000000000e+00 0.000000000000000000e+00
4.040000000000000000e+02 2.624293999832486293e+02 1.000000000000000000e+00 0.000000000000000000e+00
4.050000000000000000e+02 2.627570185886930858e+02 0.000000000000000000e+00 0.000000000000000000e+00
4.060000000000000000e+02 2.640917585274112298e+02 0.000000000000000000e+00 0.000000000000000000e+00
4.070000000000000000e+02 2.646904687506099663e+02 0.000000000000000000e+00 0.000000000000000000e+00
4.080000000000000000e+02 2.668402644003789419e+02 0.000000000000000000e+00 0.000000000000000000e+00
4.090000000000000000e+02 2.664177489537452743e+02 0.000000000000000000e+00 0.000000000000000000e+00
4.100000000000000000e+02 2.676383406016594790e+02 0.000000000000000000e+00 0.000000000000000000e+00
4.110000000000000000e+02 2.685674159393389573e+02 0.000000000000000000e+00 0.000000000000000000e+00
4.120000000000000000e+02 2.706292301031210172e+02 0.000000000000000000e+00 0.000000000000000000e+00
4.130000000000000000e+02 2.705319554190367057e+02 0.000000000000000000e+00 0.000000000000000000e+00
4.140000000000000000e+02 2.717784707854233943e+02 0.000000000000000000e+00 0.000000000000000000e+00
4.150000000000000000e+02 2.722001014299527810e+02 0.000000000000000000e+00 0.000000000000000000e+00
4.160000000000000000e+02 2.739161127980399328e+02 0.000000000000000000e+00 0.000000000000000000e+00
4.170000000000000000e+02 2.747727664092363966e+02 0.000000000000000000e+00 0.000000000000000000e+00
4.180000000000000000e+02 2.766787317699761388e+02 0.000000000000000000e+00 0.000000000000000000e+00
4.190000000000000000e+02 2.762335194599749002e+02 0.000000000000000000e+00 0.000000000000000000e+00
4.200000000000000000e+02 2.778176740408413821e+02 0.000000000000000000e+00 0.000000000000000000e+00
4.210000000000000000e+02 2.771765243638869265e+02 1.000000000000000000e+00 0.000000000000000000e+00
4.220000000000000000e+02 2.766590903848879179e+02 2.000000000000000000e+00 0.000000000000000000e+00
4.230000000000000000e+02 2.756491326447247729e+02 2.000000000000000000e+00 0.000000000000000000e+00
4.240000000000000000e+02 2.767539623694734132e+02 0.000000000000000000e+00 0.000000000000000000e+00
4.250000000000000000e+02 2.779326958871020565e+02 0.000000000000000000e+00 0.000000000000000000e+00
4.260000000000000000e+02 2.801446876227154803e+02 0.000000000000000000e+00 0.000000000000000000e+00
4.270000000000000000e+02 2.794844805801924963e+02 0.000000000000000000e+00 0.000000000000000000e+00
4.280000000000000000e+02 2.816588993311237914e+02 0.000000000000000000e+00 0.000000000000000000e+00
4.290000000000000000e+02 2.813954803229136132e+02 0.000000000000000000e+00 0.000000000000000000e+00
4.300000000000000000e+02 2.807658870724549729e+02 2.000000000000000000e+00 0.000000000000000000e+00
4.310000000000000000e+02 2.821147010714929024e+02 0.000000000000000000e+00 0.000000000000000000e+00
4.320000000000000000e+02 2.830725660845441212e+02 0.000000000000000000e+00 0.000000000000000000e+00
4.330000000000000000e+02 2.847734190248701225e+02 0.000000000000000000e+00 0.000000000000000000e+00
4.340000000000000000e+02 2.840968699725334545e+02 0.000000000000000000e+00 0.000000000000000000e+00
4.350000000000000000e+02 2.845989171083489850e+02 2.000000000000000000e+00 0.000000000000000000e+00
4.360000000000000000e+02 2.847997300847557085e+02 0.000000000000000000e+00 0.000000000000000000e+00
4.370000000000000000e+02 2.850173910177275047e+02 1.000000000000000000e+00 0.000000000000000000e+00
4.380000000000000000e+02 2.852323037995363961e+02 1.000000000000000000e+00 0.000000000000000000e+00
4.390000000000000000e+02 2.832262191854869684e+02 2.000000000000000000e+00 0.000000000000000000e+00
4.400000000000000000e+02 2.845528600705023905e+02 0.000000000000000000e+00 0.000000000000000000e+00
4.410000000000000000e+02 2.859993611486284522e+02 0.000000000000000000e+00 0.000000000000000000e+00
4.420000000000000000e+02 2.865818161164882554e+02 1.000000000000000000e+00 0.000000000000000000e+00
4.430000000000000000e+02 2.854134160551681134e+02 1.000000000000000000e+00 0.000000000000000000e+00
4.440000000000000000e+02 2.852336353411117216e+02 2.000000000000000000e+00 0.000000000000000000e+00
4.450000000000000000e+02 2.861448782079387456e+02 0.000000000000000000e+00 0.000000000000000000e+00
4.460000000000000000e+02 2.877354242402527689e+02 0.000000000000000000e+00 0.000000000000000000e+00
4.470000000000000000e+02 2.884309682677902629e+02 0.000000000000000000e+00 0.000000000000000000e+00
4.480000000000000000e+02 2.891698238254364242e+02 0.000000000000000000e+00 0.000000000000000000e+00
4.490000000000000000e+02 2.896834410986247121e+02 0.000000000000000000e+00 0.000000000000000000e+00
4.500000000000000000e+02 2.910544741009420591e+02 0.000000000000000000e+00 0.000000000000000000e+00
4.510000000000000000e+02 2.929574390933870518e+02 0.000000000000000000e+00 0.000000000000000000e+00
4.520000000000000000e+02 2.931114163608053218e+02 0.000000000000000000e+00 0.000000000000000000e+00
4.530000000000000000e+02 2.939953975240545674e+02 0.000000000000000000e+00 0.000000000000000000e+00
4.540000000000000000e+02 2.954054996847688130e+02 0.000000000000000000e+00 0.000000000000000000e+00
4.550000000000000000e+02 2.970812402399504322e+02 0.000000000000000000e+00 0.000000000000000000e+00
4.560000000000000000e+02 2.956549733646758682e+02 0.000000000000000000e+00 0.000000000000000000e+00
4.570000000000000000e+02 2.984178238962949195e+02 0.000000000000000000e+00 0.000000000000000000e+00
4.580000000000000000e+02 2.988792707586935649e+02 0.000000000000000000e+00 0.000000000000000000e+00
4.590000000000000000e+02 2.972952444624968393e+02 2.000000000000000000e+00 0.000000000000000000e+00
4.600000000000000000e+02 2.991741735537016780e+02 0.000000000000000000e+00 0.000000000000000000e+00
4.610000000000000000e+02 2.998591634166921267e+02 0.000000000000000000e+00 0.000000000000000000e+00
4.620000000000000000e+02 3.005179035113445138e+02 0.000000000000000000e+00 0.000000000000000000e+00
4.630000000000000000e+02 3.006961747665988582e+02 2.000000000000000000e+00 0.000000000000000000e+00
4.640000000000000000e+02 3.012677140073088822e+02 0.000000000000000000e+00 0.000000000000000000e+00
4.650000000000000000e+02 3.017646124973879864e+02 0.000000000000000000e+00 0.000000000000000000e+00
4.660000000000000000e+02 3.028079282227039357e+02 0.000000000000000000e+00 0.000000000000000000e+00
4.670000000000000000e+02 3.049445254552511528e+02 0.000000000000000000e+00 0.000000000000000000e+00
4.680000000000000000e+02 3.032148593888079517e+02 2.000000000000000000e+00 0.000000000000000000e+00
4.690000000000000000e+02 3.035418165506899868e+02 0.000000000000000000e+00 0.000000000000000000e+00
4.700000000000000000e+02 3.051079934777744143e+02 0.000000000000000000e+00 0.000000000000000000e+00
4.710000000000000000e+02 3.063030565084673071e+02 0.000000000000000000e+00 0.000000000000000000e+00
4.720000000000000000e+02 3.072270313538209621e+02 0.000000000000000000e+00 0.000000000000000000e+00
4.730000000000000000e+02 3.086438041424183325e+02 0.000000000000000000e+00 0.000000000000000000e+00
4.740000000000000000e+02 3.089289890701645049e+02 0.000000000000000000e+00 0.000000000000000000e+00
4.750000000000000000e+02 3.094950149813478788e+02 0.000000000000000000e+00 0.000000000000000000e+00
4.760000000000000000e+02 3.115326056943546860e+02 0.000000000000000000e+00 0.000000000000000000e+00
4.770000000000000000e+02 3.111972432697749582e+02 1.000000000000000000e+00 0.000000000000000000e+00
4.780000000000000000e+02 3.127573441679504072e+02 0.000000000000000000e+00 0.000000000000000000e+00
4.790000000000000000e+02 3.130777132148782016e+02 0.000000000000000000e+00 0.000000000000000000e+00
4.800000000000000000e+02 3.145456582092649569e+02 0.000000000000000000e+00 0.000000000000000000e+00
4.810000000000000000e+02 3.150730794756055957e+02 0.000000000000000000e+00 0.000000000000000000e+00
4.820000000000000000e+02 3.137409748433590835e+02 2.000000000000000000e+00 0.000000000000000000e+00
4.830000000000000000e+02 3.151492098125577286e+02 0.000000000000000000e+00 0.000000000000000000e+00
4.840000000000000000e+02 3.155429318099326110e+02 0.000000000000000000e+00 0.000000000000000000e+00
4.850000000000000000e+02 3.177158787332838870e+02 0.000000000000000000e+00 0.000000000000000000e+00
4.860000000000000000e+02 3.167339955569696599e+02 1.000000000000000000e+00 0.000000000000000000e+00
4.870000000000000000e+02 3.175392492248324174e+02 1.000000000000000000e+00 0.000000000000000000e+00
4.880000000000000000e+02 3.173952996352422815e+02 1.000000000000000000e+00 0.000000000000000000e+00
4.890000000000000000e+02 3.170493864023284800e+02 0.000000000000000000e+00 0.000000000000000000e+00
4.900000000000000000e+02 3.178582174085404404e+02 1.000000000000000000e+00 0.000000000000000000e+00
4.910000000000000000e+02 3.182536741691480984e+02 1.000000000000000000e+00 0.000000000000000000e+00
4.920000000000000000e+02 3.187200896009404119e+02 0.000000000000000000e+00 0.000000000000000000e+00
4.930000000000000000e+02 3.203961112313513127e+02 0.000000000000000000e+00 0.000000000000000000e+00
4.940000000000000000e+02 3.189507509214089964e+02 2.000000000000000000e+00 0.000000000000000000e+00
4.950000000000000000e+02 3.202516366070681784e+02 0.000000000000000000e+00 0.000000000000000000e+00
4.960000000000000000e+02 3.220126640881583739e+02 0.000000000000000000e+00 0.000000000000000000e+00
4.970000000000000000e+02 3.213872735084678993e+02 0.000000000000000000e+00 0.000000000000000000e+00
4.980000000000000000e+02 3.232858027638285989e+02 0.000000000000000000e+00 0.000000000000000000e+00
4.990000000000000000e+02 3.244936000337514770e+02 0.000000000000000000e+00 0.000000000000000000e+00
5.000000000000000000e+02 3.249953999543073451e+02 1.000000000000000000e+00 0.000000000000000000e+00
5.010000000000000000e+02 3.254027441533140177e+02 0.000000000000000000e+00 0.000000000000000000e+00
5.020000000000000000e+02 3.238991446815237509e+02 2.000000000000000000e+00 0.000000000000000000e+00
5.030000000000000000e+02 3.245958432154168918e+02 0.000000000000000000e+00 0.000000000000000000e+00
5.040000000000000000e+02 3.266245167088563903e+02 0.000000000000000000e+00 0.000000000000000000e+00
5.050000000000000000e+02 3.263338130979877292e+02 0.000000000000000000e+00 0.000000000000000000e+00
5.060000000000000000e+02 3.273496885072988789e+02 0.000000000000000000e+00 0.000000000000000000e+00
5.070000000000000000e+02 3.281933933398055956e+02 0.000000000000000000e+00 0.000000000000000000e+00
5.080000000000000000e+02 3.292267642475180196e+02 0.000000000000000000e+00 0.000000000000000000e+00
5.090000000000000000e+02 3.312565043794033954e+02 0.000000000000000000e+00 0.000000000000000000e+00
5.100000000000000000e+02 3.312874373767754719e+02 0.000000000000000000e+00 0.000000000000000000e+00
5.110000000000000000e+02 3.333309714997593574e+02 0.000000000000000000e+00 0.000000000000000000e+00
5.120000000000000000e+02 3.342668948130645958e+02 0.000000000000000000e+00 0.000000000000000000e+00
5.130000000000000000e+02 3.347778816358472227e+02 0.000000000000000000e+00 0.000000000000000000e+00
5.140000000000000000e+02 3.356324015952925492e+02 0.000000000000000000e+00 0.000000000000000000e+00
5.150000000000000000e+02 3.362081279293993248e+02 0.000000000000000000e+00 0.000000000000000000e+00
5.160000000000000000e+02 3.396110331403979217e+02 0.000000000000000000e+00 0.000000000000000000e+00
5.170000000000000000e+02 3.393037610082178617e+02 0.000000000000000000e+00 0.000000000000000000e+00
5.180000000000000000e+02 3.402310616676498967e+02 0.000000000000000000e+00 0.000000000000000000e+00
5.190000000000000000e+02 3.403952272643988408e+02 0.000000000000000000e+00 0.000000000000000000e+00
5.200000000000000000e+02 3.411650083909923410e+02 0.000000000000000000e+00 0.000000000000000000e+00
5.210000000000000000e+02 3.424415412812103341e+02 0.000000000000000000e+00 0.000000000000000000e+00
5.220000000000000000e+02 3.442686836481859700e+02 0.000000000000000000e+00 0.000000000000000000e+00
5.230000000000000000e+02 3.453311579445310144e+02 0.000000000000000000e+00 0.000000000000000000e+00
5.240000000000000000e+02 3.464787384940507309e+02 0.000000000000000000e+00 0.000000000000000000e+00
5.250000000000000000e+02 3.465053168405092379e+02 0.000000000000000000e+00 0.000000000000000000e+00
5.260000000000000000e+02 3.495302324588006968e+02 0.000000000000000000e+00 0.000000000000000000e+00
5.270000000000000000e+02 3.490220510453519296e+02 0.000000000000000000e+00 0.000000000000000000e+00
5.280000000000000000e+02 3.491679915012627475e+02 0.000000000000000000e+00 0.000000000000000000e+00
5.290000000000000000e+02 3.494214263112547769e+02 2.000000000000000000e+00 0.000000000000000000e+00
5.300000000000000000e+02 3.505033528805006426e+02 0.000000000000000000e+00 0.000000000000000000e+00
5.310000000000000000e+02 3.512434807767602365e+02 0.000000000000000000e+00 0.000000000000000000e+00
5.320000000000000000e+02 3.514827656618091964e+02 1.000000000000000000e+00 0.000000000000000000e+00
5.330000000000000000e+02 3.522675097664551913e+02 0.000000000000000000e+00 0.000000000000000000e+00
5.340000000000000000e+02 3.532043519751163672e+02 0.000000000000000000e+00 0.000000000000000000e+00
5.350000000000000000e+02 3.542809929489355341e+02 0.000000000000000000e+00 0.000000000000000000e+00
5.360000000000000000e+02 3.559801060645025359e+02 0.000000000000000000e+00 0.000000000000000000e+00
5.370000000000000000e+02 3.566254041758986659e+02 0.000000000000000000e+00 0.000000000000000000e+00
5.380000000000000000e+02 3.570532677995214499e+02 0.000000000000000000e+00 0.000000000000000000e+00
5.390000000000000000e+02 3.575854402449177769e+02 1.000000000000000000e+00 0.000000000000000000e+00
5.400000000000000000e+02 3.567662785925078879e+02 0.000000000000000000e+00 0.000000000000000000e+00
5.410000000000000000e+02 3.593294145800666115e+02 0.000000000000000000e+00 0.000000000000000000e+00
5.420000000000000000e+02 3.599217304279079599e+02 0.000000000000000000e+00 0.000000000000000000e+00
5.430000000000000000e+02 3.610671159676278990e+02 0.000000000000000000e+00 0.000000000000000000e+00
5.440000000000000000e+02 3.628865740448489419e+02 0.000000000000000000e+00 0.000000000000000000e+00
5.450000000000000000e+02 3.630926077854525715e+02 0.000000000000000000e+00 0.000000000000000000e+00
5.460000000000000000e+02 3.651152124958706509e+02 0.000000000000000000e+00 0.000000000000000000e+00
5.470000000000000000e+02 3.628075290105970225e+02 2.000000000000000000e+00 0.000000000000000000e+00
5.480000000000000000e+02 3.638782393946855223e+02 0.000000000000000000e+00 0.000000000000000000e+00
5.490000000000000000e+02 3.642942533602806634e+02 0.000000000000000000e+00 0.000000000000000000e+00
5.500000000000000000e+02 3.645036332530576146e+02 1.000000000000000000e+00 0.000000000000000000e+00
5.510000000000000000e+02 3.657893156070013561e+02 0.000000000000000000e+00 0.000000000000000000e+00
5.520000000000000000e+02 3.668269968424558556e+02 0.000000000000000000e+00 0.000000000000000000e+00
5.530000000000000000e+02 3.688197196663732029e+02 0.000000000000000000e+00 0.000000000000000000e+00
5.540000000000000000e+02 3.691599094262318772e+02 0.000000000000000000e+00 0.000000000000000000e+00
5.550000000000000000e+02 3.701935665740459740e+02 0.000000000000000000e+00 0.000000000000000000e+00
5.560000000000000000e+02 3.703809079749166244e+02 0.000000000000000000e+00 0.000000000000000000e+00
5.570000000000000000e+02 3.715645730461110361e+02 0.000000000000000000e+00 0.000000000000000000e+00
5.580000000000000000e+02 3.732728047027385401e+02 0.000000000000000000e+00 0.000000000000000000e+00
5.590000000000000000e+02 3.737439713626108073e+02 0.000000000000000000e+00 0.000000000000000000e+00
5.600000000000000000e+02 3.748579418634762987e+02 0.000000000000000000e+00 0.000000000000000000e+00
5.610000000000000000e+02 3.761367968880440458e+02 0.000000000000000000e+00 0.000000000000000000e+00
5.620000000000000000e+02 3.771644409101635915e+02 0.000000000000000000e+00 0.000000000000000000e+00
5.630000000000000000e+02 3.773027843905342138e+02 1.000000000000000000e+00 0.000000000000000000e+00
5.640000000000000000e+02 3.781965449674060551e+02 0.000000000000000000e+00 0.000000000000000000e+00
5.650000000000000000e+02 3.783801854301614185e+02 0.000000000000000000e+00 0.000000000000000000e+00
5.660000000000000000e+02 3.799037411995469142e+02 0.000000000000000000e+00 0.000000000000000000e+00
5.670000000000000000e+02 3.810944302496927776e+02 0.000000000000000000e+00 0.000000000000000000e+00
5.680000000000000000e+02 3.809849816277130685e+02 0.000000000000000000e+00 0.000000000000000000e+00
5.690000000000000000e+02 3.826360578036565698e+02 0.000000000000000000e+00 0.000000000000000000e+00
5.700000000000000000e+02 3.847180189896853335e+02 0.000000000000000000e+00 0.000000000000000000e+00
5.710000000000000000e+02 3.861832743761103757e+02 0.000000000000000000e+00 0.000000000000000000e+00
5.720000000000000000e+02 3.853710455535454003e+02 0.000000000000000000e+00 0.000000000000000000e+00
5.730000000000000000e+02 3.864141139484144674e+02 0.000000000000000000e+00 0.000000000000000000e+00
5.740000000000000000e+02 3.877728386575492436e+02 0.000000000000000000e+00 0.000000000000000000e+00
5.750000000000000000e+02 3.878244410552622412e+02 1.000000000000000000e+00 0.000000000000000000e+00
5.760000000000000000e+02 3.886792834931948732e+02 0.000000000000000000e+00 0.000000000000000000e+00
5.770000000000000000e+02 3.886615585567657263e+02 2.000000000000000000e+00 0.000000000000000000e+00
5.780000000000000000e+02 3.871454305467224799e+02 2.000000000000000000e+00 0.000000000000000000e+00
5.790000000000000000e+02 3.861686143749035409e+02 2.000000000000000000e+00 0.000000000000000000e+00
5.800000000000000000e+02 3.868011121301522621e+02 1.000000000000000000e+00 0.000000000000000000e+00
5.810000000000000000e+02 3.861974356885517068e+02 1.000000000000000000e+00 0.000000000000000000e+00
5.820000000000000000e+02 3.851309368285820938e+02 2.000000000000000000e+00 0.000000000000000000e+00
5.830000000000000000e+02 3.851357868566585125e+02 0.000000000000000000e+00 0.000000000000000000e+00
5.840000000000000000e+02 3.865015255081177088e+02 0.000000000000000000e+00 0.000000000000000000e+00
5.850000000000000000e+02 3.877803664998841100e+02 0.000000000000000000e+00 0.000000000000000000e+00
5.860000000000000000e+02 3.901158205468850042e+02 0.000000000000000000e+00 0.000000000000000000e+00
5.870000000000000000e+02 3.901263622288930719e+02 0.000000000000000000e+00 0.000000000000000000e+00
5.880000000000000000e+02 3.903775129984400678e+02 0.000000000000000000e+00 0.000000000000000000e+00
5.890000000000000000e+02 3.923926846050841277e+02 0.000000000000000000e+00 0.000000000000000000e+00
5.900000000000000000e+02 3.918395291838392041e+02 1.000000000000000000e+00 0.000000000000000000e+00
5.910000000000000000e+02 3.903652744942563118e+02 2.000000000000000000e+00 0.000000000000000000e+00
5.920000000000000000e+02 3.898344115704121009e+02 2.000000000000000000e+00 0.000000000000000000e+00
5.930000000000000000e+02 3.907437302128149099e+02 0.000000000000000000e+00 0.000000000000000000e+00
5.940000000000000000e+02 3.930560629609152556e+02 0.000000000000000000e+00 0.000000000000000000e+00
5.950000000000000000e+02 3.929125253597663345e+02 0.000000000000000000e+00 0.000000000000000000e+00
5.960000000000000000e+02 3.949499196572438677e+02 0.000000000000000000e+00 0.000000000000000000e+00
5.970000000000000000e+02 3.945016678142036426e+02 0.000000000000000000e+00 0.000000000000000000e+00
5.980000000000000000e+02 3.958079680447359010e+02 0.000000000000000000e+00 0.000000000000000000e+00
5.990000000000000000e+02 3.971262693598348505e+02 0.000000000000000000e+00 0.000000000000000000e+00
6.000000000000000000e+02 3.986754094258655527e+02 0.000000000000000000e+00 0.000000000000000000e+00
6.010000000000000000e+02 3.990726055616861458e+02 0.000000000000000000e+00 0.000000000000000000e+00
6.020000000000000000e+02 4.001886147894839496e+02 0.000000000000000000e+00 0.000000000000000000e+00
6.030000000000000000e+02 3.994714792756803945e+02 2.000000000000000000e+00 0.000000000000000000e+00
6.040000000000000000e+02 3.996390713533510279e+02 0.000000000000000000e+00 0.000000000000000000e+00
6.050000000000000000e+02 4.009327197391863820e+02 0.000000000000000000e+00 0.000000000000000000e+00
6.060000000000000000e+02 3.994846277516439272e+02 2.000000000000000000e+00 0.000000000000000000e+00
6.070000000000000000e+02 3.997525284419257332e+02 1.000000000000000000e+00 0.000000000000000000e+00
6.080000000000000000e+02 3.986690850128381385e+02 2.000000000000000000e+00 0.000000000000000000e+00
6.090000000000000000e+02 3.993810340753023524e+02 1.000000000000000000e+00 0.000000000000000000e+00
6.100000000000000000e+02 3.989614509868398500e+02 1.000000000000000000e+00 0.000000000000000000e+00
6.110000000000000000e+02 4.001046671940055717e+02 0.000000000000000000e+00 0.000000000000000000e+00
6.120000000000000000e+02 4.011085593414219943e+02 0.000000000000000000e+00 0.000000000000000000e+00
6.130000000000000000e+02 4.018141128573790297e+02 0.000000000000000000e+00 0.000000000000000000e+00
6.140000000000000000e+02 4.030340346630184740e+02 0.000000000000000000e+00 0.000000000000000000e+00
6.150000000000000000e+02 4.034923656300924222e+02 0.000000000000000000e+00 0.000000000000000000e+00
6.160000000000000000e+02 4.048246991950769598e+02 0.000000000000000000e+00 0.000000000000000000e+00
6.170000000000000000e+02 4.056733899284722042e+02 0.000000000000000000e+00 0.000000000000000000e+00
6.180000000000000000e+02 4.072720157704351323e+02 0.000000000000000000e+00 0.000000000000000000e+00
6.190000000000000000e+02 4.063393706082102881e+02 2.000000000000000000e+00 0.000000000000000000e+00
6.200000000000000000e+02 4.057466306861734324e+02 0.000000000000000000e+00 0.000000000000000000e+00
6.210000000000000000e+02 4.061397426381767559e+02 2.000000000000000000e+00 0.000000000000000000e+00
6.220000000000000000e+02 4.072992393105304245e+02 0.000000000000000000e+00 0.000000000000000000e+00
6.230000000000000000e+02 4.086730640676914277e+02 0.000000000000000000e+00 0.000000000000000000e+00
6.240000000000000000e+02 4.080017061750435801e+02 0.000000000000000000e+00 0.000000000000000000e+00
6.250000000000000000e+02 4.105021922646682810e+02 0.000000000000000000e+00 0.000000000000000000e+00
6.260000000000000000e+02 4.120734965855239693e+02 0.000000000000000000e+00 0.000000000000000000e+00
6.270000000000000000e+02 4.123088430723974511e+02 0.000000000000000000e+00 0.000000000000000000e+00
6.280000000000000000e+02 4.142329324572924065e+02 0.000000000000000000e+00 0.000000000000000000e+00
6.290000000000000000e+02 4.136533886254679828e+02 0.000000000000000000e+00 0.000000000000000000e+00
6.300000000000000000e+02 4.154553142284942737e+02 0.000000000000000000e+00 0.000000000000000000e+00
6.310000000000000000e+02 4.165480589605894011e+02 0.000000000000000000e+00 0.000000000000000000e+00
6.320000000000000000e+02 4.161846430168379243e+02 0.000000000000000000e+00 0.000000000000000000e+00
6.330000000000000000e+02 4.177054339854495311e+02 0.000000000000000000e+00 0.000000000000000000e+00
6.340000000000000000e+02 4.191013410807739206e+02 0.000000000000000000e+00 0.000000000000000000e+00
6.350000000000000000e+02 4.210982642704305476e+02 0.000000000000000000e+00 0.000000000000000000e+00
6.360000000000000000e+02 4.211152250549271230e+02 0.000000000000000000e+00 0.000000000000000000e+00
6.370000000000000000e+02 4.220104908851550363e+02 0.000000000000000000e+00 0.000000000000000000e+00
6.380000000000000000e+02 4.235888816267136576e+02 0.000000000000000000e+00 0.000000000000000000e+00
6.390000000000000000e+02 4.238110561255452922e+02 0.000000000000000000e+00 0.000000000000000000e+00
6.400000000000000000e+02 4.257106006451301141e+02 0.000000000000000000e+00 0.000000000000000000e+00
6.410000000000000000e+02 4.263477385768144359e+02 0.000000000000000000e+00 0.000000000000000000e+00
6.420000000000000000e+02 4.268885062637884857e+02 0.000000000000000000e+00 0.000000000000000000e+00
6.430000000000000000e+02 4.282221658916643605e+02 0.000000000000000000e+00 0.000000000000000000e+00
6.440000000000000000e+02 4.287520221801216849e+02 0.000000000000000000e+00 0.000000000000000000e+00
6.450000000000000000e+02 4.291415495261151705e+02 1.000000000000000000e+00 0.000000000000000000e+00
6.460000000000000000e+02 4.304919347990174288e+02 0.000000000000000000e+00 0.000000000000000000e+00
6.470000000000000000e+02 4.307026452384112076e+02 1.000000000000000000e+00 0.000000000000000000e+00
6.480000000000000000e+02 4.307801009355604833e+02 0.000000000000000000e+00 0.000000000000000000e+00
6.490000000000000000e+02 4.324791763316599713e+02 0.000000000000000000e+00 0.000000000000000000e+00
6.500000000000000000e+02 4.319373484548602278e+02 0.000000000000000000e+00 0.000000000000000000e+00
6.510000000000000000e+02 4.335264891794782329e+02 0.000000000000000000e+00 0.000000000000000000e+00
6.520000000000000000e+02 4.345200297262736058e+02 0.000000000000000000e+00 0.000000000000000000e+00
6.530000000000000000e+02 4.337428787559982197e+02 1.000000000000000000e+00 0.000000000000000000e+00
6.540000000000000000e+02 4.355168642518910360e+02 1.000000000000000000e+00 0.000000000000000000e+00
6.550000000000000000e+02 4.360933317933982494e+02 0.000000000000000000e+00 0.000000000000000000e+00
6.560000000000000000e+02 4.373050527105637002e+02 0.000000000000000000e+00 0.000000000000000000e+00
6.570000000000000000e+02 4.376053189376128216e+02 0.000000000000000000e+00 0.000000000000000000e+00
6.580000000000000000e+02 4.386524149561698209e+02 0.000000000000000000e+00 0.000000000000000000e+00
6.590000000000000000e+02 4.400549059056961596e+02 0.000000000000000000e+00 0.000000000000000000e+00
6.600000000000000000e+02 4.408988637098736945e+02 0.000000000000000000e+00 0.000000000000000000e+00
6.610000000000000000e+02 4.412848207013944375e+02 0.000000000000000000e+00 0.000000000000000000e+00
6.620000000000000000e+02 4.434020210390204397e+02 0.000000000000000000e+00 0.000000000000000000e+00
6.630000000000000000e+02 4.427629800584157351e+02 1.000000000000000000e+00 0.000000000000000000e+00
6.640000000000000000e+02 4.443969792319978751e+02 0.000000000000000000e+00 0.000000000000000000e+00
6.650000000000000000e+02 4.442405418547042473e+02 1.000000000000000000e+00 0.000000000000000000e+00
6.660000000000000000e+02 4.447626534965751830e+02 0.000000000000000000e+00 0.000000000000000000e+00
6.670000000000000000e+02 4.462684766612376279e+02 0.000000000000000000e+00 0.000000000000000000e+00
6.680000000000000000e+02 4.473831503448233775e+02 0.000000000000000000e+00 0.000000000000000000e+00
6.690000000000000000e+02 4.467943428959245580e+02 0.000000000000000000e+00 0.000000000000000000e+00
6.700000000000000000e+02 4.491543754455615840e+02 0.000000000000000000e+00 0.000000000000000000e+00
6.710000000000000000e+02 4.487878994825529730e+02 0.000000000000000000e+00 0.000000000000000000e+00
6.720000000000000000e+02 4.506273355358568438e+02 0.000000000000000000e+00 0.000000000000000000e+00
6.730000000000000000e+02 4.523768356142905418e+02 0.000000000000000000e+00 0.000000000000000000e+00
6.740000000000000000e+02 4.526592429304641882e+02 0.000000000000000000e+00 0.000000000000000000e+00
6.750000000000000000e+02 4.537793639601258633e+02 0.000000000000000000e+00 0.000000000000000000e+00
6.760000000000000000e+02 4.553146835300873363e+02 0.000000000000000000e+00 0.000000000000000000e+00
6.770000000000000000e+02 4.556365122796200353e+02 0.000000000000000000e+00 0.000000000000000000e+00
6.780000000000000000e+02 4.562910920223524158e+02 0.000000000000000000e+00 0.000000000000000000e+00
6.790000000000000000e+02 4.576805851140936170e+02 0.000000000000000000e+00 0.000000000000000000e+00
6.800000000000000000e+02 4.592933164063924778e+02 0.000000000000000000e+00 0.000000000000000000e+00
6.810000000000000000e+02 4.599649819123453653e+02 0.000000000000000000e+00 0.000000000000000000e+00
6.820000000000000000e+02 4.614684663721315587e+02 0.000000000000000000e+00 0.000000000000000000e+00
6.830000000000000000e+02 4.621184777677215152e+02 0.000000000000000000e+00 0.000000000000000000e+00
6.840000000000000000e+02 4.634345766608471990e+02 0.000000000000000000e+00 0.000000000000000000e+00
6.850000000000000000e+02 4.641726219184427009e+02 0.000000000000000000e+00 0.000000000000000000e+00
6.860000000000000000e+02 4.656932347452933527e+02 0.000000000000000000e+00 0.000000000000000000e+00
6.870000000000000000e+02 4.656130700533748268e+02 0.000000000000000000e+00 0.000000000000000000e+00
6.880000000000000000e+02 4.655719511851864354e+02 1.000000000000000000e+00 0.000000000000000000e+00
6.890000000000000000e+02 4.669139877951134849e+02 0.000000000000000000e+00 0.000000000000000000e+00
6.900000000000000000e+02 4.682901158386721931e+02 0.000000000000000000e+00 0.000000000000000000e+00
6.910000000000000000e+02 4.670267322765233189e+02 2.000000000000000000e+00 0.000000000000000000e+00
6.920000000000000000e+02 4.674441868360613057e+02 0.000000000000000000e+00 0.000000000000000000e+00
6.930000000000000000e+02 4.681807803817648050e+02 0.000000000000000000e+00 0.000000000000000000e+00
6.940000000000000000e+02 4.669569560956938972e+02 2.000000000000000000e+00 0.000000000000000000e+00
6.950000000000000000e+02 4.668288007107468047e+02 2.000000000000000000e+00 0.000000000000000000e+00
6.960000000000000000e+02 4.681225612029097078e+02 0.000000000000000000e+00 0.000000000000000000e+00
6.970000000000000000e+02 4.688238369293927690e+02 0.000000000000000000e+00 0.000000000000000000e+00
6.980000000000000000e+02 4.692157460862142671e+02 1.000000000000000000e+00 0.000000000000000000e+00
6.990000000000000000e+02 4.693642145227897799e+02 0.000000000000000000e+00 0.000000000000000000e+00
7.000000000000000000e+02 4.703595558438325384e+02 0.000000000000000000e+00 0.000000000000000000e+00
7.010000000000000000e+02 4.727132947431721277e+02 0.000000000000000000e+00 0.000000000000000000e+00
7.020000000000000000e+02 4.723480014868048897e+02 0.000000000000000000e+00 0.000000000000000000e+00
7.030000000000000000e+02 4.715768393862423977e+02 2.000000000000000000e+00 0.000000000000000000e+00
7.040000000000000000e+02 4.733678164710208875e+02 0.000000000000000000e+00 0.000000000000000000e+00
7.050000000000000000e+02 4.745687831941201011e+02 0.000000000000000000e+00 0.000000000000000000e+00
7.060000000000000000e+02 4.729022353146896194e+02 2.000000000000000000e+00 0.000000000000000000e+00
7.070000000000000000e+02 4.736772071067326237e+02 0.000000000000000000e+00 0.000000000000000000e+00
7.080000000000000000e+02 4.759090918833483101e+02 0.000000000000000000e+00 0.000000000000000000e+00
7.090000000000000000e+02 4.755733640964241431e+02 0.000000000000000000e+00 0.000000000000000000e+00
7.100000000000000000e+02 4.764826467560204719e+02 0.000000000000000000e+00 0.000000000000000000e+00
7.110000000000000000e+02 4.752234453350553167e+02 2.000000000000000000e+00 0.000000000000000000e+00
7.120000000000000000e+02 4.752048269845034838e+02 2.000000000000000000e+00 0.000000000000000000e+00
7.130000000000000000e+02 4.737614139974926388e+02 2.000000000000000000e+00 0.000000000000000000e+00
7.140000000000000000e+02 4.729779739465453758e+02 2.000000000000000000e+00 0.000000000000000000e+00
7.150000000000000000e+02 4.713215878439548305e+02 2.000000000000000000e+00 0.000000000000000000e+00
7.160000000000000000e+02 4.724930923704607153e+02 1.000000000000000000e+00 0.000000000000000000e+00
7.170000000000000000e+02 4.712585164969713674e+02 1.000000000000000000e+00 0.000000000000000000e+00
7.180000000000000000e+02 4.727644103656962216e+02 0.000000000000000000e+00 0.000000000000000000e+00
7.190000000000000000e+02 4.741509649317873709e+02 0.000000000000000000e+00 0.000000000000000000e+00
7.200000000000000000e+02 4.757041329403201075e+02 0.000000000000000000e+00 0.000000000000000000e+00
7.210000000000000000e+02 4.766878206907784374e+02 0.000000000000000000e+00 0.000000000000000000e+00
7.220000000000000000e+02 4.741425010783743801e+02 2.000000000000000000e+00 0.000000000000000000e+00
7.230000000000000000e+02 4.729682143121442550e+02 2.000000000000000000e+00 0.000000000000000000e+00
7.240000000000000000e+02 4.725624980668046646e+02 2.000000000000000000e+00 0.000000000000000000e+00
7.250000000000000000e+02 4.745597124911187166e+02 0.000000000000000000e+00 0.000000000000000000e+00
7.260000000000000000e+02 4.730650470778418821e+02 2.000000000000000000e+00 0.000000000000000000e+00
7.270000000000000000e+02 4.728417166979280069e+02 0.000000000000000000e+00 0.000000000000000000e+00
7.280000000000000000e+02 4.737886821486173403e+02 1.000000000000000000e+00 0.000000000000000000e+00
7.290000000000000000e+02 4.744302409881852896e+02 1.000000000000000000e+00 0.000000000000000000e+00
7.300000000000000000e+02 4.744975380726205572e+02 0.000000000000000000e+00 0.000000000000000000e+00
7.310000000000000000e+02 4.751037837260050765e+02 0.000000000000000000e+00 0.000000000000000000e+00
7.320000000000000000e+02 4.773834779467554768e+02 0.000000000000000000e+00 0.000000000000000000e+00
7.330000000000000000e+02 4.783635436341853051e+02 0.000000000000000000e+00 0.000000000000000000e+00
7.340000000000000000e+02 4.798187167943902409e+02 0.000000000000000000e+00 0.000000000000000000e+00
7.350000000000000000e+02 4.795473106222951287e+02 0.000000000000000000e+00 0.000000000000000000e+00
7.360000000000000000e+02 4.812968921412875147e+02 0.000000000000000000e+00 0.000000000000000000e+00
7.370000000000000000e+02 4.823572607194091688e+02 0.000000000000000000e+00 0.000000000000000000e+00
7.380000000000000000e+02 4.841632714797722770e+02 0.000000000000000000e+00 0.000000000000000000e+00
7.390000000000000000e+02 4.834374674852090266e+02 0.000000000000000000e+00 0.000000000000000000e+00
7.400000000000000000e+02 4.845394370892686311e+02 0.000000000000000000e+00 0.000000000000000000e+00
7.410000000000000000e+02 4.846364521989823970e+02 2.000000000000000000e+00 0.000000000000000000e+00
7.420000000000000000e+02 4.830068167725686976e+02 2.000000000000000000e+00 0.000000000000000000e+00
7.430000000000000000e+02 4.846182234668485762e+02 0.000000000000000000e+00 0.000000000000000000e+00
7.440000000000000000e+02 4.846762570280170621e+02 0.000000000000000000e+00 0.000000000000000000e+00
7.450000000000000000e+02 4.860793747123416324e+02 0.000000000000000000e+00 0.000000000000000000e+00
7.460000000000000000e+02 4.874984867933089276e+02 0.000000000000000000e+00 0.000000000000000000e+00
7.470000000000000000e+02 4.879530908524016013e+02 0.000000000000000000e+00 0.000000000000000000e+00
7.480000000000000000e+02 4.891323376122575723e+02 0.000000000000000000e+00 0.000000000000000000e+00
7.490000000000000000e+02 4.903241082138183629e+02 0.000000000000000000e+00 0.000000000000000000e+00
7.500000000000000000e+02 4.918241187125537976e+02 0.000000000000000000e+00 0.000000000000000000e+00
7.510000000000000000e+02 4.911836941361295885e+02 0.000000000000000000e+00 0.000000000000000000e+00
7.520000000000000000e+02 4.928284074709631000e+02 0.000000000000000000e+00 0.000000000000000000e+00
7.530000000000000000e+02 4.937436321972087967e+02 0.000000000000000000e+00 0.000000000000000000e+00
7.540000000000000000e+02 4.954552903182171804e+02 0.000000000000000000e+00 0.000000000000000000e+00
7.550000000000000000e+02 4.954594956024004091e+02 0.000000000000000000e+00 0.000000000000000000e+00
7.560000000000000000e+02 4.958868573668822819e+02 0.000000000000000000e+00 0.000000000000000000e+00
7.570000000000000000e+02 4.976016703865614090e+02 0.000000000000000000e+00 0.000000000000000000e+00
7.580000000000000000e+02 4.986567463775582496e+02 0.000000000000000000e+00 0.000000000000000000e+00
7.590000000000000000e+02 4.999783336601140604e+02 0.000000000000000000e+00 0.000000000000000000e+00
7.600000000000000000e+02 5.002188954520857465e+02 0.000000000000000000e+00 0.000000000000000000e+00
7.610000000000000000e+02 5.014857099255372646e+02 0.000000000000000000e+00 0.000000000000000000e+00
7.620000000000000000e+02 5.026702430327544562e+02 0.000000000000000000e+00 0.000000000000000000e+00
7.630000000000000000e+02 5.042455180588676171e+02 0.000000000000000000e+00 0.000000000000000000e+00
7.640000000000000000e+02 5.036278011704749815e+02 1.000000000000000000e+00 0.000000000000000000e+00
7.650000000000000000e+02 5.046199360859456533e+02 0.000000000000000000e+00 0.000000000000000000e+00
7.660000000000000000e+02 5.065455599881101421e+02 0.000000000000000000e+00 0.000000000000000000e+00
7.670000000000000000e+02 5.063877771919190991e+02 1.000000000000000000e+00 0.000000000000000000e+00
7.680000000000000000e+02 5.060673746576365488e+02 1.000000000000000000e+00 0.000000000000000000e+00
7.690000000000000000e+02 5.064359246210693755e+02 0.000000000000000000e+00 0.000000000000000000e+00
7.700000000000000000e+02 5.072964580719844321e+02 1.000000000000000000e+00 0.000000000000000000e+00
7.710000000000000000e+02 5.075597913724701584e+02 0.000000000000000000e+00 0.000000000000000000e+00
7.720000000000000000e+02 5.091251359953112114e+02 0.000000000000000000e+00 0.000000000000000000e+00
7.730000000000000000e+02 5.105676406806415457e+02 0.000000000000000000e+00 0.000000000000000000e+00
7.740000000000000000e+02 5.109786230765827781e+02 0.000000000000000000e+00 0.000000000000000000e+00
7.750000000000000000e+02 5.093110540882964301e+02 2.000000000000000000e+00 0.000000000000000000e+00
7.760000000000000000e+02 5.113082070159439922e+02 0.000000000000000000e+00 0.000000000000000000e+00
7.770000000000000000e+02 5.117511608830848786e+02 0.000000000000000000e+00 0.000000000000000000e+00
7.780000000000000000e+02 5.105165357498274261e+02 2.000000000000000000e+00 0.000000000000000000e+00
7.790000000000000000e+02 5.122868294784819909e+02 0.000000000000000000e+00 0.000000000000000000e+00
7.800000000000000000e+02 5.112362504654973918e+02 2.000000000000000000e+00 0.000000000000000000e+00
7.810000000000000000e+02 5.111883686325579106e+02 1.000000000000000000e+00 0.000000000000000000e+00
7.820000000000000000e+02 5.130401921994447321e+02 0.000000000000000000e+00 0.000000000000000000e+00
7.830000000000000000e+02 5.127940335574397750e+02 0.000000000000000000e+00 0.000000000000000000e+00
7.840000000000000000e+02 5.150250281479577552e+02 0.000000000000000000e+00 0.000000000000000000e+00
7.850000000000000000e+02 5.148350051169057906e+02 0.000000000000000000e+00 0.000000000000000000e+00
7.860000000000000000e+02 5.160285367470912661e+02 0.000000000000000000e+00 0.000000000000000000e+00
7.870000000000000000e+02 5.172168107661726708e+02 0.000000000000000000e+00 0.000000000000000000e+00
7.880000000000000000e+02 5.178478946697285892e+02 0.000000000000000000e+00 0.000000000000000000e+00
7.890000000000000000e+02 5.184167858573289323e+02 0.000000000000000000e+00 0.000000000000000000e+00
7.900000000000000000e+02 5.181254569210063892e+02 2.000000000000000000e+00 0.000000000000000000e+00
7.910000000000000000e+02 5.174063355006970824e+02 2.000000000000000000e+00 0.000000000000000000e+00
7.920000000000000000e+02 5.177886925707575756e+02 0.000000000000000000e+00 0.000000000000000000e+00
7.930000000000000000e+02 5.190429369609105379e+02 0.000000000000000000e+00 0.000000000000000000e+00
7.940000000000000000e+02 5.209318039255998656e+02 0.000000000000000000e+00 0.000000000000000000e+00
7.950000000000000000e+02 5.197328274381845858e+02 0.000000000000000000e+00 0.000000000000000000e+00
7.960000000000000000e+02 5.206793965772300226e+02 1.000000000000000000e+00 0.000000000000000000e+00
7.970000000000000000e+02 5.226381234890054657e+02 0.000000000000000000e+00 0.000000000000000000e+00
7.980000000000000000e+02 5.222103387305397746e+02 0.000000000000000000e+00 0.000000000000000000e+00
7.990000000000000000e+02 5.233017192744636077e+02 0.000000000000000000e+00 0.000000000000000000e+00
8.000000000000000000e+02 5.250530805357482222e+02 0.000000000000000000e+00 0.000000000000000000e+00
