time	position	state	ATP_bound
1.000000000000000000e+00 1.766558670626618976e+00 0.000000000000000000e+00 0.000000000000000000e+00
2.000000000000000000e+00 1.998627640058910693e+00 0.000000000000000000e+00 0.000000000000000000e+00
3.000000000000000000e+00 3.036990618985450752e+00 0.000000000000000000e+00 0.000000000000000000e+00
4.000000000000000000e+00 3.298696510675115157e+00 0.000000000000000000e+00 0.000000000000000000e+00
5.000000000000000000e+00 5.546201526404765936e+00 0.000000000000000000e+00 0.000000000000000000e+00
6.000000000000000000e+00 6.349807462263069802e+00 0.000000000000000000e+00 0.000000000000000000e+00
7.000000000000000000e+00 7.279108848125332543e+00 0.000000000000000000e+00 0.000000000000000000e+00
8.000000000000000000e+00 7.663294017980389228e+00 0.000000000000000000e+00 0.000000000000000000e+00
9.000000000000000000e+00 9.801965349681974971e+00 0.000000000000000000e+00 0.000000000000000000e+00
1.000000000000000000e+01 1.002575938683592582e+01 0.000000000000000000e+00 0.000000000000000000e+00
1.100000000000000000e+01 1.099314756466361231e+01 0.000000000000000000e+00 0.000000000000000000e+00
1.200000000000000000e+01 1.100741979823512118e+01 1.000000000000000000e+00 0.000000000000000000e+00
1.300000000000000000e+01 1.005875378714024038e+01 1.000000000000000000e+00 0.000000000000000000e+00
1.400000000000000000e+01 1.031235641766078537e+01 2.000000000000000000e+00 0.000000000000000000e+00
1.500000000000000000e+01 1.093510703274581886e+01 0.000000000000000000e+00 0.000000000000000000e+00
1.600000000000000000e+01 1.211055813922253677e+01 0.000000000000000000e+00 0.000000000000000000e+00
1.700000000000000000e+01 1.203566367290437356e+01 0.000000000000000000e+00 0.000000000000000000e+00
1.800000000000000000e+01 1.407572237280866290e+01 0.000000000000000000e+00 0.000000000000000000e+00
1.900000000000000000e+01 1.478923086911384033e+01 0.000000000000000000e+00 0.000000000000000000e+00
2.000000000000000000e+01 1.551976189375558768e+01 0.000000000000000000e+00 0.000000000000000000e+00
2.100000000000000000e+01 1.581461008583042371e+01 1.000000000000000000e+00 0.000000000000000000e+00
2.200000000000000000e+01 1.698314432989260681e+01 0.000000000000000000e+00 0.000000000000000000e+00
2.300000000000000000e+01 1.796092653705082398e+01 0.000000000000000000e+00 0.000000000000000000e+00
2.400000000000000000e+01 1.893201441735017809e+01 0.000000000000000000e+00 0.000000000000000000e+00
2.500000000000000000e+01 2.100038640033521631e+01 0.000000000000000000e+00 0.000000000000000000e+00
2.600000000000000000e+01 2.022248534836063527e+01 0.000000000000000000e+00 0.000000000000000000e+00
2.700000000000000000e+01 2.111334154505744465e+01 1.000000000000000000e+00 0.000000000000000000e+00
2.800000000000000000e+01 2.188888877976281222e+01 1.000000000000000000e+00 0.000000000000000000e+00
2.900000000000000000e+01 2.060591495218619684e+01 1.000000000000000000e+00 0.000000000000000000e+00
3.000000000000000000e+01 2.140269055256850450e+01 1.000000000000000000e+00 0.000000000000000000e+00
3.100000000000000000e+01 2.186949638689398512e+01 0.000000000000000000e+00 0.000000000000000000e+00
3.200000000000000000e+01 2.290029861066848582e+01 0.000000000000000000e+00 0.000000000000000000e+00
3.300000000000000000e+01 2.419518219805707560e+01 0.000000000000000000e+00 0.000000000000000000e+00
3.400000000000000000e+01 2.493784658814018584e+01 0.000000000000000000e+00 0.000000000000000000e+00
3.500000000000000000e+01 2.458044990796991769e+01 1.000000000000000000e+00 0.000000000000000000e+00
3.600000000000000000e+01 2.599321214626578325e+01 0.000000000000000000e+00 0.000000000000000000e+00
3.700000000000000000e+01 2.719079731930671784e+01 0.000000000000000000e+00 0.000000000000000000e+00
3.800000000000000000e+01 2.768053214553054175e+01 0.000000000000000000e+00 0.000000000000000000e+00
3.900000000000000000e+01 2.724305191249659330e+01 1.000000000000000000e+00 0.000000000000000000e+00
4.000000000000000000e+01 2.775745429436782885e+01 1.000000000000000000e+00 0.000000000000000000e+00
4.100000000000000000e+01 2.937952623062179214e+01 0.000000000000000000e+00 0.000000000000000000e+00
4.200000000000000000e+01 2.896854261435802513e+01 1.000000000000000000e+00 0.000000000000000000e+00
4.300000000000000000e+01 2.803010456840617692e+01 2.000000000000000000e+00 0.000000000000000000e+00
4.400000000000000000e+01 2.662701429501885642e+01 2.000000000000000000e+00 0.000000000000000000e+00
4.500000000000000000e+01 2.795808225758420207e+01 0.000000000000000000e+00 0.000000000000000000e+00
4.600000000000000000e+01 2.977342129403481863e+01 0.000000000000000000e+00 0.000000000000000000e+00
4.700000000000000000e+01 2.836100235065196884e+01 2.000000000000000000e+00 0.000000000000000000e+00
4.800000000000000000e+01 2.897498497557403851e+01 0.000000000000000000e+00 0.000000000000000000e+00
4.900000000000000000e+01 2.967221701936322020e+01 0.000000000000000000e+00 0.000000000000000000e+00
5.000000000000000000e+01 3.091069387960011383e+01 0.000000000000000000e+00 0.000000000000000000e+00
5.100000000000000000e+01 3.174845903511105050e+01 0.000000000000000000e+00 0.000000000000000000e+00
5.200000000000000000e+01 3.077936226079133064e+01 1.000000000000000000e+00 0.000000000000000000e+00
5.300000000000000000e+01 3.270845897227673760e+01 0.000000000000000000e+00 0.000000000000000000e+00
5.400000000000000000e+01 3.165776157520747347e+01 2.000000000000000000e+00 0.000000000000000000e+00
5.500000000000000000e+01 3.303579736099626984e+01 0.000000000000000000e+00 0.000000000000000000e+00
5.600000000000000000e+01 3.381374635236000614e+01 0.000000000000000000e+00 0.000000000000000000e+00
5.700000000000000000e+01 3.591633130930030404e+01 0.000000000000000000e+00 0.000000000000000000e+00
5.800000000000000000e+01 3.553989928456666547e+01 0.000000000000000000e+00 0.000000000000000000e+00
5.900000000000000000e+01 3.692692864885438553e+01 0.000000000000000000e+00 0.000000000000000000e+00
6.000000000000000000e+01 3.737151792966061237e+01 1.000000000000000000e+00 0.000000000000000000e+00
6.100000000000000000e+01 3.719199274425089641e+01 1.000000000000000000e+00 0.000000000000000000e+00
6.200000000000000000e+01 3.727621704161069971e+01 1.000000000000000000e+00 0.000000000000000000e+00
6.300000000000000000e+01 3.687403642251850044e+01 1.000000000000000000e+00 0.000000000000000000e+00
6.400000000000000000e+01 3.771879958866336580e+01 0.000000000000000000e+00 0.000000000000000000e+00
6.500000000000000000e+01 3.921801367123397597e+01 0.000000000000000000e+00 0.000000000000000000e+00
6.600000000000000000e+01 3.896964087253894604e+01 0.000000000000000000e+00 0.000000000000000000e+00
6.700000000000000000e+01 4.015207125200148397e+01 2.000000000000000000e+00 0.000000000000000000e+00
6.800000000000000000e+01 3.874788403244282620e+01 1.000000000000000000e+00 0.000000000000000000e+00
6.900000000000000000e+01 3.964851974318891337e+01 0.000000000000000000e+00 0.000000000000000000e+00
7.000000000000000000e+01 4.053363130722382834e+01 0.000000000000000000e+00 0.000000000000000000e+00
7.100000000000000000e+01 4.001102773516844735e+01 2.000000000000000000e+00 0.000000000000000000e+00
7.200000000000000000e+01 3.935831457793678823e+01 2.000000000000000000e+00 0.000000000000000000e+00
7.300000000000000000e+01 3.950667636905320279e+01 1.000000000000000000e+00 0.000000000000000000e+00
7.400000000000000000e+01 3.889273001433328858e+01 1.000000000000000000e+00 0.000000000000000000e+00
7.500000000000000000e+01 3.963607203634918363e+01 0.000000000000000000e+00 0.000000000000000000e+00
7.600000000000000000e+01 3.950186697593558449e+01 2.000000000000000000e+00 0.000000000000000000e+00
7.700000000000000000e+01 3.914232063574034015e+01 0.000000000000000000e+00 0.000000000000000000e+00
7.800000000000000000e+01 4.123608640504912870e+01 0.000000000000000000e+00 0.000000000000000000e+00
7.900000000000000000e+01 4.201121645286990258e+01 0.000000000000000000e+00 0.000000000000000000e+00
8.000000000000000000e+01 4.245991925493417085e+01 0.000000000000000000e+00 0.000000000000000000e+00
8.100000000000000000e+01 4.439566119513461473e+01 0.000000000000000000e+00 0.000000000000000000e+00
8.200000000000000000e+01 4.547063663398056832e+01 0.000000000000000000e+00 0.000000000000000000e+00
8.300000000000000000e+01 4.571746900035328309e+01 0.000000000000000000e+00 0.000000000000000000e+00
8.400000000000000000e+01 4.597483046108474980e+01 2.000000000000000000e+00 0.000000000000000000e+00
8.500000000000000000e+01 4.669483966441590894e+01 0.000000000000000000e+00 0.000000000000000000e+00
8.600000000000000000e+01 4.726210529919047332e+01 0.000000000000000000e+00 0.000000000000000000e+00
8.700000000000000000e+01 4.847270809467391217e+01 0.000000000000000000e+00 0.000000000000000000e+00
8.800000000000000000e+01 4.904238538160174699e+01 0.000000000000000000e+00 0.000000000000000000e+00
8.900000000000000000e+01 4.985731301685314776e+01 0.000000000000000000e+00 0.000000000000000000e+00
9.000000000000000000e+01 5.050459136492160894e+01 1.000000000000000000e+00 0.000000000000000000e+00
9.100000000000000000e+01 5.028202062675377704e+01 1.000000000000000000e+00 0.000000000000000000e+00
9.200000000000000000e+01 5.104782972112337802e+01 0.000000000000000000e+00 0.000000000000000000e+00
9.300000000000000000e+01 5.213057273574377604e+01 0.000000000000000000e+00 0.000000000000000000e+00
9.400000000000000000e+01 5.353832908996107420e+01 0.000000000000000000e+00 0.000000000000000000e+00
9.500000000000000000e+01 5.478342223104952780e+01 0.000000000000000000e+00 0.000000000000000000e+00
9.600000000000000000e+01 5.476160124417605601e+01 0.000000000000000000e+00 0.000000000000000000e+00
9.700000000000000000e+01 5.570477736017606674e+01 0.000000000000000000e+00 0.000000000000000000e+00
9.800000000000000000e+01 5.713314609837090075e+01 0.000000000000000000e+00 0.000000000000000000e+00
9.900000000000000000e+01 5.686647435071726164e+01 2.000000000000000000e+00 0.000000000000000000e+00
1.000000000000000000e+02 5.447109028245975537e+01 2.000000000000000000e+00 0.000000000000000000e+00
1.010000000000000000e+02 5.508963922885060782e+01 1.000000000000000000e+00 0.000000000000000000e+00
1.020000000000000000e+02 5.552589018800616572e+01 1.000000000000000000e+00 0.000000000000000000e+00
1.030000000000000000e+02 5.607378291968605311e+01 0.000000000000000000e+00 0.000000000000000000e+00
1.040000000000000000e+02 5.542203778683636983e+01 1.000000000000000000e+00 0.000000000000000000e+00
1.050000000000000000e+02 5.732428170223960251e+01 0.000000000000000000e+00 0.000000000000000000e+00
1.060000000000000000e+02 5.758695850689898066e+01 0.000000000000000000e+00 0.000000000000000000e+00
1.070000000000000000e+02 5.764139296241945232e+01 1.000000000000000000e+00 0.000000000000000000e+00
1.080000000000000000e+02 5.845473962747687580e+01 0.000000000000000000e+00 0.000000000000000000e+00
1.090000000000000000e+02 6.013456482173901207e+01 0.000000000000000000e+00 0.000000000000000000e+00
1.100000000000000000e+02 6.144743291440307331e+01 0.000000000000000000e+00 0.000000000000000000e+00
1.110000000000000000e+02 6.134533448933834165e+01 0.000000000000000000e+00 0.000000000000000000e+00
1.120000000000000000e+02 6.339816628093318229e+01 0.000000000000000000e+00 0.000000000000000000e+00
1.130000000000000000e+02 6.421687555381274137e+01 0.000000000000000000e+00 0.000000000000000000e+00
1.140000000000000000e+02 6.443029999926976359e+01 1.000000000000000000e+00 0.000000000000000000e+00
1.150000000000000000e+02 6.290140947967280027e+01 1.000000000000000000e+00 0.000000000000000000e+00
1.160000000000000000e+02 6.388986652594716276e+01 1.000000000000000000e+00 0.000000000000000000e+00
1.170000000000000000e+02 6.425153929078777537e+01 1.000000000000000000e+00 0.000000000000000000e+00
1.180000000000000000e+02 6.522918104277097484e+01 0.000000000000000000e+00 0.000000000000000000e+00
1.190000000000000000e+02 6.622506578667997701e+01 0.000000000000000000e+00 0.000000000000000000e+00
1.200000000000000000e+02 6.720454314527221129e+01 0.000000000000000000e+00 0.000000000000000000e+00
1.210000000000000000e+02 6.828875184455401381e+01 0.000000000000000000e+00 0.000000000000000000e+00
1.220000000000000000e+02 6.618594528340943839e+01 2.000000000000000000e+00 0.000000000000000000e+00
1.230000000000000000e+02 6.815025854845566755e+01 0.000000000000000000e+00 0.000000000000000000e+00
1.240000000000000000e+02 6.971371489194385163e+01 0.000000000000000000e+00 0.000000000000000000e+00
1.250000000000000000e+02 6.960186090891512833e+01 0.000000000000000000e+00 0.000000000000000000e+00
1.260000000000000000e+02 7.112371307472857040e+01 0.000000000000000000e+00 0.000000000000000000e+00
1.270000000000000000e+02 7.206740194463826299e+01 1.000000000000000000e+00 0.000000000000000000e+00
1.280000000000000000e+02 7.108115679106266782e+01 1.000000000000000000e+00 0.000000000000000000e+00
1.290000000000000000e+02 7.195114810935501737e+01 1.000000000000000000e+00 0.000000000000000000e+00
1.300000000000000000e+02 7.165439672660710357e+01 1.000000000000000000e+00 0.000000000000000000e+00
1.310000000000000000e+02 7.174904526531480542e+01 0.000000000000000000e+00 0.000000000000000000e+00
1.320000000000000000e+02 7.209998618545935756e+01 0.000000000000000000e+00 0.000000000000000000e+00
1.330000000000000000e+02 7.174009125248421981e+01 2.000000000000000000e+00 0.000000000000000000e+00
1.340000000000000000e+02 7.182304109890347377e+01 1.000000000000000000e+00 0.000000000000000000e+00
1.350000000000000000e+02 7.160305523611677359e+01 1.000000000000000000e+00 0.000000000000000000e+00
1.360000000000000000e+02 7.247567590374248425e+01 1.000000000000000000e+00 0.000000000000000000e+00
1.370000000000000000e+02 7.310382114202388948e+01 0.000000000000000000e+00 0.000000000000000000e+00
1.380000000000000000e+02 7.437795850434163469e+01 0.000000000000000000e+00 0.000000000000000000e+00
1.390000000000000000e+02 7.510314059120017305e+01 0.000000000000000000e+00 0.000000000000000000e+00
1.400000000000000000e+02 7.508352247753570907e+01 2.000000000000000000e+00 0.000000000000000000e+00
1.410000000000000000e+02 7.554453683633258265e+01 0.000000000000000000e+00 0.000000000000000000e+00
1.420000000000000000e+02 7.485446385147083959e+01 2.000000000000000000e+00 0.000000000000000000e+00
1.430000000000000000e+02 7.571923982267696829e+01 0.000000000000000000e+00 0.000000000000000000e+00
1.440000000000000000e+02 7.663314474286508471e+01 0.000000000000000000e+00 0.000000000000000000e+00
1.450000000000000000e+02 7.749874948561411259e+01 0.000000000000000000e+00 0.000000000000000000e+00
1.460000000000000000e+02 7.724189521120611346e+01 0.000000000000000000e+00 0.000000000000000000e+00
1.470000000000000000e+02 7.858198396734043456e+01 0.000000000000000000e+00 0.000000000000000000e+00
1.480000000000000000e+02 8.038920870941880992e+01 0.000000000000000000e+00 0.000000000000000000e+00
1.490000000000000000e+02 8.118575706783452972e+01 0.000000000000000000e+00 0.000000000000000000e+00
1.500000000000000000e+02 8.231315754582385580e+01 0.000000000000000000e+00 0.000000000000000000e+00
1.510000000000000000e+02 8.181951371053666833e+01 2.000000000000000000e+00 0.000000000000000000e+00
1.520000000000000000e+02 8.100564298153163634e+01 0.000000000000000000e+00 0.000000000000000000e+00
1.530000000000000000e+02 8.324588896822369577e+01 0.000000000000000000e+00 0.000000000000000000e+00
1.540000000000000000e+02 8.406821839110710926e+01 0.000000000000000000e+00 0.000000000000000000e+00
1.550000000000000000e+02 8.405373220186274352e+01 0.000000000000000000e+00 0.000000000000000000e+00
1.560000000000000000e+02 8.617547373014596701e+01 0.000000000000000000e+00 0.000000000000000000e+00
1.570000000000000000e+02 8.639678920859275024e+01 0.000000000000000000e+00 0.000000000000000000e+00
1.580000000000000000e+02 8.666730428122433239e+01 2.000000000000000000e+00 0.000000000000000000e+00
1.590000000000000000e+02 8.630705964100140193e+01 1.000000000000000000e+00 0.000000000000000000e+00
1.600000000000000000e+02 8.678564919529515009e+01 0.000000000000000000e+00 0.000000000000000000e+00
1.610000000000000000e+02 8.622004325667293756e+01 2.000000000000000000e+00 0.000000000000000000e+00
1.620000000000000000e+02 8.706838235867482467e+01 0.000000000000000000e+00 0.000000000000000000e+00
1.630000000000000000e+02 8.672448224743516221e+01 2.000000000000000000e+00 0.000000000000000000e+00
1.640000000000000000e+02 8.485490267201632264e+01 2.000000000000000000e+00 0.000000000000000000e+00
1.650000000000000000e+02 8.526744921946684030e+01 0.000000000000000000e+00 0.000000000000000000e+00
1.660000000000000000e+02 8.648847336536375963e+01 0.000000000000000000e+00 0.000000000000000000e+00
1.670000000000000000e+02 8.844310588075778412e+01 0.000000000000000000e+00 0.000000000000000000e+00
1.680000000000000000e+02 9.018548349976742884e+01 0.000000000000000000e+00 0.000000000000000000e+00
1.690000000000000000e+02 8.802971520123476523e+01 2.000000000000000000e+00 0.000000000000000000e+00
1.700000000000000000e+02 8.717710513817046092e+01 2.000000000000000000e+00 0.000000000000000000e+00
1.710000000000000000e+02 8.787983435160828094e+01 0.000000000000000000e+00 0.000000000000000000e+00
1.720000000000000000e+02 8.848307158607126155e+01 0.000000000000000000e+00 0.000000000000000000e+00
1.730000000000000000e+02 9.054219700898885037e+01 0.000000000000000000e+00 0.000000000000000000e+00
1.740000000000000000e+02 9.053210833092666121e+01 1.000000000000000000e+00 0.000000000000000000e+00
1.750000000000000000e+02 9.133085785372067278e+01 0.000000000000000000e+00 0.000000000000000000e+00
1.760000000000000000e+02 9.278530290852910412e+01 0.000000000000000000e+00 0.000000000000000000e+00
1.770000000000000000e+02 9.140156991079673787e+01 2.000000000000000000e+00 0.000000000000000000e+00
1.780000000000000000e+02 9.142314864418732157e+01 0.000000000000000000e+00 0.000000000000000000e+00
1.790000000000000000e+02 9.276340595885771734e+01 0.000000000000000000e+00 0.000000000000000000e+00
1.800000000000000000e+02 9.361821082020793483e+01 0.000000000000000000e+00 0.000000000000000000e+00
1.810000000000000000e+02 9.501531837654782464e+01 0.000000000000000000e+00 0.000000000000000000e+00
1.820000000000000000e+02 9.652490753966064574e+01 0.000000000000000000e+00 0.000000000000000000e+00
1.830000000000000000e+02 9.773360979958816586e+01 0.000000000000000000e+00 0.000000000000000000e+00
1.840000000000000000e+02 9.902185611209839067e+01 0.000000000000000000e+00 0.000000000000000000e+00
1.850000000000000000e+02 9.813766718367155306e+01 0.000000000000000000e+00 0.000000000000000000e+00
1.860000000000000000e+02 9.984614495315406657e+01 0.000000000000000000e+00 0.000000000000000000e+00
1.870000000000000000e+02 1.010626670174410151e+02 0.000000000000000000e+00 0.000000000000000000e+00
1.880000000000000000e+02 1.021492951530972846e+02 0.000000000000000000e+00 0.000000000000000000e+00
1.890000000000000000e+02 1.028151527159330954e+02 0.000000000000000000e+00 0.000000000000000000e+00
1.900000000000000000e+02 1.037949121555715379e+02 0.000000000000000000e+00 0.000000000000000000e+00
1.910000000000000000e+02 1.048450691872806715e+02 0.000000000000000000e+00 0.000000000000000000e+00
1.920000000000000000e+02 1.061445800372863033e+02 0.000000000000000000e+00 0.000000000000000000e+00
1.930000000000000000e+02 1.060617148397189595e+02 1.000000000000000000e+00 0.000000000000000000e+00
1.940000000000000000e+02 1.071236390268380632e+02 0.000000000000000000e+00 0.000000000000000000e+00
1.950000000000000000e+02 1.090113751116549565e+02 0.000000000000000000e+00 0.000000000000000000e+00
1.960000000000000000e+02 1.072362561574371540e+02 2.000000000000000000e+00 0.000000000000000000e+00
1.970000000000000000e+02 1.089497569283264511e+02 0.000000000000000000e+00 0.000000000000000000e+00
1.980000000000000000e+02 1.094823420417417879e+02 0.000000000000000000e+00 0.000000000000000000e+00
1.990000000000000000e+02 1.102529917683856979e+02 0.000000000000000000e+00 0.000000000000000000e+00
2.000000000000000000e+02 1.102893906425916981e+02 1.000000000000000000e+00 0.000000000000000000e+00
2.010000000000000000e+02 1.092781226004653092e+02 2.000000000000000000e+00 0.000000000000000000e+00
2.020000000000000000e+02 1.087445904055035442e+02 2.000000000000000000e+00 0.000000000000000000e+00
2.030000000000000000e+02 1.064959499764163269e+02 2.000000000000000000e+00 0.000000000000000000e+00
2.040000000000000000e+02 1.078941994286629722e+02 0.000000000000000000e+00 0.000000000000000000e+00
2.050000000000000000e+02 1.094974949168699965e+02 0.000000000000000000e+00 0.000000000000000000e+00
2.060000000000000000e+02 1.106669329893779974e+02 0.000000000000000000e+00 0.000000000000000000e+00
2.070000000000000000e+02 1.117413457476199881e+02 0.000000000000000000e+00 0.000000000000000000e+00
2.080000000000000000e+02 1.119836197359794596e+02 0.000000000000000000e+00 0.000000000000000000e+00
2.090000000000000000e+02 1.137275915046947716e+02 0.000000000000000000e+00 0.000000000000000000e+00
2.100000000000000000e+02 1.123587762480115657e+02 2.000000000000000000e+00 0.000000000000000000e+00
2.110000000000000000e+02 1.113817507169865593e+02 2.000000000000000000e+00 0.000000000000000000e+00
2.120000000000000000e+02 1.100912109520783559e+02 2.000000000000000000e+00 0.000000000000000000e+00
2.130000000000000000e+02 1.108854296789205875e+02 0.000000000000000000e+00 0.000000000000000000e+00
2.140000000000000000e+02 1.126744682517275749e+02 0.000000000000000000e+00 0.000000000000000000e+00
2.150000000000000000e+02 1.141864994625842513e+02 0.000000000000000000e+00 0.000000000000000000e+00
2.160000000000000000e+02 1.139877041015390091e+02 0.000000000000000000e+00 0.000000000000000000e+00
2.170000000000000000e+02 1.145414177995761520e+02 0.000000000000000000e+00 0.000000000000000000e+00
2.180000000000000000e+02 1.158720353270502841e+02 0.000000000000000000e+00 0.000000000000000000e+00
2.190000000000000000e+02 1.167163060302626150e+02 0.000000000000000000e+00 0.000000000000000000e+00
2.200000000000000000e+02 1.178569956016850426e+02 0.000000000000000000e+00 0.000000000000000000e+00
2.210000000000000000e+02 1.184196611077702102e+02 0.000000000000000000e+00 0.000000000000000000e+00
2.220000000000000000e+02 1.204032970893659069e+02 0.000000000000000000e+00 0.000000000000000000e+00
2.230000000000000000e+02 1.203498645578080186e+02 0.000000000000000000e+00 0.000000000000000000e+00
2.240000000000000000e+02 1.221324333613374478e+02 0.000000000000000000e+00 0.000000000000000000e+00
2.250000000000000000e+02 1.238309942177177874e+02 0.000000000000000000e+00 0.000000000000000000e+00
2.260000000000000000e+02 1.251870050880311140e+02 0.000000000000000000e+00 0.000000000000000000e+00
2.270000000000000000e+02 1.237130469309320517e+02 1.000000000000000000e+00 0.000000000000000000e+00
2.280000000000000000e+02 1.256132149677341232e+02 0.000000000000000000e+00 0.000000000000000000e+00
2.290000000000000000e+02 1.258167997547870272e+02 0.000000000000000000e+00 0.000000000000000000e+00
2.300000000000000000e+02 1.267924693370473364e+02 0.000000000000000000e+00 0.000000000000000000e+00
2.310000000000000000e+02 1.270608780452746487e+02 0.000000000000000000e+00 0.000000000000000000e+00
2.320000000000000000e+02 1.284891448757414025e+02 0.000000000000000000e+00 0.000000000000000000e+00
2.330000000000000000e+02 1.303546198274340782e+02 0.000000000000000000e+00 0.000000000000000000e+00
2.340000000000000000e+02 1.297525349693988233e+02 1.000000000000000000e+00 0.000000000000000000e+00
2.350000000000000000e+02 1.293158851927615558e+02 1.000000000000000000e+00 0.000000000000000000e+00
2.360000000000000000e+02 1.296754587203239737e+02 1.000000000000000000e+00 0.000000000000000000e+00
2.370000000000000000e+02 1.293762559717833653e+02 1.000000000000000000e+00 0.000000000000000000e+00
2.380000000000000000e+02 1.306842005697187687e+02 0.000000000000000000e+00 0.000000000000000000e+00
2.390000000000000000e+02 1.327631807280334328e+02 0.000000000000000000e+00 0.000000000000000000e+00
2.400000000000000000e+02 1.330604530919815716e+02 0.000000000000000000e+00 0.000000000000000000e+00
2.410000000000000000e+02 1.346078734305096134e+02 0.000000000000000000e+00 0.000000000000000000e+00
2.420000000000000000e+02 1.350599102868357306e+02 0.000000000000000000e+00 0.000000000000000000e+00
2.430000000000000000e+02 1.367499854132963151e+02 0.000000000000000000e+00 0.000000000000000000e+00
2.440000000000000000e+02 1.373643144092092996e+02 0.000000000000000000e+00 0.000000000000000000e+00
2.450000000000000000e+02 1.373131292381023911e+02 0.000000000000000000e+00 0.000000000000000000e+00
2.460000000000000000e+02 1.386198103962223627e+02 0.000000000000000000e+00 0.000000000000000000e+00
2.470000000000000000e+02 1.392292096294175394e+02 0.000000000000000000e+00 0.000000000000000000e+00
2.480000000000000000e+02 1.412206159384205080e+02 0.000000000000000000e+00 0.000000000000000000e+00
2.490000000000000000e+02 1.420938037414022688e+02 0.000000000000000000e+00 0.000000000000000000e+00
2.500000000000000000e+02 1.427716945064594825e+02 0.000000000000000000e+00 0.000000000000000000e+00
2.510000000000000000e+02 1.443382068170813000e+02 0.000000000000000000e+00 0.000000000000000000e+00
2.520000000000000000e+02 1.452342968835660884e+02 0.000000000000000000e+00 0.000000000000000000e+00
2.530000000000000000e+02 1.461516716239491700e+02 0.000000000000000000e+00 0.000000000000000000e+00
2.540000000000000000e+02 1.470788655930459186e+02 0.000000000000000000e+00 0.000000000000000000e+00
2.550000000000000000e+02 1.477023940304921439e+02 0.000000000000000000e+00 0.000000000000000000e+00
2.560000000000000000e+02 1.491570225698468448e+02 0.000000000000000000e+00 0.000000000000000000e+00
2.570000000000000000e+02 1.495389379671380254e+02 0.000000000000000000e+00 0.000000000000000000e+00
2.580000000000000000e+02 1.515007216860420840e+02 0.000000000000000000e+00 0.000000000000000000e+00
2.590000000000000000e+02 1.527693862295749909e+02 0.000000000000000000e+00 0.000000000000000000e+00
2.600000000000000000e+02 1.538251116167973862e+02 0.000000000000000000e+00 0.000000000000000000e+00
2.610000000000000000e+02 1.550783631439488204e+02 0.000000000000000000e+00 0.000000000000000000e+00
2.620000000000000000e+02 1.546900581723276389e+02 0.000000000000000000e+00 0.000000000000000000e+00
2.630000000000000000e+02 1.553573105295610901e+02 0.000000000000000000e+00 0.000000000000000000e+00
2.640000000000000000e+02 1.560378502974391495e+02 0.000000000000000000e+00 0.000000000000000000e+00
2.650000000000000000e+02 1.581089041665508432e+02 0.000000000000000000e+00 0.000000000000000000e+00
2.660000000000000000e+02 1.594268955044941833e+02 0.000000000000000000e+00 0.000000000000000000e+00
2.670000000000000000e+02 1.599370949107488684e+02 0.000000000000000000e+00 0.000000000000000000e+00
2.680000000000000000e+02 1.612934853288209069e+02 0.000000000000000000e+00 0.000000000000000000e+00
2.690000000000000000e+02 1.624561882117408516e+02 0.000000000000000000e+00 0.000000000000000000e+00
2.700000000000000000e+02 1.629315442035164665e+02 0.000000000000000000e+00 0.000000000000000000e+00
2.710000000000000000e+02 1.649878921436389589e+02 0.000000000000000000e+00 0.000000000000000000e+00
2.720000000000000000e+02 1.657921795895992716e+02 0.000000000000000000e+00 0.000000000000000000e+00
2.730000000000000000e+02 1.667888340666366958e+02 0.000000000000000000e+00 0.000000000000000000e+00
2.740000000000000000e+02 1.673716269161826631e+02 0.000000000000000000e+00 0.000000000000000000e+00
2.750000000000000000e+02 1.681177222933561097e+02 0.000000000000000000e+00 0.000000000000000000e+00
2.760000000000000000e+02 1.688529297302853536e+02 0.000000000000000000e+00 0.000000000000000000e+00
2.770000000000000000e+02 1.704754723570096928e+02 0.000000000000000000e+00 0.000000000000000000e+00
2.780000000000000000e+02 1.714679488816791206e+02 0.000000000000000000e+00 0.000000000000000000e+00
2.790000000000000000e+02 1.718873183443525932e+02 0.000000000000000000e+00 0.000000000000000000e+00
2.800000000000000000e+02 1.727133514141841317e+02 0.000000000000000000e+00 0.000000000000000000e+00
2.810000000000000000e+02 1.741751337213422914e+02 0.000000000000000000e+00 0.000000000000000000e+00
2.820000000000000000e+02 1.747884672477523225e+02 0.000000000000000000e+00 0.000000000000000000e+00
2.830000000000000000e+02 1.757105388466376041e+02 0.000000000000000000e+00 0.000000000000000000e+00
2.840000000000000000e+02 1.771951634025949716e+02 0.000000000000000000e+00 0.000000000000000000e+00
2.850000000000000000e+02 1.769885954988804428e+02 0.000000000000000000e+00 0.000000000000000000e+00
2.860000000000000000e+02 1.766844314395663389e+02 1.000000000000000000e+00 0.000000000000000000e+00
2.870000000000000000e+02 1.786625160839051318e+02 0.000000000000000000e+00 0.000000000000000000e+00
2.880000000000000000e+02 1.798996850260041356e+02 0.000000000000000000e+00 0.000000000000000000e+00
2.890000000000000000e+02 1.806953790687543062e+02 0.000000000000000000e+00 0.000000000000000000e+00
2.900000000000000000e+02 1.793780564835834355e+02 2.000000000000000000e+00 0.000000000000000000e+00
2.910000000000000000e+02 1.814997698091602558e+02 0.000000000000000000e+00 0.000000000000000000e+00
2.920000000000000000e+02 1.825037146037857099e+02 0.000000000000000000e+00 0.000000000000000000e+00
2.930000000000000000e+02 1.834803203168153232e+02 0.000000000000000000e+00 0.000000000000000000e+00
2.940000000000000000e+02 1.832490263063925795e+02 0.000000000000000000e+00 0.000000000000000000e+00
2.950000000000000000e+02 1.842376581713978396e+02 0.000000000000000000e+00 0.000000000000000000e+00
2.960000000000000000e+02 1.847191717367677484e+02 1.000000000000000000e+00 0.000000000000000000e+00
2.970000000000000000e+02 1.862032916341923396e+02 0.000000000000000000e+00 0.000000000000000000e+00
2.980000000000000000e+02 1.866764353773127425e+02 1.000000000000000000e+00 0.000000000000000000e+00
2.990000000000000000e+02 1.874492248580513660e+02 0.000000000000000000e+00 0.000000000000000000e+00
3.000000000000000000e+02 1.871502419933242720e+02 0.000000000000000000e+00 0.000000000000000000e+00
3.010000000000000000e+02 1.891527647904029550e+02 1.000000000000000000e+00 0.000000000000000000e+00
3.020000000000000000e+02 1.870162941885067482e+02 2.000000000000000000e+00 0.000000000000000000e+00
3.030000000000000000e+02 1.875883868727906361e+02 0.000000000000000000e+00 0.000000000000000000e+00
3.040000000000000000e+02 1.892052332491358584e+02 0.000000000000000000e+00 0.000000000000000000e+00
3.050000000000000000e+02 1.899394888962651464e+02 0.000000000000000000e+00 0.000000000000000000e+00
3.060000000000000000e+02 1.905262760896640373e+02 0.000000000000000000e+00 0.000000000000000000e+00
3.070000000000000000e+02 1.915615688156441934e+02 0.000000000000000000e+00 0.000000000000000000e+00
3.080000000000000000e+02 1.928492956623875045e+02 0.000000000000000000e+00 0.000000000000000000e+00
3.090000000000000000e+02 1.926448109001674140e+02 2.000000000000000000e+00 0.000000000000000000e+00
3.100000000000000000e+02 1.930480093101967327e+02 0.000000000000000000e+00 0.000000000000000000e+00
3.110000000000000000e+02 1.934383382384814070e+02 0.000000000000000000e+00 0.000000000000000000e+00
3.120000000000000000e+02 1.931630723035895869e+02 2.000000000000000000e+00 0.000000000000000000e+00
3.130000000000000000e+02 1.924798089798420619e+02 2.000000000000000000e+00 0.000000000000000000e+00
3.140000000000000000e+02 1.931490803657651441e+02 0.000000000000000000e+00 0.000000000000000000e+00
3.150000000000000000e+02 1.938290368463134428e+02 0.000000000000000000e+00 0.000000000000000000e+00
3.160000000000000000e+02 1.942482115274377179e+02 1.000000000000000000e+00 0.000000000000000000e+00
3.170000000000000000e+02 1.941523260980596888e+02 1.000000000000000000e+00 0.000000000000000000e+00
3.180000000000000000e+02 1.936606487711753459e+02 1.000000000000000000e+00 0.000000000000000000e+00
3.190000000000000000e+02 1.935116682382608531e+02 1.000000000000000000e+00 0.000000000000000000e+00
3.200000000000000000e+02 1.940888211775195487e+02 0.000000000000000000e+00 0.000000000000000000e+00
3.210000000000000000e+02 1.963310129459803761e+02 0.000000000000000000e+00 0.000000000000000000e+00
3.220000000000000000e+02 1.956781763098473448e+02 2.000000000000000000e+00 0.000000000000000000e+00
3.230000000000000000e+02 1.959234166316156802e+02 0.000000000000000000e+00 0.000000000000000000e+00
3.240000000000000000e+02 1.979770570883070491e+02 0.000000000000000000e+00 0.000000000000000000e+00
3.250000000000000000e+02 1.981701498096177261e+02 0.000000000000000000e+00 0.000000000000000000e+00
3.260000000000000000e+02 1.986830582019987617e+02 0.000000000000000000e+00 0.000000000000000000e+00
3.270000000000000000e+02 2.002604677735904772e+02 0.000000000000000000e+00 0.000000000000000000e+00
3.280000000000000000e+02 2.003297338857113630e+02 0.000000000000000000e+00 0.000000000000000000e+00
3.290000000000000000e+02 2.003719895207506738e+02 2.000000000000000000e+00 0.000000000000000000e+00
3.300000000000000000e+02 2.002134476714385301e+02 0.000000000000000000e+00 0.000000000000000000e+00
3.310000000000000000e+02 2.020658301097053595e+02 1.000000000000000000e+00 0.000000000000000000e+00
3.320000000000000000e+02 2.016274637120602904e+02 0.000000000000000000e+00 0.000000000000000000e+00
3.330000000000000000e+02 2.027162788106905396e+02 0.000000000000000000e+00 0.000000000000000000e+00
3.340000000000000000e+02 2.039508204747881450e+02 0.000000000000000000e+00 0.000000000000000000e+00
3.350000000000000000e+02 2.056211013874680589e+02 0.000000000000000000e+00 0.000000000000000000e+00
3.360000000000000000e+02 2.056934495015462687e+02 0.000000000000000000e+00 0.000000000000000000e+00
3.370000000000000000e+02 2.063739037021535694e+02 0.000000000000000000e+00 0.000000000000000000e+00
3.380000000000000000e+02 2.083131916461659330e+02 0.000000000000000000e+00 0.000000000000000000e+00
3.390000000000000000e+02 2.087427424777056899e+02 0.000000000000000000e+00 0.000000000000000000e+00
3.400000000000000000e+02 2.098216473638645425e+02 0.000000000000000000e+00 0.000000000000000000e+00
3.410000000000000000e+02 2.115426761772195334e+02 0.000000000000000000e+00 0.000000000000000000e+00
3.420000000000000000e+02 2.101755125838596143e+02 2.000000000000000000e+00 0.000000000000000000e+00
3.430000000000000000e+02 2.107310665300084622e+02 0.000000000000000000e+00 0.000000000000000000e+00
3.440000000000000000e+02 2.104416998405040715e+02 1.000000000000000000e+00 0.000000000000000000e+00
3.450000000000000000e+02 2.103666323618221270e+02 1.000000000000000000e+00 0.000000000000000000e+00
3.460000000000000000e+02 2.120703131761572422e+02 1.000000000000000000e+00 0.000000000000000000e+00
3.470000000000000000e+02 2.121705713244036247e+02 0.000000000000000000e+00 0.000000000000000000e+00
3.480000000000000000e+02 2.124842658064016803e+02 0.000000000000000000e+00 0.000000000000000000e+00
3.490000000000000000e+02 2.146187304759108940e+02 0.000000000000000000e+00 0.000000000000000000e+00
3.500000000000000000e+02 2.132936316777365278e+02 1.000000000000000000e+00 0.000000000000000000e+00
3.510000000000000000e+02 2.153386605544813506e+02 0.000000000000000000e+00 0.000000000000000000e+00
3.520000000000000000e+02 2.157326852404408726e+02 0.000000000000000000e+00 0.000000000000000000e+00
3.530000000000000000e+02 2.167987959454366660e+02 0.000000000000000000e+00 0.000000000000000000e+00
3.540000000000000000e+02 2.176467723539348356e+02 0.000000000000000000e+00 0.000000000000000000e+00
3.550000000000000000e+02 2.195620950448546864e+02 0.000000000000000000e+00 0.000000000000000000e+00
3.560000000000000000e+02 2.193548812768460721e+02 1.000000000000000000e+00 0.000000000000000000e+00
3.570000000000000000e+02 2.203276829216225678e+02 0.000000000000000000e+00 0.000000000000000000e+00
3.580000000000000000e+02 2.209496100271741454e+02 0.000000000000000000e+00 0.000000000000000000e+00
3.590000000000000000e+02 2.204325714563306065e+02 0.000000000000000000e+00 0.000000000000000000e+00
3.600000000000000000e+02 2.223190318649073731e+02 0.000000000000000000e+00 0.000000000000000000e+00
3.610000000000000000e+02 2.220455494244960164e+02 1.000000000000000000e+00 0.000000000000000000e+00
3.620000000000000000e+02 2.242126036568228358e+02 0.000000000000000000e+00 0.000000000000000000e+00
3.630000000000000000e+02 2.253313877527798468e+02 0.000000000000000000e+00 0.000000000000000000e+00
3.640000000000000000e+02 2.256298926150925297e+02 0.000000000000000000e+00 0.000000000000000000e+00
3.650000000000000000e+02 2.278145429464527467e+02 0.000000000000000000e+00 0.000000000000000000e+00
3.660000000000000000e+02 2.284525837388172249e+02 0.000000000000000000e+00 0.000000000000000000e+00
3.670000000000000000e+02 2.274679226994567784e+02 2.000000000000000000e+00 0.000000000000000000e+00
3.680000000000000000e+02 2.272054127277637292e+02 1.000000000000000000e+00 0.000000000000000000e+00
3.690000000000000000e+02 2.284003059083248388e+02 0.000000000000000000e+00 0.000000000000000000e+00
3.700000000000000000e+02 2.279758364953646037e+02 0.000000000000000000e+00 0.000000000000000000e+00
3.710000000000000000e+02 2.302079942561981341e+02 0.000000000000000000e+00 0.000000000000000000e+00
3.720000000000000000e+02 2.300181291396078223e+02 1.000000000000000000e+00 0.000000000000000000e+00
3.730000000000000000e+02 2.310614109673066139e+02 0.000000000000000000e+00 0.000000000000000000e+00
3.740000000000000000e+02 2.326120397329287357e+02 0.000000000000000000e+00 0.000000000000000000e+00
3.750000000000000000e+02 2.336546674387112716e+02 0.000000000000000000e+00 0.000000000000000000e+00
3.760000000000000000e+02 2.349714319400968918e+02 0.000000000000000000e+00 0.000000000000000000e+00
3.770000000000000000e+02 2.358165797350197010e+02 0.000000000000000000e+00 0.000000000000000000e+00
3.780000000000000000e+02 2.356797503977178962e+02 0.000000000000000000e+00 0.000000000000000000e+00
3.790000000000000000e+02 2.371639321251758190e+02 0.000000000000000000e+00 0.000000000000000000e+00
3.800000000000000000e+02 2.380506502853928623e+02 0.000000000000000000e+00 0.000000000000000000e+00
3.810000000000000000e+02 2.392868860314715675e+02 0.000000000000000000e+00 0.000000000000000000e+00
3.820000000000000000e+02 2.400287421195762647e+02 0.000000000000000000e+00 0.000000000000000000e+00
3.830000000000000000e+02 2.415039406419965360e+02 0.000000000000000000e+00 0.000000000000000000e+00
3.840000000000000000e+02 2.422964017065559972e+02 0.000000000000000000e+00 0.000000000000000000e+00
3.850000000000000000e+02 2.431126557929038938e+02 1.000000000000000000e+00 0.000000000000000000e+00
3.860000000000000000e+02 2.425069655141688543e+02 0.000000000000000000e+00 0.000000000000000000e+00
3.870000000000000000e+02 2.415932440670626136e+02 2.000000000000000000e+00 0.000000000000000000e+00
3.880000000000000000e+02 2.407407558641564549e+02 2.000000000000000000e+00 0.000000000000000000e+00
3.890000000000000000e+02 2.416674057073839776e+02 0.000000000000000000e+00 0.000000000000000000e+00
3.900000000000000000e+02 2.423808107333429689e+02 0.000000000000000000e+00 0.000000000000000000e+00
3.910000000000000000e+02 2.444649325961384818e+02 0.000000000000000000e+00 0.000000000000000000e+00
3.920000000000000000e+02 2.437614563487122155e+02 1.000000000000000000e+00 0.000000000000000000e+00
3.930000000000000000e+02 2.444069854524507832e+02 0.000000000000000000e+00 0.000000000000000000e+00
3.940000000000000000e+02 2.441101177952066905e+02 2.000000000000000000e+00 0.000000000000000000e+00
3.950000000000000000e+02 2.444285712396045369e+02 0.000000000000000000e+00 0.000000000000000000e+00
3.960000000000000000e+02 2.463056694920688017e+02 0.000000000000000000e+00 0.000000000000000000e+00
3.970000000000000000e+02 2.474229766201224265e+02 0.000000000000000000e+00 0.000000000000000000e+00
3.980000000000000000e+02 2.473236714864086991e+02 1.000000000000000000e+00 0.000000000000000000e+00
3.990000000000000000e+02 2.479348259325508366e+02 0.000000000000000000e+00 0.000000000000000000e+00
4.000000000000000000e+02 2.491931505586270248e+02 0.000000000000000000e+00 0.000000000000000000e+00
4.010000000000000000e+02 2.499735471469890911e+02 0.000000000000000000e+00 0.000000000000000000e+00
4.020000000000000000e+02 2.503892617519374824e+02 1.000000000000000000e+00 0.000000000000000000e+00
4.030000000000000000e+02 2.509610235227206090e+02 0.000000000000000000e+00 0.000000000000000000e+00
4.040000000000000000e+02 2.523335174395003548e+02 0.000000000000000000e+00 0.000000000000000000e+00
4.050000000000000000e+02 2.516935867481217315e+02 1.000000000000000000e+00 0.000000000000000000e+00
4.060000000000000000e+02 2.516333723928980532e+02 2.000000000000000000e+00 0.000000000000000000e+00
4.070000000000000000e+02 2.491317890345203523e+02 2.000000000000000000e+00 0.000000000000000000e+00
4.080000000000000000e+02 2.496183393928865826e+02 1.000000000000000000e+00 0.000000000000000000e+00
4.090000000000000000e+02 2.498187547492127862e+02 1.000000000000000000e+00 0.000000000000000000e+00
4.100000000000000000e+02 2.515441024046776874e+02 0.000000000000000000e+00 0.000000000000000000e+00
4.110000000000000000e+02 2.510587516186692767e+02 1.000000000000000000e+00 0.000000000000000000e+00
4.120000000000000000e+02 2.515445670232035127e+02 0.000000000000000000e+00 0.000000000000000000e+00
4.130000000000000000e+02 2.533939108799335145e+02 0.000000000000000000e+00 0.000000000000000000e+00
4.140000000000000000e+02 2.521592782126774921e+02 2.000000000000000000e+00 0.000000000000000000e+00
4.150000000000000000e+02 2.516331408622609729e+02 2.000000000000000000e+00 0.000000000000000000e+00
4.160000000000000000e+02 2.509505885350991718e+02 2.000000000000000000e+00 0.000000000000000000e+00
4.170000000000000000e+02 2.498669980004039815e+02 0.000000000000000000e+00 0.000000000000000000e+00
4.180000000000000000e+02 2.526824491571791498e+02 0.000000000000000000e+00 0.000000000000000000e+00
4.190000000000000000e+02 2.526085089086334108e+02 1.000000000000000000e+00 0.000000000000000000e+00
4.200000000000000000e+02 2.528201706307160634e+02 0.000000000000000000e+00 0.000000000000000000e+00
4.210000000000000000e+02 2.541497108147985386e+02 0.000000000000000000e+00 0.000000000000000000e+00
4.220000000000000000e+02 2.547044065944482156e+02 0.000000000000000000e+00 0.000000000000000000e+00
4.230000000000000000e+02 2.530475063874796717e+02 2.000000000000000000e+00 0.000000000000000000e+00
4.240000000000000000e+02 2.555035289897247708e+02 0.000000000000000000e+00 0.000000000000000000e+00
4.250000000000000000e+02 2.551866689528595771e+02 1.000000000000000000e+00 0.000000000000000000e+00
4.260000000000000000e+02 2.549713581860130489e+02 1.000000000000000000e+00 0.000000000000000000e+00
4.270000000000000000e+02 2.538919410039388254e+02 1.000000000000000000e+00 0.000000000000000000e+00
4.280000000000000000e+02 2.551668853469124656e+02 1.000000000000000000e+00 0.000000000000000000e+00
4.290000000000000000e+02 2.550864806571319150e+02 1.000000000000000000e+00 0.000000000000000000e+00
4.300000000000000000e+02 2.553186389879170974e+02 1.000000000000000000e+00 0.000000000000000000e+00
4.310000000000000000e+02 2.569373421010452034e+02 0.000000000000000000e+00 0.000000000000000000e+00
4.320000000000000000e+02 2.565266035171394492e+02 0.000000000000000000e+00 0.000000000000000000e+00
4.330000000000000000e+02 2.581109310171795528e+02 0.000000000000000000e+00 0.000000000000000000e+00
4.340000000000000000e+02 2.592170585974099595e+02 0.000000000000000000e+00 0.000000000000000000e+00
4.350000000000000000e+02 2.601987739948767739e+02 0.000000000000000000e+00 0.000000000000000000e+00
4.360000000000000000e+02 2.612185174313428320e+02 0.000000000000000000e+00 0.000000000000000000e+00
4.370000000000000000e+02 2.620162499118267760e+02 0.000000000000000000e+00 0.000000000000000000e+00
4.380000000000000000e+02 2.628093040446423743e+02 0.000000000000000000e+00 0.000000000000000000e+00
4.390000000000000000e+02 2.644677512281022018e+02 0.000000000000000000e+00 0.000000000000000000e+00
4.400000000000000000e+02 2.634037587116446275e+02 2.000000000000000000e+00 0.000000000000000000e+00
4.410000000000000000e+02 2.642154015013701951e+02 1.000000000000000000e+00 0.000000000000000000e+00
4.420000000000000000e+02 2.625822140517672096e+02 1.000000000000000000e+00 0.000000000000000000e+00
4.430000000000000000e+02 2.629659806358552601e+02 1.000000000000000000e+00 0.000000000000000000e+00
4.440000000000000000e+02 2.633046117041029106e+02 0.000000000000000000e+00 0.000000000000000000e+00
4.450000000000000000e+02 2.643025160535507325e+02 0.000000000000000000e+00 0.000000000000000000e+00
4.460000000000000000e+02 2.655609469916907415e+02 0.000000000000000000e+00 0.000000000000000000e+00
4.470000000000000000e+02 2.675825118696014329e+02 0.000000000000000000e+00 0.000000000000000000e+00
4.480000000000000000e+02 2.684954859926093036e+02 0.000000000000000000e+00 0.000000000000000000e+00
4.490000000000000000e+02 2.688069305539746097e+02 0.000000000000000000e+00 0.000000000000000000e+00
4.500000000000000000e+02 2.704938284127670158e+02 0.000000000000000000e+00 0.000000000000000000e+00
4.510000000000000000e+02 2.707577488770639320e+02 0.000000000000000000e+00 0.000000000000000000e+00
4.520000000000000000e+02 2.722670518253397631e+02 0.000000000000000000e+00 0.000000000000000000e+00
4.530000000000000000e+02 2.722159093962658289e+02 1.000000000000000000e+00 0.000000000000000000e+00
4.540000000000000000e+02 2.732716629071647958e+02 0.000000000000000000e+00 0.000000000000000000e+00
4.550000000000000000e+02 2.733999082728535086e+02 0.000000000000000000e+00 0.000000000000000000e+00
4.560000000000000000e+02 2.756024213745702696e+02 0.000000000000000000e+00 0.000000000000000000e+00
4.570000000000000000e+02 2.753636355926479951e+02 0.000000000000000000e+00 0.000000000000000000e+00
4.580000000000000000e+02 2.771566458395921586e+02 0.000000000000000000e+00 0.000000000000000000e+00
4.590000000000000000e+02 2.783858428265858151e+02 0.000000000000000000e+00 0.000000000000000000e+00
4.600000000000000000e+02 2.784813056181097295e+02 0.000000000000000000e+00 0.000000000000000000e+00
4.610000000000000000e+02 2.793794035816487735e+02 0.000000000000000000e+00 0.000000000000000000e+00
4.620000000000000000e+02 2.810452831227922275e+02 0.000000000000000000e+00 0.000000000000000000e+00
4.630000000000000000e+02 2.817180088356357714e+02 0.000000000000000000e+00 0.000000000000000000e+00
4.640000000000000000e+02 2.831581514868279896e+02 0.000000000000000000e+00 0.000000000000000000e+00
4.650000000000000000e+02 2.850770787166509308e+02 0.000000000000000000e+00 0.000000000000000000e+00
4.660000000000000000e+02 2.851547997622267303e+02 0.000000000000000000e+00 0.000000000000000000e+00
4.670000000000000000e+02 2.859885328281636703e+02 0.000000000000000000e+00 0.000000000000000000e+00
4.680000000000000000e+02 2.858583532912204532e+02 0.000000000000000000e+00 0.000000000000000000e+00
4.690000000000000000e+02 2.878431275668585840e+02 0.000000000000000000e+00 0.000000000000000000e+00
4.700000000000000000e+02 2.894610661486119056e+02 0.000000000000000000e+00 0.000000000000000000e+00
4.710000000000000000e+02 2.890779286415220781e+02 0.000000000000000000e+00 0.000000000000000000e+00
4.720000000000000000e+02 2.905258463728151810e+02 0.000000000000000000e+00 0.000000000000000000e+00
4.730000000000000000e+02 2.927688792624584835e+02 0.000000000000000000e+00 0.000000000000000000e+00
4.740000000000000000e+02 2.929554065986118871e+02 0.000000000000000000e+00 0.000000000000000000e+00
4.750000000000000000e+02 2.946692489771971282e+02 0.000000000000000000e+00 0.000000000000000000e+00
4.760000000000000000e+02 2.951869640856212982e+02 0.000000000000000000e+00 0.000000000000000000e+00
4.770000000000000000e+02 2.957059457906059379e+02 0.000000000000000000e+00 0.000000000000000000e+00
4.780000000000000000e+02 2.968119857034023994e+02 0.000000000000000000e+00 0.000000000000000000e+00
4.790000000000000000e+02 2.985031189619786574e+02 0.000000000000000000e+00 0.000000000000000000e+00
4.800000000000000000e+02 2.981651994155532179e+02 0.000000000000000000e+00 0.000000000000000000e+00
4.810000000000000000e+02 2.998691903490059758e+02 0.000000000000000000e+00 0.000000000000000000e+00
4.820000000000000000e+02 3.013049542826052516e+02 0.000000000000000000e+00 0.000000000000000000e+00
4.830000000000000000e+02 2.998174604097179667e+02 2.000000000000000000e+00 0.000000000000000000e+00
4.840000000000000000e+02 3.009972034059273938e+02 0.000000000000000000e+00 0.000000000000000000e+00
4.850000000000000000e+02 3.015119519785002922e+02 1.000000000000000000e+00 0.000000000000000000e+00
4.860000000000000000e+02 3.020126177378216425e+02 0.000000000000000000e+00 0.000000000000000000e+00
4.870000000000000000e+02 3.016169845853917195e+02 2.000000000000000000e+00 0.000000000000000000e+00
4.880000000000000000e+02 3.006429349392589643e+02 1.000000000000000000e+00 0.000000000000000000e+00
4.890000000000000000e+02 3.005904751632641023e+02 1.000000000000000000e+00 0.000000000000000000e+00
4.900000000000000000e+02 3.031115281065484623e+02 0.000000000000000000e+00 0.000000000000000000e+00
4.910000000000000000e+02 3.031975943855507580e+02 0.000000000000000000e+00 0.000000000000000000e+00
4.920000000000000000e+02 3.044887019502748444e+02 0.000000000000000000e+00 0.000000000000000000e+00
4.930000000000000000e+02 3.050458952345956050e+02 0.000000000000000000e+00 0.000000000000000000e+00
4.940000000000000000e+02 3.061025102965011229e+02 0.000000000000000000e+00 0.000000000000000000e+00
4.950000000000000000e+02 3.067654569927763646e+02 0.000000000000000000e+00 0.000000000000000000e+00
4.960000000000000000e+02 3.083739129092824101e+02 0.000000000000000000e+00 0.000000000000000000e+00
4.970000000000000000e+02 3.088657196880701576e+02 0.000000000000000000e+00 0.000000000000000000e+00
4.980000000000000000e+02 3.107488231564761918e+02 0.000000000000000000e+00 0.000000000000000000e+00
4.990000000000000000e+02 3.110841363019114283e+02 0.000000000000000000e+00 0.000000000000000000e+00
5.000000000000000000e+02 3.107391190985748040e+02 1.000000000000000000e+00 0.000000000000000000e+00
5.010000000000000000e+02 3.114595430386256680e+02 1.000000000000000000e+00 0.000000000000000000e+00
5.020000000000000000e+02 3.110543209325907128e+02 1.000000000000000000e+00 0.000000000000000000e+00
5.030000000000000000e+02 3.119229608646681413e+02 0.000000000000000000e+00 0.000000000000000000e+00
5.040000000000000000e+02 3.120104454150995252e+02 0.000000000000000000e+00 0.000000000000000000e+00
5.050000000000000000e+02 3.132680581291554631e+02 1.000000000000000000e+00 0.000000000000000000e+00
5.060000000000000000e+02 3.144022588926547996e+02 0.000000000000000000e+00 0.000000000000000000e+00
5.070000000000000000e+02 3.138743398441852719e+02 1.000000000000000000e+00 0.000000000000000000e+00
5.080000000000000000e+02 3.153003385327099295e+02 0.000000000000000000e+00 0.000000000000000000e+00
5.090000000000000000e+02 3.155710116048359737e+02 0.000000000000000000e+00 0.000000000000000000e+00
5.100000000000000000e+02 3.166952970746590381e+02 0.000000000000000000e+00 0.000000000000000000e+00
5.110000000000000000e+02 3.175982857152840211e+02 0.000000000000000000e+00 0.000000000000000000e+00
5.120000000000000000e+02 3.196322253301310639e+02 0.000000000000000000e+00 0.000000000000000000e+00
5.130000000000000000e+02 3.196299616902971366e+02 0.000000000000000000e+00 0.000000000000000000e+00
5.140000000000000000e+02 3.210718468099451002e+02 0.000000000000000000e+00 0.000000000000000000e+00
5.150000000000000000e+02 3.219930384232312122e+02 0.000000000000000000e+00 0.000000000000000000e+00
5.160000000000000000e+02 3.226619307116160940e+02 0.000000000000000000e+00 0.000000000000000000e+00
5.170000000000000000e+02 3.233807827115771829e+02 0.000000000000000000e+00 0.000000000000000000e+00
5.180000000000000000e+02 3.251659131327049295e+02 0.000000000000000000e+00 0.000000000000000000e+00
5.190000000000000000e+02 3.259085305563436350e+02 0.000000000000000000e+00 0.000000000000000000e+00
5.200000000000000000e+02 3.270892589734672242e+02 0.000000000000000000e+00 0.000000000000000000e+00
5.210000000000000000e+02 3.284231482982889929e+02 0.000000000000000000e+00 0.000000000000000000e+00
5.220000000000000000e+02 3.289011396515058436e+02 0.000000000000000000e+00 0.000000000000000000e+00
5.230000000000000000e+02 3.277994571820847796e+02 1.000000000000000000e+00 0.000000000000000000e+00
5.240000000000000000e+02 3.301192115343778255e+02 0.000000000000000000e+00 0.000000000000000000e+00
5.250000000000000000e+02 3.294210453785973982e+02 2.000000000000000000e+00 0.000000000000000000e+00
5.260000000000000000e+02 3.288748225142762180e+02 1.000000000000000000e+00 0.000000000000000000e+00
5.270000000000000000e+02 3.285860265555808724e+02 1.000000000000000000e+00 0.000000000000000000e+00
5.280000000000000000e+02 3.296682529098233658e+02 1.000000000000000000e+00 0.000000000000000000e+00
5.290000000000000000e+02 3.303800204746714257e+02 0.000000000000000000e+00 0.000000000000000000e+00
5.300000000000000000e+02 3.306896144855110151e+02 0.000000000000000000e+00 0.000000000000000000e+00
5.310000000000000000e+02 3.327417475615496301e+02 0.000000000000000000e+00 0.000000000000000000e+00
5.320000000000000000e+02 3.340174722540987773e+02 0.000000000000000000e+00 0.000000000000000000e+00
5.330000000000000000e+02 3.337730183915645057e+02 0.000000000000000000e+00 0.000000000000000000e+00
5.340000000000000000e+02 3.346969968660400809e+02 0.000000000000000000e+00 0.000000000000000000e+00
5.350000000000000000e+02 3.357840796349750008e+02 0.000000000000000000e+00 0.000000000000000000e+00
5.360000000000000000e+02 3.361289376243138918e+02 0.000000000000000000e+00 0.000000000000000000e+00
5.370000000000000000e+02 3.366231292975779184e+02 2.000000000000000000e+00 0.000000000000000000e+00
5.380000000000000000e+02 3.347842602314337341e+02 1.000000000000000000e+00 0.000000000000000000e+00
5.390000000000000000e+02 3.378238630474768911e+02 0.000000000000000000e+00 0.000000000000000000e+00
5.400000000000000000e+02 3.381109904970511479e+02 0.000000000000000000e+00 0.000000000000000000e+00
5.410000000000000000e+02 3.392338852249850447e+02 0.000000000000000000e+00 0.000000000000000000e+00
5.420000000000000000e+02 3.382505201701916349e+02 2.000000000000000000e+00 0.000000000000000000e+00
5.430000000000000000e+02 3.391912762471519045e+02 0.000000000000000000e+00 0.000000000000000000e+00
5.440000000000000000e+02 3.398624226995019058e+02 0.000000000000000000e+00 0.000000000000000000e+00
5.450000000000000000e+02 3.404781741596303277e+02 0.000000000000000000e+00 0.000000000000000000e+00
5.460000000000000000e+02 3.419614191005832140e+02 0.000000000000000000e+00 0.000000000000000000e+00
5.470000000000000000e+02 3.438587807239890708e+02 0.000000000000000000e+00 0.000000000000000000e+00
5.480000000000000000e+02 3.438482824708001999e+02 0.000000000000000000e+00 0.000000000000000000e+00
5.490000000000000000e+02 3.451223466558662381e+02 0.000000000000000000e+00 0.000000000000000000e+00
5.500000000000000000e+02 3.454861484522335218e+02 0.000000000000000000e+00 0.000000000000000000e+00
5.510000000000000000e+02 3.466476117923754714e+02 0.000000000000000000e+00 0.000000000000000000e+00
5.520000000000000000e+02 3.480482494584403526e+02 0.000000000000000000e+00 0.000000000000000000e+00
5.530000000000000000e+02 3.497889549436769698e+02 0.000000000000000000e+00 0.000000000000000000e+00
5.540000000000000000e+02 3.477573892359886827e+02 1.000000000000000000e+00 0.000000000000000000e+00
5.550000000000000000e+02 3.495525759284672631e+02 1.000000000000000000e+00 0.000000000000000000e+00
5.560000000000000000e+02 3.495908491128569722e+02 1.000000000000000000e+00 0.000000000000000000e+00
5.570000000000000000e+02 3.503727814797919109e+02 0.000000000000000000e+00 0.000000000000000000e+00
5.580000000000000000e+02 3.510699013914967850e+02 0.000000000000000000e+00 0.000000000000000000e+00
5.590000000000000000e+02 3.518402640619359545e+02 0.000000000000000000e+00 0.000000000000000000e+00
5.600000000000000000e+02 3.526552813637887880e+02 0.000000000000000000e+00 0.000000000000000000e+00
5.610000000000000000e+02 3.537179198625039476e+02 0.000000000000000000e+00 0.000000000000000000e+00
5.620000000000000000e+02 3.544814509971158145e+02 0.000000000000000000e+00 0.000000000000000000e+00
5.630000000000000000e+02 3.561934219485004860e+02 0.000000000000000000e+00 0.000000000000000000e+00
5.640000000000000000e+02 3.553208255404824172e+02 2.000000000000000000e+00 0.000000000000000000e+00
5.650000000000000000e+02 3.555913166349467360e+02 0.000000000000000000e+00 0.000000000000000000e+00
5.660000000000000000e+02 3.573127191103756672e+02 0.000000000000000000e+00 0.000000000000000000e+00
5.670000000000000000e+02 3.576959759356379323e+02 0.000000000000000000e+00 0.000000000000000000e+00
5.680000000000000000e+02 3.584054325495139324e+02 0.000000000000000000e+00 0.000000000000000000e+00
5.690000000000000000e+02 3.600502696587628293e+02 0.000000000000000000e+00 0.000000000000000000e+00
5.700000000000000000e+02 3.617492186911235308e+02 0.000000000000000000e+00 0.000000000000000000e+00
5.710000000000000000e+02 3.617044210912022209e+02 0.000000000000000000e+00 0.000000000000000000e+00
5.720000000000000000e+02 3.631634210759126518e+02 0.000000000000000000e+00 0.000000000000000000e+00
5.730000000000000000e+02 3.638268895745192140e+02 0.000000000000000000e+00 0.000000000000000000e+00
5.740000000000000000e+02 3.626179360281493018e+02 2.000000000000000000e+00 0.000000000000000000e+00
5.750000000000000000e+02 3.627164005462594787e+02 1.000000000000000000e+00 0.000000000000000000e+00
5.760000000000000000e+02 3.625248782589083021e+02 1.000000000000000000e+00 0.000000000000000000e+00
5.770000000000000000e+02 3.641514780766256081e+02 0.000000000000000000e+00 0.000000000000000000e+00
5.780000000000000000e+02 3.649242852433523012e+02 0.000000000000000000e+00 0.000000000000000000e+00
5.790000000000000000e+02 3.663648720524789155e+02 0.000000000000000000e+00 0.000000000000000000e+00
5.800000000000000000e+02 3.676392454829406233e+02 0.000000000000000000e+00 0.000000000000000000e+00
5.810000000000000000e+02 3.688462072762749813e+02 0.000000000000000000e+00 0.000000000000000000e+00
5.820000000000000000e+02 3.671540556043177048e+02 2.000000000000000000e+00 0.000000000000000000e+00
5.830000000000000000e+02 3.674228799396532281e+02 1.000000000000000000e+00 0.000000000000000000e+00
5.840000000000000000e+02 3.670303360365436447e+02 1.000000000000000000e+00 0.000000000000000000e+00
5.850000000000000000e+02 3.660353328920757576e+02 1.000000000000000000e+00 0.000000000000000000e+00
5.860000000000000000e+02 3.677879926638676693e+02 0.000000000000000000e+00 0.000000000000000000e+00
5.870000000000000000e+02 3.684927728772992168e+02 1.000000000000000000e+00 0.000000000000000000e+00
5.880000000000000000e+02 3.688189238368350971e+02 0.000000000000000000e+00 0.000000000000000000e+00
5.890000000000000000e+02 3.695962855609657254e+02 1.000000000000000000e+00 0.000000000000000000e+00
5.900000000000000000e+02 3.702626887298654879e+02 0.000000000000000000e+00 0.000000000000000000e+00
5.910000000000000000e+02 3.710339191134640942e+02 0.000000000000000000e+00 0.000000000000000000e+00
5.920000000000000000e+02 3.716658733020091177e+02 0.000000000000000000e+00 0.000000000000000000e+00
5.930000000000000000e+02 3.732425294078810794e+02 0.000000000000000000e+00 0.000000000000000000e+00
5.940000000000000000e+02 3.746485190138065491e+02 0.000000000000000000e+00 0.000000000000000000e+00
5.950000000000000000e+02 3.749756348989677122e+02 0.000000000000000000e+00 0.000000000000000000e+00
5.960000000000000000e+02 3.754354400939704988e+02 0.000000000000000000e+00 0.000000000000000000e+00
5.970000000000000000e+02 3.767981182751099709e+02 0.000000000000000000e+00 0.000000000000000000e+00
5.980000000000000000e+02 3.776550412543467132e+02 0.000000000000000000e+00 0.000000000000000000e+00
5.990000000000000000e+02 3.785088807175500847e+02 0.000000000000000000e+00 0.000000000000000000e+00
6.000000000000000000e+02 3.794840054309198649e+02 0.000000000000000000e+00 0.000000000000000000e+00
6.010000000000000000e+02 3.807917088439234590e+02 1.000000000000000000e+00 0.000000000000000000e+00
6.020000000000000000e+02 3.813569517331549150e+02 0.000000000000000000e+00 0.000000000000000000e+00
6.030000000000000000e+02 3.818865088946127457e+02 0.000000000000000000e+00 0.000000000000000000e+00
6.040000000000000000e+02 3.819471875597311623e+02 1.000000000000000000e+00 0.000000000000000000e+00
6.050000000000000000e+02 3.821289309286264029e+02 1.000000000000000000e+00 0.000000000000000000e+00
6.060000000000000000e+02 3.812059330466518077e+02 1.000000000000000000e+00 0.000000000000000000e+00
6.070000000000000000e+02 3.835377557710880296e+02 0.000000000000000000e+00 0.000000000000000000e+00
6.080000000000000000e+02 3.821214508125476641e+02 1.000000000000000000e+00 0.000000000000000000e+00
6.090000000000000000e+02 3.827325941506072127e+02 1.000000000000000000e+00 0.000000000000000000e+00
6.100000000000000000e+02 3.830692047228705519e+02 1.000000000000000000e+00 0.000000000000000000e+00
6.110000000000000000e+02 3.824406674049566277e+02 1.000000000000000000e+00 0.000000000000000000e+00
6.120000000000000000e+02 3.819256799348552249e+02 2.000000000000000000e+00 0.000000000000000000e+00
6.130000000000000000e+02 3.827797860380752013e+02 0.000000000000000000e+00 0.000000000000000000e+00
6.140000000000000000e+02 3.843195309628622454e+02 0.000000000000000000e+00 0.000000000000000000e+00
6.150000000000000000e+02 3.848715814863878109e+02 0.000000000000000000e+00 0.000000000000000000e+00
6.160000000000000000e+02 3.854803188133039953e+02 0.000000000000000000e+00 0.000000000000000000e+00
6.170000000000000000e+02 3.869583358295449784e+02 0.000000000000000000e+00 0.000000000000000000e+00
6.180000000000000000e+02 3.885756749611397254e+02 0.000000000000000000e+00 0.000000000000000000e+00
6.190000000000000000e+02 3.889598002842309938e+02 0.000000000000000000e+00 0.000000000000000000e+00
6.200000000000000000e+02 3.900275028568568700e+02 0.000000000000000000e+00 0.000000000000000000e+00
6.210000000000000000e+02 3.903728140811890626e+02 0.000000000000000000e+00 0.000000000000000000e+00
6.220000000000000000e+02 3.918281038395852534e+02 0.000000000000000000e+00 0.000000000000000000e+00
6.230000000000000000e+02 3.940561914899006410e+02 0.000000000000000000e+00 0.000000000000000000e+00
6.240000000000000000e+02 3.934968974741059355e+02 0.000000000000000000e+00 0.000000000000000000e+00
6.250000000000000000e+02 3.932960704768183859e+02 1.000000000000000000e+00 0.000000000000000000e+00
6.260000000000000000e+02 3.942552757080009656e+02 1.000000000000000000e+00 0.000000000000000000e+00
6.270000000000000000e+02 3.954229164102670211e+02 0.000000000000000000e+00 0.000000000000000000e+00
6.280000000000000000e+02 3.960029602551444441e+02 0.000000000000000000e+00 0.000000000000000000e+00
6.290000000000000000e+02 3.954237830926720108e+02 2.000000000000000000e+00 0.000000000000000000e+00
6.300000000000000000e+02 3.945798697267803732e+02 1.000000000000000000e+00 0.000000000000000000e+00
6.310000000000000000e+02 3.955451814932891921e+02 0.000000000000000000e+00 0.000000000000000000e+00
6.320000000000000000e+02 3.970854097932578384e+02 0.000000000000000000e+00 0.000000000000000000e+00
6.330000000000000000e+02 3.968799191325012998e+02 1.000000000000000000e+00 0.000000000000000000e+00
6.340000000000000000e+02 3.971801013038147516e+02 1.000000000000000000e+00 0.000000000000000000e+00
6.350000000000000000e+02 3.971378936198867109e+02 0.000000000000000000e+00 0.000000000000000000e+00
6.360000000000000000e+02 3.985492998764538584e+02 0.000000000000000000e+00 0.000000000000000000e+00
6.370000000000000000e+02 4.009663851087466355e+02 0.000000000000000000e+00 0.000000000000000000e+00
6.380000000000000000e+02 4.008776874589125327e+02 0.000000000000000000e+00 0.000000000000000000e+00
6.390000000000000000e+02 4.019992405737333456e+02 0.000000000000000000e+00 0.000000000000000000e+00
6.400000000000000000e+02 4.029970009158879520e+02 0.000000000000000000e+00 0.000000000000000000e+00
6.410000000000000000e+02 4.025913963644964610e+02 0.000000000000000000e+00 0.000000000000000000e+00
6.420000000000000000e+02 4.048221642591238947e+02 0.000000000000000000e+00 0.000000000000000000e+00
6.430000000000000000e+02 4.061186936952443602e+02 0.000000000000000000e+00 0.000000000000000000e+00
6.440000000000000000e+02 4.064858352192769644e+02 0.000000000000000000e+00 0.000000000000000000e+00
6.450000000000000000e+02 4.075911774658786157e+02 0.000000000000000000e+00 0.000000000000000000e+00
6.460000000000000000e+02 4.098163790513486902e+02 0.000000000000000000e+00 0.000000000000000000e+00
6.470000000000000000e+02 4.095938317546557528e+02 0.000000000000000000e+00 0.000000000000000000e+00
6.480000000000000000e+02 4.102448151697540197e+02 0.000000000000000000e+00 0.000000000000000000e+00
6.490000000000000000e+02 4.113340901532664589e+02 0.000000000000000000e+00 0.000000000000000000e+00
6.500000000000000000e+02 4.128946410486403238e+02 0.000000000000000000e+00 0.000000000000000000e+00
6.510000000000000000e+02 4.138340622204752890e+02 0.000000000000000000e+00 0.000000000000000000e+00
6.520000000000000000e+02 4.152519311773447157e+02 0.000000000000000000e+00 0.000000000000000000e+00
6.530000000000000000e+02 4.163541429499713900e+02 0.000000000000000000e+00 0.000000000000000000e+00
6.540000000000000000e+02 4.171022485669404318e+02 0.000000000000000000e+00 0.000000000000000000e+00
6.550000000000000000e+02 4.184337399426869979e+02 0.000000000000000000e+00 0.000000000000000000e+00
6.560000000000000000e+02 4.184021874566769270e+02 0.000000000000000000e+00 0.000000000000000000e+00
6.570000000000000000e+02 4.174867995656693438e+02 2.000000000000000000e+00 0.000000000000000000e+00
6.580000000000000000e+02 4.188937800410287196e+02 0.000000000000000000e+00 0.000000000000000000e+00
6.590000000000000000e+02 4.202231460494201087e+02 0.000000000000000000e+00 0.000000000000000000e+00
6.600000000000000000e+02 4.200384955426489455e+02 1.000000000000000000e+00 0.000000000000000000e+00
6.610000000000000000e+02 4.194139383880092282e+02 1.000000000000000000e+00 0.000000000000000000e+00
6.620000000000000000e+02 4.202572433345814602e+02 0.000000000000000000e+00 0.000000000000000000e+00
6.630000000000000000e+02 4.222660200081560333e+02 0.000000000000000000e+00 0.000000000000000000e+00
6.640000000000000000e+02 4.231210225690741140e+02 0.000000000000000000e+00 0.000000000000000000e+00
6.650000000000000000e+02 4.220499090639501105e+02 1.000000000000000000e+00 0.000000000000000000e+00
6.660000000000000000e+02 4.218075231659230440e+02 2.000000000000000000e+00 0.000000000000000000e+00
6.670000000000000000e+02 4.236994532308938801e+02 0.000000000000000000e+00 0.000000000000000000e+00
6.680000000000000000e+02 4.244614127912562935e+02 0.000000000000000000e+00 0.000000000000000000e+00
6.690000000000000000e+02 4.249961107672744447e+02 0.000000000000000000e+00 0.000000000000000000e+00
6.700000000000000000e+02 4.247040729228208420e+02 1.000000000000000000e+00 0.000000000000000000e+00
6.710000000000000000e+02 4.229606818475826913e+02 2.000000000000000000e+00 0.000000000000000000e+00
6.720000000000000000e+02 4.217696355130681809e+02 2.000000000000000000e+00 0.000000000000000000e+00
6.730000000000000000e+02 4.229206532665792793e+02 2.000000000000000000e+00 0.000000000000000000e+00
6.740000000000000000e+02 4.225705323808819571e+02 0.000000000000000000e+00 0.000000000000000000e+00
6.750000000000000000e+02 4.216278606930455339e+02 2.000000000000000000e+00 0.000000000000000000e+00
6.760000000000000000e+02 4.222584303667711083e+02 0.000000000000000000e+00 0.000000000000000000e+00
6.770000000000000000e+02 4.241023679770227659e+02 0.000000000000000000e+00 0.000000000000000000e+00
6.780000000000000000e+02 4.257680398372453396e+02 0.000000000000000000e+00 0.000000000000000000e+00
6.790000000000000000e+02 4.257509688327423873e+02 1.000000000000000000e+00 0.000000000000000000e+00
6.800000000000000000e+02 4.260044761841757008e+02 0.000000000000000000e+00 0.000000000000000000e+00
6.810000000000000000e+02 4.267003317762055872e+02 0.000000000000000000e+00 0.000000000000000000e+00
6.820000000000000000e+02 4.280715178252857527e+02 0.000000000000000000e+00 0.000000000000000000e+00
6.830000000000000000e+02 4.265888350358972616e+02 2.000000000000000000e+00 0.000000000000000000e+00
6.840000000000000000e+02 4.276011809364867418e+02 0.000000000000000000e+00 0.000000000000000000e+00
6.850000000000000000e+02 4.297386256872276249e+02 0.000000000000000000e+00 0.000000000000000000e+00
6.860000000000000000e+02 4.292931585381783748e+02 1.000000000000000000e+00 0.000000000000000000e+00
6.870000000000000000e+02 4.285771950108380111e+02 2.000000000000000000e+00 0.000000000000000000e+00
6.880000000000000000e+02 4.282145938569220789e+02 0.000000000000000000e+00 0.000000000000000000e+00
6.890000000000000000e+02 4.298777246197519730e+02 0.000000000000000000e+00 0.000000000000000000e+00
6.900000000000000000e+02 4.301892327885643112e+02 1.000000000000000000e+00 0.000000000000000000e+00
6.910000000000000000e+02 4.309726496775335249e+02 0.000000000000000000e+00 0.000000000000000000e+00
6.920000000000000000e+02 4.325664591762350142e+02 0.000000000000000000e+00 0.000000000000000000e+00
6.930000000000000000e+02 4.328477637475154438e+02 0.000000000000000000e+00 0.000000000000000000e+00
6.940000000000000000e+02 4.312456273882572759e+02 2.000000000000000000e+00 0.000000000000000000e+00
6.950000000000000000e+02 4.320794886152062872e+02 1.000000000000000000e+00 0.000000000000000000e+00
6.960000000000000000e+02 4.344283080503487895e+02 0.000000000000000000e+00 0.000000000000000000e+00
6.970000000000000000e+02 4.328068783498043217e+02 0.000000000000000000e+00 0.000000000000000000e+00
6.980000000000000000e+02 4.342925887223252630e+02 1.000000000000000000e+00 0.000000000000000000e+00
6.990000000000000000e+02 4.352154016742196632e+02 0.000000000000000000e+00 0.000000000000000000e+00
7.000000000000000000e+02 4.362970337447901557e+02 0.000000000000000000e+00 0.000000000000000000e+00
7.010000000000000000e+02 4.359545815136578994e+02 1.000000000000000000e+00 0.000000000000000000e+00
7.020000000000000000e+02 4.368169302921294843e+02 1.000000000000000000e+00 0.000000000000000000e+00
7.030000000000000000e+02 4.354726212246184787e+02 1.000000000000000000e+00 0.000000000000000000e+00
7.040000000000000000e+02 4.366737690278207538e+02 0.000000000000000000e+00 0.000000000000000000e+00
7.050000000000000000e+02 4.375487621848336630e+02 0.000000000000000000e+00 0.000000000000000000e+00
7.060000000000000000e+02 4.393036928084135297e+02 0.000000000000000000e+00 0.000000000000000000e+00
7.070000000000000000e+02 4.401781534985309463e+02 0.000000000000000000e+00 0.000000000000000000e+00
7.080000000000000000e+02 4.405309407740469965e+02 0.000000000000000000e+00 0.000000000000000000e+00
7.090000000000000000e+02 4.422360583810216212e+02 0.000000000000000000e+00 0.000000000000000000e+00
7.100000000000000000e+02 4.419861348308539846e+02 1.000000000000000000e+00 0.000000000000000000e+00
7.110000000000000000e+02 4.435479914746794634e+02 0.000000000000000000e+00 0.000000000000000000e+00
7.120000000000000000e+02 4.424987824347099945e+02 1.000000000000000000e+00 0.000000000000000000e+00
7.130000000000000000e+02 4.437611380968229469e+02 0.000000000000000000e+00 0.000000000000000000e+00
7.140000000000000000e+02 4.446219768173528450e+02 0.000000000000000000e+00 0.000000000000000000e+00
7.150000000000000000e+02 4.466385173231158774e+02 0.000000000000000000e+00 0.000000000000000000e+00
7.160000000000000000e+02 4.479032944577354556e+02 0.000000000000000000e+00 0.000000000000000000e+00
7.170000000000000000e+02 4.482310596981150184e+02 0.000000000000000000e+00 0.000000000000000000e+00
7.180000000000000000e+02 4.497143670354560641e+02 0.000000000000000000e+00 0.000000000000000000e+00
7.190000000000000000e+02 4.495172594822756196e+02 0.000000000000000000e+00 0.000000000000000000e+00
7.200000000000000000e+02 4.508359992913290739e+02 0.000000000000000000e+00 0.000000000000000000e+00
7.210000000000000000e+02 4.522867919247967734e+02 0.000000000000000000e+00 0.000000000000000000e+00
7.220000000000000000e+02 4.528989480500529226e+02 0.000000000000000000e+00 0.000000000000000000e+00
7.230000000000000000e+02 4.533181671509653370e+02 0.000000000000000000e+00 0.000000000000000000e+00
7.240000000000000000e+02 4.552062364505503069e+02 0.000000000000000000e+00 0.000000000000000000e+00
7.250000000000000000e+02 4.536199682654673779e+02 2.000000000000000000e+00 0.000000000000000000e+00
7.260000000000000000e+02 4.526114859073421712e+02 2.000000000000000000e+00 0.000000000000000000e+00
7.270000000000000000e+02 4.530957579000075839e+02 1.000000000000000000e+00 0.000000000000000000e+00
7.280000000000000000e+02 4.537279364528812948e+02 0.000000000000000000e+00 0.000000000000000000e+00
7.290000000000000000e+02 4.546094020049259825e+02 0.000000000000000000e+00 0.000000000000000000e+00
7.300000000000000000e+02 4.562109103078582848e+02 0.000000000000000000e+00 0.000000000000000000e+00
7.310000000000000000e+02 4.571536803554652124e+02 0.000000000000000000e+00 0.000000000000000000e+00
7.320000000000000000e+02 4.591089013822498828e+02 0.000000000000000000e+00 0.000000000000000000e+00
7.330000000000000000e+02 4.575640212511858067e+02 1.000000000000000000e+00 0.000000000000000000e+00
7.340000000000000000e+02 4.589480567877945987e+02 0.000000000000000000e+00 0.000000000000000000e+00
7.350000000000000000e+02 4.589631987312123442e+02 0.000000000000000000e+00 0.000000000000000000e+00
7.360000000000000000e+02 4.613733328538141905e+02 0.000000000000000000e+00 0.000000000000000000e+00
7.370000000000000000e+02 4.618165969072300641e+02 0.000000000000000000e+00 0.000000000000000000e+00
7.380000000000000000e+02 4.629706628699671569e+02 0.000000000000000000e+00 0.000000000000000000e+00
7.390000000000000000e+02 4.628339368422317079e+02 1.000000000000000000e+00 0.000000000000000000e+00
7.400000000000000000e+02 4.645444282230330941e+02 0.000000000000000000e+00 0.000000000000000000e+00
7.410000000000000000e+02 4.654378320311984112e+02 0.000000000000000000e+00 0.000000000000000000e+00
7.420000000000000000e+02 4.659237256027442413e+02 0.000000000000000000e+00 0.000000000000000000e+00
7.430000000000000000e+02 4.666982255445172427e+02 0.000000000000000000e+00 0.000000000000000000e+00
7.440000000000000000e+02 4.681592709853126735e+02 0.000000000000000000e+00 0.000000000000000000e+00
7.450000000000000000e+02 4.685612378190115237e+02 0.000000000000000000e+00 0.000000000000000000e+00
7.460000000000000000e+02 4.690450716525456869e+02 0.000000000000000000e+00 0.000000000000000000e+00
7.470000000000000000e+02 4.714912179314760010e+02 0.000000000000000000e+00 0.000000000000000000e+00
7.480000000000000000e+02 4.722004492798586739e+02 0.000000000000000000e+00 0.000000000000000000e+00
7.490000000000000000e+02 4.729685955335510812e+02 0.000000000000000000e+00 0.000000000000000000e+00
7.500000000000000000e+02 4.737313909762259527e+02 0.000000000000000000e+00 0.000000000000000000e+00
7.510000000000000000e+02 4.753135016405246347e+02 0.000000000000000000e+00 0.000000000000000000e+00
7.520000000000000000e+02 4.763848183671951801e+02 0.000000000000000000e+00 0.000000000000000000e+00
7.530000000000000000e+02 4.777490254175468181e+02 0.000000000000000000e+00 0.000000000000000000e+00
7.540000000000000000e+02 4.777419951980568271e+02 0.000000000000000000e+00 0.000000000000000000e+00
7.550000000000000000e+02 4.789980288995260480e+02 0.000000000000000000e+00 0.000000000000000000e+00
7.560000000000000000e+02 4.784831098731542625e+02 2.000000000000000000e+00 0.000000000000000000e+00
7.570000000000000000e+02 4.792264600683679419e+02 0.000000000000000000e+00 0.000000000000000000e+00
7.580000000000000000e+02 4.790647624122274237e+02 1.000000000000000000e+00 0.000000000000000000e+00
7.590000000000000000e+02 4.780441949648786135e+02 2.000000000000000000e+00 0.000000000000000000e+00
7.600000000000000000e+02 4.772552868746440140e+02 2.000000000000000000e+00 0.000000000000000000e+00
7.610000000000000000e+02 4.780738489895060752e+02 0.000000000000000000e+00 0.000000000000000000e+00
7.620000000000000000e+02 4.793687023022657741e+02 0.000000000000000000e+00 0.000000000000000000e+00
7.630000000000000000e+02 4.799300982073352770e+02 0.000000000000000000e+00 0.000000000000000000e+00
7.640000000000000000e+02 4.808894967079847902e+02 0.000000000000000000e+00 0.000000000000000000e+00
7.650000000000000000e+02 4.823318782254696657e+02 0.000000000000000000e+00 0.000000000000000000e+00
7.660000000000000000e+02 4.806752583491277733e+02 2.000000000000000000e+00 0.000000000000000000e+00
7.670000000000000000e+02 4.818598627148946889e+02 1.000000000000000000e+00 0.000000000000000000e+00
7.680000000000000000e+02 4.817544503622275442e+02 0.000000000000000000e+00 0.000000000000000000e+00
7.690000000000000000e+02 4.821713875380826266e+02 0.000000000000000000e+00 0.000000000000000000e+00
7.700000000000000000e+02 4.834093366327743979e+02 0.000000000000000000e+00 0.000000000000000000e+00
7.710000000000000000e+02 4.848884493143082750e+02 0.000000000000000000e+00 0.000000000000000000e+00
7.720000000000000000e+02 4.857338115944535843e+02 0.000000000000000000e+00 0.000000000000000000e+00
7.730000000000000000e+02 4.866118225347806288e+02 0.000000000000000000e+00 0.000000000000000000e+00
7.740000000000000000e+02 4.878993493310024405e+02 0.000000000000000000e+00 0.000000000000000000e+00
7.750000000000000000e+02 4.882771077692092376e+02 0.000000000000000000e+00 0.000000000000000000e+00
7.760000000000000000e+02 4.905143125799939980e+02 0.000000000000000000e+00 0.000000000000000000e+00
7.770000000000000000e+02 4.904737377705454833e+02 0.000000000000000000e+00 0.000000000000000000e+00
7.780000000000000000e+02 4.919238219770217029e+02 0.000000000000000000e+00 0.000000000000000000e+00
7.790000000000000000e+02 4.919711800078846977e+02 1.000000000000000000e+00 0.000000000000000000e+00
7.800000000000000000e+02 4.926717639056278699e+02 0.000000000000000000e+00 0.000000000000000000e+00
7.810000000000000000e+02 4.935180194954899093e+02 0.000000000000000000e+00 0.000000000000000000e+00
7.820000000000000000e+02 4.949928772800809043e+02 0.000000000000000000e+00 0.000000000000000000e+00
7.830000000000000000e+02 4.962752908802260094e+02 0.000000000000000000e+00 0.000000000000000000e+00
7.840000000000000000e+02 4.973794456839767122e+02 0.000000000000000000e+00 0.000000000000000000e+00
7.850000000000000000e+02 4.972975493583259095e+02 0.000000000000000000e+00 0.000000000000000000e+00
7.860000000000000000e+02 4.993376294960965538e+02 0.000000000000000000e+00 0.000000000000000000e+00
7.870000000000000000e+02 4.993983732444557404e+02 0.000000000000000000e+00 0.000000000000000000e+00
7.880000000000000000e+02 4.991328102116786454e+02 2.000000000000000000e+00 0.000000000000000000e+00
7.890000000000000000e+02 4.997079753050686577e+02 1.000000000000000000e+00 0.000000000000000000e+00
7.900000000000000000e+02 5.000715015883465639e+02 0.000000000000000000e+00 0.000000000000000000e+00
7.910000000000000000e+02 5.010445249686721354e+02 0.000000000000000000e+00 0.000000000000000000e+00
7.920000000000000000e+02 5.016650748764839136e+02 0.000000000000000000e+00 0.000000000000000000e+00
7.930000000000000000e+02 5.032465246356381385e+02 0.000000000000000000e+00 0.000000000000000000e+00
7.940000000000000000e+02 5.030950745848317638e+02 0.000000000000000000e+00 0.000000000000000000e+00
7.950000000000000000e+02 5.033818387796634966e+02 2.000000000000000000e+00 0.000000000000000000e+00
7.960000000000000000e+02 5.023587242489620621e+02 2.000000000000000000e+00 0.000000000000000000e+00
7.970000000000000000e+02 5.013107847902024901e+02 2.000000000000000000e+00 0.000000000000000000e+00
7.980000000000000000e+02 4.999963688281942495e+02 2.000000000000000000e+00 0.000000000000000000e+00
7.990000000000000000e+02 4.988113720748399942e+02 2.000000000000000000e+00 0.000000000000000000e+00
8.000000000000000000e+02 5.005628127252881541e+02 0.000000000000000000e+00 0.000000000000000000e+00
