time	position	state	ATP_bound
1.000000000000000000e+00 9.679066918652772245e-01 0.000000000000000000e+00 0.000000000000000000e+00
2.000000000000000000e+00 1.641306609181299114e+00 0.000000000000000000e+00 0.000000000000000000e+00
3.000000000000000000e+00 5.541355289092606551e-01 2.000000000000000000e+00 0.000000000000000000e+00
4.000000000000000000e+00 1.121217778496267359e+00 1.000000000000000000e+00 0.000000000000000000e+00
5.000000000000000000e+00 1.945401482411310168e+00 1.000000000000000000e+00 0.000000000000000000e+00
6.000000000000000000e+00 2.981755911421138716e+00 0.000000000000000000e+00 0.000000000000000000e+00
7.000000000000000000e+00 2.603924524120054151e+00 0.000000000000000000e+00 0.000000000000000000e+00
8.000000000000000000e+00 3.744983389932831752e+00 0.000000000000000000e+00 0.000000000000000000e+00
9.000000000000000000e+00 5.566408572994487436e+00 0.000000000000000000e+00 0.000000000000000000e+00
1.000000000000000000e+01 6.845002281689819945e+00 0.000000000000000000e+00 0.000000000000000000e+00
1.100000000000000000e+01 5.923600625038121237e+00 0.000000000000000000e+00 0.000000000000000000e+00
1.200000000000000000e+01 8.393443921434617039e+00 0.000000000000000000e+00 0.000000000000000000e+00
1.300000000000000000e+01 9.346974884515992343e+00 0.000000000000000000e+00 0.000000000000000000e+00
1.400000000000000000e+01 7.682731447627531018e+00 2.000000000000000000e+00 0.000000000000000000e+00
1.500000000000000000e+01 8.961181160571092263e+00 0.000000000000000000e+00 0.000000000000000000e+00
1.600000000000000000e+01 8.430033533410348667e+00 2.000000000000000000e+00 0.000000000000000000e+00
1.700000000000000000e+01 6.385156282113775283e+00 2.000000000000000000e+00 0.000000000000000000e+00
1.800000000000000000e+01 5.471037486358548030e+00 2.000000000000000000e+00 0.000000000000000000e+00
1.900000000000000000e+01 6.377851703810940798e+00 1.000000000000000000e+00 0.000000000000000000e+00
2.000000000000000000e+01 6.946816846336937523e+00 0.000000000000000000e+00 0.000000000000000000e+00
2.100000000000000000e+01 8.869316944788524282e+00 0.000000000000000000e+00 0.000000000000000000e+00
2.200000000000000000e+01 8.761238573533958629e+00 0.000000000000000000e+00 0.000000000000000000e+00
2.300000000000000000e+01 9.653666552854415883e+00 0.000000000000000000e+00 0.000000000000000000e+00
2.400000000000000000e+01 1.104259883062069747e+01 0.000000000000000000e+00 0.000000000000000000e+00
2.500000000000000000e+01 1.272505374176521187e+01 0.000000000000000000e+00 0.000000000000000000e+00
2.600000000000000000e+01 1.333939482538120735e+01 0.000000000000000000e+00 0.000000000000000000e+00
2.700000000000000000e+01 1.422517347485993255e+01 0.000000000000000000e+00 0.000000000000000000e+00
2.800000000000000000e+01 1.478464507403633554e+01 0.000000000000000000e+00 0.000000000000000000e+00
2.900000000000000000e+01 1.569549366383860800e+01 0.000000000000000000e+00 0.000000000000000000e+00
3.000000000000000000e+01 1.697157674008353112e+01 0.000000000000000000e+00 0.000000000000000000e+00
3.100000000000000000e+01 1.554188810810544119e+01 2.000000000000000000e+00 0.000000000000000000e+00
3.200000000000000000e+01 1.598201937026454900e+01 1.000000000000000000e+00 0.000000000000000000e+00
3.300000000000000000e+01 1.695935374930483519e+01 0.000000000000000000e+00 0.000000000000000000e+00
3.400000000000000000e+01 1.752284250693190160e+01 1.000000000000000000e+00 0.000000000000000000e+00
3.500000000000000000e+01 1.572663751489251638e+01 2.000000000000000000e+00 0.000000000000000000e+00
3.600000000000000000e+01 1.551517050498678785e+01 1.000000000000000000e+00 0.000000000000000000e+00
3.700000000000000000e+01 1.617004524976240276e+01 1.000000000000000000e+00 0.000000000000000000e+00
3.800000000000000000e+01 1.602439459079873529e+01 1.000000000000000000e+00 0.000000000000000000e+00
3.900000000000000000e+01 1.741051804113669732e+01 0.000000000000000000e+00 0.000000000000000000e+00
4.000000000000000000e+01 1.659960915407093296e+01 1.000000000000000000e+00 0.000000000000000000e+00
4.100000000000000000e+01 1.666724666420642720e+01 1.000000000000000000e+00 0.000000000000000000e+00
4.200000000000000000e+01 1.780518671612390236e+01 0.000000000000000000e+00 0.000000000000000000e+00
4.300000000000000000e+01 1.937733342154224303e+01 0.000000000000000000e+00 0.000000000000000000e+00
4.400000000000000000e+01 2.004582774569902526e+01 0.000000000000000000e+00 0.000000000000000000e+00
4.500000000000000000e+01 2.146420130477586952e+01 0.000000000000000000e+00 0.000000000000000000e+00
4.600000000000000000e+01 2.238418604424723668e+01 0.000000000000000000e+00 0.000000000000000000e+00
4.700000000000000000e+01 2.426823024433137022e+01 0.000000000000000000e+00 0.000000000000000000e+00
4.800000000000000000e+01 2.429348772135888268e+01 0.000000000000000000e+00 0.000000000000000000e+00
4.900000000000000000e+01 2.241563471566525223e+01 2.000000000000000000e+00 0.000000000000000000e+00
5.000000000000000000e+01 2.220337340256034864e+01 2.000000000000000000e+00 0.000000000000000000e+00
5.100000000000000000e+01 2.077990379795646803e+01 2.000000000000000000e+00 0.000000000000000000e+00
5.200000000000000000e+01 2.039628714177704083e+01 1.000000000000000000e+00 0.000000000000000000e+00
5.300000000000000000e+01 2.025519718415659653e+01 2.000000000000000000e+00 0.000000000000000000e+00
5.400000000000000000e+01 2.121511664351158544e+01 0.000000000000000000e+00 0.000000000000000000e+00
5.500000000000000000e+01 2.176086863011960659e+01 0.000000000000000000e+00 0.000000000000000000e+00
5.600000000000000000e+01 2.224389308796169473e+01 0.000000000000000000e+00 0.000000000000000000e+00
5.700000000000000000e+01 2.270751284247679536e+01 1.000000000000000000e+00 0.000000000000000000e+00
5.800000000000000000e+01 2.476040541969587139e+01 0.000000000000000000e+00 0.000000000000000000e+00
5.900000000000000000e+01 2.454571546893149403e+01 0.000000000000000000e+00 0.000000000000000000e+00
6.000000000000000000e+01 2.666177837780503523e+01 0.000000000000000000e+00 0.000000000000000000e+00
6.100000000000000000e+01 2.697886752157551626e+01 0.000000000000000000e+00 0.000000000000000000e+00
6.200000000000000000e+01 2.818090493945027575e+01 0.000000000000000000e+00 0.000000000000000000e+00
6.300000000000000000e+01 2.814344732062668797e+01 0.000000000000000000e+00 0.000000000000000000e+00
6.400000000000000000e+01 2.969329645225532488e+01 0.000000000000000000e+00 0.000000000000000000e+00
6.500000000000000000e+01 3.037036146938246972e+01 0.000000000000000000e+00 0.000000000000000000e+00
6.600000000000000000e+01 3.151159578397164296e+01 0.000000000000000000e+00 0.000000000000000000e+00
6.700000000000000000e+01 3.363997671549391555e+01 0.000000000000000000e+00 0.000000000000000000e+00
6.800000000000000000e+01 3.400921450638538346e+01 0.000000000000000000e+00 0.000000000000000000e+00
6.900000000000000000e+01 3.534533121271988421e+01 0.000000000000000000e+00 0.000000000000000000e+00
7.000000000000000000e+01 3.683958239025682957e+01 0.000000000000000000e+00 0.000000000000000000e+00
7.100000000000000000e+01 3.642817694738997147e+01 0.000000000000000000e+00 0.000000000000000000e+00
7.200000000000000000e+01 3.768470523019986729e+01 0.000000000000000000e+00 0.000000000000000000e+00
7.300000000000000000e+01 3.880085320224760892e+01 0.000000000000000000e+00 0.000000000000000000e+00
7.400000000000000000e+01 3.976724778719790976e+01 0.000000000000000000e+00 0.000000000000000000e+00
7.500000000000000000e+01 4.111840951128998967e+01 0.000000000000000000e+00 0.000000000000000000e+00
7.600000000000000000e+01 4.193240056887198364e+01 0.000000000000000000e+00 0.000000000000000000e+00
7.700000000000000000e+01 4.241498818674722315e+01 0.000000000000000000e+00 0.000000000000000000e+00
7.800000000000000000e+01 4.416617587125045219e+01 0.000000000000000000e+00 0.000000000000000000e+00
7.900000000000000000e+01 4.462885973853853727e+01 0.000000000000000000e+00 0.000000000000000000e+00
8.000000000000000000e+01 4.644118553690733364e+01 0.000000000000000000e+00 0.000000000000000000e+00
8.100000000000000000e+01 4.696661010487062526e+01 0.000000000000000000e+00 0.000000000000000000e+00
8.200000000000000000e+01 4.768754658339230446e+01 0.000000000000000000e+00 0.000000000000000000e+00
8.300000000000000000e+01 4.866826604183975746e+01 0.000000000000000000e+00 0.000000000000000000e+00
8.400000000000000000e+01 4.945040787450824382e+01 0.000000000000000000e+00 0.000000000000000000e+00
8.500000000000000000e+01 5.013182653782907749e+01 1.000000000000000000e+00 0.000000000000000000e+00
8.600000000000000000e+01 4.891929744500654209e+01 1.000000000000000000e+00 0.000000000000000000e+00
8.700000000000000000e+01 5.035440024798980829e+01 0.000000000000000000e+00 0.000000000000000000e+00
8.800000000000000000e+01 5.222334959767300688e+01 0.000000000000000000e+00 0.000000000000000000e+00
8.900000000000000000e+01 5.224809771436310513e+01 0.000000000000000000e+00 0.000000000000000000e+00
9.000000000000000000e+01 5.408752914773914000e+01 0.000000000000000000e+00 0.000000000000000000e+00
9.100000000000000000e+01 5.433199095221867481e+01 0.000000000000000000e+00 0.000000000000000000e+00
9.200000000000000000e+01 5.510802334232141675e+01 0.000000000000000000e+00 0.000000000000000000e+00
9.300000000000000000e+01 5.486195296056483528e+01 2.000000000000000000e+00 0.000000000000000000e+00
9.400000000000000000e+01 5.443467543988469970e+01 1.000000000000000000e+00 0.000000000000000000e+00
9.500000000000000000e+01 5.643120787249146275e+01 0.000000000000000000e+00 0.000000000000000000e+00
9.600000000000000000e+01 5.721219114155845631e+01 0.000000000000000000e+00 0.000000000000000000e+00
9.700000000000000000e+01 5.834395103717017150e+01 0.000000000000000000e+00 0.000000000000000000e+00
9.800000000000000000e+01 5.830563604323916849e+01 0.000000000000000000e+00 0.000000000000000000e+00
9.900000000000000000e+01 5.933392568012425983e+01 1.000000000000000000e+00 0.000000000000000000e+00
1.000000000000000000e+02 6.048131356884355370e+01 0.000000000000000000e+00 0.000000000000000000e+00
1.010000000000000000e+02 5.914711607434436758e+01 2.000000000000000000e+00 0.000000000000000000e+00
1.020000000000000000e+02 5.809520399715076877e+01 2.000000000000000000e+00 0.000000000000000000e+00
1.030000000000000000e+02 5.821659645957636542e+01 0.000000000000000000e+00 0.000000000000000000e+00
1.040000000000000000e+02 6.027407066306415118e+01 0.000000000000000000e+00 0.000000000000000000e+00
1.050000000000000000e+02 6.028018509296673955e+01 0.000000000000000000e+00 0.000000000000000000e+00
1.060000000000000000e+02 6.108861701245706399e+01 0.000000000000000000e+00 0.000000000000000000e+00
1.070000000000000000e+02 6.089971917551971359e+01 2.000000000000000000e+00 0.000000000000000000e+00
1.080000000000000000e+02 6.040046103329108007e+01 1.000000000000000000e+00 0.000000000000000000e+00
1.090000000000000000e+02 6.219360118508006252e+01 0.000000000000000000e+00 0.000000000000000000e+00
1.100000000000000000e+02 6.285235067802684483e+01 0.000000000000000000e+00 0.000000000000000000e+00
1.110000000000000000e+02 6.382439903626092104e+01 0.000000000000000000e+00 0.000000000000000000e+00
1.120000000000000000e+02 6.426156897852388283e+01 0.000000000000000000e+00 0.000000000000000000e+00
1.130000000000000000e+02 6.560195708176095764e+01 0.000000000000000000e+00 0.000000000000000000e+00
1.140000000000000000e+02 6.725614256060516993e+01 1.000000000000000000e+00 0.000000000000000000e+00
1.150000000000000000e+02 6.502146980897839512e+01 2.000000000000000000e+00 0.000000000000000000e+00
1.160000000000000000e+02 6.403005762826701641e+01 2.000000000000000000e+00 0.000000000000000000e+00
1.170000000000000000e+02 6.419207467378907950e+01 1.000000000000000000e+00 0.000000000000000000e+00
1.180000000000000000e+02 6.487777475223327883e+01 0.000000000000000000e+00 0.000000000000000000e+00
1.190000000000000000e+02 6.658324613475633669e+01 0.000000000000000000e+00 0.000000000000000000e+00
1.200000000000000000e+02 6.589929401513988694e+01 0.000000000000000000e+00 0.000000000000000000e+00
1.210000000000000000e+02 6.825663810754588212e+01 0.000000000000000000e+00 0.000000000000000000e+00
1.220000000000000000e+02 6.973798101979087960e+01 0.000000000000000000e+00 0.000000000000000000e+00
1.230000000000000000e+02 6.984768128157304545e+01 0.000000000000000000e+00 0.000000000000000000e+00
1.240000000000000000e+02 7.056658833450597967e+01 0.000000000000000000e+00 0.000000000000000000e+00
1.250000000000000000e+02 6.985661726477702871e+01 2.000000000000000000e+00 0.000000000000000000e+00
1.260000000000000000e+02 7.092765574017757046e+01 0.000000000000000000e+00 0.000000000000000000e+00
1.270000000000000000e+02 7.221094783092647162e+01 0.000000000000000000e+00 0.000000000000000000e+00
1.280000000000000000e+02 7.150147197645850383e+01 2.000000000000000000e+00 0.000000000000000000e+00
1.290000000000000000e+02 7.262959754022875813e+01 0.000000000000000000e+00 0.000000000000000000e+00
1.300000000000000000e+02 7.364052828222770586e+01 0.000000000000000000e+00 0.000000000000000000e+00
1.310000000000000000e+02 7.347343729154826519e+01 0.000000000000000000e+00 0.000000000000000000e+00
1.320000000000000000e+02 7.498574207378129586e+01 0.000000000000000000e+00 0.000000000000000000e+00
1.330000000000000000e+02 7.588012896240643101e+01 0.000000000000000000e+00 0.000000000000000000e+00
1.340000000000000000e+02 7.756504347443120650e+01 0.000000000000000000e+00 0.000000000000000000e+00
1.350000000000000000e+02 7.827588961632655185e+01 0.000000000000000000e+00 0.000000000000000000e+00
1.360000000000000000e+02 7.896657592605141929e+01 0.000000000000000000e+00 0.000000000000000000e+00
1.370000000000000000e+02 7.990216018485544680e+01 0.000000000000000000e+00 0.000000000000000000e+00
1.380000000000000000e+02 8.091108198119310657e+01 0.000000000000000000e+00 0.000000000000000000e+00
1.390000000000000000e+02 8.228966216898663788e+01 0.000000000000000000e+00 0.000000000000000000e+00
1.400000000000000000e+02 8.314718511404392132e+01 0.000000000000000000e+00 0.000000000000000000e+00
1.410000000000000000e+02 8.327550888119489514e+01 0.000000000000000000e+00 0.000000000000000000e+00
1.420000000000000000e+02 8.402065487253182141e+01 0.000000000000000000e+00 0.000000000000000000e+00
1.430000000000000000e+02 8.613247902633476372e+01 0.000000000000000000e+00 0.000000000000000000e+00
1.440000000000000000e+02 8.607752362010954528e+01 1.000000000000000000e+00 0.000000000000000000e+00
1.450000000000000000e+02 8.480364284485440862e+01 2.000000000000000000e+00 0.000000000000000000e+00
1.460000000000000000e+02 8.569738808043200606e+01 0.000000000000000000e+00 0.000000000000000000e+00
1.470000000000000000e+02 8.755382243402291920e+01 0.000000000000000000e+00 0.000000000000000000e+00
1.480000000000000000e+02 8.884113140813033738e+01 0.000000000000000000e+00 0.000000000000000000e+00
1.490000000000000000e+02 8.840100540710169241e+01 0.000000000000000000e+00 0.000000000000000000e+00
1.500000000000000000e+02 9.084805643719967350e+01 0.000000000000000000e+00 0.000000000000000000e+00
1.510000000000000000e+02 9.120205149736787575e+01 0.000000000000000000e+00 0.000000000000000000e+00
1.520000000000000000e+02 9.206052269954706446e+01 0.000000000000000000e+00 0.000000000000000000e+00
1.530000000000000000e+02 9.285710381767074750e+01 0.000000000000000000e+00 0.000000000000000000e+00
1.540000000000000000e+02 9.409166771738892976e+01 0.000000000000000000e+00 0.000000000000000000e+00
1.550000000000000000e+02 9.482184245561450098e+01 0.000000000000000000e+00 0.000000000000000000e+00
1.560000000000000000e+02 9.545291943985051830e+01 0.000000000000000000e+00 0.000000000000000000e+00
1.570000000000000000e+02 9.717590960909028297e+01 0.000000000000000000e+00 0.000000000000000000e+00
1.580000000000000000e+02 9.788566223584463444e+01 0.000000000000000000e+00 0.000000000000000000e+00
1.590000000000000000e+02 9.775950474467407503e+01 0.000000000000000000e+00 0.000000000000000000e+00
1.600000000000000000e+02 9.922504356569416473e+01 0.000000000000000000e+00 0.000000000000000000e+00
1.610000000000000000e+02 1.008356504248899483e+02 0.000000000000000000e+00 0.000000000000000000e+00
1.620000000000000000e+02 1.018947746219942161e+02 0.000000000000000000e+00 0.000000000000000000e+00
1.630000000000000000e+02 1.021891941056912998e+02 0.000000000000000000e+00 0.000000000000000000e+00
1.640000000000000000e+02 1.032869234542589538e+02 0.000000000000000000e+00 0.000000000000000000e+00
1.650000000000000000e+02 1.047816332758522151e+02 0.000000000000000000e+00 0.000000000000000000e+00
1.660000000000000000e+02 1.055845742048151266e+02 0.000000000000000000e+00 0.000000000000000000e+00
1.670000000000000000e+02 1.050428643340622870e+02 2.000000000000000000e+00 0.000000000000000000e+00
1.680000000000000000e+02 1.050930323935781274e+02 2.000000000000000000e+00 0.000000000000000000e+00
1.690000000000000000e+02 1.044632980291450366e+02 0.000000000000000000e+00 0.000000000000000000e+00
1.700000000000000000e+02 1.067852239251239013e+02 0.000000000000000000e+00 0.000000000000000000e+00
1.710000000000000000e+02 1.072522849080762199e+02 0.000000000000000000e+00 0.000000000000000000e+00
1.720000000000000000e+02 1.071525642904398268e+02 0.000000000000000000e+00 0.000000000000000000e+00
1.730000000000000000e+02 1.093134063690503837e+02 0.000000000000000000e+00 0.000000000000000000e+00
1.740000000000000000e+02 1.089601323495298004e+02 1.000000000000000000e+00 0.000000000000000000e+00
1.750000000000000000e+02 1.095437408722848147e+02 0.000000000000000000e+00 0.000000000000000000e+00
1.760000000000000000e+02 1.082280295891169715e+02 2.000000000000000000e+00 0.000000000000000000e+00
1.770000000000000000e+02 1.093417319170852124e+02 0.000000000000000000e+00 0.000000000000000000e+00
1.780000000000000000e+02 1.099823715081410711e+02 0.000000000000000000e+00 0.000000000000000000e+00
1.790000000000000000e+02 1.122788509628439897e+02 0.000000000000000000e+00 0.000000000000000000e+00
1.800000000000000000e+02 1.130459765272247381e+02 0.000000000000000000e+00 0.000000000000000000e+00
1.810000000000000000e+02 1.122352931298898397e+02 2.000000000000000000e+00 0.000000000000000000e+00
1.820000000000000000e+02 1.123683059670390776e+02 1.000000000000000000e+00 0.000000000000000000e+00
1.830000000000000000e+02 1.137919787795905222e+02 0.000000000000000000e+00 0.000000000000000000e+00
1.840000000000000000e+02 1.146301652898526839e+02 0.000000000000000000e+00 0.000000000000000000e+00
1.850000000000000000e+02 1.148954692033003369e+02 0.000000000000000000e+00 0.000000000000000000e+00
1.860000000000000000e+02 1.149702051098999220e+02 1.000000000000000000e+00 0.000000000000000000e+00
1.870000000000000000e+02 1.153035798832721213e+02 1.000000000000000000e+00 0.000000000000000000e+00
1.880000000000000000e+02 1.171346621922968438e+02 0.000000000000000000e+00 0.000000000000000000e+00
1.890000000000000000e+02 1.172307739421324158e+02 0.000000000000000000e+00 0.000000000000000000e+00
1.900000000000000000e+02 1.184828150214338223e+02 0.000000000000000000e+00 0.000000000000000000e+00
1.910000000000000000e+02 1.186213767178794996e+02 0.000000000000000000e+00 0.000000000000000000e+00
1.920000000000000000e+02 1.205676309770449990e+02 0.000000000000000000e+00 0.000000000000000000e+00
1.930000000000000000e+02 1.221019745918585500e+02 0.000000000000000000e+00 0.000000000000000000e+00
1.940000000000000000e+02 1.222598330249331582e+02 0.000000000000000000e+00 0.000000000000000000e+00
1.950000000000000000e+02 1.213655473204210153e+02 2.000000000000000000e+00 0.000000000000000000e+00
1.960000000000000000e+02 1.224241226666226225e+02 0.000000000000000000e+00 0.000000000000000000e+00
1.970000000000000000e+02 1.230813752210509051e+02 0.000000000000000000e+00 0.000000000000000000e+00
1.980000000000000000e+02 1.237631275905780797e+02 0.000000000000000000e+00 0.000000000000000000e+00
1.990000000000000000e+02 1.232839031984281490e+02 2.000000000000000000e+00 0.000000000000000000e+00
2.000000000000000000e+02 1.238484054260523806e+02 0.000000000000000000e+00 0.000000000000000000e+00
2.010000000000000000e+02 1.230658216889151930e+02 2.000000000000000000e+00 0.000000000000000000e+00
2.020000000000000000e+02 1.212608501174096318e+02 2.000000000000000000e+00 0.000000000000000000e+00
2.030000000000000000e+02 1.209653972125527588e+02 2.000000000000000000e+00 0.000000000000000000e+00
2.040000000000000000e+02 1.194963869039300732e+02 2.000000000000000000e+00 0.000000000000000000e+00
2.050000000000000000e+02 1.185493406775669030e+02 2.000000000000000000e+00 0.000000000000000000e+00
2.060000000000000000e+02 1.199124791552992093e+02 1.000000000000000000e+00 0.000000000000000000e+00
2.070000000000000000e+02 1.192680655336100699e+02 1.000000000000000000e+00 0.000000000000000000e+00
2.080000000000000000e+02 1.192162912369807657e+02 1.000000000000000000e+00 0.000000000000000000e+00
2.090000000000000000e+02 1.192133789926169101e+02 0.000000000000000000e+00 0.000000000000000000e+00
2.100000000000000000e+02 1.203354458888755403e+02 1.000000000000000000e+00 0.000000000000000000e+00
2.110000000000000000e+02 1.199057323325248916e+02 0.000000000000000000e+00 0.000000000000000000e+00
2.120000000000000000e+02 1.221844139933118925e+02 0.000000000000000000e+00 0.000000000000000000e+00
2.130000000000000000e+02 1.228384342955716590e+02 0.000000000000000000e+00 0.000000000000000000e+00
2.140000000000000000e+02 1.235903380308015329e+02 0.000000000000000000e+00 0.000000000000000000e+00
2.150000000000000000e+02 1.248302185487740701e+02 0.000000000000000000e+00 0.000000000000000000e+00
2.160000000000000000e+02 1.247570449068384164e+02 2.000000000000000000e+00 0.000000000000000000e+00
2.170000000000000000e+02 1.232166309645550371e+02 1.000000000000000000e+00 0.000000000000000000e+00
2.180000000000000000e+02 1.246432802108133302e+02 0.000000000000000000e+00 0.000000000000000000e+00
2.190000000000000000e+02 1.234322688982982328e+02 2.000000000000000000e+00 0.000000000000000000e+00
2.200000000000000000e+02 1.256358573441638669e+02 0.000000000000000000e+00 0.000000000000000000e+00
2.210000000000000000e+02 1.261220482848354720e+02 0.000000000000000000e+00 0.000000000000000000e+00
2.220000000000000000e+02 1.263166827407195143e+02 1.000000000000000000e+00 0.000000000000000000e+00
2.230000000000000000e+02 1.277488566751992778e+02 0.000000000000000000e+00 0.000000000000000000e+00
2.240000000000000000e+02 1.272259309504201781e+02 0.000000000000000000e+00 0.000000000000000000e+00
2.250000000000000000e+02 1.293265996959164852e+02 0.000000000000000000e+00 0.000000000000000000e+00
2.260000000000000000e+02 1.291639582162798092e+02 0.000000000000000000e+00 0.000000000000000000e+00
2.270000000000000000e+02 1.305126824207452216e+02 0.000000000000000000e+00 0.000000000000000000e+00
2.280000000000000000e+02 1.316948526725651050e+02 0.000000000000000000e+00 0.000000000000000000e+00
2.290000000000000000e+02 1.320997082861008494e+02 0.000000000000000000e+00 0.000000000000000000e+00
2.300000000000000000e+02 1.335252854506512108e+02 0.000000000000000000e+00 0.000000000000000000e+00
2.310000000000000000e+02 1.347977043007450106e+02 0.000000000000000000e+00 0.000000000000000000e+00
2.320000000000000000e+02 1.367565287275249375e+02 0.000000000000000000e+00 0.000000000000000000e+00
2.330000000000000000e+02 1.369004642045288733e+02 0.000000000000000000e+00 0.000000000000000000e+00
2.340000000000000000e+02 1.362906341565861510e+02 2.000000000000000000e+00 0.000000000000000000e+00
2.350000000000000000e+02 1.359437306732680497e+02 2.000000000000000000e+00 0.000000000000000000e+00
2.360000000000000000e+02 1.364402900825302254e+02 0.000000000000000000e+00 0.000000000000000000e+00
2.370000000000000000e+02 1.368853949965843810e+02 0.000000000000000000e+00 0.000000000000000000e+00
2.380000000000000000e+02 1.380791543474963703e+02 0.000000000000000000e+00 0.000000000000000000e+00
2.390000000000000000e+02 1.375240821509752607e+02 1.000000000000000000e+00 0.000000000000000000e+00
2.400000000000000000e+02 1.388987307393680055e+02 0.000000000000000000e+00 0.000000000000000000e+00
2.410000000000000000e+02 1.400643822449004006e+02 0.000000000000000000e+00 0.000000000000000000e+00
2.420000000000000000e+02 1.416069392083912248e+02 0.000000000000000000e+00 0.000000000000000000e+00
2.430000000000000000e+02 1.423253710530112244e+02 0.000000000000000000e+00 0.000000000000000000e+00
2.440000000000000000e+02 1.405096004071332061e+02 2.000000000000000000e+00 0.000000000000000000e+00
2.450000000000000000e+02 1.421056118589229129e+02 0.000000000000000000e+00 0.000000000000000000e+00
2.460000000000000000e+02 1.427496754483341306e+02 0.000000000000000000e+00 0.000000000000000000e+00
2.470000000000000000e+02 1.438114145646879649e+02 0.000000000000000000e+00 0.000000000000000000e+00
2.480000000000000000e+02 1.444905331481832889e+02 0.000000000000000000e+00 0.000000000000000000e+00
2.490000000000000000e+02 1.444591848739029558e+02 2.000000000000000000e+00 0.000000000000000000e+00
2.500000000000000000e+02 1.431941258314515437e+02 1.000000000000000000e+00 0.000000000000000000e+00
2.510000000000000000e+02 1.446281933957100705e+02 0.000000000000000000e+00 0.000000000000000000e+00
2.520000000000000000e+02 1.461844391627057576e+02 0.000000000000000000e+00 0.000000000000000000e+00
2.530000000000000000e+02 1.459977583875013352e+02 0.000000000000000000e+00 0.000000000000000000e+00
2.540000000000000000e+02 1.484198733635125222e+02 0.000000000000000000e+00 0.000000000000000000e+00
2.550000000000000000e+02 1.490969702858891424e+02 0.000000000000000000e+00 0.000000000000000000e+00
2.560000000000000000e+02 1.503337036852661583e+02 0.000000000000000000e+00 0.000000000000000000e+00
2.570000000000000000e+02 1.486594157917607220e+02 2.000000000000000000e+00 0.000000000000000000e+00
2.580000000000000000e+02 1.500785737886857021e+02 0.000000000000000000e+00 0.000000000000000000e+00
2.590000000000000000e+02 1.512798448179008517e+02 0.000000000000000000e+00 0.000000000000000000e+00
2.600000000000000000e+02 1.517278187490302912e+02 0.000000000000000000e+00 0.000000000000000000e+00
2.610000000000000000e+02 1.533367129080043867e+02 0.000000000000000000e+00 0.000000000000000000e+00
2.620000000000000000e+02 1.537228756934290175e+02 0.000000000000000000e+00 0.000000000000000000e+00
2.630000000000000000e+02 1.546600724523383406e+02 0.000000000000000000e+00 0.000000000000000000e+00
2.640000000000000000e+02 1.549826598736355834e+02 0.000000000000000000e+00 0.000000000000000000e+00
2.650000000000000000e+02 1.561894274830110589e+02 0.000000000000000000e+00 0.000000000000000000e+00
2.660000000000000000e+02 1.593245529877118827e+02 0.000000000000000000e+00 0.000000000000000000e+00
2.670000000000000000e+02 1.593440292633000297e+02 0.000000000000000000e+00 0.000000000000000000e+00
2.680000000000000000e+02 1.600579075682205428e+02 0.000000000000000000e+00 0.000000000000000000e+00
2.690000000000000000e+02 1.594619462654727045e+02 1.000000000000000000e+00 0.000000000000000000e+00
2.700000000000000000e+02 1.604363232905207610e+02 0.000000000000000000e+00 0.000000000000000000e+00
2.710000000000000000e+02 1.623272306634825952e+02 0.000000000000000000e+00 0.000000000000000000e+00
2.720000000000000000e+02 1.627006230611784474e+02 0.000000000000000000e+00 0.000000000000000000e+00
2.730000000000000000e+02 1.644229648372411248e+02 0.000000000000000000e+00 0.000000000000000000e+00
2.740000000000000000e+02 1.648456796206793342e+02 0.000000000000000000e+00 0.000000000000000000e+00
2.750000000000000000e+02 1.657854905646587156e+02 0.000000000000000000e+00 0.000000000000000000e+00
2.760000000000000000e+02 1.667281061767903338e+02 0.000000000000000000e+00 0.000000000000000000e+00
2.770000000000000000e+02 1.674934143235624617e+02 0.000000000000000000e+00 0.000000000000000000e+00
2.780000000000000000e+02 1.688949726067847337e+02 0.000000000000000000e+00 0.000000000000000000e+00
2.790000000000000000e+02 1.693444020115892670e+02 1.000000000000000000e+00 0.000000000000000000e+00
2.800000000000000000e+02 1.690598513154066325e+02 0.000000000000000000e+00 0.000000000000000000e+00
2.810000000000000000e+02 1.705928987284862330e+02 0.000000000000000000e+00 0.000000000000000000e+00
2.820000000000000000e+02 1.719531916205958169e+02 0.000000000000000000e+00 0.000000000000000000e+00
2.830000000000000000e+02 1.731477831434158077e+02 0.000000000000000000e+00 0.000000000000000000e+00
2.840000000000000000e+02 1.734080567842943879e+02 0.000000000000000000e+00 0.000000000000000000e+00
2.850000000000000000e+02 1.751181353888026422e+02 0.000000000000000000e+00 0.000000000000000000e+00
2.860000000000000000e+02 1.772067095491401290e+02 0.000000000000000000e+00 0.000000000000000000e+00
2.870000000000000000e+02 1.764634306075664938e+02 0.000000000000000000e+00 0.000000000000000000e+00
2.880000000000000000e+02 1.776550097088730240e+02 0.000000000000000000e+00 0.000000000000000000e+00
2.890000000000000000e+02 1.789564365508705350e+02 0.000000000000000000e+00 0.000000000000000000e+00
2.900000000000000000e+02 1.806235233618546943e+02 0.000000000000000000e+00 0.000000000000000000e+00
2.910000000000000000e+02 1.806578893352603927e+02 0.000000000000000000e+00 0.000000000000000000e+00
2.920000000000000000e+02 1.818927256186596253e+02 0.000000000000000000e+00 0.000000000000000000e+00
2.930000000000000000e+02 1.822595140979189523e+02 0.000000000000000000e+00 0.000000000000000000e+00
2.940000000000000000e+02 1.844366766203593500e+02 0.000000000000000000e+00 0.000000000000000000e+00
2.950000000000000000e+02 1.845524436543411468e+02 0.000000000000000000e+00 0.000000000000000000e+00
2.960000000000000000e+02 1.852823070824419744e+02 1.000000000000000000e+00 0.000000000000000000e+00
2.970000000000000000e+02 1.847645327307692185e+02 1.000000000000000000e+00 0.000000000000000000e+00
2.980000000000000000e+02 1.855075146892369560e+02 0.000000000000000000e+00 0.000000000000000000e+00
2.990000000000000000e+02 1.864607550552111377e+02 0.000000000000000000e+00 0.000000000000000000e+00
3.000000000000000000e+02 1.872215738463488606e+02 0.000000000000000000e+00 0.000000000000000000e+00
3.010000000000000000e+02 1.895158903146695479e+02 0.000000000000000000e+00 0.000000000000000000e+00
3.020000000000000000e+02 1.906663329966204117e+02 0.000000000000000000e+00 0.000000000000000000e+00
3.030000000000000000e+02 1.912922657613351589e+02 0.000000000000000000e+00 0.000000000000000000e+00
3.040000000000000000e+02 1.919900718518296969e+02 0.000000000000000000e+00 0.000000000000000000e+00
3.050000000000000000e+02 1.931318375603229640e+02 0.000000000000000000e+00 0.000000000000000000e+00
3.060000000000000000e+02 1.934775907982481726e+02 0.000000000000000000e+00 0.000000000000000000e+00
3.070000000000000000e+02 1.947273251939557213e+02 0.000000000000000000e+00 0.000000000000000000e+00
3.080000000000000000e+02 1.962920057303122121e+02 0.000000000000000000e+00 0.000000000000000000e+00
3.090000000000000000e+02 1.967064271930377402e+02 0.000000000000000000e+00 0.000000000000000000e+00
3.100000000000000000e+02 1.978908200528831571e+02 0.000000000000000000e+00 0.000000000000000000e+00
3.110000000000000000e+02 1.967953748327919357e+02 1.000000000000000000e+00 0.000000000000000000e+00
3.120000000000000000e+02 1.997147547413570408e+02 0.000000000000000000e+00 0.000000000000000000e+00
3.130000000000000000e+02 1.996705642262401454e+02 0.000000000000000000e+00 0.000000000000000000e+00
3.140000000000000000e+02 2.016754390697306860e+02 0.000000000000000000e+00 0.000000000000000000e+00
3.150000000000000000e+02 2.013966678964379753e+02 0.000000000000000000e+00 0.000000000000000000e+00
3.160000000000000000e+02 2.016413664275353597e+02 2.000000000000000000e+00 0.000000000000000000e+00
3.170000000000000000e+02 2.006627455440916492e+02 2.000000000000000000e+00 0.000000000000000000e+00
3.180000000000000000e+02 2.006709006486105977e+02 1.000000000000000000e+00 0.000000000000000000e+00
3.190000000000000000e+02 2.005491335310390184e+02 0.000000000000000000e+00 0.000000000000000000e+00
3.200000000000000000e+02 1.998781984662195725e+02 2.000000000000000000e+00 0.000000000000000000e+00
3.210000000000000000e+02 1.995041721212160439e+02 1.000000000000000000e+00 0.000000000000000000e+00
3.220000000000000000e+02 2.013678399907630023e+02 0.000000000000000000e+00 0.000000000000000000e+00
3.230000000000000000e+02 2.001373314994581563e+02 2.000000000000000000e+00 0.000000000000000000e+00
3.240000000000000000e+02 2.010084006649381365e+02 0.000000000000000000e+00 0.000000000000000000e+00
3.250000000000000000e+02 2.016957766640917100e+02 0.000000000000000000e+00 0.000000000000000000e+00
3.260000000000000000e+02 2.024087370773322618e+02 0.000000000000000000e+00 0.000000000000000000e+00
3.270000000000000000e+02 2.039421396521252916e+02 0.000000000000000000e+00 0.000000000000000000e+00
3.280000000000000000e+02 2.054186513316128639e+02 0.000000000000000000e+00 0.000000000000000000e+00
3.290000000000000000e+02 2.054895106622964533e+02 0.000000000000000000e+00 0.000000000000000000e+00
3.300000000000000000e+02 2.071332563212509683e+02 0.000000000000000000e+00 0.000000000000000000e+00
3.310000000000000000e+02 2.082933573792970208e+02 0.000000000000000000e+00 0.000000000000000000e+00
3.320000000000000000e+02 2.090559228337791069e+02 0.000000000000000000e+00 0.000000000000000000e+00
3.330000000000000000e+02 2.102906834293638099e+02 0.000000000000000000e+00 0.000000000000000000e+00
3.340000000000000000e+02 2.088823984377699787e+02 2.000000000000000000e+00 0.000000000000000000e+00
3.350000000000000000e+02 2.109373789976152977e+02 0.000000000000000000e+00 0.000000000000000000e+00
3.360000000000000000e+02 2.111205149508198815e+02 0.000000000000000000e+00 0.000000000000000000e+00
3.370000000000000000e+02 2.124178677518423797e+02 0.000000000000000000e+00 0.000000000000000000e+00
3.380000000000000000e+02 2.134477431892573236e+02 0.000000000000000000e+00 0.000000000000000000e+00
3.390000000000000000e+02 2.119417371340730085e+02 2.000000000000000000e+00 0.000000000000000000e+00
3.400000000000000000e+02 2.120466852880218482e+02 0.000000000000000000e+00 0.000000000000000000e+00
3.410000000000000000e+02 2.142453925383891544e+02 0.000000000000000000e+00 0.000000000000000000e+00
3.420000000000000000e+02 2.151701799997116211e+02 0.000000000000000000e+00 0.000000000000000000e+00
3.430000000000000000e+02 2.152508324354469664e+02 1.000000000000000000e+00 0.000000000000000000e+00
3.440000000000000000e+02 2.143890754596348529e+02 2.000000000000000000e+00 0.000000000000000000e+00
3.450000000000000000e+02 2.147219169546935689e+02 0.000000000000000000e+00 0.000000000000000000e+00
3.460000000000000000e+02 2.165842468699764254e+02 0.000000000000000000e+00 0.000000000000000000e+00
3.470000000000000000e+02 2.161264798511447225e+02 1.000000000000000000e+00 0.000000000000000000e+00
3.480000000000000000e+02 2.172123070087045562e+02 0.000000000000000000e+00 0.000000000000000000e+00
3.490000000000000000e+02 2.165025630297845964e+02 1.000000000000000000e+00 0.000000000000000000e+00
3.500000000000000000e+02 2.165487195761276098e+02 1.000000000000000000e+00 0.000000000000000000e+00
3.510000000000000000e+02 2.179345536698164381e+02 0.000000000000000000e+00 0.000000000000000000e+00
3.520000000000000000e+02 2.176142485331193939e+02 2.000000000000000000e+00 0.000000000000000000e+00
3.530000000000000000e+02 2.175200175628890804e+02 1.000000000000000000e+00 0.000000000000000000e+00
3.540000000000000000e+02 2.182674090869221288e+02 0.000000000000000000e+00 0.000000000000000000e+00
3.550000000000000000e+02 2.195255430793670541e+02 0.000000000000000000e+00 0.000000000000000000e+00
3.560000000000000000e+02 2.198347907681370259e+02 0.000000000000000000e+00 0.000000000000000000e+00
3.570000000000000000e+02 2.204019168049675557e+02 1.000000000000000000e+00 0.000000000000000000e+00
3.580000000000000000e+02 2.206695403605682202e+02 0.000000000000000000e+00 0.000000000000000000e+00
3.590000000000000000e+02 2.226387914383773250e+02 0.000000000000000000e+00 0.000000000000000000e+00
3.600000000000000000e+02 2.235989190592033253e+02 0.000000000000000000e+00 0.000000000000000000e+00
3.610000000000000000e+02 2.222852434316589267e+02 1.000000000000000000e+00 0.000000000000000000e+00
3.620000000000000000e+02 2.244217934380009467e+02 0.000000000000000000e+00 0.000000000000000000e+00
3.630000000000000000e+02 2.244026310022280484e+02 0.000000000000000000e+00 0.000000000000000000e+00
3.640000000000000000e+02 2.262373021179245143e+02 0.000000000000000000e+00 0.000000000000000000e+00
3.650000000000000000e+02 2.250592852798111494e+02 2.000000000000000000e+00 0.000000000000000000e+00
3.660000000000000000e+02 2.246467793349030728e+02 1.000000000000000000e+00 0.000000000000000000e+00
3.670000000000000000e+02 2.246813568244361932e+02 2.000000000000000000e+00 0.000000000000000000e+00
3.680000000000000000e+02 2.227351362324632191e+02 2.000000000000000000e+00 0.000000000000000000e+00
3.690000000000000000e+02 2.239484048363995328e+02 0.000000000000000000e+00 0.000000000000000000e+00
3.700000000000000000e+02 2.250204134755059613e+02 0.000000000000000000e+00 0.000000000000000000e+00
3.710000000000000000e+02 2.262366399037272799e+02 0.000000000000000000e+00 0.000000000000000000e+00
3.720000000000000000e+02 2.270968770118734881e+02 0.000000000000000000e+00 0.000000000000000000e+00
3.730000000000000000e+02 2.282679608903021347e+02 0.000000000000000000e+00 0.000000000000000000e+00
3.740000000000000000e+02 2.284014420183218022e+02 0.000000000000000000e+00 0.000000000000000000e+00
3.750000000000000000e+02 2.300528130223452479e+02 0.000000000000000000e+00 0.000000000000000000e+00
3.760000000000000000e+02 2.307911086390842854e+02 0.000000000000000000e+00 0.000000000000000000e+00
3.770000000000000000e+02 2.328884783652991359e+02 0.000000000000000000e+00 0.000000000000000000e+00
3.780000000000000000e+02 2.315263124144026392e+02 2.000000000000000000e+00 0.000000000000000000e+00
3.790000000000000000e+02 2.321906611807212926e+02 0.000000000000000000e+00 0.000000000000000000e+00
3.800000000000000000e+02 2.314253336030498929e+02 2.000000000000000000e+00 0.000000000000000000e+00
3.810000000000000000e+02 2.322427238616903367e+02 0.000000000000000000e+00 0.000000000000000000e+00
3.820000000000000000e+02 2.325639858462213851e+02 0.000000000000000000e+00 0.000000000000000000e+00
3.830000000000000000e+02 2.327733408365222090e+02 1.000000000000000000e+00 0.000000000000000000e+00
3.840000000000000000e+02 2.338604563079223340e+02 0.000000000000000000e+00 0.000000000000000000e+00
3.850000000000000000e+02 2.347409514260614856e+02 0.000000000000000000e+00 0.000000000000000000e+00
3.860000000000000000e+02 2.357674080183410865e+02 0.000000000000000000e+00 0.000000000000000000e+00
3.870000000000000000e+02 2.379379296380945732e+02 0.000000000000000000e+00 0.000000000000000000e+00
3.880000000000000000e+02 2.381913994523285680e+02 0.000000000000000000e+00 0.000000000000000000e+00
3.890000000000000000e+02 2.385019585457376081e+02 0.000000000000000000e+00 0.000000000000000000e+00
3.900000000000000000e+02 2.406904943361225264e+02 0.000000000000000000e+00 0.000000000000000000e+00
3.910000000000000000e+02 2.406217665425340329e+02 1.000000000000000000e+00 0.000000000000000000e+00
3.920000000000000000e+02 2.408881620346847114e+02 0.000000000000000000e+00 0.000000000000000000e+00
3.930000000000000000e+02 2.413291660520480946e+02 1.000000000000000000e+00 0.000000000000000000e+00
3.940000000000000000e+02 2.413015133955240401e+02 0.000000000000000000e+00 0.000000000000000000e+00
3.950000000000000000e+02 2.413773967452826525e+02 2.000000000000000000e+00 0.000000000000000000e+00
3.960000000000000000e+02 2.416496454665642943e+02 0.000000000000000000e+00 0.000000000000000000e+00
3.970000000000000000e+02 2.439519122466639089e+02 0.000000000000000000e+00 0.000000000000000000e+00
3.980000000000000000e+02 2.444324586264445429e+02 0.000000000000000000e+00 0.000000000000000000e+00
3.990000000000000000e+02 2.455121225582055899e+02 0.000000000000000000e+00 0.000000000000000000e+00
4.000000000000000000e+02 2.461389693823379901e+02 0.000000000000000000e+00 0.000000000000000000e+00
4.010000000000000000e+02 2.445375033776763871e+02 2.000000000000000000e+00 0.000000000000000000e+00
4.020000000000000000e+02 2.446756062723451919e+02 1.000000000000000000e+00 0.000000000000000000e+00
4.030000000000000000e+02 2.466106486252055277e+02 0.000000000000000000e+00 0.000000000000000000e+00
4.040000000000000000e+02 2.464429686617709194e+02 0.000000000000000000e+00 0.000000000000000000e+00
4.050000000000000000e+02 2.471068585516428584e+02 0.000000000000000000e+00 0.000000000000000000e+00
4.060000000000000000e+02 2.495588094640583563e+02 0.000000000000000000e+00 0.000000000000000000e+00
4.070000000000000000e+02 2.503100073659099110e+02 0.000000000000000000e+00 0.000000000000000000e+00
4.080000000000000000e+02 2.510486736537859827e+02 0.000000000000000000e+00 0.000000000000000000e+00
4.090000000000000000e+02 2.519878781145169171e+02 0.000000000000000000e+00 0.000000000000000000e+00
4.100000000000000000e+02 2.535744370571657669e+02 0.000000000000000000e+00 0.000000000000000000e+00
4.110000000000000000e+02 2.527926059218077626e+02 0.000000000000000000e+00 0.000000000000000000e+00
4.120000000000000000e+02 2.555060430509698222e+02 0.000000000000000000e+00 0.000000000000000000e+00
4.130000000000000000e+02 2.552594087662027960e+02 0.000000000000000000e+00 0.000000000000000000e+00
4.140000000000000000e+02 2.563947537601943054e+02 0.000000000000000000e+00 0.000000000000000000e+00
4.150000000000000000e+02 2.590465138407082009e+02 0.000000000000000000e+00 0.000000000000000000e+00
4.160000000000000000e+02 2.595410891740079933e+02 0.000000000000000000e+00 0.000000000000000000e+00
4.170000000000000000e+02 2.596985641728161340e+02 0.000000000000000000e+00 0.000000000000000000e+00
4.180000000000000000e+02 2.613073803668980872e+02 0.000000000000000000e+00 0.000000000000000000e+00
4.190000000000000000e+02 2.612565226903485041e+02 2.000000000000000000e+00 0.000000000000000000e+00
4.200000000000000000e+02 2.602054872479303071e+02 1.000000000000000000e+00 0.000000000000000000e+00
4.210000000000000000e+02 2.612390979844959702e+02 0.000000000000000000e+00 0.000000000000000000e+00
4.220000000000000000e+02 2.595394332713315748e+02 2.000000000000000000e+00 0.000000000000000000e+00
4.230000000000000000e+02 2.594921261902246670e+02 2.000000000000000000e+00 0.000000000000000000e+00
4.240000000000000000e+02 2.599971322992241767e+02 0.000000000000000000e+00 0.000000000000000000e+00
4.250000000000000000e+02 2.607961449293438818e+02 0.000000000000000000e+00 0.000000000000000000e+00
4.260000000000000000e+02 2.625414555891049417e+02 0.000000000000000000e+00 0.000000000000000000e+00
4.270000000000000000e+02 2.634071860391253495e+02 0.000000000000000000e+00 0.000000000000000000e+00
4.280000000000000000e+02 2.639468489030153364e+02 0.000000000000000000e+00 0.000000000000000000e+00
4.290000000000000000e+02 2.632651680299758823e+02 1.000000000000000000e+00 0.000000000000000000e+00
4.300000000000000000e+02 2.654251255048655480e+02 0.000000000000000000e+00 0.000000000000000000e+00
4.310000000000000000e+02 2.656489742399595571e+02 0.000000000000000000e+00 0.000000000000000000e+00
4.320000000000000000e+02 2.667365849592566747e+02 0.000000000000000000e+00 0.000000000000000000e+00
4.330000000000000000e+02 2.681008106472051509e+02 0.000000000000000000e+00 0.000000000000000000e+00
4.340000000000000000e+02 2.683202051249978126e+02 1.000000000000000000e+00 0.000000000000000000e+00
4.350000000000000000e+02 2.688714494606628591e+02 0.000000000000000000e+00 0.000000000000000000e+00
4.360000000000000000e+02 2.704660768671389519e+02 0.000000000000000000e+00 0.000000000000000000e+00
4.370000000000000000e+02 2.710758111146739679e+02 0.000000000000000000e+00 0.000000000000000000e+00
4.380000000000000000e+02 2.717038330596355991e+02 0.000000000000000000e+00 0.000000000000000000e+00
4.390000000000000000e+02 2.724510500620481253e+02 0.000000000000000000e+00 0.000000000000000000e+00
4.400000000000000000e+02 2.749799147277326483e+02 0.000000000000000000e+00 0.000000000000000000e+00
4.410000000000000000e+02 2.750598643144718949e+02 0.000000000000000000e+00 0.000000000000000000e+00
4.420000000000000000e+02 2.759595437981981831e+02 0.000000000000000000e+00 0.000000000000000000e+00
4.430000000000000000e+02 2.765630656461804620e+02 0.000000000000000000e+00 0.000000000000000000e+00
4.440000000000000000e+02 2.779325819334445100e+02 0.000000000000000000e+00 0.000000000000000000e+00
4.450000000000000000e+02 2.759652766737235083e+02 2.000000000000000000e+00 0.000000000000000000e+00
4.460000000000000000e+02 2.756233796610584363e+02 2.000000000000000000e+00 0.000000000000000000e+00
4.470000000000000000e+02 2.747187198066530982e+02 2.000000000000000000e+00 0.000000000000000000e+00
4.480000000000000000e+02 2.742657471927877282e+02 2.000000000000000000e+00 0.000000000000000000e+00
4.490000000000000000e+02 2.741121138921479883e+02 0.000000000000000000e+00 0.000000000000000000e+00
4.500000000000000000e+02 2.758895552435417926e+02 0.000000000000000000e+00 0.000000000000000000e+00
4.510000000000000000e+02 2.768385119661817839e+02 0.000000000000000000e+00 0.000000000000000000e+00
4.520000000000000000e+02 2.775706489701314013e+02 1.000000000000000000e+00 0.000000000000000000e+00
4.530000000000000000e+02 2.786232709128918259e+02 0.000000000000000000e+00 0.000000000000000000e+00
4.540000000000000000e+02 2.795078810700307486e+02 0.000000000000000000e+00 0.000000000000000000e+00
4.550000000000000000e+02 2.793244649315254264e+02 0.000000000000000000e+00 0.000000000000000000e+00
4.560000000000000000e+02 2.816360714363154898e+02 0.000000000000000000e+00 0.000000000000000000e+00
4.570000000000000000e+02 2.813841927844177917e+02 0.000000000000000000e+00 0.000000000000000000e+00
4.580000000000000000e+02 2.817508185594140286e+02 1.000000000000000000e+00 0.000000000000000000e+00
4.590000000000000000e+02 2.830170888435969800e+02 0.000000000000000000e+00 0.000000000000000000e+00
4.600000000000000000e+02 2.843626903736670215e+02 0.000000000000000000e+00 0.000000000000000000e+00
4.610000000000000000e+02 2.849806815650490535e+02 0.000000000000000000e+00 0.000000000000000000e+00
4.620000000000000000e+02 2.860985835733377485e+02 0.000000000000000000e+00 0.000000000000000000e+00
4.630000000000000000e+02 2.870834603028931724e+02 0.000000000000000000e+00 0.000000000000000000e+00
4.640000000000000000e+02 2.877855120168496796e+02 0.000000000000000000e+00 0.000000000000000000e+00
4.650000000000000000e+02 2.890777002426004287e+02 0.000000000000000000e+00 0.000000000000000000e+00
4.660000000000000000e+02 2.901088985172505659e+02 0.000000000000000000e+00 0.000000000000000000e+00
4.670000000000000000e+02 2.904658194638645909e+02 0.000000000000000000e+00 0.000000000000000000e+00
4.680000000000000000e+02 2.917928977759260647e+02 0.000000000000000000e+00 0.000000000000000000e+00
4.690000000000000000e+02 2.931275345778582846e+02 0.000000000000000000e+00 0.000000000000000000e+00
4.700000000000000000e+02 2.941613530542039143e+02 0.000000000000000000e+00 0.000000000000000000e+00
4.710000000000000000e+02 2.933674389485917686e+02 0.000000000000000000e+00 0.000000000000000000e+00
4.720000000000000000e+02 2.958582784414600724e+02 0.000000000000000000e+00 0.000000000000000000e+00
4.730000000000000000e+02 2.977823105648743649e+02 0.000000000000000000e+00 0.000000000000000000e+00
4.740000000000000000e+02 2.982408420639222868e+02 0.000000000000000000e+00 0.000000000000000000e+00
4.750000000000000000e+02 2.994357018976625113e+02 0.000000000000000000e+00 0.000000000000000000e+00
4.760000000000000000e+02 3.001133459404290988e+02 1.000000000000000000e+00 0.000000000000000000e+00
4.770000000000000000e+02 3.003521085670507205e+02 0.000000000000000000e+00 0.000000000000000000e+00
4.780000000000000000e+02 3.011090569549875227e+02 0.000000000000000000e+00 0.000000000000000000e+00
4.790000000000000000e+02 3.005997666038879856e+02 2.000000000000000000e+00 0.000000000000000000e+00
4.800000000000000000e+02 3.003186664755853030e+02 0.000000000000000000e+00 0.000000000000000000e+00
4.810000000000000000e+02 3.022982685861144887e+02 0.000000000000000000e+00 0.000000000000000000e+00
4.820000000000000000e+02 3.024584631730889441e+02 0.000000000000000000e+00 0.000000000000000000e+00
4.830000000000000000e+02 3.037073941080060422e+02 0.000000000000000000e+00 0.000000000000000000e+00
4.840000000000000000e+02 3.056465791466116002e+02 0.000000000000000000e+00 0.000000000000000000e+00
4.850000000000000000e+02 3.059171224637997852e+02 0.000000000000000000e+00 0.000000000000000000e+00
4.860000000000000000e+02 3.045399087541071026e+02 2.000000000000000000e+00 0.000000000000000000e+00
4.870000000000000000e+02 3.064272858324089270e+02 0.000000000000000000e+00 0.000000000000000000e+00
4.880000000000000000e+02 3.074249013774585251e+02 0.000000000000000000e+00 0.000000000000000000e+00
4.890000000000000000e+02 3.065303798186638460e+02 1.000000000000000000e+00 0.000000000000000000e+00
4.900000000000000000e+02 3.059111187402619976e+02 1.000000000000000000e+00 0.000000000000000000e+00
4.910000000000000000e+02 3.078122157787288984e+02 0.000000000000000000e+00 0.000000000000000000e+00
4.920000000000000000e+02 3.081563392624534572e+02 0.000000000000000000e+00 0.000000000000000000e+00
4.930000000000000000e+02 3.098426072157820386e+02 0.000000000000000000e+00 0.000000000000000000e+00
4.940000000000000000e+02 3.104026220629297654e+02 1.000000000000000000e+00 0.000000000000000000e+00
4.950000000000000000e+02 3.104050769760515891e+02 0.000000000000000000e+00 0.000000000000000000e+00
4.960000000000000000e+02 3.117062520667469130e+02 0.000000000000000000e+00 0.000000000000000000e+00
4.970000000000000000e+02 3.129652636685631251e+02 0.000000000000000000e+00 0.000000000000000000e+00
4.980000000000000000e+02 3.142360846387877586e+02 0.000000000000000000e+00 0.000000000000000000e+00
4.990000000000000000e+02 3.148362367101101995e+02 0.000000000000000000e+00 0.000000000000000000e+00
5.000000000000000000e+02 3.159776979836045712e+02 0.000000000000000000e+00 0.000000000000000000e+00
5.010000000000000000e+02 3.164518682342093712e+02 0.000000000000000000e+00 0.000000000000000000e+00
5.020000000000000000e+02 3.170998970183222809e+02 1.000000000000000000e+00 0.000000000000000000e+00
5.030000000000000000e+02 3.176712128891215912e+02 1.000000000000000000e+00 0.000000000000000000e+00
5.040000000000000000e+02 3.172453779933535429e+02 0.000000000000000000e+00 0.000000000000000000e+00
5.050000000000000000e+02 3.173655824955622506e+02 1.000000000000000000e+00 0.000000000000000000e+00
5.060000000000000000e+02 3.192301646640016770e+02 0.000000000000000000e+00 0.000000000000000000e+00
5.070000000000000000e+02 3.203411869470598390e+02 0.000000000000000000e+00 0.000000000000000000e+00
5.080000000000000000e+02 3.211271200977257081e+02 0.000000000000000000e+00 0.000000000000000000e+00
5.090000000000000000e+02 3.216066401808849946e+02 0.000000000000000000e+00 0.000000000000000000e+00
5.100000000000000000e+02 3.236105613898345723e+02 0.000000000000000000e+00 0.000000000000000000e+00
5.110000000000000000e+02 3.243131542465445136e+02 0.000000000000000000e+00 0.000000000000000000e+00
5.120000000000000000e+02 3.249192369154161497e+02 0.000000000000000000e+00 0.000000000000000000e+00
5.130000000000000000e+02 3.255588826517899292e+02 0.000000000000000000e+00 0.000000000000000000e+00
5.140000000000000000e+02 3.257928552431316689e+02 0.000000000000000000e+00 0.000000000000000000e+00
5.150000000000000000e+02 3.278548840460052816e+02 0.000000000000000000e+00 0.000000000000000000e+00
5.160000000000000000e+02 3.293341355673365456e+02 0.000000000000000000e+00 0.000000000000000000e+00
5.170000000000000000e+02 3.281568847021769102e+02 2.000000000000000000e+00 0.000000000000000000e+00
5.180000000000000000e+02 3.284728101217326639e+02 0.000000000000000000e+00 0.000000000000000000e+00
5.190000000000000000e+02 3.297969396871198455e+02 0.000000000000000000e+00 0.000000000000000000e+00
5.200000000000000000e+02 3.312795993819410114e+02 0.000000000000000000e+00 0.000000000000000000e+00
5.210000000000000000e+02 3.319829776187096400e+02 0.000000000000000000e+00 0.000000000000000000e+00
5.220000000000000000e+02 3.331058844514631119e+02 0.000000000000000000e+00 0.000000000000000000e+00
5.230000000000000000e+02 3.330133501634912818e+02 1.000000000000000000e+00 0.000000000000000000e+00
5.240000000000000000e+02 3.344148678571590381e+02 0.000000000000000000e+00 0.000000000000000000e+00
5.250000000000000000e+02 3.360691932402748421e+02 0.000000000000000000e+00 0.000000000000000000e+00
5.260000000000000000e+02 3.352788235555530036e+02 1.000000000000000000e+00 0.000000000000000000e+00
5.270000000000000000e+02 3.371035807997247389e+02 0.000000000000000000e+00 0.000000000000000000e+00
5.280000000000000000e+02 3.364599860558121236e+02 0.000000000000000000e+00 0.000000000000000000e+00
5.290000000000000000e+02 3.387853396235262835e+02 0.000000000000000000e+00 0.000000000000000000e+00
5.300000000000000000e+02 3.385677902282343439e+02 0.000000000000000000e+00 0.000000000000000000e+00
5.310000000000000000e+02 3.392975536494578819e+02 0.000000000000000000e+00 0.000000000000000000e+00
5.320000000000000000e+02 3.412994987606580821e+02 0.000000000000000000e+00 0.000000000000000000e+00
5.330000000000000000e+02 3.418753103252236656e+02 0.000000000000000000e+00 0.000000000000000000e+00
5.340000000000000000e+02 3.432736330555110271e+02 0.000000000000000000e+00 0.000000000000000000e+00
5.350000000000000000e+02 3.443100660917640425e+02 0.000000000000000000e+00 0.000000000000000000e+00
5.360000000000000000e+02 3.448793479124820465e+02 0.000000000000000000e+00 0.000000000000000000e+00
5.370000000000000000e+02 3.457808874385305558e+02 0.000000000000000000e+00 0.000000000000000000e+00
5.380000000000000000e+02 3.448093635339613456e+02 2.000000000000000000e+00 0.000000000000000000e+00
5.390000000000000000e+02 3.434379751633123874e+02 2.000000000000000000e+00 0.000000000000000000e+00
5.400000000000000000e+02 3.425267833036536445e+02 2.000000000000000000e+00 0.000000000000000000e+00
5.410000000000000000e+02 3.441411659444493125e+02 0.000000000000000000e+00 0.000000000000000000e+00
5.420000000000000000e+02 3.446551745613198818e+02 0.000000000000000000e+00 0.000000000000000000e+00
5.430000000000000000e+02 3.459321843412888597e+02 0.000000000000000000e+00 0.000000000000000000e+00
5.440000000000000000e+02 3.446385017475635664e+02 2.000000000000000000e+00 0.000000000000000000e+00
5.450000000000000000e+02 3.445167472577043668e+02 1.000000000000000000e+00 0.000000000000000000e+00
5.460000000000000000e+02 3.445835145588605997e+02 1.000000000000000000e+00 0.000000000000000000e+00
5.470000000000000000e+02 3.458608744039626686e+02 0.000000000000000000e+00 0.000000000000000000e+00
5.480000000000000000e+02 3.477892053717051226e+02 0.000000000000000000e+00 0.000000000000000000e+00
5.490000000000000000e+02 3.476980698383490562e+02 1.000000000000000000e+00 0.000000000000000000e+00
5.500000000000000000e+02 3.458241590614042025e+02 2.000000000000000000e+00 0.000000000000000000e+00
5.510000000000000000e+02 3.465503170849167986e+02 1.000000000000000000e+00 0.000000000000000000e+00
5.520000000000000000e+02 3.458680318746265812e+02 0.000000000000000000e+00 0.000000000000000000e+00
5.530000000000000000e+02 3.471029673769810984e+02 1.000000000000000000e+00 0.000000000000000000e+00
5.540000000000000000e+02 3.481297423379949123e+02 0.000000000000000000e+00 0.000000000000000000e+00
5.550000000000000000e+02 3.493331655041394015e+02 0.000000000000000000e+00 0.000000000000000000e+00
5.560000000000000000e+02 3.504051689369870246e+02 0.000000000000000000e+00 0.000000000000000000e+00
5.570000000000000000e+02 3.513156213218106814e+02 0.000000000000000000e+00 0.000000000000000000e+00
5.580000000000000000e+02 3.526880120998259258e+02 0.000000000000000000e+00 0.000000000000000000e+00
5.590000000000000000e+02 3.538867134804198713e+02 0.000000000000000000e+00 0.000000000000000000e+00
5.600000000000000000e+02 3.534860891866496786e+02 0.000000000000000000e+00 0.000000000000000000e+00
5.610000000000000000e+02 3.555660641282882466e+02 0.000000000000000000e+00 0.000000000000000000e+00
5.620000000000000000e+02 3.557804552878459958e+02 1.000000000000000000e+00 0.000000000000000000e+00
5.630000000000000000e+02 3.556213355498464352e+02 1.000000000000000000e+00 0.000000000000000000e+00
5.640000000000000000e+02 3.545242314187354395e+02 0.000000000000000000e+00 0.000000000000000000e+00
5.650000000000000000e+02 3.566785625726192279e+02 0.000000000000000000e+00 0.000000000000000000e+00
5.660000000000000000e+02 3.564214273472739478e+02 1.000000000000000000e+00 0.000000000000000000e+00
5.670000000000000000e+02 3.578672406521029075e+02 0.000000000000000000e+00 0.000000000000000000e+00
5.680000000000000000e+02 3.578072385758078440e+02 0.000000000000000000e+00 0.000000000000000000e+00
5.690000000000000000e+02 3.591889057734406947e+02 0.000000000000000000e+00 0.000000000000000000e+00
5.700000000000000000e+02 3.588208676881891961e+02 2.000000000000000000e+00 0.000000000000000000e+00
5.710000000000000000e+02 3.603292896795653064e+02 0.000000000000000000e+00 0.000000000000000000e+00
5.720000000000000000e+02 3.610727344255118965e+02 0.000000000000000000e+00 0.000000000000000000e+00
5.730000000000000000e+02 3.616755610590127503e+02 1.000000000000000000e+00 0.000000000000000000e+00
5.740000000000000000e+02 3.604066265495477523e+02 1.000000000000000000e+00 0.000000000000000000e+00
5.750000000000000000e+02 3.612656347787160485e+02 0.000000000000000000e+00 0.000000000000000000e+00
5.760000000000000000e+02 3.626060491181697216e+02 0.000000000000000000e+00 0.000000000000000000e+00
5.770000000000000000e+02 3.648362218108550792e+02 0.000000000000000000e+00 0.000000000000000000e+00
5.780000000000000000e+02 3.645973080478459565e+02 0.000000000000000000e+00 0.000000000000000000e+00
5.790000000000000000e+02 3.664011236798246500e+02 0.000000000000000000e+00 0.000000000000000000e+00
5.800000000000000000e+02 3.675457789061907761e+02 0.000000000000000000e+00 0.000000000000000000e+00
5.810000000000000000e+02 3.677396216148595158e+02 0.000000000000000000e+00 0.000000000000000000e+00
5.820000000000000000e+02 3.683511851610537633e+02 0.000000000000000000e+00 0.000000000000000000e+00
5.830000000000000000e+02 3.696542245628436945e+02 0.000000000000000000e+00 0.000000000000000000e+00
5.840000000000000000e+02 3.708906353234048652e+02 0.000000000000000000e+00 0.000000000000000000e+00
5.850000000000000000e+02 3.721973502294148375e+02 0.000000000000000000e+00 0.000000000000000000e+00
5.860000000000000000e+02 3.728849875736768809e+02 0.000000000000000000e+00 0.000000000000000000e+00
5.870000000000000000e+02 3.714503442769810135e+02 2.000000000000000000e+00 0.000000000000000000e+00
5.880000000000000000e+02 3.729960376641434436e+02 0.000000000000000000e+00 0.000000000000000000e+00
5.890000000000000000e+02 3.737370583827938049e+02 0.000000000000000000e+00 0.000000000000000000e+00
5.900000000000000000e+02 3.757731146892126617e+02 0.000000000000000000e+00 0.000000000000000000e+00
5.910000000000000000e+02 3.762814200610872604e+02 0.000000000000000000e+00 0.000000000000000000e+00
5.920000000000000000e+02 3.767945846768338356e+02 0.000000000000000000e+00 0.000000000000000000e+00
5.930000000000000000e+02 3.780900933688437249e+02 0.000000000000000000e+00 0.000000000000000000e+00
5.940000000000000000e+02 3.780582405241150354e+02 0.000000000000000000e+00 0.000000000000000000e+00
5.950000000000000000e+02 3.808433952977051717e+02 0.000000000000000000e+00 0.000000000000000000e+00
5.960000000000000000e+02 3.789255159167826150e+02 1.000000000000000000e+00 0.000000000000000000e+00
5.970000000000000000e+02 3.806177190309597336e+02 0.000000000000000000e+00 0.000000000000000000e+00
5.980000000000000000e+02 3.827431914586602488e+02 0.000000000000000000e+00 0.000000000000000000e+00
5.990000000000000000e+02 3.820726625738537336e+02 0.000000000000000000e+00 0.000000000000000000e+00
6.000000000000000000e+02 3.833015437623035382e+02 0.000000000000000000e+00 0.000000000000000000e+00
6.010000000000000000e+02 3.831604832148965443e+02 2.000000000000000000e+00 0.000000000000000000e+00
6.020000000000000000e+02 3.846119285507184600e+02 0.000000000000000000e+00 0.000000000000000000e+00
6.030000000000000000e+02 3.836578851652472508e+02 1.000000000000000000e+00 0.000000000000000000e+00
6.040000000000000000e+02 3.835863189057527052e+02 1.000000000000000000e+00 0.000000000000000000e+00
6.050000000000000000e+02 3.848056704575599838e+02 1.000000000000000000e+00 0.000000000000000000e+00
6.060000000000000000e+02 3.859179838491444912e+02 0.000000000000000000e+00 0.000000000000000000e+00
6.070000000000000000e+02 3.862208643464362581e+02 0.000000000000000000e+00 0.000000000000000000e+00
6.080000000000000000e+02 3.861454816211206662e+02 0.000000000000000000e+00 0.000000000000000000e+00
6.090000000000000000e+02 3.884233411306445305e+02 0.000000000000000000e+00 0.000000000000000000e+00
6.100000000000000000e+02 3.894660066562311158e+02 0.000000000000000000e+00 0.000000000000000000e+00
6.110000000000000000e+02 3.908721638691960720e+02 0.000000000000000000e+00 0.000000000000000000e+00
6.120000000000000000e+02 3.897092755623125981e+02 2.000000000000000000e+00 0.000000000000000000e+00
6.130000000000000000e+02 3.883019744541885530e+02 1.000000000000000000e+00 0.000000000000000000e+00
6.140000000000000000e+02 3.895473691320078160e+02 0.000000000000000000e+00 0.000000000000000000e+00
6.150000000000000000e+02 3.913127411944334995e+02 0.000000000000000000e+00 0.000000000000000000e+00
6.160000000000000000e+02 3.897602072384066787e+02 2.000000000000000000e+00 0.000000000000000000e+00
6.170000000000000000e+02 3.900282177929883574e+02 1.000000000000000000e+00 0.000000000000000000e+00
6.180000000000000000e+02 3.910838749015958911e+02 0.000000000000000000e+00 0.000000000000000000e+00
6.190000000000000000e+02 3.921930059376232407e+02 0.000000000000000000e+00 0.000000000000000000e+00
6.200000000000000000e+02 3.932753441323434913e+02 0.000000000000000000e+00 0.000000000000000000e+00
6.210000000000000000e+02 3.953811245205292266e+02 0.000000000000000000e+00 0.000000000000000000e+00
6.220000000000000000e+02 3.951820689693008717e+02 0.000000000000000000e+00 0.000000000000000000e+00
6.230000000000000000e+02 3.964701111807941629e+02 0.000000000000000000e+00 0.000000000000000000e+00
6.240000000000000000e+02 3.976599305694469422e+02 0.000000000000000000e+00 0.000000000000000000e+00
6.250000000000000000e+02 3.959004314725116274e+02 2.000000000000000000e+00 0.000000000000000000e+00
6.260000000000000000e+02 3.960020119509458141e+02 1.000000000000000000e+00 0.000000000000000000e+00
6.270000000000000000e+02 3.958278935372117644e+02 1.000000000000000000e+00 0.000000000000000000e+00
6.280000000000000000e+02 3.962413582854012475e+02 1.000000000000000000e+00 0.000000000000000000e+00
6.290000000000000000e+02 3.963850770398037184e+02 1.000000000000000000e+00 0.000000000000000000e+00
6.300000000000000000e+02 3.963028474788644075e+02 1.000000000000000000e+00 0.000000000000000000e+00
6.310000000000000000e+02 3.982548164264829893e+02 0.000000000000000000e+00 0.000000000000000000e+00
6.320000000000000000e+02 3.966919473372053062e+02 1.000000000000000000e+00 0.000000000000000000e+00
6.330000000000000000e+02 3.969891808605264032e+02 1.000000000000000000e+00 0.000000000000000000e+00
6.340000000000000000e+02 3.977599325649773618e+02 0.000000000000000000e+00 0.000000000000000000e+00
6.350000000000000000e+02 3.985954343407398710e+02 0.000000000000000000e+00 0.000000000000000000e+00
6.360000000000000000e+02 4.001379119745773210e+02 0.000000000000000000e+00 0.000000000000000000e+00
6.370000000000000000e+02 4.014378737400372756e+02 0.000000000000000000e+00 0.000000000000000000e+00
6.380000000000000000e+02 4.027396381819627891e+02 0.000000000000000000e+00 0.000000000000000000e+00
6.390000000000000000e+02 4.032841017870302949e+02 0.000000000000000000e+00 0.000000000000000000e+00
6.400000000000000000e+02 4.031038337375990750e+02 0.000000000000000000e+00 0.000000000000000000e+00
6.410000000000000000e+02 4.048335914634291157e+02 0.000000000000000000e+00 0.000000000000000000e+00
6.420000000000000000e+02 4.050504584138406017e+02 0.000000000000000000e+00 0.000000000000000000e+00
6.430000000000000000e+02 4.069094180390383144e+02 0.000000000000000000e+00 0.000000000000000000e+00
6.440000000000000000e+02 4.063443591820798133e+02 0.000000000000000000e+00 0.000000000000000000e+00
6.450000000000000000e+02 4.089343897181217358e+02 0.000000000000000000e+00 0.000000000000000000e+00
6.460000000000000000e+02 4.101790004825986102e+02 0.000000000000000000e+00 0.000000000000000000e+00
6.470000000000000000e+02 4.112583982611947135e+02 0.000000000000000000e+00 0.000000000000000000e+00
6.480000000000000000e+02 4.112461032998826340e+02 0.000000000000000000e+00 0.000000000000000000e+00
6.490000000000000000e+02 4.127236298308996538e+02 0.000000000000000000e+00 0.000000000000000000e+00
6.500000000000000000e+02 4.115586467482950752e+02 2.000000000000000000e+00 0.000000000000000000e+00
6.510000000000000000e+02 4.131933601052532481e+02 0.000000000000000000e+00 0.000000000000000000e+00
6.520000000000000000e+02 4.138404484517929518e+02 0.000000000000000000e+00 0.000000000000000000e+00
6.530000000000000000e+02 4.147298380348253204e+02 0.000000000000000000e+00 0.000000000000000000e+00
6.540000000000000000e+02 4.168479241457711169e+02 0.000000000000000000e+00 0.000000000000000000e+00
6.550000000000000000e+02 4.167741465549448208e+02 0.000000000000000000e+00 0.000000000000000000e+00
6.560000000000000000e+02 4.176831284247620033e+02 1.000000000000000000e+00 0.000000000000000000e+00
6.570000000000000000e+02 4.174300798146948068e+02 0.000000000000000000e+00 0.000000000000000000e+00
6.580000000000000000e+02 4.186218460313645551e+02 0.000000000000000000e+00 0.000000000000000000e+00
6.590000000000000000e+02 4.200355610800986028e+02 0.000000000000000000e+00 0.000000000000000000e+00
6.600000000000000000e+02 4.206248125493237922e+02 0.000000000000000000e+00 0.000000000000000000e+00
6.610000000000000000e+02 4.225452787569353177e+02 0.000000000000000000e+00 0.000000000000000000e+00
6.620000000000000000e+02 4.231650155263093893e+02 0.000000000000000000e+00 0.000000000000000000e+00
6.630000000000000000e+02 4.242316839088941833e+02 0.000000000000000000e+00 0.000000000000000000e+00
6.640000000000000000e+02 4.254686633191277565e+02 0.000000000000000000e+00 0.000000000000000000e+00
6.650000000000000000e+02 4.263042091351634895e+02 0.000000000000000000e+00 0.000000000000000000e+00
6.660000000000000000e+02 4.270952838580996058e+02 0.000000000000000000e+00 0.000000000000000000e+00
6.670000000000000000e+02 4.277131557293907917e+02 0.000000000000000000e+00 0.000000000000000000e+00
6.680000000000000000e+02 4.284193683435365188e+02 0.000000000000000000e+00 0.000000000000000000e+00
6.690000000000000000e+02 4.298220370406748998e+02 0.000000000000000000e+00 0.000000000000000000e+00
6.700000000000000000e+02 4.313235601342479413e+02 0.000000000000000000e+00 0.000000000000000000e+00
6.710000000000000000e+02 4.311643221967872819e+02 1.000000000000000000e+00 0.000000000000000000e+00
6.720000000000000000e+02 4.323725347578274523e+02 0.000000000000000000e+00 0.000000000000000000e+00
6.730000000000000000e+02 4.324833027617448238e+02 0.000000000000000000e+00 0.000000000000000000e+00
6.740000000000000000e+02 4.335822802578164783e+02 0.000000000000000000e+00 0.000000000000000000e+00
6.750000000000000000e+02 4.345627024075967597e+02 0.000000000000000000e+00 0.000000000000000000e+00
6.760000000000000000e+02 4.359206395728806456e+02 0.000000000000000000e+00 0.000000000000000000e+00
6.770000000000000000e+02 4.382138820371506540e+02 0.000000000000000000e+00 0.000000000000000000e+00
6.780000000000000000e+02 4.365133679720481723e+02 2.000000000000000000e+00 0.000000000000000000e+00
6.790000000000000000e+02 4.349058038965293917e+02 2.000000000000000000e+00 0.000000000000000000e+00
6.800000000000000000e+02 4.358247119345970191e+02 0.000000000000000000e+00 0.000000000000000000e+00
6.810000000000000000e+02 4.379989527820796411e+02 0.000000000000000000e+00 0.000000000000000000e+00
6.820000000000000000e+02 4.372773747702480023e+02 1.000000000000000000e+00 0.000000000000000000e+00
6.830000000000000000e+02 4.387402724026775900e+02 0.000000000000000000e+00 0.000000000000000000e+00
6.840000000000000000e+02 4.388887939396092861e+02 0.000000000000000000e+00 0.000000000000000000e+00
6.850000000000000000e+02 4.398569115716020974e+02 0.000000000000000000e+00 0.000000000000000000e+00
6.860000000000000000e+02 4.410990908986839258e+02 0.000000000000000000e+00 0.000000000000000000e+00
6.870000000000000000e+02 4.407080999718752423e+02 1.000000000000000000e+00 0.000000000000000000e+00
6.880000000000000000e+02 4.431309007176669184e+02 0.000000000000000000e+00 0.000000000000000000e+00
6.890000000000000000e+02 4.434670552539884056e+02 0.000000000000000000e+00 0.000000000000000000e+00
6.900000000000000000e+02 4.433716904326452664e+02 1.000000000000000000e+00 0.000000000000000000e+00
6.910000000000000000e+02 4.432064531771925431e+02 1.000000000000000000e+00 0.000000000000000000e+00
6.920000000000000000e+02 4.420329506288675248e+02 2.000000000000000000e+00 0.000000000000000000e+00
6.930000000000000000e+02 4.431189156816044488e+02 0.000000000000000000e+00 0.000000000000000000e+00
6.940000000000000000e+02 4.432367314235116851e+02 1.000000000000000000e+00 0.000000000000000000e+00
6.950000000000000000e+02 4.436721794687198326e+02 0.000000000000000000e+00 0.000000000000000000e+00
6.960000000000000000e+02 4.456389375904461190e+02 0.000000000000000000e+00 0.000000000000000000e+00
6.970000000000000000e+02 4.458549835636641774e+02 0.000000000000000000e+00 0.000000000000000000e+00
6.980000000000000000e+02 4.476193423472695940e+02 0.000000000000000000e+00 0.000000000000000000e+00
6.990000000000000000e+02 4.464639777687739297e+02 2.000000000000000000e+00 0.000000000000000000e+00
7.000000000000000000e+02 4.466268407475318440e+02 0.000000000000000000e+00 0.000000000000000000e+00
7.010000000000000000e+02 4.484319473672028380e+02 0.000000000000000000e+00 0.000000000000000000e+00
7.020000000000000000e+02 4.463508340511094730e+02 2.000000000000000000e+00 0.000000000000000000e+00
7.030000000000000000e+02 4.480776838907167416e+02 0.000000000000000000e+00 0.000000000000000000e+00
7.040000000000000000e+02 4.481958066165545347e+02 0.000000000000000000e+00 0.000000000000000000e+00
7.050000000000000000e+02 4.500091332315512886e+02 0.000000000000000000e+00 0.000000000000000000e+00
7.060000000000000000e+02 4.507388158744882389e+02 0.000000000000000000e+00 0.000000000000000000e+00
7.070000000000000000e+02 4.511964142281102568e+02 1.000000000000000000e+00 0.000000000000000000e+00
7.080000000000000000e+02 4.500289461019756345e+02 1.000000000000000000e+00 0.000000000000000000e+00
7.090000000000000000e+02 4.522245217808599591e+02 0.000000000000000000e+00 0.000000000000000000e+00
7.100000000000000000e+02 4.538060720781111286e+02 0.000000000000000000e+00 0.000000000000000000e+00
7.110000000000000000e+02 4.535166348546358677e+02 0.000000000000000000e+00 0.000000000000000000e+00
7.120000000000000000e+02 4.557710783467309170e+02 0.000000000000000000e+00 0.000000000000000000e+00
7.130000000000000000e+02 4.561047219017603425e+02 0.000000000000000000e+00 0.000000000000000000e+00
7.140000000000000000e+02 4.573226756720100639e+02 0.000000000000000000e+00 0.000000000000000000e+00
7.150000000000000000e+02 4.584109399359605277e+02 0.000000000000000000e+00 0.000000000000000000e+00
7.160000000000000000e+02 4.592068559082784418e+02 0.000000000000000000e+00 0.000000000000000000e+00
7.170000000000000000e+02 4.587221767200752538e+02 0.000000000000000000e+00 0.000000000000000000e+00
7.180000000000000000e+02 4.618810490875218306e+02 0.000000000000000000e+00 0.000000000000000000e+00
7.190000000000000000e+02 4.618273786466409092e+02 0.000000000000000000e+00 0.000000000000000000e+00
7.200000000000000000e+02 4.626170231258863055e+02 0.000000000000000000e+00 0.000000000000000000e+00
7.210000000000000000e+02 4.620561256403080961e+02 2.000000000000000000e+00 0.000000000000000000e+00
7.220000000000000000e+02 4.635012423410832980e+02 0.000000000000000000e+00 0.000000000000000000e+00
7.230000000000000000e+02 4.637214724175161109e+02 0.000000000000000000e+00 0.000000000000000000e+00
7.240000000000000000e+02 4.639722007971063249e+02 0.000000000000000000e+00 0.000000000000000000e+00
7.250000000000000000e+02 4.664668843682939041e+02 0.000000000000000000e+00 0.000000000000000000e+00
7.260000000000000000e+02 4.675367971962023717e+02 0.000000000000000000e+00 0.000000000000000000e+00
7.270000000000000000e+02 4.678522004945619415e+02 0.000000000000000000e+00 0.000000000000000000e+00
7.280000000000000000e+02 4.684557845867296919e+02 0.000000000000000000e+00 0.000000000000000000e+00
7.290000000000000000e+02 4.700457466245476326e+02 0.000000000000000000e+00 0.000000000000000000e+00
7.300000000000000000e+02 4.693486089248727922e+02 2.000000000000000000e+00 0.000000000000000000e+00
7.310000000000000000e+02 4.703654929483075193e+02 0.000000000000000000e+00 0.000000000000000000e+00
7.320000000000000000e+02 4.710762666028070953e+02 0.000000000000000000e+00 0.000000000000000000e+00
7.330000000000000000e+02 4.723127479799505863e+02 0.000000000000000000e+00 0.000000000000000000e+00
7.340000000000000000e+02 4.727833100337717269e+02 0.000000000000000000e+00 0.000000000000000000e+00
7.350000000000000000e+02 4.751408624234026092e+02 0.000000000000000000e+00 0.000000000000000000e+00
7.360000000000000000e+02 4.762152659634050451e+02 0.000000000000000000e+00 0.000000000000000000e+00
7.370000000000000000e+02 4.761237121242340322e+02 0.000000000000000000e+00 0.000000000000000000e+00
7.380000000000000000e+02 4.775219748831563038e+02 0.000000000000000000e+00 0.000000000000000000e+00
7.390000000000000000e+02 4.775041271429282688e+02 0.000000000000000000e+00 0.000000000000000000e+00
7.400000000000000000e+02 4.780684866852941468e+02 1.000000000000000000e+00 0.000000000000000000e+00
7.410000000000000000e+02 4.786804750307269387e+02 1.000000000000000000e+00 0.000000000000000000e+00
7.420000000000000000e+02 4.781580998929778161e+02 1.000000000000000000e+00 0.000000000000000000e+00
7.430000000000000000e+02 4.795556487302364985e+02 0.000000000000000000e+00 0.000000000000000000e+00
7.440000000000000000e+02 4.797984503413952666e+02 0.000000000000000000e+00 0.000000000000000000e+00
7.450000000000000000e+02 4.815806170145796727e+02 0.000000000000000000e+00 0.000000000000000000e+00
7.460000000000000000e+02 4.814633821428398051e+02 0.000000000000000000e+00 0.000000000000000000e+00
7.470000000000000000e+02 4.829974521823153282e+02 0.000000000000000000e+00 0.000000000000000000e+00
7.480000000000000000e+02 4.839223179876614154e+02 0.000000000000000000e+00 0.000000000000000000e+00
7.490000000000000000e+02 4.847665998778584253e+02 0.000000000000000000e+00 0.000000000000000000e+00
7.500000000000000000e+02 4.860035929363808123e+02 0.000000000000000000e+00 0.000000000000000000e+00
7.510000000000000000e+02 4.869527552599064961e+02 0.000000000000000000e+00 0.000000000000000000e+00
7.520000000000000000e+02 4.883011569716588838e+02 0.000000000000000000e+00 0.000000000000000000e+00
7.530000000000000000e+02 4.893823002573309964e+02 0.000000000000000000e+00 0.000000000000000000e+00
7.540000000000000000e+02 4.897956195237886163e+02 0.000000000000000000e+00 0.000000000000000000e+00
7.550000000000000000e+02 4.910397817617701435e+02 0.000000000000000000e+00 0.000000000000000000e+00
7.560000000000000000e+02 4.917765210594353675e+02 0.000000000000000000e+00 0.000000000000000000e+00
7.570000000000000000e+02 4.923914382101798992e+02 1.000000000000000000e+00 0.000000000000000000e+00
7.580000000000000000e+02 4.942139666295071834e+02 0.000000000000000000e+00 0.000000000000000000e+00
7.590000000000000000e+02 4.933218662327751645e+02 1.000000000000000000e+00 0.000000000000000000e+00
7.600000000000000000e+02 4.946530778389772536e+02 0.000000000000000000e+00 0.000000000000000000e+00
7.610000000000000000e+02 4.949381759071589499e+02 0.000000000000000000e+00 0.000000000000000000e+00
7.620000000000000000e+02 4.965031639848274949e+02 0.000000000000000000e+00 0.000000000000000000e+00
7.630000000000000000e+02 4.939590516938063161e+02 2.000000000000000000e+00 0.000000000000000000e+00
7.640000000000000000e+02 4.942494326958928923e+02 2.000000000000000000e+00 0.000000000000000000e+00
7.650000000000000000e+02 4.928518865690465987e+02 2.000000000000000000e+00 0.000000000000000000e+00
7.660000000000000000e+02 4.922361593270916842e+02 2.000000000000000000e+00 0.000000000000000000e+00
7.670000000000000000e+02 4.909870881585617326e+02 1.000000000000000000e+00 0.000000000000000000e+00
7.680000000000000000e+02 4.934503584032874528e+02 0.000000000000000000e+00 0.000000000000000000e+00
7.690000000000000000e+02 4.930265018173473663e+02 0.000000000000000000e+00 0.000000000000000000e+00
7.700000000000000000e+02 4.952326323155079422e+02 0.000000000000000000e+00 0.000000000000000000e+00
7.710000000000000000e+02 4.961552693017338242e+02 0.000000000000000000e+00 0.000000000000000000e+00
7.720000000000000000e+02 4.972254147361065293e+02 0.000000000000000000e+00 0.000000000000000000e+00
7.730000000000000000e+02 4.988731628154747000e+02 0.000000000000000000e+00 0.000000000000000000e+00
7.740000000000000000e+02 4.986484926490745693e+02 0.000000000000000000e+00 0.000000000000000000e+00
7.750000000000000000e+02 5.003926619130173776e+02 0.000000000000000000e+00 0.000000000000000000e+00
7.760000000000000000e+02 4.982246852495371741e+02 2.000000000000000000e+00 0.000000000000000000e+00
7.770000000000000000e+02 4.997688566982742486e+02 0.000000000000000000e+00 0.000000000000000000e+00
7.780000000000000000e+02 5.012236068960114608e+02 0.000000000000000000e+00 0.000000000000000000e+00
7.790000000000000000e+02 5.013367980189882473e+02 0.000000000000000000e+00 0.000000000000000000e+00
7.800000000000000000e+02 5.032513718902110327e+02 0.000000000000000000e+00 0.000000000000000000e+00
7.810000000000000000e+02 5.018943280215518712e+02 2.000000000000000000e+00 0.000000000000000000e+00
7.820000000000000000e+02 5.033888231177087960e+02 0.000000000000000000e+00 0.000000000000000000e+00
7.830000000000000000e+02 5.038381723985557414e+02 0.000000000000000000e+00 0.000000000000000000e+00
7.840000000000000000e+02 5.049219572997142222e+02 0.000000000000000000e+00 0.000000000000000000e+00
7.850000000000000000e+02 5.070287358317124244e+02 0.000000000000000000e+00 0.000000000000000000e+00
7.860000000000000000e+02 5.075513225083698785e+02 0.000000000000000000e+00 0.000000000000000000e+00
7.870000000000000000e+02 5.077642620456927602e+02 1.000000000000000000e+00 0.000000000000000000e+00
7.880000000000000000e+02 5.072644292783126616e+02 1.000000000000000000e+00 0.000000000000000000e+00
7.890000000000000000e+02 5.088870519276476330e+02 0.000000000000000000e+00 0.000000000000000000e+00
7.900000000000000000e+02 5.095449680736500682e+02 0.000000000000000000e+00 0.000000000000000000e+00
7.910000000000000000e+02 5.104247844106886873e+02 0.000000000000000000e+00 0.000000000000000000e+00
7.920000000000000000e+02 5.111576785212164964e+02 0.000000000000000000e+00 0.000000000000000000e+00
7.930000000000000000e+02 5.097709882858187598e+02 2.000000000000000000e+00 0.000000000000000000e+00
7.940000000000000000e+02 5.111228313809033921e+02 0.000000000000000000e+00 0.000000000000000000e+00
7.950000000000000000e+02 5.116395891834399094e+02 0.000000000000000000e+00 0.000000000000000000e+00
7.960000000000000000e+02 5.132710422996979105e+02 0.000000000000000000e+00 0.000000000000000000e+00
7.970000000000000000e+02 5.150430868484463645e+02 0.000000000000000000e+00 0.000000000000000000e+00
7.980000000000000000e+02 5.149325410722349261e+02 0.000000000000000000e+00 0.000000000000000000e+00
7.990000000000000000e+02 5.160806924998375962e+02 0.000000000000000000e+00 0.000000000000000000e+00
8.000000000000000000e+02 5.166271664807890147e+02 0.000000000000000000e+00 0.000000000000000000e+00
