time	position	state	ATP_bound
1.000000000000000000e+00 1.269255543797834340e+00 0.000000000000000000e+00 0.000000000000000000e+00
2.000000000000000000e+00 0.000000000000000000e+00 2.000000000000000000e+00 0.000000000000000000e+00
3.000000000000000000e+00 0.000000000000000000e+00 1.000000000000000000e+00 0.000000000000000000e+00
4.000000000000000000e+00 7.310425819665745673e-01 0.000000000000000000e+00 0.000000000000000000e+00
5.000000000000000000e+00 3.578511638782377879e-01 1.000000000000000000e+00 0.000000000000000000e+00
6.000000000000000000e+00 1.985721301518289739e+00 0.000000000000000000e+00 0.000000000000000000e+00
7.000000000000000000e+00 2.523460138257625829e+00 0.000000000000000000e+00 0.000000000000000000e+00
8.000000000000000000e+00 4.284369168821268836e+00 0.000000000000000000e+00 0.000000000000000000e+00
9.000000000000000000e+00 6.165756230613163247e+00 0.000000000000000000e+00 0.000000000000000000e+00
1.000000000000000000e+01 5.745745633325470614e+00 0.000000000000000000e+00 0.000000000000000000e+00
1.100000000000000000e+01 3.901531247680149139e+00 2.000000000000000000e+00 0.000000000000000000e+00
1.200000000000000000e+01 3.589934274553019833e+00 2.000000000000000000e+00 0.000000000000000000e+00
1.300000000000000000e+01 2.822293032691831627e+00 2.000000000000000000e+00 0.000000000000000000e+00
1.400000000000000000e+01 3.594243148458073467e+00 0.000000000000000000e+00 0.000000000000000000e+00
1.500000000000000000e+01 3.561138889828229459e+00 1.000000000000000000e+00 0.000000000000000000e+00
1.600000000000000000e+01 5.199585407529096592e+00 0.000000000000000000e+00 0.000000000000000000e+00
1.700000000000000000e+01 5.982783533345282123e+00 0.000000000000000000e+00 0.000000000000000000e+00
1.800000000000000000e+01 6.238754103027156717e+00 0.000000000000000000e+00 0.000000000000000000e+00
1.900000000000000000e+01 6.721666422783766137e+00 1.000000000000000000e+00 0.000000000000000000e+00
2.000000000000000000e+01 7.187576427590252059e+00 0.000000000000000000e+00 0.000000000000000000e+00
2.100000000000000000e+01 8.788497255012286402e+00 1.000000000000000000e+00 0.000000000000000000e+00
2.200000000000000000e+01 9.418366786570032900e+00 0.000000000000000000e+00 0.000000000000000000e+00
2.300000000000000000e+01 9.647313028294412618e+00 1.000000000000000000e+00 0.000000000000000000e+00
2.400000000000000000e+01 1.092550774471533259e+01 0.000000000000000000e+00 0.000000000000000000e+00
2.500000000000000000e+01 9.667301293846481514e+00 1.000000000000000000e+00 0.000000000000000000e+00
2.600000000000000000e+01 1.152328447989576077e+01 0.000000000000000000e+00 0.000000000000000000e+00
2.700000000000000000e+01 1.184303633343930429e+01 0.000000000000000000e+00 0.000000000000000000e+00
2.800000000000000000e+01 1.269370243723236591e+01 0.000000000000000000e+00 0.000000000000000000e+00
2.900000000000000000e+01 1.351668427528367111e+01 0.000000000000000000e+00 0.000000000000000000e+00
3.000000000000000000e+01 1.446576638028837181e+01 0.000000000000000000e+00 0.000000000000000000e+00
3.100000000000000000e+01 1.699749785583990658e+01 0.000000000000000000e+00 0.000000000000000000e+00
3.200000000000000000e+01 1.727836429476986524e+01 0.000000000000000000e+00 0.000000000000000000e+00
3.300000000000000000e+01 1.730624741458440496e+01 0.000000000000000000e+00 0.000000000000000000e+00
3.400000000000000000e+01 1.899047667785038485e+01 0.000000000000000000e+00 0.000000000000000000e+00
3.500000000000000000e+01 1.928179862746659623e+01 1.000000000000000000e+00 0.000000000000000000e+00
3.600000000000000000e+01 2.052831999126051699e+01 0.000000000000000000e+00 0.000000000000000000e+00
3.700000000000000000e+01 2.106300978706313387e+01 0.000000000000000000e+00 0.000000000000000000e+00
3.800000000000000000e+01 2.115965284116020229e+01 1.000000000000000000e+00 0.000000000000000000e+00
3.900000000000000000e+01 2.118126742644589910e+01 1.000000000000000000e+00 0.000000000000000000e+00
4.000000000000000000e+01 2.178026230927304852e+01 0.000000000000000000e+00 0.000000000000000000e+00
4.100000000000000000e+01 2.248165599049123387e+01 0.000000000000000000e+00 0.000000000000000000e+00
4.200000000000000000e+01 2.385568762550337141e+01 0.000000000000000000e+00 0.000000000000000000e+00
4.300000000000000000e+01 2.542484229008791274e+01 0.000000000000000000e+00 0.000000000000000000e+00
4.400000000000000000e+01 2.506708086123615686e+01 1.000000000000000000e+00 0.000000000000000000e+00
4.500000000000000000e+01 2.520140874210467175e+01 1.000000000000000000e+00 0.000000000000000000e+00
4.600000000000000000e+01 2.533782282656779827e+01 0.000000000000000000e+00 0.000000000000000000e+00
4.700000000000000000e+01 2.739234249876091098e+01 0.000000000000000000e+00 0.000000000000000000e+00
4.800000000000000000e+01 2.872559398429591937e+01 0.000000000000000000e+00 0.000000000000000000e+00
4.900000000000000000e+01 2.903923529792641034e+01 0.000000000000000000e+00 0.000000000000000000e+00
5.000000000000000000e+01 3.026033823484924312e+01 0.000000000000000000e+00 0.000000000000000000e+00
5.100000000000000000e+01 2.984867938039636215e+01 1.000000000000000000e+00 0.000000000000000000e+00
5.200000000000000000e+01 2.977904856537719880e+01 1.000000000000000000e+00 0.000000000000000000e+00
5.300000000000000000e+01 2.950626374965494492e+01 1.000000000000000000e+00 0.000000000000000000e+00
5.400000000000000000e+01 2.933623235984611810e+01 1.000000000000000000e+00 0.000000000000000000e+00
5.500000000000000000e+01 2.951469296083491400e+01 1.000000000000000000e+00 0.000000000000000000e+00
5.600000000000000000e+01 3.067222064243696877e+01 0.000000000000000000e+00 0.000000000000000000e+00
5.700000000000000000e+01 3.141016097650091865e+01 0.000000000000000000e+00 0.000000000000000000e+00
5.800000000000000000e+01 3.365408918402421534e+01 0.000000000000000000e+00 0.000000000000000000e+00
5.900000000000000000e+01 3.289580375098304188e+01 2.000000000000000000e+00 0.000000000000000000e+00
6.000000000000000000e+01 3.248646026656843588e+01 0.000000000000000000e+00 0.000000000000000000e+00
6.100000000000000000e+01 3.185263268129000735e+01 2.000000000000000000e+00 0.000000000000000000e+00
6.200000000000000000e+01 3.278446766080204355e+01 0.000000000000000000e+00 0.000000000000000000e+00
6.300000000000000000e+01 3.439215459154107180e+01 0.000000000000000000e+00 0.000000000000000000e+00
6.400000000000000000e+01 3.293076889682087938e+01 2.000000000000000000e+00 0.000000000000000000e+00
6.500000000000000000e+01 3.198682732755986535e+01 2.000000000000000000e+00 0.000000000000000000e+00
6.600000000000000000e+01 3.120892677847555774e+01 2.000000000000000000e+00 0.000000000000000000e+00
6.700000000000000000e+01 2.990444100309571240e+01 2.000000000000000000e+00 0.000000000000000000e+00
6.800000000000000000e+01 2.947373698735411551e+01 2.000000000000000000e+00 0.000000000000000000e+00
6.900000000000000000e+01 2.985269988712722977e+01 1.000000000000000000e+00 0.000000000000000000e+00
7.000000000000000000e+01 2.915424406329301377e+01 0.000000000000000000e+00 0.000000000000000000e+00
7.100000000000000000e+01 3.076896657862538831e+01 0.000000000000000000e+00 0.000000000000000000e+00
7.200000000000000000e+01 3.153447873621789199e+01 0.000000000000000000e+00 0.000000000000000000e+00
7.300000000000000000e+01 3.160171814443471661e+01 0.000000000000000000e+00 0.000000000000000000e+00
7.400000000000000000e+01 3.368002972834811715e+01 0.000000000000000000e+00 0.000000000000000000e+00
7.500000000000000000e+01 3.338029429982322682e+01 2.000000000000000000e+00 0.000000000000000000e+00
7.600000000000000000e+01 3.375856048452450864e+01 0.000000000000000000e+00 0.000000000000000000e+00
7.700000000000000000e+01 3.545191657742984148e+01 0.000000000000000000e+00 0.000000000000000000e+00
7.800000000000000000e+01 3.553817565468171580e+01 0.000000000000000000e+00 0.000000000000000000e+00
7.900000000000000000e+01 3.797380010147001173e+01 0.000000000000000000e+00 0.000000000000000000e+00
8.000000000000000000e+01 3.751657986211307616e+01 0.000000000000000000e+00 0.000000000000000000e+00
8.100000000000000000e+01 3.704324072251877453e+01 2.000000000000000000e+00 0.000000000000000000e+00
8.200000000000000000e+01 3.608974079309691518e+01 2.000000000000000000e+00 0.000000000000000000e+00
8.300000000000000000e+01 3.612498517501946083e+01 1.000000000000000000e+00 0.000000000000000000e+00
8.400000000000000000e+01 3.531087715029761398e+01 1.000000000000000000e+00 0.000000000000000000e+00
8.500000000000000000e+01 3.720460175529367319e+01 0.000000000000000000e+00 0.000000000000000000e+00
8.600000000000000000e+01 3.754313793910704078e+01 0.000000000000000000e+00 0.000000000000000000e+00
8.700000000000000000e+01 3.890720598833794952e+01 0.000000000000000000e+00 0.000000000000000000e+00
8.800000000000000000e+01 4.029750234799848840e+01 0.000000000000000000e+00 0.000000000000000000e+00
8.900000000000000000e+01 4.080536507797060608e+01 0.000000000000000000e+00 0.000000000000000000e+00
9.000000000000000000e+01 4.189514285339891586e+01 0.000000000000000000e+00 0.000000000000000000e+00
9.100000000000000000e+01 4.398307490576065248e+01 0.000000000000000000e+00 0.000000000000000000e+00
9.200000000000000000e+01 4.397562273653471721e+01 0.000000000000000000e+00 0.000000000000000000e+00
9.300000000000000000e+01 4.459131731179709845e+01 0.000000000000000000e+00 0.000000000000000000e+00
9.400000000000000000e+01 4.537828956620412413e+01 0.000000000000000000e+00 0.000000000000000000e+00
9.500000000000000000e+01 4.717739886000371996e+01 0.000000000000000000e+00 0.000000000000000000e+00
9.600000000000000000e+01 4.826403556489079705e+01 0.000000000000000000e+00 0.000000000000000000e+00
9.700000000000000000e+01 4.863417345678557524e+01 0.000000000000000000e+00 0.000000000000000000e+00
9.800000000000000000e+01 4.968744377225802111e+01 0.000000000000000000e+00 0.000000000000000000e+00
9.900000000000000000e+01 5.090061702678963940e+01 0.000000000000000000e+00 0.000000000000000000e+00
1.000000000000000000e+02 5.262361791480467588e+01 0.000000000000000000e+00 0.000000000000000000e+00
1.010000000000000000e+02 5.346553842979463411e+01 0.000000000000000000e+00 0.000000000000000000e+00
1.020000000000000000e+02 5.341656036069691282e+01 0.000000000000000000e+00 0.000000000000000000e+00
1.030000000000000000e+02 5.545158137206682625e+01 0.000000000000000000e+00 0.000000000000000000e+00
1.040000000000000000e+02 5.617336227166460105e+01 0.000000000000000000e+00 0.000000000000000000e+00
1.050000000000000000e+02 5.718130525145369347e+01 0.000000000000000000e+00 0.000000000000000000e+00
1.060000000000000000e+02 5.749784160807899980e+01 0.000000000000000000e+00 0.000000000000000000e+00
1.070000000000000000e+02 5.946790080154268310e+01 0.000000000000000000e+00 0.000000000000000000e+00
1.080000000000000000e+02 5.979139014522349527e+01 0.000000000000000000e+00 0.000000000000000000e+00
1.090000000000000000e+02 6.159454250124537822e+01 0.000000000000000000e+00 0.000000000000000000e+00
1.100000000000000000e+02 6.126424761051939072e+01 0.000000000000000000e+00 0.000000000000000000e+00
1.110000000000000000e+02 6.391086321374445589e+01 0.000000000000000000e+00 0.000000000000000000e+00
1.120000000000000000e+02 6.471957501261721291e+01 0.000000000000000000e+00 0.000000000000000000e+00
1.130000000000000000e+02 6.447698826625229174e+01 1.000000000000000000e+00 0.000000000000000000e+00
1.140000000000000000e+02 6.356356857108026759e+01 1.000000000000000000e+00 0.000000000000000000e+00
1.150000000000000000e+02 6.323687525006199195e+01 0.000000000000000000e+00 0.000000000000000000e+00
1.160000000000000000e+02 6.636269254574106924e+01 0.000000000000000000e+00 0.000000000000000000e+00
1.170000000000000000e+02 6.707418840747726563e+01 0.000000000000000000e+00 0.000000000000000000e+00
1.180000000000000000e+02 6.805013320386873943e+01 0.000000000000000000e+00 0.000000000000000000e+00
1.190000000000000000e+02 6.849622304424246977e+01 0.000000000000000000e+00 0.000000000000000000e+00
1.200000000000000000e+02 6.969803013202833597e+01 0.000000000000000000e+00 0.000000000000000000e+00
1.210000000000000000e+02 6.968125888937055379e+01 1.000000000000000000e+00 0.000000000000000000e+00
1.220000000000000000e+02 7.065390502049235977e+01 0.000000000000000000e+00 0.000000000000000000e+00
1.230000000000000000e+02 7.085934987962099285e+01 1.000000000000000000e+00 0.000000000000000000e+00
1.240000000000000000e+02 7.321025683212491231e+01 0.000000000000000000e+00 0.000000000000000000e+00
1.250000000000000000e+02 7.360900836517686230e+01 0.000000000000000000e+00 0.000000000000000000e+00
1.260000000000000000e+02 7.409549530834372888e+01 0.000000000000000000e+00 0.000000000000000000e+00
1.270000000000000000e+02 7.543341285339730007e+01 0.000000000000000000e+00 0.000000000000000000e+00
1.280000000000000000e+02 7.574036222978747901e+01 0.000000000000000000e+00 0.000000000000000000e+00
1.290000000000000000e+02 7.661903051316008373e+01 0.000000000000000000e+00 0.000000000000000000e+00
1.300000000000000000e+02 7.723827139434921207e+01 0.000000000000000000e+00 0.000000000000000000e+00
1.310000000000000000e+02 7.703259645913719567e+01 2.000000000000000000e+00 0.000000000000000000e+00
1.320000000000000000e+02 7.685093216871246113e+01 2.000000000000000000e+00 0.000000000000000000e+00
1.330000000000000000e+02 7.563264827523543943e+01 2.000000000000000000e+00 0.000000000000000000e+00
1.340000000000000000e+02 7.370627457193569398e+01 2.000000000000000000e+00 0.000000000000000000e+00
1.350000000000000000e+02 7.390674638138831654e+01 1.000000000000000000e+00 0.000000000000000000e+00
1.360000000000000000e+02 7.321012616786958915e+01 2.000000000000000000e+00 0.000000000000000000e+00
1.370000000000000000e+02 7.198328688630746797e+01 2.000000000000000000e+00 0.000000000000000000e+00
1.380000000000000000e+02 7.301528369669446761e+01 0.000000000000000000e+00 0.000000000000000000e+00
1.390000000000000000e+02 7.425208365217496009e+01 0.000000000000000000e+00 0.000000000000000000e+00
1.400000000000000000e+02 7.508962322670834055e+01 0.000000000000000000e+00 0.000000000000000000e+00
1.410000000000000000e+02 7.586878711378358275e+01 0.000000000000000000e+00 0.000000000000000000e+00
1.420000000000000000e+02 7.721089261587388819e+01 0.000000000000000000e+00 0.000000000000000000e+00
1.430000000000000000e+02 7.752528551098160392e+01 0.000000000000000000e+00 0.000000000000000000e+00
1.440000000000000000e+02 7.999453432183089774e+01 0.000000000000000000e+00 0.000000000000000000e+00
1.450000000000000000e+02 7.995689639285052408e+01 0.000000000000000000e+00 0.000000000000000000e+00
1.460000000000000000e+02 8.165331412932593480e+01 0.000000000000000000e+00 0.000000000000000000e+00
1.470000000000000000e+02 8.280830897755393494e+01 0.000000000000000000e+00 0.000000000000000000e+00
1.480000000000000000e+02 8.060784874554474300e+01 2.000000000000000000e+00 0.000000000000000000e+00
1.490000000000000000e+02 8.021426110576950919e+01 1.000000000000000000e+00 0.000000000000000000e+00
1.500000000000000000e+02 8.213470773484789333e+01 0.000000000000000000e+00 0.000000000000000000e+00
1.510000000000000000e+02 8.199459953992143824e+01 0.000000000000000000e+00 0.000000000000000000e+00
1.520000000000000000e+02 8.417766191135153520e+01 0.000000000000000000e+00 0.000000000000000000e+00
1.530000000000000000e+02 8.525186169224993193e+01 0.000000000000000000e+00 0.000000000000000000e+00
1.540000000000000000e+02 8.529673181175974150e+01 0.000000000000000000e+00 0.000000000000000000e+00
1.550000000000000000e+02 8.688718023685915171e+01 0.000000000000000000e+00 0.000000000000000000e+00
1.560000000000000000e+02 8.734306309527863732e+01 1.000000000000000000e+00 0.000000000000000000e+00
1.570000000000000000e+02 8.645474366611274775e+01 1.000000000000000000e+00 0.000000000000000000e+00
1.580000000000000000e+02 8.782322040621590986e+01 0.000000000000000000e+00 0.000000000000000000e+00
1.590000000000000000e+02 8.848164649721213948e+01 0.000000000000000000e+00 0.000000000000000000e+00
1.600000000000000000e+02 8.921022194948592698e+01 1.000000000000000000e+00 0.000000000000000000e+00
1.610000000000000000e+02 8.872478413876231684e+01 1.000000000000000000e+00 0.000000000000000000e+00
1.620000000000000000e+02 8.926433720240042646e+01 1.000000000000000000e+00 0.000000000000000000e+00
1.630000000000000000e+02 9.030234989875877716e+01 0.000000000000000000e+00 0.000000000000000000e+00
1.640000000000000000e+02 9.138700488741586980e+01 0.000000000000000000e+00 0.000000000000000000e+00
1.650000000000000000e+02 9.146012940162556504e+01 0.000000000000000000e+00 0.000000000000000000e+00
1.660000000000000000e+02 9.288895362586313809e+01 0.000000000000000000e+00 0.000000000000000000e+00
1.670000000000000000e+02 9.381754213138381715e+01 0.000000000000000000e+00 0.000000000000000000e+00
1.680000000000000000e+02 9.532070294880398365e+01 0.000000000000000000e+00 0.000000000000000000e+00
1.690000000000000000e+02 9.693534855291582630e+01 0.000000000000000000e+00 0.000000000000000000e+00
1.700000000000000000e+02 9.749977125950792356e+01 0.000000000000000000e+00 0.000000000000000000e+00
1.710000000000000000e+02 9.842265598552414474e+01 0.000000000000000000e+00 0.000000000000000000e+00
1.720000000000000000e+02 1.001787248851994576e+02 0.000000000000000000e+00 0.000000000000000000e+00
1.730000000000000000e+02 1.000548942317888077e+02 0.000000000000000000e+00 0.000000000000000000e+00
1.740000000000000000e+02 1.009820778609873742e+02 0.000000000000000000e+00 0.000000000000000000e+00
1.750000000000000000e+02 1.023356390392535218e+02 0.000000000000000000e+00 0.000000000000000000e+00
1.760000000000000000e+02 1.027725490712937528e+02 0.000000000000000000e+00 0.000000000000000000e+00
1.770000000000000000e+02 1.043139531365084451e+02 0.000000000000000000e+00 0.000000000000000000e+00
1.780000000000000000e+02 1.058160994183960639e+02 0.000000000000000000e+00 0.000000000000000000e+00
1.790000000000000000e+02 1.048677151728562080e+02 0.000000000000000000e+00 0.000000000000000000e+00
1.800000000000000000e+02 1.066392088081032909e+02 0.000000000000000000e+00 0.000000000000000000e+00
1.810000000000000000e+02 1.085672197803661305e+02 0.000000000000000000e+00 0.000000000000000000e+00
1.820000000000000000e+02 1.073909431133470775e+02 2.000000000000000000e+00 0.000000000000000000e+00
1.830000000000000000e+02 1.061120187562456749e+02 2.000000000000000000e+00 0.000000000000000000e+00
1.840000000000000000e+02 1.057500960411345829e+02 1.000000000000000000e+00 0.000000000000000000e+00
1.850000000000000000e+02 1.066272833364171646e+02 0.000000000000000000e+00 0.000000000000000000e+00
1.860000000000000000e+02 1.082759576933489569e+02 0.000000000000000000e+00 0.000000000000000000e+00
1.870000000000000000e+02 1.093909674453269076e+02 0.000000000000000000e+00 0.000000000000000000e+00
1.880000000000000000e+02 1.098895287932350442e+02 0.000000000000000000e+00 0.000000000000000000e+00
1.890000000000000000e+02 1.093162117239360214e+02 1.000000000000000000e+00 0.000000000000000000e+00
1.900000000000000000e+02 1.090617416990447879e+02 2.000000000000000000e+00 0.000000000000000000e+00
1.910000000000000000e+02 1.073388014230806533e+02 2.000000000000000000e+00 0.000000000000000000e+00
1.920000000000000000e+02 1.084364145474239933e+02 1.000000000000000000e+00 0.000000000000000000e+00
1.930000000000000000e+02 1.084387064234339419e+02 0.000000000000000000e+00 0.000000000000000000e+00
1.940000000000000000e+02 1.098203257199037211e+02 0.000000000000000000e+00 0.000000000000000000e+00
1.950000000000000000e+02 1.109309012045072222e+02 1.000000000000000000e+00 0.000000000000000000e+00
1.960000000000000000e+02 1.107236474439945795e+02 0.000000000000000000e+00 0.000000000000000000e+00
1.970000000000000000e+02 1.113457177982952544e+02 0.000000000000000000e+00 0.000000000000000000e+00
1.980000000000000000e+02 1.129951741810830157e+02 0.000000000000000000e+00 0.000000000000000000e+00
1.990000000000000000e+02 1.126917173499824258e+02 1.000000000000000000e+00 0.000000000000000000e+00
2.000000000000000000e+02 1.128674537502808448e+02 1.000000000000000000e+00 0.000000000000000000e+00
2.010000000000000000e+02 1.141543159080354144e+02 0.000000000000000000e+00 0.000000000000000000e+00
2.020000000000000000e+02 1.156602615040108049e+02 0.000000000000000000e+00 0.000000000000000000e+00
2.030000000000000000e+02 1.153002174008418024e+02 0.000000000000000000e+00 0.000000000000000000e+00
2.040000000000000000e+02 1.167165681993815554e+02 0.000000000000000000e+00 0.000000000000000000e+00
2.050000000000000000e+02 1.178897555677291678e+02 1.000000000000000000e+00 0.000000000000000000e+00
2.060000000000000000e+02 1.173583904342147264e+02 1.000000000000000000e+00 0.000000000000000000e+00
2.070000000000000000e+02 1.170092676253216268e+02 1.000000000000000000e+00 0.000000000000000000e+00
2.080000000000000000e+02 1.171121636172626523e+02 1.000000000000000000e+00 0.000000000000000000e+00
2.090000000000000000e+02 1.168981359705962433e+02 1.000000000000000000e+00 0.000000000000000000e+00
2.100000000000000000e+02 1.178193271928807064e+02 0.000000000000000000e+00 0.000000000000000000e+00
2.110000000000000000e+02 1.182855399657663327e+02 0.000000000000000000e+00 0.000000000000000000e+00
2.120000000000000000e+02 1.199740859958409516e+02 0.000000000000000000e+00 0.000000000000000000e+00
2.130000000000000000e+02 1.210720699181744777e+02 0.000000000000000000e+00 0.000000000000000000e+00
2.140000000000000000e+02 1.219334437767379740e+02 0.000000000000000000e+00 0.000000000000000000e+00
2.150000000000000000e+02 1.232379549483209757e+02 0.000000000000000000e+00 0.000000000000000000e+00
2.160000000000000000e+02 1.234006667123661174e+02 0.000000000000000000e+00 0.000000000000000000e+00
2.170000000000000000e+02 1.240105843485843025e+02 0.000000000000000000e+00 0.000000000000000000e+00
2.180000000000000000e+02 1.265687852189380038e+02 0.000000000000000000e+00 0.000000000000000000e+00
2.190000000000000000e+02 1.268416420198019807e+02 0.000000000000000000e+00 0.000000000000000000e+00
2.200000000000000000e+02 1.279079366987860311e+02 0.000000000000000000e+00 0.000000000000000000e+00
2.210000000000000000e+02 1.287427946899895232e+02 0.000000000000000000e+00 0.000000000000000000e+00
2.220000000000000000e+02 1.302239058859506144e+02 0.000000000000000000e+00 0.000000000000000000e+00
2.230000000000000000e+02 1.307419563615692653e+02 0.000000000000000000e+00 0.000000000000000000e+00
2.240000000000000000e+02 1.316880860932144515e+02 0.000000000000000000e+00 0.000000000000000000e+00
2.250000000000000000e+02 1.326542787042436942e+02 0.000000000000000000e+00 0.000000000000000000e+00
2.260000000000000000e+02 1.343132384268283488e+02 0.000000000000000000e+00 0.000000000000000000e+00
2.270000000000000000e+02 1.345842309977152809e+02 0.000000000000000000e+00 0.000000000000000000e+00
2.280000000000000000e+02 1.354591721012388916e+02 0.000000000000000000e+00 0.000000000000000000e+00
2.290000000000000000e+02 1.371999194994644427e+02 0.000000000000000000e+00 0.000000000000000000e+00
2.300000000000000000e+02 1.386853555255721631e+02 0.000000000000000000e+00 0.000000000000000000e+00
2.310000000000000000e+02 1.393622725865366192e+02 0.000000000000000000e+00 0.000000000000000000e+00
2.320000000000000000e+02 1.383521903686217911e+02 1.000000000000000000e+00 0.000000000000000000e+00
2.330000000000000000e+02 1.377158802607342807e+02 2.000000000000000000e+00 0.000000000000000000e+00
2.340000000000000000e+02 1.364858639776250584e+02 2.000000000000000000e+00 0.000000000000000000e+00
2.350000000000000000e+02 1.358516611499942996e+02 2.000000000000000000e+00 0.000000000000000000e+00
2.360000000000000000e+02 1.367759869358268361e+02 0.000000000000000000e+00 0.000000000000000000e+00
2.370000000000000000e+02 1.374316797618973283e+02 0.000000000000000000e+00 0.000000000000000000e+00
2.380000000000000000e+02 1.368373916554301672e+02 2.000000000000000000e+00 0.000000000000000000e+00
2.390000000000000000e+02 1.364922440262257908e+02 1.000000000000000000e+00 0.000000000000000000e+00
2.400000000000000000e+02 1.377812422932888410e+02 0.000000000000000000e+00 0.000000000000000000e+00
2.410000000000000000e+02 1.388775493359493396e+02 1.000000000000000000e+00 0.000000000000000000e+00
2.420000000000000000e+02 1.373639046647290627e+02 1.000000000000000000e+00 0.000000000000000000e+00
2.430000000000000000e+02 1.398641856785241089e+02 0.000000000000000000e+00 0.000000000000000000e+00
2.440000000000000000e+02 1.374177150576378779e+02 2.000000000000000000e+00 0.000000000000000000e+00
2.450000000000000000e+02 1.365884955974785555e+02 2.000000000000000000e+00 0.000000000000000000e+00
2.460000000000000000e+02 1.371626955037558844e+02 0.000000000000000000e+00 0.000000000000000000e+00
2.470000000000000000e+02 1.383647680921418441e+02 0.000000000000000000e+00 0.000000000000000000e+00
2.480000000000000000e+02 1.380573073193145603e+02 1.000000000000000000e+00 0.000000000000000000e+00
2.490000000000000000e+02 1.409003718380896544e+02 0.000000000000000000e+00 0.000000000000000000e+00
2.500000000000000000e+02 1.418183803097819293e+02 0.000000000000000000e+00 0.000000000000000000e+00
2.510000000000000000e+02 1.419065331058665436e+02 0.000000000000000000e+00 0.000000000000000000e+00
2.520000000000000000e+02 1.424113791732603431e+02 0.000000000000000000e+00 0.000000000000000000e+00
2.530000000000000000e+02 1.435430011444776142e+02 0.000000000000000000e+00 0.000000000000000000e+00
2.540000000000000000e+02 1.445827403198091190e+02 0.000000000000000000e+00 0.000000000000000000e+00
2.550000000000000000e+02 1.456027557409087194e+02 0.000000000000000000e+00 0.000000000000000000e+00
2.560000000000000000e+02 1.471713967626741351e+02 0.000000000000000000e+00 0.000000000000000000e+00
2.570000000000000000e+02 1.484851418411224984e+02 0.000000000000000000e+00 0.000000000000000000e+00
2.580000000000000000e+02 1.491853731286921061e+02 0.000000000000000000e+00 0.000000000000000000e+00
2.590000000000000000e+02 1.498847105495891867e+02 0.000000000000000000e+00 0.000000000000000000e+00
2.600000000000000000e+02 1.513559100897513190e+02 0.000000000000000000e+00 0.000000000000000000e+00
2.610000000000000000e+02 1.519270056787746626e+02 0.000000000000000000e+00 0.000000000000000000e+00
2.620000000000000000e+02 1.531775527980571781e+02 0.000000000000000000e+00 0.000000000000000000e+00
2.630000000000000000e+02 1.516220631152604881e+02 2.000000000000000000e+00 0.000000000000000000e+00
2.640000000000000000e+02 1.509343784035735609e+02 2.000000000000000000e+00 0.000000000000000000e+00
2.650000000000000000e+02 1.518629672245182576e+02 1.000000000000000000e+00 0.000000000000000000e+00
2.660000000000000000e+02 1.515746437914864941e+02 1.000000000000000000e+00 0.000000000000000000e+00
2.670000000000000000e+02 1.519450379454588074e+02 0.000000000000000000e+00 0.000000000000000000e+00
2.680000000000000000e+02 1.527643257434668271e+02 0.000000000000000000e+00 0.000000000000000000e+00
2.690000000000000000e+02 1.540770030245995201e+02 0.000000000000000000e+00 0.000000000000000000e+00
2.700000000000000000e+02 1.546280194880677072e+02 0.000000000000000000e+00 0.000000000000000000e+00
2.710000000000000000e+02 1.558677744936681222e+02 0.000000000000000000e+00 0.000000000000000000e+00
2.720000000000000000e+02 1.569062422451604562e+02 0.000000000000000000e+00 0.000000000000000000e+00
2.730000000000000000e+02 1.592826607141550141e+02 0.000000000000000000e+00 0.000000000000000000e+00
2.740000000000000000e+02 1.592443628069677573e+02 0.000000000000000000e+00 0.000000000000000000e+00
2.750000000000000000e+02 1.577243504534662577e+02 2.000000000000000000e+00 0.000000000000000000e+00
2.760000000000000000e+02 1.579317325837062640e+02 0.000000000000000000e+00 0.000000000000000000e+00
2.770000000000000000e+02 1.597619837637723208e+02 0.000000000000000000e+00 0.000000000000000000e+00
2.780000000000000000e+02 1.611050520568572040e+02 0.000000000000000000e+00 0.000000000000000000e+00
2.790000000000000000e+02 1.608543136372753679e+02 0.000000000000000000e+00 0.000000000000000000e+00
2.800000000000000000e+02 1.631385734010388262e+02 0.000000000000000000e+00 0.000000000000000000e+00
2.810000000000000000e+02 1.643230125763016929e+02 0.000000000000000000e+00 0.000000000000000000e+00
2.820000000000000000e+02 1.647535950471406352e+02 0.000000000000000000e+00 0.000000000000000000e+00
2.830000000000000000e+02 1.665119565830021315e+02 0.000000000000000000e+00 0.000000000000000000e+00
2.840000000000000000e+02 1.678861334462172010e+02 0.000000000000000000e+00 0.000000000000000000e+00
2.850000000000000000e+02 1.660433884858369140e+02 2.000000000000000000e+00 0.000000000000000000e+00
2.860000000000000000e+02 1.665407944835474439e+02 0.000000000000000000e+00 0.000000000000000000e+00
2.870000000000000000e+02 1.680011156726680213e+02 0.000000000000000000e+00 0.000000000000000000e+00
2.880000000000000000e+02 1.683995659469810846e+02 0.000000000000000000e+00 0.000000000000000000e+00
2.890000000000000000e+02 1.694447858909089177e+02 0.000000000000000000e+00 0.000000000000000000e+00
2.900000000000000000e+02 1.711009127255750286e+02 0.000000000000000000e+00 0.000000000000000000e+00
2.910000000000000000e+02 1.717531541088123959e+02 0.000000000000000000e+00 0.000000000000000000e+00
2.920000000000000000e+02 1.732732004968504214e+02 0.000000000000000000e+00 0.000000000000000000e+00
2.930000000000000000e+02 1.746583647544117355e+02 0.000000000000000000e+00 0.000000000000000000e+00
2.940000000000000000e+02 1.722217771395782506e+02 2.000000000000000000e+00 0.000000000000000000e+00
2.950000000000000000e+02 1.740145108191024121e+02 0.000000000000000000e+00 0.000000000000000000e+00
2.960000000000000000e+02 1.761229668982303451e+02 0.000000000000000000e+00 0.000000000000000000e+00
2.970000000000000000e+02 1.755861757509717904e+02 0.000000000000000000e+00 0.000000000000000000e+00
2.980000000000000000e+02 1.765491198784567075e+02 0.000000000000000000e+00 0.000000000000000000e+00
2.990000000000000000e+02 1.777891139273175440e+02 0.000000000000000000e+00 0.000000000000000000e+00
3.000000000000000000e+02 1.789379397482435650e+02 0.000000000000000000e+00 0.000000000000000000e+00
3.010000000000000000e+02 1.805317497078443978e+02 0.000000000000000000e+00 0.000000000000000000e+00
3.020000000000000000e+02 1.814195577155721537e+02 0.000000000000000000e+00 0.000000000000000000e+00
3.030000000000000000e+02 1.813755529673587148e+02 0.000000000000000000e+00 0.000000000000000000e+00
3.040000000000000000e+02 1.829875648918578577e+02 0.000000000000000000e+00 0.000000000000000000e+00
3.050000000000000000e+02 1.816894369041675930e+02 2.000000000000000000e+00 0.000000000000000000e+00
3.060000000000000000e+02 1.827522738439695615e+02 0.000000000000000000e+00 0.000000000000000000e+00
3.070000000000000000e+02 1.838313832896256770e+02 0.000000000000000000e+00 0.000000000000000000e+00
3.080000000000000000e+02 1.827601662519774095e+02 2.000000000000000000e+00 0.000000000000000000e+00
3.090000000000000000e+02 1.839526421648362202e+02 0.000000000000000000e+00 0.000000000000000000e+00
3.100000000000000000e+02 1.842234542407087190e+02 0.000000000000000000e+00 0.000000000000000000e+00
3.110000000000000000e+02 1.835577012077953896e+02 2.000000000000000000e+00 0.000000000000000000e+00
3.120000000000000000e+02 1.850125068845533178e+02 0.000000000000000000e+00 0.000000000000000000e+00
3.130000000000000000e+02 1.856557708841010879e+02 0.000000000000000000e+00 0.000000000000000000e+00
3.140000000000000000e+02 1.869706652075676345e+02 0.000000000000000000e+00 0.000000000000000000e+00
3.150000000000000000e+02 1.881083873796205239e+02 0.000000000000000000e+00 0.000000000000000000e+00
3.160000000000000000e+02 1.883342711676887689e+02 0.000000000000000000e+00 0.000000000000000000e+00
3.170000000000000000e+02 1.885856599741953232e+02 1.000000000000000000e+00 0.000000000000000000e+00
3.180000000000000000e+02 1.897507497289106482e+02 0.000000000000000000e+00 0.000000000000000000e+00
3.190000000000000000e+02 1.908016261117337820e+02 0.000000000000000000e+00 0.000000000000000000e+00
3.200000000000000000e+02 1.923785346379692953e+02 0.000000000000000000e+00 0.000000000000000000e+00
3.210000000000000000e+02 1.925007740836578591e+02 0.000000000000000000e+00 0.000000000000000000e+00
3.220000000000000000e+02 1.927954460109228307e+02 2.000000000000000000e+00 0.000000000000000000e+00
3.230000000000000000e+02 1.912931945397290292e+02 1.000000000000000000e+00 0.000000000000000000e+00
3.240000000000000000e+02 1.935156801263427440e+02 0.000000000000000000e+00 0.000000000000000000e+00
3.250000000000000000e+02 1.930053661779965068e+02 1.000000000000000000e+00 0.000000000000000000e+00
3.260000000000000000e+02 1.943631550609081557e+02 0.000000000000000000e+00 0.000000000000000000e+00
3.270000000000000000e+02 1.952357482708670489e+02 0.000000000000000000e+00 0.000000000000000000e+00
3.280000000000000000e+02 1.961628290830651622e+02 0.000000000000000000e+00 0.000000000000000000e+00
3.290000000000000000e+02 1.964881550473218397e+02 0.000000000000000000e+00 0.000000000000000000e+00
3.300000000000000000e+02 1.976625238642074294e+02 0.000000000000000000e+00 0.000000000000000000e+00
3.310000000000000000e+02 1.988196586387769571e+02 0.000000000000000000e+00 0.000000000000000000e+00
3.320000000000000000e+02 1.995375591760471252e+02 0.000000000000000000e+00 0.000000000000000000e+00
3.330000000000000000e+02 2.000627369008653602e+02 0.000000000000000000e+00 0.000000000000000000e+00
3.340000000000000000e+02 2.029180618994666077e+02 0.000000000000000000e+00 0.000000000000000000e+00
3.350000000000000000e+02 2.031039004661352294e+02 0.000000000000000000e+00 0.000000000000000000e+00
3.360000000000000000e+02 2.039259797247936490e+02 0.000000000000000000e+00 0.000000000000000000e+00
3.370000000000000000e+02 2.041712674167022783e+02 0.000000000000000000e+00 0.000000000000000000e+00
3.380000000000000000e+02 2.058864825887584686e+02 0.000000000000000000e+00 0.000000000000000000e+00
3.390000000000000000e+02 2.070115047376544908e+02 0.000000000000000000e+00 0.000000000000000000e+00
3.400000000000000000e+02 2.074137482988016643e+02 0.000000000000000000e+00 0.000000000000000000e+00
3.410000000000000000e+02 2.095666818409708583e+02 0.000000000000000000e+00 0.000000000000000000e+00
3.420000000000000000e+02 2.099683303855714769e+02 0.000000000000000000e+00 0.000000000000000000e+00
3.430000000000000000e+02 2.113861340212636719e+02 0.000000000000000000e+00 0.000000000000000000e+00
3.440000000000000000e+02 2.125496712917649518e+02 0.000000000000000000e+00 0.000000000000000000e+00
3.450000000000000000e+02 2.128172443165334755e+02 0.000000000000000000e+00 0.000000000000000000e+00
3.460000000000000000e+02 2.141865961754619434e+02 0.000000000000000000e+00 0.000000000000000000e+00
3.470000000000000000e+02 2.147370014809534666e+02 0.000000000000000000e+00 0.000000000000000000e+00
3.480000000000000000e+02 2.162557303694439383e+02 0.000000000000000000e+00 0.000000000000000000e+00
3.490000000000000000e+02 2.167441285655415015e+02 0.000000000000000000e+00 0.000000000000000000e+00
3.500000000000000000e+02 2.178012705319605402e+02 0.000000000000000000e+00 0.000000000000000000e+00
3.510000000000000000e+02 2.191391590429545317e+02 0.000000000000000000e+00 0.000000000000000000e+00
3.520000000000000000e+02 2.204516493416954290e+02 0.000000000000000000e+00 0.000000000000000000e+00
3.530000000000000000e+02 2.212686456155821588e+02 0.000000000000000000e+00 0.000000000000000000e+00
3.540000000000000000e+02 2.222628878541097492e+02 0.000000000000000000e+00 0.000000000000000000e+00
3.550000000000000000e+02 2.228715976704716297e+02 0.000000000000000000e+00 0.000000000000000000e+00
3.560000000000000000e+02 2.223576818112543947e+02 0.000000000000000000e+00 0.000000000000000000e+00
3.570000000000000000e+02 2.254321645849200308e+02 0.000000000000000000e+00 0.000000000000000000e+00
3.580000000000000000e+02 2.255064667275212003e+02 0.000000000000000000e+00 0.000000000000000000e+00
3.590000000000000000e+02 2.262156685217510130e+02 0.000000000000000000e+00 0.000000000000000000e+00
3.600000000000000000e+02 2.278300848034670878e+02 0.000000000000000000e+00 0.000000000000000000e+00
3.610000000000000000e+02 2.288275358011234744e+02 0.000000000000000000e+00 0.000000000000000000e+00
3.620000000000000000e+02 2.300558991745696176e+02 0.000000000000000000e+00 0.000000000000000000e+00
3.630000000000000000e+02 2.309654514774086067e+02 0.000000000000000000e+00 0.000000000000000000e+00
3.640000000000000000e+02 2.318356557362018009e+02 0.000000000000000000e+00 0.000000000000000000e+00
3.650000000000000000e+02 2.322990272477725568e+02 0.000000000000000000e+00 0.000000000000000000e+00
3.660000000000000000e+02 2.343326699713684889e+02 0.000000000000000000e+00 0.000000000000000000e+00
3.670000000000000000e+02 2.342399967924033604e+02 1.000000000000000000e+00 0.000000000000000000e+00
3.680000000000000000e+02 2.356444932430506185e+02 0.000000000000000000e+00 0.000000000000000000e+00
3.690000000000000000e+02 2.338374863097577929e+02 1.000000000000000000e+00 0.000000000000000000e+00
3.700000000000000000e+02 2.353005713533523249e+02 1.000000000000000000e+00 0.000000000000000000e+00
3.710000000000000000e+02 2.362914910934946136e+02 0.000000000000000000e+00 0.000000000000000000e+00
3.720000000000000000e+02 2.370925525875890401e+02 0.000000000000000000e+00 0.000000000000000000e+00
3.730000000000000000e+02 2.379954861209665467e+02 0.000000000000000000e+00 0.000000000000000000e+00
3.740000000000000000e+02 2.373665572790327474e+02 2.000000000000000000e+00 0.000000000000000000e+00
3.750000000000000000e+02 2.369421010421388871e+02 1.000000000000000000e+00 0.000000000000000000e+00
3.760000000000000000e+02 2.374292834639469731e+02 1.000000000000000000e+00 0.000000000000000000e+00
3.770000000000000000e+02 2.387077656951701101e+02 0.000000000000000000e+00 0.000000000000000000e+00
3.780000000000000000e+02 2.389612937339002485e+02 0.000000000000000000e+00 0.000000000000000000e+00
3.790000000000000000e+02 2.396853931535453341e+02 0.000000000000000000e+00 0.000000000000000000e+00
3.800000000000000000e+02 2.405001941091146875e+02 0.000000000000000000e+00 0.000000000000000000e+00
3.810000000000000000e+02 2.428235787701633228e+02 0.000000000000000000e+00 0.000000000000000000e+00
3.820000000000000000e+02 2.437742057535341189e+02 0.000000000000000000e+00 0.000000000000000000e+00
3.830000000000000000e+02 2.450163962715895423e+02 0.000000000000000000e+00 0.000000000000000000e+00
3.840000000000000000e+02 2.427609850799426283e+02 2.000000000000000000e+00 0.000000000000000000e+00
3.850000000000000000e+02 2.420924916120404760e+02 2.000000000000000000e+00 0.000000000000000000e+00
3.860000000000000000e+02 2.429637070668383672e+02 0.000000000000000000e+00 0.000000000000000000e+00
3.870000000000000000e+02 2.432055373375063141e+02 0.000000000000000000e+00 0.000000000000000000e+00
3.880000000000000000e+02 2.449833045649920109e+02 0.000000000000000000e+00 0.000000000000000000e+00
3.890000000000000000e+02 2.439528517150002358e+02 2.000000000000000000e+00 0.000000000000000000e+00
3.900000000000000000e+02 2.427021873390934559e+02 2.000000000000000000e+00 0.000000000000000000e+00
3.910000000000000000e+02 2.412450245676040197e+02 2.000000000000000000e+00 0.000000000000000000e+00
3.920000000000000000e+02 2.413564769394652103e+02 2.000000000000000000e+00 0.000000000000000000e+00
3.930000000000000000e+02 2.403905315289661928e+02 1.000000000000000000e+00 0.000000000000000000e+00
3.940000000000000000e+02 2.414163952101214363e+02 0.000000000000000000e+00 0.000000000000000000e+00
3.950000000000000000e+02 2.429987462361757480e+02 0.000000000000000000e+00 0.000000000000000000e+00
3.960000000000000000e+02 2.445131334427937304e+02 0.000000000000000000e+00 0.000000000000000000e+00
3.970000000000000000e+02 2.439448120906287727e+02 0.000000000000000000e+00 0.000000000000000000e+00
3.980000000000000000e+02 2.448267366820355448e+02 0.000000000000000000e+00 0.000000000000000000e+00
3.990000000000000000e+02 2.469954518445754843e+02 0.000000000000000000e+00 0.000000000000000000e+00
4.000000000000000000e+02 2.481768481663858950e+02 0.000000000000000000e+00 0.000000000000000000e+00
4.010000000000000000e+02 2.488462430647531960e+02 0.000000000000000000e+00 0.000000000000000000e+00
4.020000000000000000e+02 2.499267097702221179e+02 0.000000000000000000e+00 0.000000000000000000e+00
4.030000000000000000e+02 2.497959345172327232e+02 1.000000000000000000e+00 0.000000000000000000e+00
4.040000000000000000e+02 2.502541227340005605e+02 0.000000000000000000e+00 0.000000000000000000e+00
4.050000000000000000e+02 2.491748759113517906e+02 2.000000000000000000e+00 0.000000000000000000e+00
4.060000000000000000e+02 2.484128894802844911e+02 2.000000000000000000e+00 0.000000000000000000e+00
4.070000000000000000e+02 2.493966345902246644e+02 0.000000000000000000e+00 0.000000000000000000e+00
4.080000000000000000e+02 2.508503578345440985e+02 0.000000000000000000e+00 0.000000000000000000e+00
4.090000000000000000e+02 2.511214596755610842e+02 0.000000000000000000e+00 0.000000000000000000e+00
4.100000000000000000e+02 2.537661936291827658e+02 0.000000000000000000e+00 0.000000000000000000e+00
4.110000000000000000e+02 2.535276592959284585e+02 0.000000000000000000e+00 0.000000000000000000e+00
4.120000000000000000e+02 2.556065339109131287e+02 0.000000000000000000e+00 0.000000000000000000e+00
4.130000000000000000e+02 2.561632948857806014e+02 0.000000000000000000e+00 0.000000000000000000e+00
4.140000000000000000e+02 2.551964586344601855e+02 2.000000000000000000e+00 0.000000000000000000e+00
4.150000000000000000e+02 2.542818963891486135e+02 2.000000000000000000e+00 0.000000000000000000e+00
4.160000000000000000e+02 2.550970348176309415e+02 0.000000000000000000e+00 0.000000000000000000e+00
4.170000000000000000e+02 2.561935585438066028e+02 0.000000000000000000e+00 0.000000000000000000e+00
4.180000000000000000e+02 2.569759578201952195e+02 0.000000000000000000e+00 0.000000000000000000e+00
4.190000000000000000e+02 2.586785579163018269e+02 0.000000000000000000e+00 0.000000000000000000e+00
4.200000000000000000e+02 2.589110953220537112e+02 0.000000000000000000e+00 0.000000000000000000e+00
4.210000000000000000e+02 2.599250323943429635e+02 0.000000000000000000e+00 0.000000000000000000e+00
4.220000000000000000e+02 2.611102763583148771e+02 0.000000000000000000e+00 0.000000000000000000e+00
4.230000000000000000e+02 2.601135785844216457e+02 2.000000000000000000e+00 0.000000000000000000e+00
4.240000000000000000e+02 2.596698530223991952e+02 1.000000000000000000e+00 0.000000000000000000e+00
4.250000000000000000e+02 2.609627719435377458e+02 0.000000000000000000e+00 0.000000000000000000e+00
4.260000000000000000e+02 2.626401370959382007e+02 0.000000000000000000e+00 0.000000000000000000e+00
4.270000000000000000e+02 2.626935764930193500e+02 0.000000000000000000e+00 0.000000000000000000e+00
4.280000000000000000e+02 2.633052949912590748e+02 0.000000000000000000e+00 0.000000000000000000e+00
4.290000000000000000e+02 2.646451820612746246e+02 0.000000000000000000e+00 0.000000000000000000e+00
4.300000000000000000e+02 2.659195802978398433e+02 0.000000000000000000e+00 0.000000000000000000e+00
4.310000000000000000e+02 2.664732827597474625e+02 0.000000000000000000e+00 0.000000000000000000e+00
4.320000000000000000e+02 2.674198207763028563e+02 0.000000000000000000e+00 0.000000000000000000e+00
4.330000000000000000e+02 2.678992369207894626e+02 1.000000000000000000e+00 0.000000000000000000e+00
4.340000000000000000e+02 2.679435999279085650e+02 1.000000000000000000e+00 0.000000000000000000e+00
4.350000000000000000e+02 2.675456431025191364e+02 1.000000000000000000e+00 0.000000000000000000e+00
4.360000000000000000e+02 2.683334533990302475e+02 1.000000000000000000e+00 0.000000000000000000e+00
4.370000000000000000e+02 2.677257904474878956e+02 1.000000000000000000e+00 0.000000000000000000e+00
4.380000000000000000e+02 2.677506148290634087e+02 1.000000000000000000e+00 0.000000000000000000e+00
4.390000000000000000e+02 2.687648900168537693e+02 0.000000000000000000e+00 0.000000000000000000e+00
4.400000000000000000e+02 2.703370331753328628e+02 0.000000000000000000e+00 0.000000000000000000e+00
4.410000000000000000e+02 2.705476590209149776e+02 0.000000000000000000e+00 0.000000000000000000e+00
4.420000000000000000e+02 2.711226763416408971e+02 0.000000000000000000e+00 0.000000000000000000e+00
4.430000000000000000e+02 2.707773596515640975e+02 2.000000000000000000e+00 0.000000000000000000e+00
4.440000000000000000e+02 2.698243456948742960e+02 2.000000000000000000e+00 0.000000000000000000e+00
4.450000000000000000e+02 2.696828673253546071e+02 0.000000000000000000e+00 0.000000000000000000e+00
4.460000000000000000e+02 2.717883701614102279e+02 0.000000000000000000e+00 0.000000000000000000e+00
4.470000000000000000e+02 2.723031267844957029e+02 0.000000000000000000e+00 0.000000000000000000e+00
4.480000000000000000e+02 2.743977284369063341e+02 0.000000000000000000e+00 0.000000000000000000e+00
4.490000000000000000e+02 2.743790453952589132e+02 0.000000000000000000e+00 0.000000000000000000e+00
4.500000000000000000e+02 2.756763032989964017e+02 0.000000000000000000e+00 0.000000000000000000e+00
4.510000000000000000e+02 2.765966516216127502e+02 0.000000000000000000e+00 0.000000000000000000e+00
4.520000000000000000e+02 2.769499261355630892e+02 1.000000000000000000e+00 0.000000000000000000e+00
4.530000000000000000e+02 2.786375265487969841e+02 0.000000000000000000e+00 0.000000000000000000e+00
4.540000000000000000e+02 2.785836726904061607e+02 0.000000000000000000e+00 0.000000000000000000e+00
4.550000000000000000e+02 2.797851568740020980e+02 0.000000000000000000e+00 0.000000000000000000e+00
4.560000000000000000e+02 2.815490179203458752e+02 0.000000000000000000e+00 0.000000000000000000e+00
4.570000000000000000e+02 2.825736608685749616e+02 0.000000000000000000e+00 0.000000000000000000e+00
4.580000000000000000e+02 2.824615667439452977e+02 0.000000000000000000e+00 0.000000000000000000e+00
4.590000000000000000e+02 2.827236841978256052e+02 1.000000000000000000e+00 0.000000000000000000e+00
4.600000000000000000e+02 2.841388769951283848e+02 0.000000000000000000e+00 0.000000000000000000e+00
4.610000000000000000e+02 2.850613304521147597e+02 0.000000000000000000e+00 0.000000000000000000e+00
4.620000000000000000e+02 2.852617406709657644e+02 1.000000000000000000e+00 0.000000000000000000e+00
4.630000000000000000e+02 2.868891057394138215e+02 0.000000000000000000e+00 0.000000000000000000e+00
4.640000000000000000e+02 2.858340495635635534e+02 1.000000000000000000e+00 0.000000000000000000e+00
4.650000000000000000e+02 2.856721888967410905e+02 2.000000000000000000e+00 0.000000000000000000e+00
4.660000000000000000e+02 2.858344699579715211e+02 0.000000000000000000e+00 0.000000000000000000e+00
4.670000000000000000e+02 2.880616640503616850e+02 0.000000000000000000e+00 0.000000000000000000e+00
4.680000000000000000e+02 2.885617474078632654e+02 0.000000000000000000e+00 0.000000000000000000e+00
4.690000000000000000e+02 2.895689022536466268e+02 0.000000000000000000e+00 0.000000000000000000e+00
4.700000000000000000e+02 2.901770918476663041e+02 0.000000000000000000e+00 0.000000000000000000e+00
4.710000000000000000e+02 2.905072269178740498e+02 0.000000000000000000e+00 0.000000000000000000e+00
4.720000000000000000e+02 2.925579284481448212e+02 0.000000000000000000e+00 0.000000000000000000e+00
4.730000000000000000e+02 2.927623844360349494e+02 0.000000000000000000e+00 0.000000000000000000e+00
4.740000000000000000e+02 2.941390913451045321e+02 0.000000000000000000e+00 0.000000000000000000e+00
4.750000000000000000e+02 2.953634029623272568e+02 0.000000000000000000e+00 0.000000000000000000e+00
4.760000000000000000e+02 2.954539501759497284e+02 0.000000000000000000e+00 0.000000000000000000e+00
4.770000000000000000e+02 2.972696049718483664e+02 0.000000000000000000e+00 0.000000000000000000e+00
4.780000000000000000e+02 2.959195244402761773e+02 2.000000000000000000e+00 0.000000000000000000e+00
4.790000000000000000e+02 2.963365702394702339e+02 1.000000000000000000e+00 0.000000000000000000e+00
4.800000000000000000e+02 2.954704158365348121e+02 1.000000000000000000e+00 0.000000000000000000e+00
4.810000000000000000e+02 2.971338769610266581e+02 0.000000000000000000e+00 0.000000000000000000e+00
4.820000000000000000e+02 2.972860749472759494e+02 1.000000000000000000e+00 0.000000000000000000e+00
4.830000000000000000e+02 2.983414776937977990e+02 0.000000000000000000e+00 0.000000000000000000e+00
4.840000000000000000e+02 2.989546441159275787e+02 0.000000000000000000e+00 0.000000000000000000e+00
4.850000000000000000e+02 2.988947711408973191e+02 1.000000000000000000e+00 0.000000000000000000e+00
4.860000000000000000e+02 3.010012004733657136e+02 0.000000000000000000e+00 0.000000000000000000e+00
4.870000000000000000e+02 3.012316694576044824e+02 0.000000000000000000e+00 0.000000000000000000e+00
4.880000000000000000e+02 3.019117338711518528e+02 0.000000000000000000e+00 0.000000000000000000e+00
4.890000000000000000e+02 3.017338594897458393e+02 1.000000000000000000e+00 0.000000000000000000e+00
4.900000000000000000e+02 3.021833150778804225e+02 0.000000000000000000e+00 0.000000000000000000e+00
4.910000000000000000e+02 3.026913939158864082e+02 2.000000000000000000e+00 0.000000000000000000e+00
4.920000000000000000e+02 3.026702021359068908e+02 0.000000000000000000e+00 0.000000000000000000e+00
4.930000000000000000e+02 3.037950742217777247e+02 0.000000000000000000e+00 0.000000000000000000e+00
4.940000000000000000e+02 3.047811545734114134e+02 0.000000000000000000e+00 0.000000000000000000e+00
4.950000000000000000e+02 3.066088219607361225e+02 0.000000000000000000e+00 0.000000000000000000e+00
4.960000000000000000e+02 3.078392259998112763e+02 0.000000000000000000e+00 0.000000000000000000e+00
4.970000000000000000e+02 3.062952233506439370e+02 2.000000000000000000e+00 0.000000000000000000e+00
4.980000000000000000e+02 3.075142137075607138e+02 0.000000000000000000e+00 0.000000000000000000e+00
4.990000000000000000e+02 3.071624571570666262e+02 0.000000000000000000e+00 0.000000000000000000e+00
5.000000000000000000e+02 3.081476812543491519e+02 1.000000000000000000e+00 0.000000000000000000e+00
5.010000000000000000e+02 3.096210580725907562e+02 0.000000000000000000e+00 0.000000000000000000e+00
5.020000000000000000e+02 3.099614327341012086e+02 0.000000000000000000e+00 0.000000000000000000e+00
5.030000000000000000e+02 3.107796803343953798e+02 0.000000000000000000e+00 0.000000000000000000e+00
5.040000000000000000e+02 3.116998111913809453e+02 0.000000000000000000e+00 0.000000000000000000e+00
5.050000000000000000e+02 3.129368035164566209e+02 0.000000000000000000e+00 0.000000000000000000e+00
5.060000000000000000e+02 3.142750649426089922e+02 0.000000000000000000e+00 0.000000000000000000e+00
5.070000000000000000e+02 3.156711355906381868e+02 0.000000000000000000e+00 0.000000000000000000e+00
5.080000000000000000e+02 3.148995371168163615e+02 2.000000000000000000e+00 0.000000000000000000e+00
5.090000000000000000e+02 3.149390109428956066e+02 0.000000000000000000e+00 0.000000000000000000e+00
5.100000000000000000e+02 3.141150151244324320e+02 1.000000000000000000e+00 0.000000000000000000e+00
5.110000000000000000e+02 3.154620767182473742e+02 1.000000000000000000e+00 0.000000000000000000e+00
5.120000000000000000e+02 3.166127589199829799e+02 0.000000000000000000e+00 0.000000000000000000e+00
5.130000000000000000e+02 3.150411437969655140e+02 2.000000000000000000e+00 0.000000000000000000e+00
5.140000000000000000e+02 3.144013877374503068e+02 2.000000000000000000e+00 0.000000000000000000e+00
5.150000000000000000e+02 3.150426383185840109e+02 0.000000000000000000e+00 0.000000000000000000e+00
5.160000000000000000e+02 3.161174495685806960e+02 0.000000000000000000e+00 0.000000000000000000e+00
5.170000000000000000e+02 3.144293067649106774e+02 2.000000000000000000e+00 0.000000000000000000e+00
5.180000000000000000e+02 3.143375904226586499e+02 2.000000000000000000e+00 0.000000000000000000e+00
5.190000000000000000e+02 3.140769179176336934e+02 1.000000000000000000e+00 0.000000000000000000e+00
5.200000000000000000e+02 3.150596569515992087e+02 0.000000000000000000e+00 0.000000000000000000e+00
5.210000000000000000e+02 3.164807496748200606e+02 0.000000000000000000e+00 0.000000000000000000e+00
5.220000000000000000e+02 3.169366282355563271e+02 0.000000000000000000e+00 0.000000000000000000e+00
5.230000000000000000e+02 3.179845547677766149e+02 0.000000000000000000e+00 0.000000000000000000e+00
5.240000000000000000e+02 3.188126873979352354e+02 0.000000000000000000e+00 0.000000000000000000e+00
5.250000000000000000e+02 3.194687555813723634e+02 1.000000000000000000e+00 0.000000000000000000e+00
5.260000000000000000e+02 3.204477387902800274e+02 0.000000000000000000e+00 0.000000000000000000e+00
5.270000000000000000e+02 3.204452857675810264e+02 0.000000000000000000e+00 0.000000000000000000e+00
5.280000000000000000e+02 3.224751074133312159e+02 0.000000000000000000e+00 0.000000000000000000e+00
5.290000000000000000e+02 3.234243470698067995e+02 0.000000000000000000e+00 0.000000000000000000e+00
5.300000000000000000e+02 3.237830386862737555e+02 0.000000000000000000e+00 0.000000000000000000e+00
5.310000000000000000e+02 3.240936259947097824e+02 0.000000000000000000e+00 0.000000000000000000e+00
5.320000000000000000e+02 3.260138926674247273e+02 0.000000000000000000e+00 0.000000000000000000e+00
5.330000000000000000e+02 3.270860357074658396e+02 0.000000000000000000e+00 0.000000000000000000e+00
5.340000000000000000e+02 3.280975110760675761e+02 0.000000000000000000e+00 0.000000000000000000e+00
5.350000000000000000e+02 3.286427342032837373e+02 0.000000000000000000e+00 0.000000000000000000e+00
5.360000000000000000e+02 3.300370263865906963e+02 0.000000000000000000e+00 0.000000000000000000e+00
5.370000000000000000e+02 3.315375873211621638e+02 0.000000000000000000e+00 0.000000000000000000e+00
5.380000000000000000e+02 3.318811014378285904e+02 0.000000000000000000e+00 0.000000000000000000e+00
5.390000000000000000e+02 3.331238354468329135e+02 0.000000000000000000e+00 0.000000000000000000e+00
5.400000000000000000e+02 3.339643891007802949e+02 0.000000000000000000e+00 0.000000000000000000e+00
5.410000000000000000e+02 3.336158170966056105e+02 1.000000000000000000e+00 0.000000000000000000e+00
5.420000000000000000e+02 3.339264999918590320e+02 1.000000000000000000e+00 0.000000000000000000e+00
5.430000000000000000e+02 3.351448686513923576e+02 0.000000000000000000e+00 0.000000000000000000e+00
5.440000000000000000e+02 3.334399662084867373e+02 2.000000000000000000e+00 0.000000000000000000e+00
5.450000000000000000e+02 3.353354065663070287e+02 0.000000000000000000e+00 0.000000000000000000e+00
5.460000000000000000e+02 3.359902457275347274e+02 0.000000000000000000e+00 0.000000000000000000e+00
5.470000000000000000e+02 3.367308762345227251e+02 0.000000000000000000e+00 0.000000000000000000e+00
5.480000000000000000e+02 3.380055571308908497e+02 0.000000000000000000e+00 0.000000000000000000e+00
5.490000000000000000e+02 3.374680817686960950e+02 1.000000000000000000e+00 0.000000000000000000e+00
5.500000000000000000e+02 3.394932589008504920e+02 0.000000000000000000e+00 0.000000000000000000e+00
5.510000000000000000e+02 3.401783837515735627e+02 0.000000000000000000e+00 0.000000000000000000e+00
5.520000000000000000e+02 3.409352636140003483e+02 0.000000000000000000e+00 0.000000000000000000e+00
5.530000000000000000e+02 3.403079975402557125e+02 2.000000000000000000e+00 0.000000000000000000e+00
5.540000000000000000e+02 3.382994804301666250e+02 2.000000000000000000e+00 0.000000000000000000e+00
5.550000000000000000e+02 3.403787132547092824e+02 0.000000000000000000e+00 0.000000000000000000e+00
5.560000000000000000e+02 3.404930078304700487e+02 0.000000000000000000e+00 0.000000000000000000e+00
5.570000000000000000e+02 3.419401506723726243e+02 0.000000000000000000e+00 0.000000000000000000e+00
5.580000000000000000e+02 3.424004762278760836e+02 0.000000000000000000e+00 0.000000000000000000e+00
5.590000000000000000e+02 3.439133003828942492e+02 0.000000000000000000e+00 0.000000000000000000e+00
5.600000000000000000e+02 3.448122578532369289e+02 0.000000000000000000e+00 0.000000000000000000e+00
5.610000000000000000e+02 3.454750140923951562e+02 0.000000000000000000e+00 0.000000000000000000e+00
5.620000000000000000e+02 3.458003378687562872e+02 1.000000000000000000e+00 0.000000000000000000e+00
5.630000000000000000e+02 3.479062468763513607e+02 0.000000000000000000e+00 0.000000000000000000e+00
5.640000000000000000e+02 3.479201715663548384e+02 0.000000000000000000e+00 0.000000000000000000e+00
5.650000000000000000e+02 3.485642962979636650e+02 0.000000000000000000e+00 0.000000000000000000e+00
5.660000000000000000e+02 3.476245496825125656e+02 2.000000000000000000e+00 0.000000000000000000e+00
5.670000000000000000e+02 3.495713193320177652e+02 0.000000000000000000e+00 0.000000000000000000e+00
5.680000000000000000e+02 3.500670651064342564e+02 0.000000000000000000e+00 0.000000000000000000e+00
5.690000000000000000e+02 3.523327886304146546e+02 0.000000000000000000e+00 0.000000000000000000e+00
5.700000000000000000e+02 3.511060418743460332e+02 0.000000000000000000e+00 0.000000000000000000e+00
5.710000000000000000e+02 3.518502578430941412e+02 2.000000000000000000e+00 0.000000000000000000e+00
5.720000000000000000e+02 3.511410391906356381e+02 0.000000000000000000e+00 0.000000000000000000e+00
5.730000000000000000e+02 3.530565264211036265e+02 0.000000000000000000e+00 0.000000000000000000e+00
5.740000000000000000e+02 3.545925957312573473e+02 0.000000000000000000e+00 0.000000000000000000e+00
5.750000000000000000e+02 3.528942112862780505e+02 2.000000000000000000e+00 0.000000000000000000e+00
5.760000000000000000e+02 3.541059071543377286e+02 0.000000000000000000e+00 0.000000000000000000e+00
5.770000000000000000e+02 3.550304518678941577e+02 0.000000000000000000e+00 0.000000000000000000e+00
5.780000000000000000e+02 3.551452801835980040e+02 1.000000000000000000e+00 0.000000000000000000e+00
5.790000000000000000e+02 3.563230177596756221e+02 0.000000000000000000e+00 0.000000000000000000e+00
5.800000000000000000e+02 3.571645337229338111e+02 0.000000000000000000e+00 0.000000000000000000e+00
5.810000000000000000e+02 3.584710696079287686e+02 0.000000000000000000e+00 0.000000000000000000e+00
5.820000000000000000e+02 3.574565012892279015e+02 1.000000000000000000e+00 0.000000000000000000e+00
5.830000000000000000e+02 3.592813953426394278e+02 0.000000000000000000e+00 0.000000000000000000e+00
5.840000000000000000e+02 3.611172582374420585e+02 0.000000000000000000e+00 0.000000000000000000e+00
5.850000000000000000e+02 3.604518757515200491e+02 0.000000000000000000e+00 0.000000000000000000e+00
5.860000000000000000e+02 3.621509465896256756e+02 0.000000000000000000e+00 0.000000000000000000e+00
5.870000000000000000e+02 3.639771910149119094e+02 0.000000000000000000e+00 0.000000000000000000e+00
5.880000000000000000e+02 3.632189119579394401e+02 0.000000000000000000e+00 0.000000000000000000e+00
5.890000000000000000e+02 3.659444065947420768e+02 0.000000000000000000e+00 0.000000000000000000e+00
5.900000000000000000e+02 3.661178848854301577e+02 0.000000000000000000e+00 0.000000000000000000e+00
5.910000000000000000e+02 3.667699838693020524e+02 0.000000000000000000e+00 0.000000000000000000e+00
5.920000000000000000e+02 3.685869375533441143e+02 0.000000000000000000e+00 0.000000000000000000e+00
5.930000000000000000e+02 3.685687065543016843e+02 0.000000000000000000e+00 0.000000000000000000e+00
5.940000000000000000e+02 3.695764116810588575e+02 0.000000000000000000e+00 0.000000000000000000e+00
5.950000000000000000e+02 3.704371823405000441e+02 0.000000000000000000e+00 0.000000000000000000e+00
5.960000000000000000e+02 3.717203605404426412e+02 0.000000000000000000e+00 0.000000000000000000e+00
5.970000000000000000e+02 3.722869402799506133e+02 0.000000000000000000e+00 0.000000000000000000e+00
5.980000000000000000e+02 3.729134047536254570e+02 1.000000000000000000e+00 0.000000000000000000e+00
5.990000000000000000e+02 3.750651208353125980e+02 0.000000000000000000e+00 0.000000000000000000e+00
6.000000000000000000e+02 3.757850565465584509e+02 0.000000000000000000e+00 0.000000000000000000e+00
6.010000000000000000e+02 3.752558220665870863e+02 0.000000000000000000e+00 0.000000000000000000e+00
6.020000000000000000e+02 3.775348426444859911e+02 0.000000000000000000e+00 0.000000000000000000e+00
6.030000000000000000e+02 3.764029707245097143e+02 2.000000000000000000e+00 0.000000000000000000e+00
6.040000000000000000e+02 3.762758787044725182e+02 2.000000000000000000e+00 0.000000000000000000e+00
6.050000000000000000e+02 3.760248771493851336e+02 0.000000000000000000e+00 0.000000000000000000e+00
6.060000000000000000e+02 3.765882444794374351e+02 0.000000000000000000e+00 0.000000000000000000e+00
6.070000000000000000e+02 3.775447742904570418e+02 0.000000000000000000e+00 0.000000000000000000e+00
6.080000000000000000e+02 3.784592129699809107e+02 0.000000000000000000e+00 0.000000000000000000e+00
6.090000000000000000e+02 3.789094420530901175e+02 1.000000000000000000e+00 0.000000000000000000e+00
6.100000000000000000e+02 3.794641272001126140e+02 1.000000000000000000e+00 0.000000000000000000e+00
6.110000000000000000e+02 3.798437740365871491e+02 0.000000000000000000e+00 0.000000000000000000e+00
6.120000000000000000e+02 3.813246184747584380e+02 0.000000000000000000e+00 0.000000000000000000e+00
6.130000000000000000e+02 3.816400409888537411e+02 0.000000000000000000e+00 0.000000000000000000e+00
6.140000000000000000e+02 3.822526123192269552e+02 0.000000000000000000e+00 0.000000000000000000e+00
6.150000000000000000e+02 3.836210587546924558e+02 0.000000000000000000e+00 0.000000000000000000e+00
6.160000000000000000e+02 3.842553493935141660e+02 0.000000000000000000e+00 0.000000000000000000e+00
6.170000000000000000e+02 3.866940240125109653e+02 0.000000000000000000e+00 0.000000000000000000e+00
6.180000000000000000e+02 3.869736153607967140e+02 0.000000000000000000e+00 0.000000000000000000e+00
6.190000000000000000e+02 3.882700606481908494e+02 1.000000000000000000e+00 0.000000000000000000e+00
6.200000000000000000e+02 3.880503553354051860e+02 0.000000000000000000e+00 0.000000000000000000e+00
6.210000000000000000e+02 3.879630342192294847e+02 1.000000000000000000e+00 0.000000000000000000e+00
6.220000000000000000e+02 3.888324513963072491e+02 0.000000000000000000e+00 0.000000000000000000e+00
6.230000000000000000e+02 3.895867016966309393e+02 0.000000000000000000e+00 0.000000000000000000e+00
6.240000000000000000e+02 3.906469255715877580e+02 0.000000000000000000e+00 0.000000000000000000e+00
6.250000000000000000e+02 3.908731316396755346e+02 1.000000000000000000e+00 0.000000000000000000e+00
6.260000000000000000e+02 3.907573189942053773e+02 0.000000000000000000e+00 0.000000000000000000e+00
6.270000000000000000e+02 3.929422188022571163e+02 0.000000000000000000e+00 0.000000000000000000e+00
6.280000000000000000e+02 3.947518734254550168e+02 0.000000000000000000e+00 0.000000000000000000e+00
6.290000000000000000e+02 3.950404227023706198e+02 0.000000000000000000e+00 0.000000000000000000e+00
6.300000000000000000e+02 3.952037249775345344e+02 0.000000000000000000e+00 0.000000000000000000e+00
6.310000000000000000e+02 3.965087690088913064e+02 0.000000000000000000e+00 0.000000000000000000e+00
6.320000000000000000e+02 3.976668533421847656e+02 0.000000000000000000e+00 0.000000000000000000e+00
6.330000000000000000e+02 3.986545536367903537e+02 0.000000000000000000e+00 0.000000000000000000e+00
6.340000000000000000e+02 4.003009185813903059e+02 0.000000000000000000e+00 0.000000000000000000e+00
6.350000000000000000e+02 3.990185942861642729e+02 2.000000000000000000e+00 0.000000000000000000e+00
6.360000000000000000e+02 3.992795537767641463e+02 1.000000000000000000e+00 0.000000000000000000e+00
6.370000000000000000e+02 3.990756943067755174e+02 1.000000000000000000e+00 0.000000000000000000e+00
6.380000000000000000e+02 3.993138460581892559e+02 1.000000000000000000e+00 0.000000000000000000e+00
6.390000000000000000e+02 3.987833185701274488e+02 1.000000000000000000e+00 0.000000000000000000e+00
6.400000000000000000e+02 3.985604284348740975e+02 1.000000000000000000e+00 0.000000000000000000e+00
6.410000000000000000e+02 4.008164669295122735e+02 0.000000000000000000e+00 0.000000000000000000e+00
6.420000000000000000e+02 4.014629625101566717e+02 0.000000000000000000e+00 0.000000000000000000e+00
6.430000000000000000e+02 4.023373491856891633e+02 0.000000000000000000e+00 0.000000000000000000e+00
6.440000000000000000e+02 4.025593704173232936e+02 0.000000000000000000e+00 0.000000000000000000e+00
6.450000000000000000e+02 4.034199779961274999e+02 0.000000000000000000e+00 0.000000000000000000e+00
6.460000000000000000e+02 4.055478268573802438e+02 0.000000000000000000e+00 0.000000000000000000e+00
6.470000000000000000e+02 4.054294753459115555e+02 0.000000000000000000e+00 0.000000000000000000e+00
6.480000000000000000e+02 4.060506482812672857e+02 1.000000000000000000e+00 0.000000000000000000e+00
6.490000000000000000e+02 4.066380247656857136e+02 0.000000000000000000e+00 0.000000000000000000e+00
6.500000000000000000e+02 4.081859539550632689e+02 0.000000000000000000e+00 0.000000000000000000e+00
6.510000000000000000e+02 4.075331714859325984e+02 1.000000000000000000e+00 0.000000000000000000e+00
6.520000000000000000e+02 4.096477101159164249e+02 0.000000000000000000e+00 0.000000000000000000e+00
6.530000000000000000e+02 4.097631745634814138e+02 0.000000000000000000e+00 0.000000000000000000e+00
6.540000000000000000e+02 4.113912888871786322e+02 0.000000000000000000e+00 0.000000000000000000e+00
6.550000000000000000e+02 4.121890320599421216e+02 0.000000000000000000e+00 0.000000000000000000e+00
6.560000000000000000e+02 4.132898808403967905e+02 0.000000000000000000e+00 0.000000000000000000e+00
6.570000000000000000e+02 4.125606938349764619e+02 1.000000000000000000e+00 0.000000000000000000e+00
6.580000000000000000e+02 4.141751701885053762e+02 0.000000000000000000e+00 0.000000000000000000e+00
6.590000000000000000e+02 4.146827518631208704e+02 0.000000000000000000e+00 0.000000000000000000e+00
6.600000000000000000e+02 4.158773360525552221e+02 0.000000000000000000e+00 0.000000000000000000e+00
6.610000000000000000e+02 4.160569038265322774e+02 0.000000000000000000e+00 0.000000000000000000e+00
6.620000000000000000e+02 4.179221740937577465e+02 0.000000000000000000e+00 0.000000000000000000e+00
6.630000000000000000e+02 4.189085681114935937e+02 0.000000000000000000e+00 0.000000000000000000e+00
6.640000000000000000e+02 4.195730833541570632e+02 0.000000000000000000e+00 0.000000000000000000e+00
6.650000000000000000e+02 4.209616764835649860e+02 0.000000000000000000e+00 0.000000000000000000e+00
6.660000000000000000e+02 4.223959672297332304e+02 0.000000000000000000e+00 0.000000000000000000e+00
6.670000000000000000e+02 4.234712544400469483e+02 0.000000000000000000e+00 0.000000000000000000e+00
6.680000000000000000e+02 4.249077362437373608e+02 0.000000000000000000e+00 0.000000000000000000e+00
6.690000000000000000e+02 4.250981075548145895e+02 0.000000000000000000e+00 0.000000000000000000e+00
6.700000000000000000e+02 4.250358311055626928e+02 0.000000000000000000e+00 0.000000000000000000e+00
6.710000000000000000e+02 4.267955820084911238e+02 0.000000000000000000e+00 0.000000000000000000e+00
6.720000000000000000e+02 4.262057276473315710e+02 2.000000000000000000e+00 0.000000000000000000e+00
6.730000000000000000e+02 4.244847863720663099e+02 2.000000000000000000e+00 0.000000000000000000e+00
6.740000000000000000e+02 4.226271848005440575e+02 2.000000000000000000e+00 0.000000000000000000e+00
6.750000000000000000e+02 4.246307296618845157e+02 0.000000000000000000e+00 0.000000000000000000e+00
6.760000000000000000e+02 4.260542868851815115e+02 0.000000000000000000e+00 0.000000000000000000e+00
6.770000000000000000e+02 4.265383481711605214e+02 0.000000000000000000e+00 0.000000000000000000e+00
6.780000000000000000e+02 4.278090542351296222e+02 0.000000000000000000e+00 0.000000000000000000e+00
6.790000000000000000e+02 4.291509904523061323e+02 0.000000000000000000e+00 0.000000000000000000e+00
6.800000000000000000e+02 4.305657302802453046e+02 0.000000000000000000e+00 0.000000000000000000e+00
6.810000000000000000e+02 4.309806832645507484e+02 0.000000000000000000e+00 0.000000000000000000e+00
6.820000000000000000e+02 4.312272294269267832e+02 0.000000000000000000e+00 0.000000000000000000e+00
6.830000000000000000e+02 4.323916716509592675e+02 0.000000000000000000e+00 0.000000000000000000e+00
6.840000000000000000e+02 4.333368033717145522e+02 1.000000000000000000e+00 0.000000000000000000e+00
6.850000000000000000e+02 4.348425460226395671e+02 0.000000000000000000e+00 0.000000000000000000e+00
6.860000000000000000e+02 4.359639716599992880e+02 0.000000000000000000e+00 0.000000000000000000e+00
6.870000000000000000e+02 4.357208418492996884e+02 0.000000000000000000e+00 0.000000000000000000e+00
6.880000000000000000e+02 4.337044189702730819e+02 2.000000000000000000e+00 0.000000000000000000e+00
6.890000000000000000e+02 4.340224911130067653e+02 2.000000000000000000e+00 0.000000000000000000e+00
6.900000000000000000e+02 4.346835388634252695e+02 0.000000000000000000e+00 0.000000000000000000e+00
6.910000000000000000e+02 4.344108348168082898e+02 2.000000000000000000e+00 0.000000000000000000e+00
6.920000000000000000e+02 4.343688665558968864e+02 1.000000000000000000e+00 0.000000000000000000e+00
6.930000000000000000e+02 4.352064514173692373e+02 0.000000000000000000e+00 0.000000000000000000e+00
6.940000000000000000e+02 4.357426000179968923e+02 0.000000000000000000e+00 0.000000000000000000e+00
6.950000000000000000e+02 4.373849496948608362e+02 0.000000000000000000e+00 0.000000000000000000e+00
6.960000000000000000e+02 4.378645539894413901e+02 0.000000000000000000e+00 0.000000000000000000e+00
6.970000000000000000e+02 4.391967812226675960e+02 0.000000000000000000e+00 0.000000000000000000e+00
6.980000000000000000e+02 4.405115811622342221e+02 0.000000000000000000e+00 0.000000000000000000e+00
6.990000000000000000e+02 4.399275757966619835e+02 2.000000000000000000e+00 0.000000000000000000e+00
7.000000000000000000e+02 4.396323581150760447e+02 1.000000000000000000e+00 0.000000000000000000e+00
7.010000000000000000e+02 4.407398378993443657e+02 0.000000000000000000e+00 0.000000000000000000e+00
7.020000000000000000e+02 4.405252021586647970e+02 0.000000000000000000e+00 0.000000000000000000e+00
7.030000000000000000e+02 4.430415448731862398e+02 0.000000000000000000e+00 0.000000000000000000e+00
7.040000000000000000e+02 4.441719899783238361e+02 0.000000000000000000e+00 0.000000000000000000e+00
7.050000000000000000e+02 4.430702211646002979e+02 0.000000000000000000e+00 0.000000000000000000e+00
7.060000000000000000e+02 4.452986377789802077e+02 0.000000000000000000e+00 0.000000000000000000e+00
7.070000000000000000e+02 4.434496245414686086e+02 2.000000000000000000e+00 0.000000000000000000e+00
7.080000000000000000e+02 4.454429003940902589e+02 0.000000000000000000e+00 0.000000000000000000e+00
7.090000000000000000e+02 4.464680568735449810e+02 0.000000000000000000e+00 0.000000000000000000e+00
7.100000000000000000e+02 4.475218532831715379e+02 0.000000000000000000e+00 0.000000000000000000e+00
7.110000000000000000e+02 4.467885772193477010e+02 1.000000000000000000e+00 0.000000000000000000e+00
7.120000000000000000e+02 4.464174301815636454e+02 1.000000000000000000e+00 0.000000000000000000e+00
7.130000000000000000e+02 4.478222743458181867e+02 0.000000000000000000e+00 0.000000000000000000e+00
7.140000000000000000e+02 4.491191606381892143e+02 0.000000000000000000e+00 0.000000000000000000e+00
7.150000000000000000e+02 4.496852581604123316e+02 1.000000000000000000e+00 0.000000000000000000e+00
7.160000000000000000e+02 4.494417887426137099e+02 0.000000000000000000e+00 0.000000000000000000e+00
7.170000000000000000e+02 4.497756413688441626e+02 0.000000000000000000e+00 0.000000000000000000e+00
7.180000000000000000e+02 4.510766770503022940e+02 1.000000000000000000e+00 0.000000000000000000e+00
7.190000000000000000e+02 4.515447979143044108e+02 0.000000000000000000e+00 0.000000000000000000e+00
7.200000000000000000e+02 4.524033364486491564e+02 0.000000000000000000e+00 0.000000000000000000e+00
7.210000000000000000e+02 4.533617335357027400e+02 0.000000000000000000e+00 0.000000000000000000e+00
7.220000000000000000e+02 4.552309660680404590e+02 0.000000000000000000e+00 0.000000000000000000e+00
7.230000000000000000e+02 4.551154565135681196e+02 0.000000000000000000e+00 0.000000000000000000e+00
7.240000000000000000e+02 4.574143456840446902e+02 0.000000000000000000e+00 0.000000000000000000e+00
7.250000000000000000e+02 4.584398237777292024e+02 0.000000000000000000e+00 0.000000000000000000e+00
7.260000000000000000e+02 4.584764154882290654e+02 1.000000000000000000e+00 0.000000000000000000e+00
7.270000000000000000e+02 4.587267520303591937e+02 0.000000000000000000e+00 0.000000000000000000e+00
7.280000000000000000e+02 4.594423719931059509e+02 0.000000000000000000e+00 0.000000000000000000e+00
7.290000000000000000e+02 4.612241538729156787e+02 0.000000000000000000e+00 0.000000000000000000e+00
7.300000000000000000e+02 4.610855546127830280e+02 1.000000000000000000e+00 0.000000000000000000e+00
7.310000000000000000e+02 4.598191745859773505e+02 2.000000000000000000e+00 0.000000000000000000e+00
7.320000000000000000e+02 4.616069446317781626e+02 0.000000000000000000e+00 0.000000000000000000e+00
7.330000000000000000e+02 4.623304928304568762e+02 0.000000000000000000e+00 0.000000000000000000e+00
7.340000000000000000e+02 4.620281940236303058e+02 1.000000000000000000e+00 0.000000000000000000e+00
7.350000000000000000e+02 4.628087988064451679e+02 0.000000000000000000e+00 0.000000000000000000e+00
7.360000000000000000e+02 4.639996218722036474e+02 0.000000000000000000e+00 0.000000000000000000e+00
7.370000000000000000e+02 4.652671851697124907e+02 0.000000000000000000e+00 0.000000000000000000e+00
7.380000000000000000e+02 4.664982158999997637e+02 0.000000000000000000e+00 0.000000000000000000e+00
7.390000000000000000e+02 4.669129843792818519e+02 0.000000000000000000e+00 0.000000000000000000e+00
7.400000000000000000e+02 4.683867280647215239e+02 0.000000000000000000e+00 0.000000000000000000e+00
7.410000000000000000e+02 4.696314621227075463e+02 0.000000000000000000e+00 0.000000000000000000e+00
7.420000000000000000e+02 4.703672515510613152e+02 0.000000000000000000e+00 0.000000000000000000e+00
7.430000000000000000e+02 4.709662279254513919e+02 0.000000000000000000e+00 0.000000000000000000e+00
7.440000000000000000e+02 4.719640629733033848e+02 0.000000000000000000e+00 0.000000000000000000e+00
7.450000000000000000e+02 4.725733156995270292e+02 0.000000000000000000e+00 0.000000000000000000e+00
7.460000000000000000e+02 4.737441470623116970e+02 0.000000000000000000e+00 0.000000000000000000e+00
7.470000000000000000e+02 4.749479356399202743e+02 0.000000000000000000e+00 0.000000000000000000e+00
7.480000000000000000e+02 4.757072372185689915e+02 0.000000000000000000e+00 0.000000000000000000e+00
7.490000000000000000e+02 4.768798276204301487e+02 0.000000000000000000e+00 0.000000000000000000e+00
7.500000000000000000e+02 4.784107770991039956e+02 0.000000000000000000e+00 0.000000000000000000e+00
7.510000000000000000e+02 4.790341332703945909e+02 0.000000000000000000e+00 0.000000000000000000e+00
7.520000000000000000e+02 4.772882023425248121e+02 2.000000000000000000e+00 0.000000000000000000e+00
7.530000000000000000e+02 4.782633143952949126e+02 1.000000000000000000e+00 0.000000000000000000e+00
7.540000000000000000e+02 4.790647305715144739e+02 0.000000000000000000e+00 0.000000000000000000e+00
7.550000000000000000e+02 4.795145199274907100e+02 0.000000000000000000e+00 0.000000000000000000e+00
7.560000000000000000e+02 4.808312613616557201e+02 0.000000000000000000e+00 0.000000000000000000e+00
7.570000000000000000e+02 4.806594004775432722e+02 1.000000000000000000e+00 0.000000000000000000e+00
7.580000000000000000e+02 4.825334120708924956e+02 0.000000000000000000e+00 0.000000000000000000e+00
7.590000000000000000e+02 4.837764179960794308e+02 0.000000000000000000e+00 0.000000000000000000e+00
7.600000000000000000e+02 4.822403628057273863e+02 2.000000000000000000e+00 0.000000000000000000e+00
7.610000000000000000e+02 4.835705338100427184e+02 0.000000000000000000e+00 0.000000000000000000e+00
7.620000000000000000e+02 4.829960653110251769e+02 2.000000000000000000e+00 0.000000000000000000e+00
7.630000000000000000e+02 4.811380567521778175e+02 1.000000000000000000e+00 0.000000000000000000e+00
7.640000000000000000e+02 4.828854624447250785e+02 0.000000000000000000e+00 0.000000000000000000e+00
7.650000000000000000e+02 4.839615661415132877e+02 0.000000000000000000e+00 0.000000000000000000e+00
7.660000000000000000e+02 4.848687932189881735e+02 0.000000000000000000e+00 0.000000000000000000e+00
7.670000000000000000e+02 4.838336393784906022e+02 1.000000000000000000e+00 0.000000000000000000e+00
7.680000000000000000e+02 4.853450388765725165e+02 0.000000000000000000e+00 0.000000000000000000e+00
7.690000000000000000e+02 4.867359688581800583e+02 0.000000000000000000e+00 0.000000000000000000e+00
7.700000000000000000e+02 4.863856114182613624e+02 1.000000000000000000e+00 0.000000000000000000e+00
7.710000000000000000e+02 4.875685268645932524e+02 0.000000000000000000e+00 0.000000000000000000e+00
7.720000000000000000e+02 4.898900439030362577e+02 0.000000000000000000e+00 0.000000000000000000e+00
7.730000000000000000e+02 4.884591958099996987e+02 1.000000000000000000e+00 0.000000000000000000e+00
7.740000000000000000e+02 4.892807570783634219e+02 0.000000000000000000e+00 0.000000000000000000e+00
7.750000000000000000e+02 4.907992893478639189e+02 0.000000000000000000e+00 0.000000000000000000e+00
7.760000000000000000e+02 4.913764051064549676e+02 0.000000000000000000e+00 0.000000000000000000e+00
7.770000000000000000e+02 4.922945786637314427e+02 1.000000000000000000e+00 0.000000000000000000e+00
7.780000000000000000e+02 4.924610608340536260e+02 0.000000000000000000e+00 0.000000000000000000e+00
7.790000000000000000e+02 4.936426150802497546e+02 0.000000000000000000e+00 0.000000000000000000e+00
7.800000000000000000e+02 4.944353493615541311e+02 0.000000000000000000e+00 0.000000000000000000e+00
7.810000000000000000e+02 4.962508652521851786e+02 0.000000000000000000e+00 0.000000000000000000e+00
7.820000000000000000e+02 4.966708895457955464e+02 1.000000000000000000e+00 0.000000000000000000e+00
7.830000000000000000e+02 4.964806310650006935e+02 0.000000000000000000e+00 0.000000000000000000e+00
7.840000000000000000e+02 4.984648687267940090e+02 0.000000000000000000e+00 0.000000000000000000e+00
7.850000000000000000e+02 4.991324211105605286e+02 0.000000000000000000e+00 0.000000000000000000e+00
7.860000000000000000e+02 4.984927162021683102e+02 1.000000000000000000e+00 0.000000000000000000e+00
7.870000000000000000e+02 4.983220463642938967e+02 1.000000000000000000e+00 0.000000000000000000e+00
7.880000000000000000e+02 4.985904152102189073e+02 1.000000000000000000e+00 0.000000000000000000e+00
7.890000000000000000e+02 4.987840144906995192e+02 0.000000000000000000e+00 0.000000000000000000e+00
7.900000000000000000e+02 5.003864194646407100e+02 1.000000000000000000e+00 0.000000000000000000e+00
7.910000000000000000e+02 5.002728717091407020e+02 1.000000000000000000e+00 0.000000000000000000e+00
7.920000000000000000e+02 4.997018274649350928e+02 1.000000000000000000e+00 0.000000000000000000e+00
7.930000000000000000e+02 5.014388443772795654e+02 0.000000000000000000e+00 0.000000000000000000e+00
7.940000000000000000e+02 5.032249534008160481e+02 0.000000000000000000e+00 0.000000000000000000e+00
7.950000000000000000e+02 5.031459612317052006e+02 0.000000000000000000e+00 0.000000000000000000e+00
7.960000000000000000e+02 5.036557892961449170e+02 0.000000000000000000e+00 0.000000000000000000e+00
7.970000000000000000e+02 5.054082395238639833e+02 0.000000000000000000e+00 0.000000000000000000e+00
7.980000000000000000e+02 5.036380952357363867e+02 2.000000000000000000e+00 0.000000000000000000e+00
7.990000000000000000e+02 5.044085533398558141e+02 0.000000000000000000e+00 0.000000000000000000e+00
8.000000000000000000e+02 5.062596284134888833e+02 0.000000000000000000e+00 0.000000000000000000e+00
