time	position	state	ATP_bound
1.000000000000000000e+00 9.960619338274111501e-01 0.000000000000000000e+00 0.000000000000000000e+00
2.000000000000000000e+00 3.216854710518215033e+00 0.000000000000000000e+00 0.000000000000000000e+00
3.000000000000000000e+00 2.038028875609424695e+00 0.000000000000000000e+00 0.000000000000000000e+00
4.000000000000000000e+00 4.590950889006635727e+00 0.000000000000000000e+00 0.000000000000000000e+00
5.000000000000000000e+00 5.837714159182654683e+00 0.000000000000000000e+00 0.000000000000000000e+00
6.000000000000000000e+00 5.979116393965323795e+00 0.000000000000000000e+00 0.000000000000000000e+00
7.000000000000000000e+00 6.994954573555922650e+00 0.000000000000000000e+00 0.000000000000000000e+00
8.000000000000000000e+00 5.551869618551147134e+00 2.000000000000000000e+00 0.000000000000000000e+00
9.000000000000000000e+00 5.203425621303931159e+00 2.000000000000000000e+00 0.000000000000000000e+00
1.000000000000000000e+01 6.179245469029178039e+00 0.000000000000000000e+00 0.000000000000000000e+00
1.100000000000000000e+01 7.426677014302746294e+00 0.000000000000000000e+00 0.000000000000000000e+00
1.200000000000000000e+01 7.950093818307627735e+00 0.000000000000000000e+00 0.000000000000000000e+00
1.300000000000000000e+01 9.148877568815320771e+00 0.000000000000000000e+00 0.000000000000000000e+00
1.400000000000000000e+01 8.612646847730694333e+00 0.000000000000000000e+00 0.000000000000000000e+00
1.500000000000000000e+01 1.074133173802767871e+01 0.000000000000000000e+00 0.000000000000000000e+00
1.600000000000000000e+01 1.209428812652302732e+01 0.000000000000000000e+00 0.000000000000000000e+00
1.700000000000000000e+01 1.336303037420620399e+01 0.000000000000000000e+00 0.000000000000000000e+00
1.800000000000000000e+01 1.377608055502567197e+01 0.000000000000000000e+00 0.000000000000000000e+00
1.900000000000000000e+01 1.513497344463525707e+01 0.000000000000000000e+00 0.000000000000000000e+00
2.000000000000000000e+01 1.551061502444252227e+01 1.000000000000000000e+00 0.000000000000000000e+00
2.100000000000000000e+01 1.554879565014787168e+01 0.000000000000000000e+00 0.000000000000000000e+00
2.200000000000000000e+01 1.726476767221530650e+01 0.000000000000000000e+00 0.000000000000000000e+00
2.300000000000000000e+01 1.826233340145114425e+01 0.000000000000000000e+00 0.000000000000000000e+00
2.400000000000000000e+01 1.842548477050792144e+01 0.000000000000000000e+00 0.000000000000000000e+00
2.500000000000000000e+01 1.939568053930387848e+01 0.000000000000000000e+00 0.000000000000000000e+00
2.600000000000000000e+01 1.958639799689443706e+01 1.000000000000000000e+00 0.000000000000000000e+00
2.700000000000000000e+01 2.044856157157693488e+01 0.000000000000000000e+00 0.000000000000000000e+00
2.800000000000000000e+01 2.149826027476811774e+01 0.000000000000000000e+00 0.000000000000000000e+00
2.900000000000000000e+01 2.292667157630163643e+01 0.000000000000000000e+00 0.000000000000000000e+00
3.000000000000000000e+01 2.518167037492131044e+01 0.000000000000000000e+00 0.000000000000000000e+00
3.100000000000000000e+01 2.438081072334175659e+01 0.000000000000000000e+00 0.000000000000000000e+00
3.200000000000000000e+01 2.577241391162035455e+01 0.000000000000000000e+00 0.000000000000000000e+00
3.300000000000000000e+01 2.714558575601777690e+01 0.000000000000000000e+00 0.000000000000000000e+00
3.400000000000000000e+01 2.795401840068633703e+01 0.000000000000000000e+00 0.000000000000000000e+00
3.500000000000000000e+01 2.925323355085947696e+01 0.000000000000000000e+00 0.000000000000000000e+00
3.600000000000000000e+01 2.939399999838171595e+01 0.000000000000000000e+00 0.000000000000000000e+00
3.700000000000000000e+01 2.984951184768757315e+01 2.000000000000000000e+00 0.000000000000000000e+00
3.800000000000000000e+01 2.832560750514517167e+01 2.000000000000000000e+00 0.000000000000000000e+00
3.900000000000000000e+01 2.934384590181739938e+01 0.000000000000000000e+00 0.000000000000000000e+00
4.000000000000000000e+01 3.078612969060044335e+01 0.000000000000000000e+00 0.000000000000000000e+00
4.100000000000000000e+01 3.007049287534274384e+01 0.000000000000000000e+00 0.000000000000000000e+00
4.200000000000000000e+01 3.137627298527313968e+01 0.000000000000000000e+00 0.000000000000000000e+00
4.300000000000000000e+01 3.271260600221783932e+01 0.000000000000000000e+00 0.000000000000000000e+00
4.400000000000000000e+01 3.397174110028006311e+01 0.000000000000000000e+00 0.000000000000000000e+00
4.500000000000000000e+01 3.416986429118367852e+01 0.000000000000000000e+00 0.000000000000000000e+00
4.600000000000000000e+01 3.573930307723210120e+01 0.000000000000000000e+00 0.000000000000000000e+00
4.700000000000000000e+01 3.480500837966414451e+01 2.000000000000000000e+00 0.000000000000000000e+00
4.800000000000000000e+01 3.557178799147184378e+01 0.000000000000000000e+00 0.000000000000000000e+00
4.900000000000000000e+01 3.680671781160020117e+01 0.000000000000000000e+00 0.000000000000000000e+00
5.000000000000000000e+01 3.755427113201380251e+01 0.000000000000000000e+00 0.000000000000000000e+00
5.100000000000000000e+01 3.875737140609839315e+01 0.000000000000000000e+00 0.000000000000000000e+00
5.200000000000000000e+01 4.058038070077129333e+01 0.000000000000000000e+00 0.000000000000000000e+00
5.300000000000000000e+01 4.112579422841864130e+01 0.000000000000000000e+00 0.000000000000000000e+00
5.400000000000000000e+01 4.225440101226534750e+01 0.000000000000000000e+00 0.000000000000000000e+00
5.500000000000000000e+01 4.259589419542498234e+01 0.000000000000000000e+00 0.000000000000000000e+00
5.600000000000000000e+01 4.454874751149475998e+01 0.000000000000000000e+00 0.000000000000000000e+00
5.700000000000000000e+01 4.413067619799009123e+01 0.000000000000000000e+00 0.000000000000000000e+00
5.800000000000000000e+01 4.555097085916155208e+01 0.000000000000000000e+00 0.000000000000000000e+00
5.900000000000000000e+01 4.730777645968721856e+01 0.000000000000000000e+00 0.000000000000000000e+00
6.000000000000000000e+01 4.727492232821703055e+01 0.000000000000000000e+00 0.000000000000000000e+00
6.100000000000000000e+01 4.883474247388699752e+01 0.000000000000000000e+00 0.000000000000000000e+00
6.200000000000000000e+01 5.040980585463252339e+01 0.000000000000000000e+00 0.000000000000000000e+00
6.300000000000000000e+01 5.104159341693578966e+01 0.000000000000000000e+00 0.000000000000000000e+00
6.400000000000000000e+01 4.959298653831560699e+01 2.000000000000000000e+00 0.000000000000000000e+00
6.500000000000000000e+01 5.127652437597094348e+01 0.000000000000000000e+00 0.000000000000000000e+00
6.600000000000000000e+01 5.177772476754992681e+01 0.000000000000000000e+00 0.000000000000000000e+00
6.700000000000000000e+01 5.274175864544259440e+01 1.000000000000000000e+00 0.000000000000000000e+00
6.800000000000000000e+01 5.317584055476331883e+01 0.000000000000000000e+00 0.000000000000000000e+00
6.900000000000000000e+01 5.381902471424708523e+01 0.000000000000000000e+00 0.000000000000000000e+00
7.000000000000000000e+01 5.315419352747860415e+01 1.000000000000000000e+00 0.000000000000000000e+00
7.100000000000000000e+01 5.571036177318278249e+01 0.000000000000000000e+00 0.000000000000000000e+00
7.200000000000000000e+01 5.572163389930521049e+01 0.000000000000000000e+00 0.000000000000000000e+00
7.300000000000000000e+01 5.671117718734721080e+01 0.000000000000000000e+00 0.000000000000000000e+00
7.400000000000000000e+01 5.743040574320077951e+01 1.000000000000000000e+00 0.000000000000000000e+00
7.500000000000000000e+01 5.765589116430414407e+01 0.000000000000000000e+00 0.000000000000000000e+00
7.600000000000000000e+01 5.900397760328225161e+01 0.000000000000000000e+00 0.000000000000000000e+00
7.700000000000000000e+01 6.054982649142889528e+01 0.000000000000000000e+00 0.000000000000000000e+00
7.800000000000000000e+01 6.124668184194708687e+01 0.000000000000000000e+00 0.000000000000000000e+00
7.900000000000000000e+01 6.194329319472571171e+01 0.000000000000000000e+00 0.000000000000000000e+00
8.000000000000000000e+01 6.365040017020745466e+01 0.000000000000000000e+00 0.000000000000000000e+00
8.100000000000000000e+01 6.414753241023275621e+01 0.000000000000000000e+00 0.000000000000000000e+00
8.200000000000000000e+01 6.473365438620375301e+01 0.000000000000000000e+00 0.000000000000000000e+00
8.300000000000000000e+01 6.454416212727248592e+01 2.000000000000000000e+00 0.000000000000000000e+00
8.400000000000000000e+01 6.534929386897452730e+01 0.000000000000000000e+00 0.000000000000000000e+00
8.500000000000000000e+01 6.581147858118484351e+01 0.000000000000000000e+00 0.000000000000000000e+00
8.600000000000000000e+01 6.504711526647311359e+01 2.000000000000000000e+00 0.000000000000000000e+00
8.700000000000000000e+01 6.553399667461064837e+01 1.000000000000000000e+00 0.000000000000000000e+00
8.800000000000000000e+01 6.557649862818647080e+01 0.000000000000000000e+00 0.000000000000000000e+00
8.900000000000000000e+01 6.628643072959664551e+01 0.000000000000000000e+00 0.000000000000000000e+00
9.000000000000000000e+01 6.671979949563957746e+01 1.000000000000000000e+00 0.000000000000000000e+00
9.100000000000000000e+01 6.648556094446797715e+01 1.000000000000000000e+00 0.000000000000000000e+00
9.200000000000000000e+01 6.767646560493911068e+01 0.000000000000000000e+00 0.000000000000000000e+00
9.300000000000000000e+01 6.702918485141907468e+01 2.000000000000000000e+00 0.000000000000000000e+00
9.400000000000000000e+01 6.895619668629720422e+01 0.000000000000000000e+00 0.000000000000000000e+00
9.500000000000000000e+01 6.805779740003114853e+01 0.000000000000000000e+00 0.000000000000000000e+00
9.600000000000000000e+01 6.989445519431878040e+01 0.000000000000000000e+00 0.000000000000000000e+00
9.700000000000000000e+01 6.910711848920915656e+01 1.000000000000000000e+00 0.000000000000000000e+00
9.800000000000000000e+01 7.063965252566896424e+01 0.000000000000000000e+00 0.000000000000000000e+00
9.900000000000000000e+01 7.217880112106674062e+01 0.000000000000000000e+00 0.000000000000000000e+00
1.000000000000000000e+02 7.312535206967166346e+01 0.000000000000000000e+00 0.000000000000000000e+00
1.010000000000000000e+02 7.380340166321215634e+01 0.000000000000000000e+00 0.000000000000000000e+00
1.020000000000000000e+02 7.419210525531157430e+01 0.000000000000000000e+00 0.000000000000000000e+00
1.030000000000000000e+02 7.571331169383626047e+01 0.000000000000000000e+00 0.000000000000000000e+00
1.040000000000000000e+02 7.753630995164439810e+01 0.000000000000000000e+00 0.000000000000000000e+00
1.050000000000000000e+02 7.864707300145983027e+01 0.000000000000000000e+00 0.000000000000000000e+00
1.060000000000000000e+02 7.971549815285945328e+01 0.000000000000000000e+00 0.000000000000000000e+00
1.070000000000000000e+02 8.016538579017880295e+01 0.000000000000000000e+00 0.000000000000000000e+00
1.080000000000000000e+02 8.039912860165837571e+01 0.000000000000000000e+00 0.000000000000000000e+00
1.090000000000000000e+02 8.215595004129018264e+01 0.000000000000000000e+00 0.000000000000000000e+00
1.100000000000000000e+02 8.258319095805450161e+01 0.000000000000000000e+00 0.000000000000000000e+00
1.110000000000000000e+02 8.246169868067184439e+01 2.000000000000000000e+00 0.000000000000000000e+00
1.120000000000000000e+02 8.316772522872128093e+01 0.000000000000000000e+00 0.000000000000000000e+00
1.130000000000000000e+02 8.415027687572238335e+01 0.000000000000000000e+00 0.000000000000000000e+00
1.140000000000000000e+02 8.517293999137905303e+01 0.000000000000000000e+00 0.000000000000000000e+00
1.150000000000000000e+02 8.615433285660220974e+01 0.000000000000000000e+00 0.000000000000000000e+00
1.160000000000000000e+02 8.608313429226872415e+01 0.000000000000000000e+00 0.000000000000000000e+00
1.170000000000000000e+02 8.772006727898977374e+01 0.000000000000000000e+00 0.000000000000000000e+00
1.180000000000000000e+02 8.999419513608872023e+01 0.000000000000000000e+00 0.000000000000000000e+00
1.190000000000000000e+02 9.072514522641101564e+01 0.000000000000000000e+00 0.000000000000000000e+00
1.200000000000000000e+02 8.944618387305806095e+01 1.000000000000000000e+00 0.000000000000000000e+00
1.210000000000000000e+02 9.131415342054737039e+01 0.000000000000000000e+00 0.000000000000000000e+00
1.220000000000000000e+02 8.955765899500526928e+01 2.000000000000000000e+00 0.000000000000000000e+00
1.230000000000000000e+02 9.116003179897178654e+01 0.000000000000000000e+00 0.000000000000000000e+00
1.240000000000000000e+02 9.098017818369687859e+01 0.000000000000000000e+00 0.000000000000000000e+00
1.250000000000000000e+02 9.351247101268872086e+01 0.000000000000000000e+00 0.000000000000000000e+00
1.260000000000000000e+02 9.389552311419539876e+01 0.000000000000000000e+00 0.000000000000000000e+00
1.270000000000000000e+02 9.411495680941801822e+01 0.000000000000000000e+00 0.000000000000000000e+00
1.280000000000000000e+02 9.580454212392433533e+01 0.000000000000000000e+00 0.000000000000000000e+00
1.290000000000000000e+02 9.750346845542497931e+01 0.000000000000000000e+00 0.000000000000000000e+00
1.300000000000000000e+02 9.815322930890688724e+01 0.000000000000000000e+00 0.000000000000000000e+00
1.310000000000000000e+02 9.914173407193176502e+01 0.000000000000000000e+00 0.000000000000000000e+00
1.320000000000000000e+02 9.912274525153371485e+01 1.000000000000000000e+00 0.000000000000000000e+00
1.330000000000000000e+02 1.001401253311978792e+02 0.000000000000000000e+00 0.000000000000000000e+00
1.340000000000000000e+02 1.009355934128238630e+02 0.000000000000000000e+00 0.000000000000000000e+00
1.350000000000000000e+02 1.010974800820611108e+02 1.000000000000000000e+00 0.000000000000000000e+00
1.360000000000000000e+02 1.012281981902845445e+02 1.000000000000000000e+00 0.000000000000000000e+00
1.370000000000000000e+02 1.024033182285441796e+02 0.000000000000000000e+00 0.000000000000000000e+00
1.380000000000000000e+02 1.026733624122884265e+02 0.000000000000000000e+00 0.000000000000000000e+00
1.390000000000000000e+02 1.044541683948198312e+02 0.000000000000000000e+00 0.000000000000000000e+00
1.400000000000000000e+02 1.039818106453957256e+02 0.000000000000000000e+00 0.000000000000000000e+00
1.410000000000000000e+02 1.060688443130542424e+02 0.000000000000000000e+00 0.000000000000000000e+00
1.420000000000000000e+02 1.076710792608029408e+02 0.000000000000000000e+00 0.000000000000000000e+00
1.430000000000000000e+02 1.075838455452725100e+02 0.000000000000000000e+00 0.000000000000000000e+00
1.440000000000000000e+02 1.081578942268169499e+02 0.000000000000000000e+00 0.000000000000000000e+00
1.450000000000000000e+02 1.101876929948998622e+02 0.000000000000000000e+00 0.000000000000000000e+00
1.460000000000000000e+02 1.100400134222938675e+02 0.000000000000000000e+00 0.000000000000000000e+00
1.470000000000000000e+02 1.116877998284974183e+02 0.000000000000000000e+00 0.000000000000000000e+00
1.480000000000000000e+02 1.132603848464737979e+02 0.000000000000000000e+00 0.000000000000000000e+00
1.490000000000000000e+02 1.144904579154754316e+02 0.000000000000000000e+00 0.000000000000000000e+00
1.500000000000000000e+02 1.152678285717937996e+02 0.000000000000000000e+00 0.000000000000000000e+00
1.510000000000000000e+02 1.160890722027775297e+02 0.000000000000000000e+00 0.000000000000000000e+00
1.520000000000000000e+02 1.155890906050965583e+02 1.000000000000000000e+00 0.000000000000000000e+00
1.530000000000000000e+02 1.166363297221611930e+02 2.000000000000000000e+00 0.000000000000000000e+00
1.540000000000000000e+02 1.157198744396442294e+02 1.000000000000000000e+00 0.000000000000000000e+00
1.550000000000000000e+02 1.156298520297349768e+02 0.000000000000000000e+00 0.000000000000000000e+00
1.560000000000000000e+02 1.145765203448118399e+02 2.000000000000000000e+00 0.000000000000000000e+00
1.570000000000000000e+02 1.161755177579324538e+02 0.000000000000000000e+00 0.000000000000000000e+00
1.580000000000000000e+02 1.154794507383076763e+02 2.000000000000000000e+00 0.000000000000000000e+00
1.590000000000000000e+02 1.169143036639316904e+02 0.000000000000000000e+00 0.000000000000000000e+00
1.600000000000000000e+02 1.172335010885175421e+02 0.000000000000000000e+00 0.000000000000000000e+00
1.610000000000000000e+02 1.156768672434073579e+02 2.000000000000000000e+00 0.000000000000000000e+00
1.620000000000000000e+02 1.168441052067235830e+02 0.000000000000000000e+00 0.000000000000000000e+00
1.630000000000000000e+02 1.182619893760309964e+02 0.000000000000000000e+00 0.000000000000000000e+00
1.640000000000000000e+02 1.182834125737061868e+02 0.000000000000000000e+00 0.000000000000000000e+00
1.650000000000000000e+02 1.196942527975075734e+02 0.000000000000000000e+00 0.000000000000000000e+00
1.660000000000000000e+02 1.214451282452567682e+02 0.000000000000000000e+00 0.000000000000000000e+00
1.670000000000000000e+02 1.219174059910939718e+02 0.000000000000000000e+00 0.000000000000000000e+00
1.680000000000000000e+02 1.220132018369182134e+02 0.000000000000000000e+00 0.000000000000000000e+00
1.690000000000000000e+02 1.215671100352350180e+02 2.000000000000000000e+00 0.000000000000000000e+00
1.700000000000000000e+02 1.223311774030632932e+02 0.000000000000000000e+00 0.000000000000000000e+00
1.710000000000000000e+02 1.229213972852740255e+02 0.000000000000000000e+00 0.000000000000000000e+00
1.720000000000000000e+02 1.249335781855134400e+02 0.000000000000000000e+00 0.000000000000000000e+00
1.730000000000000000e+02 1.267152642775254918e+02 0.000000000000000000e+00 0.000000000000000000e+00
1.740000000000000000e+02 1.263035822076673185e+02 0.000000000000000000e+00 0.000000000000000000e+00
1.750000000000000000e+02 1.272402085193118921e+02 0.000000000000000000e+00 0.000000000000000000e+00
1.760000000000000000e+02 1.268043785484428128e+02 2.000000000000000000e+00 0.000000000000000000e+00
1.770000000000000000e+02 1.260892077324472069e+02 2.000000000000000000e+00 0.000000000000000000e+00
1.780000000000000000e+02 1.272695698938329087e+02 0.000000000000000000e+00 0.000000000000000000e+00
1.790000000000000000e+02 1.278398795752527661e+02 0.000000000000000000e+00 0.000000000000000000e+00
1.800000000000000000e+02 1.260481033868278473e+02 2.000000000000000000e+00 0.000000000000000000e+00
1.810000000000000000e+02 1.271142101021702047e+02 1.000000000000000000e+00 0.000000000000000000e+00
1.820000000000000000e+02 1.285574033192560819e+02 0.000000000000000000e+00 0.000000000000000000e+00
1.830000000000000000e+02 1.289268303426837576e+02 1.000000000000000000e+00 0.000000000000000000e+00
1.840000000000000000e+02 1.280926559968677338e+02 1.000000000000000000e+00 0.000000000000000000e+00
1.850000000000000000e+02 1.282463561039002968e+02 1.000000000000000000e+00 0.000000000000000000e+00
1.860000000000000000e+02 1.286220118888380455e+02 1.000000000000000000e+00 0.000000000000000000e+00
1.870000000000000000e+02 1.280770677947773777e+02 1.000000000000000000e+00 0.000000000000000000e+00
1.880000000000000000e+02 1.288805992785015633e+02 0.000000000000000000e+00 0.000000000000000000e+00
1.890000000000000000e+02 1.299772976769342563e+02 0.000000000000000000e+00 0.000000000000000000e+00
1.900000000000000000e+02 1.287408449614787855e+02 2.000000000000000000e+00 0.000000000000000000e+00
1.910000000000000000e+02 1.279965128169525457e+02 2.000000000000000000e+00 0.000000000000000000e+00
1.920000000000000000e+02 1.293613751077582776e+02 0.000000000000000000e+00 0.000000000000000000e+00
1.930000000000000000e+02 1.300499471794366855e+02 0.000000000000000000e+00 0.000000000000000000e+00
1.940000000000000000e+02 1.315951048627703130e+02 0.000000000000000000e+00 0.000000000000000000e+00
1.950000000000000000e+02 1.316609068687853608e+02 0.000000000000000000e+00 0.000000000000000000e+00
1.960000000000000000e+02 1.325985286129146061e+02 0.000000000000000000e+00 0.000000000000000000e+00
1.970000000000000000e+02 1.331790795456218177e+02 1.000000000000000000e+00 0.000000000000000000e+00
1.980000000000000000e+02 1.332645071792833278e+02 1.000000000000000000e+00 0.000000000000000000e+00
1.990000000000000000e+02 1.337702528676959162e+02 0.000000000000000000e+00 0.000000000000000000e+00
2.000000000000000000e+02 1.333691891129837757e+02 2.000000000000000000e+00 0.000000000000000000e+00
2.010000000000000000e+02 1.332079696218235654e+02 0.000000000000000000e+00 0.000000000000000000e+00
2.020000000000000000e+02 1.345675179390781864e+02 0.000000000000000000e+00 0.000000000000000000e+00
2.030000000000000000e+02 1.362850203199786847e+02 0.000000000000000000e+00 0.000000000000000000e+00
2.040000000000000000e+02 1.373275893725011088e+02 0.000000000000000000e+00 0.000000000000000000e+00
2.050000000000000000e+02 1.376435878911533734e+02 0.000000000000000000e+00 0.000000000000000000e+00
2.060000000000000000e+02 1.390670731469639065e+02 0.000000000000000000e+00 0.000000000000000000e+00
2.070000000000000000e+02 1.390643424012438913e+02 0.000000000000000000e+00 0.000000000000000000e+00
2.080000000000000000e+02 1.412562465105695537e+02 0.000000000000000000e+00 0.000000000000000000e+00
2.090000000000000000e+02 1.415191313110004216e+02 0.000000000000000000e+00 0.000000000000000000e+00
2.100000000000000000e+02 1.434941320852075819e+02 0.000000000000000000e+00 0.000000000000000000e+00
2.110000000000000000e+02 1.438486813839170964e+02 0.000000000000000000e+00 0.000000000000000000e+00
2.120000000000000000e+02 1.445561356437422660e+02 0.000000000000000000e+00 0.000000000000000000e+00
2.130000000000000000e+02 1.440969094844810741e+02 2.000000000000000000e+00 0.000000000000000000e+00
2.140000000000000000e+02 1.449378922167105941e+02 0.000000000000000000e+00 0.000000000000000000e+00
2.150000000000000000e+02 1.473425743215669286e+02 0.000000000000000000e+00 0.000000000000000000e+00
2.160000000000000000e+02 1.477555580640629955e+02 0.000000000000000000e+00 0.000000000000000000e+00
2.170000000000000000e+02 1.476923160306203329e+02 0.000000000000000000e+00 0.000000000000000000e+00
2.180000000000000000e+02 1.495639729937931008e+02 0.000000000000000000e+00 0.000000000000000000e+00
2.190000000000000000e+02 1.505129491334369334e+02 0.000000000000000000e+00 0.000000000000000000e+00
2.200000000000000000e+02 1.509697925744681868e+02 0.000000000000000000e+00 0.000000000000000000e+00
2.210000000000000000e+02 1.526610094768548720e+02 0.000000000000000000e+00 0.000000000000000000e+00
2.220000000000000000e+02 1.528994501883865382e+02 0.000000000000000000e+00 0.000000000000000000e+00
2.230000000000000000e+02 1.541305153031042323e+02 0.000000000000000000e+00 0.000000000000000000e+00
2.240000000000000000e+02 1.547338296523618340e+02 0.000000000000000000e+00 0.000000000000000000e+00
2.250000000000000000e+02 1.555008700334221317e+02 0.000000000000000000e+00 0.000000000000000000e+00
2.260000000000000000e+02 1.564352487334921022e+02 0.000000000000000000e+00 0.000000000000000000e+00
2.270000000000000000e+02 1.588160933590407353e+02 0.000000000000000000e+00 0.000000000000000000e+00
2.280000000000000000e+02 1.573155552132899970e+02 2.000000000000000000e+00 0.000000000000000000e+00
2.290000000000000000e+02 1.574014077099693623e+02 0.000000000000000000e+00 0.000000000000000000e+00
2.300000000000000000e+02 1.578689216326713449e+02 0.000000000000000000e+00 0.000000000000000000e+00
2.310000000000000000e+02 1.605908442920828350e+02 0.000000000000000000e+00 0.000000000000000000e+00
2.320000000000000000e+02 1.602512152207052623e+02 0.000000000000000000e+00 0.000000000000000000e+00
2.330000000000000000e+02 1.621865374704743772e+02 0.000000000000000000e+00 0.000000000000000000e+00
2.340000000000000000e+02 1.628013699151345861e+02 0.000000000000000000e+00 0.000000000000000000e+00
2.350000000000000000e+02 1.634031569074848846e+02 1.000000000000000000e+00 0.000000000000000000e+00
2.360000000000000000e+02 1.643543841116780868e+02 0.000000000000000000e+00 0.000000000000000000e+00
2.370000000000000000e+02 1.654110752442609567e+02 0.000000000000000000e+00 0.000000000000000000e+00
2.380000000000000000e+02 1.644177146431949552e+02 2.000000000000000000e+00 0.000000000000000000e+00
2.390000000000000000e+02 1.649299456412429663e+02 0.000000000000000000e+00 0.000000000000000000e+00
2.400000000000000000e+02 1.645528497455660215e+02 1.000000000000000000e+00 0.000000000000000000e+00
2.410000000000000000e+02 1.654902782461664117e+02 0.000000000000000000e+00 0.000000000000000000e+00
2.420000000000000000e+02 1.663358163169708064e+02 0.000000000000000000e+00 0.000000000000000000e+00
2.430000000000000000e+02 1.679837849910540797e+02 0.000000000000000000e+00 0.000000000000000000e+00
2.440000000000000000e+02 1.692075255014644029e+02 0.000000000000000000e+00 0.000000000000000000e+00
2.450000000000000000e+02 1.705418036079569220e+02 0.000000000000000000e+00 0.000000000000000000e+00
2.460000000000000000e+02 1.707510111936245494e+02 0.000000000000000000e+00 0.000000000000000000e+00
2.470000000000000000e+02 1.726044246823266235e+02 0.000000000000000000e+00 0.000000000000000000e+00
2.480000000000000000e+02 1.734482308577817946e+02 0.000000000000000000e+00 0.000000000000000000e+00
2.490000000000000000e+02 1.734243998386984345e+02 0.000000000000000000e+00 0.000000000000000000e+00
2.500000000000000000e+02 1.751745209289176159e+02 0.000000000000000000e+00 0.000000000000000000e+00
2.510000000000000000e+02 1.755135337562991538e+02 1.000000000000000000e+00 0.000000000000000000e+00
2.520000000000000000e+02 1.755918006554859687e+02 1.000000000000000000e+00 0.000000000000000000e+00
2.530000000000000000e+02 1.763654109794100862e+02 0.000000000000000000e+00 0.000000000000000000e+00
2.540000000000000000e+02 1.766396896396921932e+02 0.000000000000000000e+00 0.000000000000000000e+00
2.550000000000000000e+02 1.775124221857369093e+02 0.000000000000000000e+00 0.000000000000000000e+00
2.560000000000000000e+02 1.783993857836304926e+02 0.000000000000000000e+00 0.000000000000000000e+00
2.570000000000000000e+02 1.788317591283966124e+02 1.000000000000000000e+00 0.000000000000000000e+00
2.580000000000000000e+02 1.804899423348606433e+02 0.000000000000000000e+00 0.000000000000000000e+00
2.590000000000000000e+02 1.803189817594021065e+02 0.000000000000000000e+00 0.000000000000000000e+00
2.600000000000000000e+02 1.824541131519432042e+02 0.000000000000000000e+00 0.000000000000000000e+00
2.610000000000000000e+02 1.836222591948171328e+02 0.000000000000000000e+00 0.000000000000000000e+00
2.620000000000000000e+02 1.823298102212718277e+02 1.000000000000000000e+00 0.000000000000000000e+00
2.630000000000000000e+02 1.834871162855589262e+02 1.000000000000000000e+00 0.000000000000000000e+00
2.640000000000000000e+02 1.822112475633768440e+02 1.000000000000000000e+00 0.000000000000000000e+00
2.650000000000000000e+02 1.849041019194522164e+02 0.000000000000000000e+00 0.000000000000000000e+00
2.660000000000000000e+02 1.845328468781760591e+02 0.000000000000000000e+00 0.000000000000000000e+00
2.670000000000000000e+02 1.871608498576676709e+02 0.000000000000000000e+00 0.000000000000000000e+00
2.680000000000000000e+02 1.869238369070889405e+02 0.000000000000000000e+00 0.000000000000000000e+00
2.690000000000000000e+02 1.887472378294262967e+02 0.000000000000000000e+00 0.000000000000000000e+00
2.700000000000000000e+02 1.886225247947428159e+02 0.000000000000000000e+00 0.000000000000000000e+00
2.710000000000000000e+02 1.900325784123889150e+02 0.000000000000000000e+00 0.000000000000000000e+00
2.720000000000000000e+02 1.911576123659306177e+02 0.000000000000000000e+00 0.000000000000000000e+00
2.730000000000000000e+02 1.901844170610527556e+02 2.000000000000000000e+00 0.000000000000000000e+00
2.740000000000000000e+02 1.907120190112569560e+02 0.000000000000000000e+00 0.000000000000000000e+00
2.750000000000000000e+02 1.909502375617882706e+02 2.000000000000000000e+00 0.000000000000000000e+00
2.760000000000000000e+02 1.907476398078275395e+02 0.000000000000000000e+00 0.000000000000000000e+00
2.770000000000000000e+02 1.914934937092401412e+02 1.000000000000000000e+00 0.000000000000000000e+00
2.780000000000000000e+02 1.909245102182283347e+02 1.000000000000000000e+00 0.000000000000000000e+00
2.790000000000000000e+02 1.921481830858258206e+02 0.000000000000000000e+00 0.000000000000000000e+00
2.800000000000000000e+02 1.911273407044993462e+02 0.000000000000000000e+00 0.000000000000000000e+00
2.810000000000000000e+02 1.946484361383417365e+02 0.000000000000000000e+00 0.000000000000000000e+00
2.820000000000000000e+02 1.949516350568428606e+02 0.000000000000000000e+00 0.000000000000000000e+00
2.830000000000000000e+02 1.942526724659493880e+02 1.000000000000000000e+00 0.000000000000000000e+00
2.840000000000000000e+02 1.951055384371078674e+02 1.000000000000000000e+00 0.000000000000000000e+00
2.850000000000000000e+02 1.947853428939183971e+02 1.000000000000000000e+00 0.000000000000000000e+00
2.860000000000000000e+02 1.954688149367453320e+02 1.000000000000000000e+00 0.000000000000000000e+00
2.870000000000000000e+02 1.939252066238766190e+02 2.000000000000000000e+00 0.000000000000000000e+00
2.880000000000000000e+02 1.949852593922022947e+02 0.000000000000000000e+00 0.000000000000000000e+00
2.890000000000000000e+02 1.962184285571273961e+02 0.000000000000000000e+00 0.000000000000000000e+00
2.900000000000000000e+02 1.948687903433576025e+02 2.000000000000000000e+00 0.000000000000000000e+00
2.910000000000000000e+02 1.968830408842478903e+02 0.000000000000000000e+00 0.000000000000000000e+00
2.920000000000000000e+02 1.963873648911865644e+02 0.000000000000000000e+00 0.000000000000000000e+00
2.930000000000000000e+02 1.975818053478440959e+02 0.000000000000000000e+00 0.000000000000000000e+00
2.940000000000000000e+02 1.984857748489931168e+02 0.000000000000000000e+00 0.000000000000000000e+00
2.950000000000000000e+02 2.002101760315206320e+02 0.000000000000000000e+00 0.000000000000000000e+00
2.960000000000000000e+02 2.009343647099021268e+02 0.000000000000000000e+00 0.000000000000000000e+00
2.970000000000000000e+02 2.019685290362056662e+02 0.000000000000000000e+00 0.000000000000000000e+00
2.980000000000000000e+02 2.035075613282776033e+02 0.000000000000000000e+00 0.000000000000000000e+00
2.990000000000000000e+02 2.036851493014435448e+02 0.000000000000000000e+00 0.000000000000000000e+00
3.000000000000000000e+02 2.043099470947960867e+02 1.000000000000000000e+00 0.000000000000000000e+00
3.010000000000000000e+02 2.038576154115446570e+02 1.000000000000000000e+00 0.000000000000000000e+00
3.020000000000000000e+02 2.051106056403479840e+02 0.000000000000000000e+00 0.000000000000000000e+00
3.030000000000000000e+02 2.061990415441526636e+02 0.000000000000000000e+00 0.000000000000000000e+00
3.040000000000000000e+02 2.076307699928028399e+02 0.000000000000000000e+00 0.000000000000000000e+00
3.050000000000000000e+02 2.076504107608367065e+02 0.000000000000000000e+00 0.000000000000000000e+00
3.060000000000000000e+02 2.074628520264461997e+02 1.000000000000000000e+00 0.000000000000000000e+00
3.070000000000000000e+02 2.084910482312643580e+02 0.000000000000000000e+00 0.000000000000000000e+00
3.080000000000000000e+02 2.091038093782109115e+02 0.000000000000000000e+00 0.000000000000000000e+00
3.090000000000000000e+02 2.106622661148775251e+02 0.000000000000000000e+00 0.000000000000000000e+00
3.100000000000000000e+02 2.111672429004045739e+02 0.000000000000000000e+00 0.000000000000000000e+00
3.110000000000000000e+02 2.124046576578039094e+02 0.000000000000000000e+00 0.000000000000000000e+00
3.120000000000000000e+02 2.131480883502343318e+02 0.000000000000000000e+00 0.000000000000000000e+00
3.130000000000000000e+02 2.132747538893643480e+02 2.000000000000000000e+00 0.000000000000000000e+00
3.140000000000000000e+02 2.145922943921005412e+02 0.000000000000000000e+00 0.000000000000000000e+00
3.150000000000000000e+02 2.149007265370042603e+02 0.000000000000000000e+00 0.000000000000000000e+00
3.160000000000000000e+02 2.148466981644055238e+02 0.000000000000000000e+00 0.000000000000000000e+00
3.170000000000000000e+02 2.170516432434128546e+02 0.000000000000000000e+00 0.000000000000000000e+00
3.180000000000000000e+02 2.174531405926381353e+02 1.000000000000000000e+00 0.000000000000000000e+00
3.190000000000000000e+02 2.172047755364258137e+02 0.000000000000000000e+00 0.000000000000000000e+00
3.200000000000000000e+02 2.173673121819460050e+02 1.000000000000000000e+00 0.000000000000000000e+00
3.210000000000000000e+02 2.187756489277656726e+02 0.000000000000000000e+00 0.000000000000000000e+00
3.220000000000000000e+02 2.209511027798695011e+02 0.000000000000000000e+00 0.000000000000000000e+00
3.230000000000000000e+02 2.220451275847823922e+02 0.000000000000000000e+00 0.000000000000000000e+00
3.240000000000000000e+02 2.222272477085249420e+02 0.000000000000000000e+00 0.000000000000000000e+00
3.250000000000000000e+02 2.236944737375095826e+02 0.000000000000000000e+00 0.000000000000000000e+00
3.260000000000000000e+02 2.235132759468372967e+02 1.000000000000000000e+00 0.000000000000000000e+00
3.270000000000000000e+02 2.237247234855920510e+02 0.000000000000000000e+00 0.000000000000000000e+00
3.280000000000000000e+02 2.249549117470529609e+02 0.000000000000000000e+00 0.000000000000000000e+00
3.290000000000000000e+02 2.264379802203459633e+02 0.000000000000000000e+00 0.000000000000000000e+00
3.300000000000000000e+02 2.267323724171780839e+02 0.000000000000000000e+00 0.000000000000000000e+00
3.310000000000000000e+02 2.287041737675035336e+02 0.000000000000000000e+00 0.000000000000000000e+00
3.320000000000000000e+02 2.266842841293315018e+02 2.000000000000000000e+00 0.000000000000000000e+00
3.330000000000000000e+02 2.260195892256919308e+02 2.000000000000000000e+00 0.000000000000000000e+00
3.340000000000000000e+02 2.254083515493858556e+02 2.000000000000000000e+00 0.000000000000000000e+00
3.350000000000000000e+02 2.262360654847289254e+02 0.000000000000000000e+00 0.000000000000000000e+00
3.360000000000000000e+02 2.258686424990248156e+02 0.000000000000000000e+00 0.000000000000000000e+00
3.370000000000000000e+02 2.281813392721929858e+02 0.000000000000000000e+00 0.000000000000000000e+00
3.380000000000000000e+02 2.284376093938035126e+02 0.000000000000000000e+00 0.000000000000000000e+00
3.390000000000000000e+02 2.299661061998049547e+02 0.000000000000000000e+00 0.000000000000000000e+00
3.400000000000000000e+02 2.287552607488770491e+02 2.000000000000000000e+00 0.000000000000000000e+00
3.410000000000000000e+02 2.293536296865529778e+02 0.000000000000000000e+00 0.000000000000000000e+00
3.420000000000000000e+02 2.312772620331718940e+02 0.000000000000000000e+00 0.000000000000000000e+00
3.430000000000000000e+02 2.317049126563602499e+02 0.000000000000000000e+00 0.000000000000000000e+00
3.440000000000000000e+02 2.315992229712304606e+02 0.000000000000000000e+00 0.000000000000000000e+00
3.450000000000000000e+02 2.339365028338637273e+02 0.000000000000000000e+00 0.000000000000000000e+00
3.460000000000000000e+02 2.354057366425945474e+02 0.000000000000000000e+00 0.000000000000000000e+00
3.470000000000000000e+02 2.356915922642618000e+02 0.000000000000000000e+00 0.000000000000000000e+00
3.480000000000000000e+02 2.367790541359445911e+02 0.000000000000000000e+00 0.000000000000000000e+00
3.490000000000000000e+02 2.386094239347243331e+02 0.000000000000000000e+00 0.000000000000000000e+00
3.500000000000000000e+02 2.381827010550309751e+02 0.000000000000000000e+00 0.000000000000000000e+00
3.510000000000000000e+02 2.399000862002680776e+02 0.000000000000000000e+00 0.000000000000000000e+00
3.520000000000000000e+02 2.415740581418492354e+02 0.000000000000000000e+00 0.000000000000000000e+00
3.530000000000000000e+02 2.413961488816637200e+02 1.000000000000000000e+00 0.000000000000000000e+00
3.540000000000000000e+02 2.416019966176586991e+02 0.000000000000000000e+00 0.000000000000000000e+00
3.550000000000000000e+02 2.426078729167654160e+02 0.000000000000000000e+00 0.000000000000000000e+00
3.560000000000000000e+02 2.441567241777293304e+02 0.000000000000000000e+00 0.000000000000000000e+00
3.570000000000000000e+02 2.434111905493690529e+02 2.000000000000000000e+00 0.000000000000000000e+00
3.580000000000000000e+02 2.440793347695704938e+02 0.000000000000000000e+00 0.000000000000000000e+00
3.590000000000000000e+02 2.449434141842259578e+02 0.000000000000000000e+00 0.000000000000000000e+00
3.600000000000000000e+02 2.460592714326870123e+02 0.000000000000000000e+00 0.000000000000000000e+00
3.610000000000000000e+02 2.466416116204973719e+02 0.000000000000000000e+00 0.000000000000000000e+00
3.620000000000000000e+02 2.463035047152634149e+02 2.000000000000000000e+00 0.000000000000000000e+00
3.630000000000000000e+02 2.451564426723610097e+02 2.000000000000000000e+00 0.000000000000000000e+00
3.640000000000000000e+02 2.462853727388330469e+02 0.000000000000000000e+00 0.000000000000000000e+00
3.650000000000000000e+02 2.470810027286700290e+02 0.000000000000000000e+00 0.000000000000000000e+00
3.660000000000000000e+02 2.485803155860558320e+02 0.000000000000000000e+00 0.000000000000000000e+00
3.670000000000000000e+02 2.493616933344271729e+02 0.000000000000000000e+00 0.000000000000000000e+00
3.680000000000000000e+02 2.494840628628076331e+02 1.000000000000000000e+00 0.000000000000000000e+00
3.690000000000000000e+02 2.501718936473117765e+02 0.000000000000000000e+00 0.000000000000000000e+00
3.700000000000000000e+02 2.494303088841540728e+02 0.000000000000000000e+00 0.000000000000000000e+00
3.710000000000000000e+02 2.526175949189437517e+02 0.000000000000000000e+00 0.000000000000000000e+00
3.720000000000000000e+02 2.537550841542795013e+02 0.000000000000000000e+00 0.000000000000000000e+00
3.730000000000000000e+02 2.525573995364270843e+02 2.000000000000000000e+00 0.000000000000000000e+00
3.740000000000000000e+02 2.514687313756922151e+02 1.000000000000000000e+00 0.000000000000000000e+00
3.750000000000000000e+02 2.528431864268022480e+02 1.000000000000000000e+00 0.000000000000000000e+00
3.760000000000000000e+02 2.514701829482916651e+02 1.000000000000000000e+00 0.000000000000000000e+00
3.770000000000000000e+02 2.520061381171300070e+02 1.000000000000000000e+00 0.000000000000000000e+00
3.780000000000000000e+02 2.529067869326150344e+02 0.000000000000000000e+00 0.000000000000000000e+00
3.790000000000000000e+02 2.540618455346074711e+02 0.000000000000000000e+00 0.000000000000000000e+00
3.800000000000000000e+02 2.530253642870190731e+02 2.000000000000000000e+00 0.000000000000000000e+00
3.810000000000000000e+02 2.543152462785405703e+02 0.000000000000000000e+00 0.000000000000000000e+00
3.820000000000000000e+02 2.550282537616471643e+02 0.000000000000000000e+00 0.000000000000000000e+00
3.830000000000000000e+02 2.562901491589555008e+02 0.000000000000000000e+00 0.000000000000000000e+00
3.840000000000000000e+02 2.567119461803856666e+02 0.000000000000000000e+00 0.000000000000000000e+00
3.850000000000000000e+02 2.579664222898069852e+02 0.000000000000000000e+00 0.000000000000000000e+00
3.860000000000000000e+02 2.581560741255836433e+02 0.000000000000000000e+00 0.000000000000000000e+00
3.870000000000000000e+02 2.588211018731475406e+02 1.000000000000000000e+00 0.000000000000000000e+00
3.880000000000000000e+02 2.585035497113663610e+02 1.000000000000000000e+00 0.000000000000000000e+00
3.890000000000000000e+02 2.602853987322329203e+02 0.000000000000000000e+00 0.000000000000000000e+00
3.900000000000000000e+02 2.600928851153989285e+02 0.000000000000000000e+00 0.000000000000000000e+00
3.910000000000000000e+02 2.618343158848840631e+02 0.000000000000000000e+00 0.000000000000000000e+00
3.920000000000000000e+02 2.624972973612133273e+02 0.000000000000000000e+00 0.000000000000000000e+00
3.930000000000000000e+02 2.623975591502828024e+02 1.000000000000000000e+00 0.000000000000000000e+00
3.940000000000000000e+02 2.645443406963346433e+02 0.000000000000000000e+00 0.000000000000000000e+00
3.950000000000000000e+02 2.646295220351996136e+02 1.000000000000000000e+00 0.000000000000000000e+00
3.960000000000000000e+02 2.643280722129226774e+02 0.000000000000000000e+00 0.000000000000000000e+00
3.970000000000000000e+02 2.661881520868602138e+02 0.000000000000000000e+00 0.000000000000000000e+00
3.980000000000000000e+02 2.667354015131038523e+02 0.000000000000000000e+00 0.000000000000000000e+00
3.990000000000000000e+02 2.671814997093741226e+02 1.000000000000000000e+00 0.000000000000000000e+00
4.000000000000000000e+02 2.670141347287870985e+02 1.000000000000000000e+00 0.000000000000000000e+00
4.010000000000000000e+02 2.677534913199710900e+02 0.000000000000000000e+00 0.000000000000000000e+00
4.020000000000000000e+02 2.688488682141156119e+02 0.000000000000000000e+00 0.000000000000000000e+00
4.030000000000000000e+02 2.700514845376926587e+02 0.000000000000000000e+00 0.000000000000000000e+00
4.040000000000000000e+02 2.704204889638347140e+02 0.000000000000000000e+00 0.000000000000000000e+00
4.050000000000000000e+02 2.714940096262087081e+02 0.000000000000000000e+00 0.000000000000000000e+00
4.060000000000000000e+02 2.729712404088460289e+02 0.000000000000000000e+00 0.000000000000000000e+00
4.070000000000000000e+02 2.723426096319566909e+02 1.000000000000000000e+00 0.000000000000000000e+00
4.080000000000000000e+02 2.736512082396565688e+02 0.000000000000000000e+00 0.000000000000000000e+00
4.090000000000000000e+02 2.741076398537061891e+02 2.000000000000000000e+00 0.000000000000000000e+00
4.100000000000000000e+02 2.733739178592361441e+02 0.000000000000000000e+00 0.000000000000000000e+00
4.110000000000000000e+02 2.743203165968689632e+02 0.000000000000000000e+00 0.000000000000000000e+00
4.120000000000000000e+02 2.768790666006527204e+02 0.000000000000000000e+00 0.000000000000000000e+00
4.130000000000000000e+02 2.769069760809267677e+02 0.000000000000000000e+00 0.000000000000000000e+00
4.140000000000000000e+02 2.780440433287614610e+02 0.000000000000000000e+00 0.000000000000000000e+00
4.150000000000000000e+02 2.796290772413370860e+02 0.000000000000000000e+00 0.000000000000000000e+00
4.160000000000000000e+02 2.796045003125635162e+02 0.000000000000000000e+00 0.000000000000000000e+00
4.170000000000000000e+02 2.811774476936386122e+02 0.000000000000000000e+00 0.000000000000000000e+00
4.180000000000000000e+02 2.828200763392712815e+02 0.000000000000000000e+00 0.000000000000000000e+00
4.190000000000000000e+02 2.831639432129667284e+02 0.000000000000000000e+00 0.000000000000000000e+00
4.200000000000000000e+02 2.839508006998889869e+02 0.000000000000000000e+00 0.000000000000000000e+00
4.210000000000000000e+02 2.845069883400608433e+02 0.000000000000000000e+00 0.000000000000000000e+00
4.220000000000000000e+02 2.858732394127418388e+02 0.000000000000000000e+00 0.000000000000000000e+00
4.230000000000000000e+02 2.858247840369152755e+02 2.000000000000000000e+00 0.000000000000000000e+00
4.240000000000000000e+02 2.854571693468390094e+02 0.000000000000000000e+00 0.000000000000000000e+00
4.250000000000000000e+02 2.867794586327258344e+02 0.000000000000000000e+00 0.000000000000000000e+00
4.260000000000000000e+02 2.879621546623527024e+02 0.000000000000000000e+00 0.000000000000000000e+00
4.270000000000000000e+02 2.890024815192410301e+02 0.000000000000000000e+00 0.000000000000000000e+00
4.280000000000000000e+02 2.897043237662956017e+02 0.000000000000000000e+00 0.000000000000000000e+00
4.290000000000000000e+02 2.910678367896965142e+02 0.000000000000000000e+00 0.000000000000000000e+00
4.300000000000000000e+02 2.920943944108541928e+02 0.000000000000000000e+00 0.000000000000000000e+00
4.310000000000000000e+02 2.931520607002864267e+02 0.000000000000000000e+00 0.000000000000000000e+00
4.320000000000000000e+02 2.938978167759690336e+02 0.000000000000000000e+00 0.000000000000000000e+00
4.330000000000000000e+02 2.954337994161885490e+02 0.000000000000000000e+00 0.000000000000000000e+00
4.340000000000000000e+02 2.955803010784829326e+02 0.000000000000000000e+00 0.000000000000000000e+00
4.350000000000000000e+02 2.968432522946542349e+02 0.000000000000000000e+00 0.000000000000000000e+00
4.360000000000000000e+02 2.980042075665357402e+02 0.000000000000000000e+00 0.000000000000000000e+00
4.370000000000000000e+02 2.993943931549033550e+02 0.000000000000000000e+00 0.000000000000000000e+00
4.380000000000000000e+02 3.008334748455574186e+02 0.000000000000000000e+00 0.000000000000000000e+00
4.390000000000000000e+02 3.003679595138652871e+02 1.000000000000000000e+00 0.000000000000000000e+00
4.400000000000000000e+02 3.001828692766960671e+02 1.000000000000000000e+00 0.000000000000000000e+00
4.410000000000000000e+02 2.992654121822296815e+02 2.000000000000000000e+00 0.000000000000000000e+00
4.420000000000000000e+02 3.003485755155180073e+02 0.000000000000000000e+00 0.000000000000000000e+00
4.430000000000000000e+02 3.014667657061942236e+02 0.000000000000000000e+00 0.000000000000000000e+00
4.440000000000000000e+02 3.019454848540147509e+02 0.000000000000000000e+00 0.000000000000000000e+00
4.450000000000000000e+02 3.024349486802163369e+02 1.000000000000000000e+00 0.000000000000000000e+00
4.460000000000000000e+02 3.027233038004071091e+02 0.000000000000000000e+00 0.000000000000000000e+00
4.470000000000000000e+02 3.040177175525100779e+02 0.000000000000000000e+00 0.000000000000000000e+00
4.480000000000000000e+02 3.049629017771218287e+02 0.000000000000000000e+00 0.000000000000000000e+00
4.490000000000000000e+02 3.064507172990130357e+02 0.000000000000000000e+00 0.000000000000000000e+00
4.500000000000000000e+02 3.070793187962102024e+02 0.000000000000000000e+00 0.000000000000000000e+00
4.510000000000000000e+02 3.089724448083821926e+02 0.000000000000000000e+00 0.000000000000000000e+00
4.520000000000000000e+02 3.085038836651211227e+02 0.000000000000000000e+00 0.000000000000000000e+00
4.530000000000000000e+02 3.087471028235855215e+02 1.000000000000000000e+00 0.000000000000000000e+00
4.540000000000000000e+02 3.104402576305459434e+02 0.000000000000000000e+00 0.000000000000000000e+00
4.550000000000000000e+02 3.088005699559915911e+02 2.000000000000000000e+00 0.000000000000000000e+00
4.560000000000000000e+02 3.084188334657567907e+02 2.000000000000000000e+00 0.000000000000000000e+00
4.570000000000000000e+02 3.079799814070788102e+02 2.000000000000000000e+00 0.000000000000000000e+00
4.580000000000000000e+02 3.076599332155884099e+02 1.000000000000000000e+00 0.000000000000000000e+00
4.590000000000000000e+02 3.078563256468472105e+02 0.000000000000000000e+00 0.000000000000000000e+00
4.600000000000000000e+02 3.092953508162055414e+02 0.000000000000000000e+00 0.000000000000000000e+00
4.610000000000000000e+02 3.108132255704122144e+02 0.000000000000000000e+00 0.000000000000000000e+00
4.620000000000000000e+02 3.107964915875178917e+02 0.000000000000000000e+00 0.000000000000000000e+00
4.630000000000000000e+02 3.110961941942894100e+02 1.000000000000000000e+00 0.000000000000000000e+00
4.640000000000000000e+02 3.096674459170201317e+02 2.000000000000000000e+00 0.000000000000000000e+00
4.650000000000000000e+02 3.093686833335927417e+02 1.000000000000000000e+00 0.000000000000000000e+00
4.660000000000000000e+02 3.094809908022705258e+02 1.000000000000000000e+00 0.000000000000000000e+00
4.670000000000000000e+02 3.105409731489215801e+02 1.000000000000000000e+00 0.000000000000000000e+00
4.680000000000000000e+02 3.112326656100481728e+02 0.000000000000000000e+00 0.000000000000000000e+00
4.690000000000000000e+02 3.125171704286699992e+02 0.000000000000000000e+00 0.000000000000000000e+00
4.700000000000000000e+02 3.132525840552595469e+02 0.000000000000000000e+00 0.000000000000000000e+00
4.710000000000000000e+02 3.113405753162462020e+02 2.000000000000000000e+00 0.000000000000000000e+00
4.720000000000000000e+02 3.137553616272240902e+02 0.000000000000000000e+00 0.000000000000000000e+00
4.730000000000000000e+02 3.145837978543727900e+02 0.000000000000000000e+00 0.000000000000000000e+00
4.740000000000000000e+02 3.143310910972601846e+02 0.000000000000000000e+00 0.000000000000000000e+00
4.750000000000000000e+02 3.158220402366836765e+02 0.000000000000000000e+00 0.000000000000000000e+00
4.760000000000000000e+02 3.160083232726283882e+02 0.000000000000000000e+00 0.000000000000000000e+00
4.770000000000000000e+02 3.165743510653081785e+02 1.000000000000000000e+00 0.000000000000000000e+00
4.780000000000000000e+02 3.173919448451593439e+02 0.000000000000000000e+00 0.000000000000000000e+00
4.790000000000000000e+02 3.185845551825315169e+02 0.000000000000000000e+00 0.000000000000000000e+00
4.800000000000000000e+02 3.202905902398089211e+02 0.000000000000000000e+00 0.000000000000000000e+00
4.810000000000000000e+02 3.194107911099629860e+02 1.000000000000000000e+00 0.000000000000000000e+00
4.820000000000000000e+02 3.207128551774486596e+02 0.000000000000000000e+00 0.000000000000000000e+00
4.830000000000000000e+02 3.222327654114679945e+02 0.000000000000000000e+00 0.000000000000000000e+00
4.840000000000000000e+02 3.225711116621866950e+02 0.000000000000000000e+00 0.000000000000000000e+00
4.850000000000000000e+02 3.233298206384254172e+02 0.000000000000000000e+00 0.000000000000000000e+00
4.860000000000000000e+02 3.254724337937864789e+02 0.000000000000000000e+00 0.000000000000000000e+00
4.870000000000000000e+02 3.262962291099838694e+02 0.000000000000000000e+00 0.000000000000000000e+00
4.880000000000000000e+02 3.268747288360424932e+02 0.000000000000000000e+00 0.000000000000000000e+00
4.890000000000000000e+02 3.285412516386500670e+02 0.000000000000000000e+00 0.000000000000000000e+00
4.900000000000000000e+02 3.295049362483742357e+02 0.000000000000000000e+00 0.000000000000000000e+00
4.910000000000000000e+02 3.299802950116556985e+02 0.000000000000000000e+00 0.000000000000000000e+00
4.920000000000000000e+02 3.314909999994476948e+02 0.000000000000000000e+00 0.000000000000000000e+00
4.930000000000000000e+02 3.316936354414939956e+02 0.000000000000000000e+00 0.000000000000000000e+00
4.940000000000000000e+02 3.336550590915996963e+02 0.000000000000000000e+00 0.000000000000000000e+00
4.950000000000000000e+02 3.320019453610319147e+02 2.000000000000000000e+00 0.000000000000000000e+00
4.960000000000000000e+02 3.316289942900234564e+02 1.000000000000000000e+00 0.000000000000000000e+00
4.970000000000000000e+02 3.311616071058867874e+02 2.000000000000000000e+00 0.000000000000000000e+00
4.980000000000000000e+02 3.313060785879461037e+02 0.000000000000000000e+00 0.000000000000000000e+00
4.990000000000000000e+02 3.333565644311617007e+02 0.000000000000000000e+00 0.000000000000000000e+00
5.000000000000000000e+02 3.345067502917269735e+02 0.000000000000000000e+00 0.000000000000000000e+00
5.010000000000000000e+02 3.350106180704972871e+02 0.000000000000000000e+00 0.000000000000000000e+00
5.020000000000000000e+02 3.361612294915854591e+02 0.000000000000000000e+00 0.000000000000000000e+00
5.030000000000000000e+02 3.365748080488353935e+02 0.000000000000000000e+00 0.000000000000000000e+00
5.040000000000000000e+02 3.382388570382153148e+02 0.000000000000000000e+00 0.000000000000000000e+00
5.050000000000000000e+02 3.395454779243273720e+02 0.000000000000000000e+00 0.000000000000000000e+00
5.060000000000000000e+02 3.400947471308533068e+02 0.000000000000000000e+00 0.000000000000000000e+00
5.070000000000000000e+02 3.403156766770995887e+02 0.000000000000000000e+00 0.000000000000000000e+00
5.080000000000000000e+02 3.422728486093345737e+02 0.000000000000000000e+00 0.000000000000000000e+00
5.090000000000000000e+02 3.423460977622514179e+02 0.000000000000000000e+00 0.000000000000000000e+00
5.100000000000000000e+02 3.431994206046258000e+02 0.000000000000000000e+00 0.000000000000000000e+00
5.110000000000000000e+02 3.457179620890889282e+02 0.000000000000000000e+00 0.000000000000000000e+00
5.120000000000000000e+02 3.459199364520362110e+02 0.000000000000000000e+00 0.000000000000000000e+00
5.130000000000000000e+02 3.477323702848063363e+02 0.000000000000000000e+00 0.000000000000000000e+00
5.140000000000000000e+02 3.484610462819188115e+02 0.000000000000000000e+00 0.000000000000000000e+00
5.150000000000000000e+02 3.483366781134374719e+02 0.000000000000000000e+00 0.000000000000000000e+00
5.160000000000000000e+02 3.498964075195530086e+02 0.000000000000000000e+00 0.000000000000000000e+00
5.170000000000000000e+02 3.511086626714607632e+02 0.000000000000000000e+00 0.000000000000000000e+00
5.180000000000000000e+02 3.529245596403884520e+02 0.000000000000000000e+00 0.000000000000000000e+00
5.190000000000000000e+02 3.533264585154009296e+02 0.000000000000000000e+00 0.000000000000000000e+00
5.200000000000000000e+02 3.547548522013299248e+02 0.000000000000000000e+00 0.000000000000000000e+00
5.210000000000000000e+02 3.545014463200490127e+02 0.000000000000000000e+00 0.000000000000000000e+00
5.220000000000000000e+02 3.556942857383946830e+02 0.000000000000000000e+00 0.000000000000000000e+00
5.230000000000000000e+02 3.568411120808092960e+02 0.000000000000000000e+00 0.000000000000000000e+00
5.240000000000000000e+02 3.577578387484624045e+02 0.000000000000000000e+00 0.000000000000000000e+00
5.250000000000000000e+02 3.570075338219488117e+02 2.000000000000000000e+00 0.000000000000000000e+00
5.260000000000000000e+02 3.584216290572879871e+02 0.000000000000000000e+00 0.000000000000000000e+00
5.270000000000000000e+02 3.576181888892535312e+02 0.000000000000000000e+00 0.000000000000000000e+00
5.280000000000000000e+02 3.601377643946531180e+02 0.000000000000000000e+00 0.000000000000000000e+00
5.290000000000000000e+02 3.610046961517946897e+02 0.000000000000000000e+00 0.000000000000000000e+00
5.300000000000000000e+02 3.597507755357966062e+02 2.000000000000000000e+00 0.000000000000000000e+00
5.310000000000000000e+02 3.614392087218736833e+02 0.000000000000000000e+00 0.000000000000000000e+00
5.320000000000000000e+02 3.608848219030479072e+02 1.000000000000000000e+00 0.000000000000000000e+00
5.330000000000000000e+02 3.620245412054111966e+02 0.000000000000000000e+00 0.000000000000000000e+00
5.340000000000000000e+02 3.634782165333234047e+02 0.000000000000000000e+00 0.000000000000000000e+00
5.350000000000000000e+02 3.637508699699565113e+02 0.000000000000000000e+00 0.000000000000000000e+00
5.360000000000000000e+02 3.648379590794036744e+02 0.000000000000000000e+00 0.000000000000000000e+00
5.370000000000000000e+02 3.646776131638001743e+02 1.000000000000000000e+00 0.000000000000000000e+00
5.380000000000000000e+02 3.664802676594416084e+02 0.000000000000000000e+00 0.000000000000000000e+00
5.390000000000000000e+02 3.665687936478353208e+02 0.000000000000000000e+00 0.000000000000000000e+00
5.400000000000000000e+02 3.671268908881199877e+02 0.000000000000000000e+00 0.000000000000000000e+00
5.410000000000000000e+02 3.689845388448384256e+02 0.000000000000000000e+00 0.000000000000000000e+00
5.420000000000000000e+02 3.699307230757752336e+02 0.000000000000000000e+00 0.000000000000000000e+00
5.430000000000000000e+02 3.688269652389889757e+02 2.000000000000000000e+00 0.000000000000000000e+00
5.440000000000000000e+02 3.679933135945718732e+02 2.000000000000000000e+00 0.000000000000000000e+00
5.450000000000000000e+02 3.669142530713137376e+02 2.000000000000000000e+00 0.000000000000000000e+00
5.460000000000000000e+02 3.683186975582896707e+02 0.000000000000000000e+00 0.000000000000000000e+00
5.470000000000000000e+02 3.669302278629493799e+02 1.000000000000000000e+00 0.000000000000000000e+00
5.480000000000000000e+02 3.695429663431276026e+02 0.000000000000000000e+00 0.000000000000000000e+00
5.490000000000000000e+02 3.698991882748038620e+02 0.000000000000000000e+00 0.000000000000000000e+00
5.500000000000000000e+02 3.688153825476525753e+02 2.000000000000000000e+00 0.000000000000000000e+00
5.510000000000000000e+02 3.687202659075525162e+02 2.000000000000000000e+00 0.000000000000000000e+00
5.520000000000000000e+02 3.691377496796834521e+02 0.000000000000000000e+00 0.000000000000000000e+00
5.530000000000000000e+02 3.678420732414281815e+02 2.000000000000000000e+00 0.000000000000000000e+00
5.540000000000000000e+02 3.692336151487915004e+02 0.000000000000000000e+00 0.000000000000000000e+00
5.550000000000000000e+02 3.709042848887595483e+02 0.000000000000000000e+00 0.000000000000000000e+00
5.560000000000000000e+02 3.712789418302263584e+02 0.000000000000000000e+00 0.000000000000000000e+00
5.570000000000000000e+02 3.705391700220112625e+02 2.000000000000000000e+00 0.000000000000000000e+00
5.580000000000000000e+02 3.699117111444843431e+02 1.000000000000000000e+00 0.000000000000000000e+00
5.590000000000000000e+02 3.701360473320336268e+02 0.000000000000000000e+00 0.000000000000000000e+00
5.600000000000000000e+02 3.720771729707447548e+02 0.000000000000000000e+00 0.000000000000000000e+00
5.610000000000000000e+02 3.725893719046155184e+02 0.000000000000000000e+00 0.000000000000000000e+00
5.620000000000000000e+02 3.735494927127453479e+02 0.000000000000000000e+00 0.000000000000000000e+00
5.630000000000000000e+02 3.755753687189968559e+02 0.000000000000000000e+00 0.000000000000000000e+00
5.640000000000000000e+02 3.759500041496155518e+02 0.000000000000000000e+00 0.000000000000000000e+00
5.650000000000000000e+02 3.773245736806924242e+02 0.000000000000000000e+00 0.000000000000000000e+00
5.660000000000000000e+02 3.777758558407625173e+02 0.000000000000000000e+00 0.000000000000000000e+00
5.670000000000000000e+02 3.787365687576170785e+02 0.000000000000000000e+00 0.000000000000000000e+00
5.680000000000000000e+02 3.792518734534667146e+02 0.000000000000000000e+00 0.000000000000000000e+00
5.690000000000000000e+02 3.796998688062742531e+02 1.000000000000000000e+00 0.000000000000000000e+00
5.700000000000000000e+02 3.804818364284422501e+02 0.000000000000000000e+00 0.000000000000000000e+00
5.710000000000000000e+02 3.818677143085783996e+02 0.000000000000000000e+00 0.000000000000000000e+00
5.720000000000000000e+02 3.832340643782101779e+02 0.000000000000000000e+00 0.000000000000000000e+00
5.730000000000000000e+02 3.840236993032798978e+02 0.000000000000000000e+00 0.000000000000000000e+00
5.740000000000000000e+02 3.856061957803886457e+02 0.000000000000000000e+00 0.000000000000000000e+00
5.750000000000000000e+02 3.842302468640036750e+02 2.000000000000000000e+00 0.000000000000000000e+00
5.760000000000000000e+02 3.835927003900387149e+02 2.000000000000000000e+00 0.000000000000000000e+00
5.770000000000000000e+02 3.818112428564033394e+02 2.000000000000000000e+00 0.000000000000000000e+00
5.780000000000000000e+02 3.829811452398481606e+02 0.000000000000000000e+00 0.000000000000000000e+00
5.790000000000000000e+02 3.847292752586570259e+02 0.000000000000000000e+00 0.000000000000000000e+00
5.800000000000000000e+02 3.859268363080217910e+02 0.000000000000000000e+00 0.000000000000000000e+00
5.810000000000000000e+02 3.858418574251195423e+02 0.000000000000000000e+00 0.000000000000000000e+00
5.820000000000000000e+02 3.872821569099332351e+02 0.000000000000000000e+00 0.000000000000000000e+00
5.830000000000000000e+02 3.877300172017942828e+02 0.000000000000000000e+00 0.000000000000000000e+00
5.840000000000000000e+02 3.897096409335353542e+02 0.000000000000000000e+00 0.000000000000000000e+00
5.850000000000000000e+02 3.886517158966146894e+02 2.000000000000000000e+00 0.000000000000000000e+00
5.860000000000000000e+02 3.866761144624152280e+02 2.000000000000000000e+00 0.000000000000000000e+00
5.870000000000000000e+02 3.876059483116791284e+02 0.000000000000000000e+00 0.000000000000000000e+00
5.880000000000000000e+02 3.885895436393602154e+02 0.000000000000000000e+00 0.000000000000000000e+00
5.890000000000000000e+02 3.902297080424605724e+02 0.000000000000000000e+00 0.000000000000000000e+00
5.900000000000000000e+02 3.908967611114761667e+02 0.000000000000000000e+00 0.000000000000000000e+00
5.910000000000000000e+02 3.904082956271311105e+02 2.000000000000000000e+00 0.000000000000000000e+00
5.920000000000000000e+02 3.907443839238686110e+02 0.000000000000000000e+00 0.000000000000000000e+00
5.930000000000000000e+02 3.908174201791159703e+02 0.000000000000000000e+00 0.000000000000000000e+00
5.940000000000000000e+02 3.932234804551744105e+02 0.000000000000000000e+00 0.000000000000000000e+00
5.950000000000000000e+02 3.937072074017794421e+02 0.000000000000000000e+00 0.000000000000000000e+00
5.960000000000000000e+02 3.947268931687715963e+02 0.000000000000000000e+00 0.000000000000000000e+00
5.970000000000000000e+02 3.956278463305722539e+02 0.000000000000000000e+00 0.000000000000000000e+00
5.980000000000000000e+02 3.955250766051055393e+02 1.000000000000000000e+00 0.000000000000000000e+00
5.990000000000000000e+02 3.963241038056310686e+02 0.000000000000000000e+00 0.000000000000000000e+00
6.000000000000000000e+02 3.977023110069270047e+02 0.000000000000000000e+00 0.000000000000000000e+00
6.010000000000000000e+02 3.992219988748100263e+02 0.000000000000000000e+00 0.000000000000000000e+00
6.020000000000000000e+02 3.997861774867097324e+02 0.000000000000000000e+00 0.000000000000000000e+00
6.030000000000000000e+02 4.016745431863049021e+02 0.000000000000000000e+00 0.000000000000000000e+00
6.040000000000000000e+02 4.021515496686465099e+02 0.000000000000000000e+00 0.000000000000000000e+00
6.050000000000000000e+02 4.040764765979468507e+02 0.000000000000000000e+00 0.000000000000000000e+00
6.060000000000000000e+02 4.044454740962135588e+02 0.000000000000000000e+00 0.000000000000000000e+00
6.070000000000000000e+02 4.062052742480501593e+02 0.000000000000000000e+00 0.000000000000000000e+00
6.080000000000000000e+02 4.067685698865678319e+02 0.000000000000000000e+00 0.000000000000000000e+00
6.090000000000000000e+02 4.060516172493127556e+02 0.000000000000000000e+00 0.000000000000000000e+00
6.100000000000000000e+02 4.066641993985205090e+02 1.000000000000000000e+00 0.000000000000000000e+00
6.110000000000000000e+02 4.087472855897171371e+02 0.000000000000000000e+00 0.000000000000000000e+00
6.120000000000000000e+02 4.094809994992968996e+02 0.000000000000000000e+00 0.000000000000000000e+00
6.130000000000000000e+02 4.099354739972997663e+02 0.000000000000000000e+00 0.000000000000000000e+00
6.140000000000000000e+02 4.115762791327269952e+02 0.000000000000000000e+00 0.000000000000000000e+00
6.150000000000000000e+02 4.110946382177278338e+02 1.000000000000000000e+00 0.000000000000000000e+00
6.160000000000000000e+02 4.120588288077558445e+02 0.000000000000000000e+00 0.000000000000000000e+00
6.170000000000000000e+02 4.129811431187728203e+02 0.000000000000000000e+00 0.000000000000000000e+00
6.180000000000000000e+02 4.144289270751916092e+02 0.000000000000000000e+00 0.000000000000000000e+00
6.190000000000000000e+02 4.134662170355862258e+02 2.000000000000000000e+00 0.000000000000000000e+00
6.200000000000000000e+02 4.131861145620875959e+02 1.000000000000000000e+00 0.000000000000000000e+00
6.210000000000000000e+02 4.127379255422361553e+02 1.000000000000000000e+00 0.000000000000000000e+00
6.220000000000000000e+02 4.140889927216740034e+02 0.000000000000000000e+00 0.000000000000000000e+00
6.230000000000000000e+02 4.150307151333211095e+02 0.000000000000000000e+00 0.000000000000000000e+00
6.240000000000000000e+02 4.165030790356208286e+02 0.000000000000000000e+00 0.000000000000000000e+00
6.250000000000000000e+02 4.172163548634395625e+02 0.000000000000000000e+00 0.000000000000000000e+00
6.260000000000000000e+02 4.182820667727532395e+02 0.000000000000000000e+00 0.000000000000000000e+00
6.270000000000000000e+02 4.184486840835452313e+02 0.000000000000000000e+00 0.000000000000000000e+00
6.280000000000000000e+02 4.205943360432277132e+02 0.000000000000000000e+00 0.000000000000000000e+00
6.290000000000000000e+02 4.208651938665773287e+02 0.000000000000000000e+00 0.000000000000000000e+00
6.300000000000000000e+02 4.221751391192350411e+02 0.000000000000000000e+00 0.000000000000000000e+00
6.310000000000000000e+02 4.234208086209900443e+02 0.000000000000000000e+00 0.000000000000000000e+00
6.320000000000000000e+02 4.244253125997628899e+02 0.000000000000000000e+00 0.000000000000000000e+00
6.330000000000000000e+02 4.250770588225994970e+02 0.000000000000000000e+00 0.000000000000000000e+00
6.340000000000000000e+02 4.261317120670321970e+02 0.000000000000000000e+00 0.000000000000000000e+00
6.350000000000000000e+02 4.246399773678436986e+02 2.000000000000000000e+00 0.000000000000000000e+00
6.360000000000000000e+02 4.260684681911740199e+02 0.000000000000000000e+00 0.000000000000000000e+00
6.370000000000000000e+02 4.276285359190943609e+02 0.000000000000000000e+00 0.000000000000000000e+00
6.380000000000000000e+02 4.278338279969161135e+02 0.000000000000000000e+00 0.000000000000000000e+00
6.390000000000000000e+02 4.295453576217819887e+02 0.000000000000000000e+00 0.000000000000000000e+00
6.400000000000000000e+02 4.297524516484327819e+02 0.000000000000000000e+00 0.000000000000000000e+00
6.410000000000000000e+02 4.314652317615834818e+02 0.000000000000000000e+00 0.000000000000000000e+00
6.420000000000000000e+02 4.324443533717038690e+02 0.000000000000000000e+00 0.000000000000000000e+00
6.430000000000000000e+02 4.332588898082907463e+02 0.000000000000000000e+00 0.000000000000000000e+00
6.440000000000000000e+02 4.327974793097551469e+02 1.000000000000000000e+00 0.000000000000000000e+00
6.450000000000000000e+02 4.329614005576019053e+02 1.000000000000000000e+00 0.000000000000000000e+00
6.460000000000000000e+02 4.346778946934152259e+02 0.000000000000000000e+00 0.000000000000000000e+00
6.470000000000000000e+02 4.352587524782578612e+02 0.000000000000000000e+00 0.000000000000000000e+00
6.480000000000000000e+02 4.355802260530717831e+02 0.000000000000000000e+00 0.000000000000000000e+00
6.490000000000000000e+02 4.357709155346992134e+02 0.000000000000000000e+00 0.000000000000000000e+00
6.500000000000000000e+02 4.381354141772169442e+02 0.000000000000000000e+00 0.000000000000000000e+00
6.510000000000000000e+02 4.385680905413852315e+02 0.000000000000000000e+00 0.000000000000000000e+00
6.520000000000000000e+02 4.394460992762553246e+02 0.000000000000000000e+00 0.000000000000000000e+00
6.530000000000000000e+02 4.403837163188480872e+02 0.000000000000000000e+00 0.000000000000000000e+00
6.540000000000000000e+02 4.413314566538680879e+02 0.000000000000000000e+00 0.000000000000000000e+00
6.550000000000000000e+02 4.429952838010819391e+02 0.000000000000000000e+00 0.000000000000000000e+00
6.560000000000000000e+02 4.440865337474633066e+02 0.000000000000000000e+00 0.000000000000000000e+00
6.570000000000000000e+02 4.458646786641738231e+02 0.000000000000000000e+00 0.000000000000000000e+00
6.580000000000000000e+02 4.463112000703174544e+02 0.000000000000000000e+00 0.000000000000000000e+00
6.590000000000000000e+02 4.460007413268330083e+02 0.000000000000000000e+00 0.000000000000000000e+00
6.600000000000000000e+02 4.475680645717433777e+02 0.000000000000000000e+00 0.000000000000000000e+00
6.610000000000000000e+02 4.493517995818349959e+02 0.000000000000000000e+00 0.000000000000000000e+00
6.620000000000000000e+02 4.496835102251882290e+02 0.000000000000000000e+00 0.000000000000000000e+00
6.630000000000000000e+02 4.514606649760694950e+02 0.000000000000000000e+00 0.000000000000000000e+00
6.640000000000000000e+02 4.511655127439648822e+02 1.000000000000000000e+00 0.000000000000000000e+00
6.650000000000000000e+02 4.513289932893212608e+02 0.000000000000000000e+00 0.000000000000000000e+00
6.660000000000000000e+02 4.531048417141114442e+02 0.000000000000000000e+00 0.000000000000000000e+00
6.670000000000000000e+02 4.526428620547490027e+02 2.000000000000000000e+00 0.000000000000000000e+00
6.680000000000000000e+02 4.532017040752106141e+02 0.000000000000000000e+00 0.000000000000000000e+00
6.690000000000000000e+02 4.539252941338399410e+02 0.000000000000000000e+00 0.000000000000000000e+00
6.700000000000000000e+02 4.550975464128086401e+02 0.000000000000000000e+00 0.000000000000000000e+00
6.710000000000000000e+02 4.550970757576447454e+02 0.000000000000000000e+00 0.000000000000000000e+00
6.720000000000000000e+02 4.577286576004801191e+02 0.000000000000000000e+00 0.000000000000000000e+00
6.730000000000000000e+02 4.581165534479306416e+02 0.000000000000000000e+00 0.000000000000000000e+00
6.740000000000000000e+02 4.587792201867556514e+02 0.000000000000000000e+00 0.000000000000000000e+00
6.750000000000000000e+02 4.580856861053457578e+02 2.000000000000000000e+00 0.000000000000000000e+00
6.760000000000000000e+02 4.587573000970733688e+02 0.000000000000000000e+00 0.000000000000000000e+00
6.770000000000000000e+02 4.600891186893637155e+02 0.000000000000000000e+00 0.000000000000000000e+00
6.780000000000000000e+02 4.606542551414826789e+02 0.000000000000000000e+00 0.000000000000000000e+00
6.790000000000000000e+02 4.615246901627277794e+02 0.000000000000000000e+00 0.000000000000000000e+00
6.800000000000000000e+02 4.633342473415758604e+02 0.000000000000000000e+00 0.000000000000000000e+00
6.810000000000000000e+02 4.640414907390409098e+02 0.000000000000000000e+00 0.000000000000000000e+00
6.820000000000000000e+02 4.631155664016486639e+02 2.000000000000000000e+00 0.000000000000000000e+00
6.830000000000000000e+02 4.641734898490432215e+02 0.000000000000000000e+00 0.000000000000000000e+00
6.840000000000000000e+02 4.640636364657713671e+02 0.000000000000000000e+00 0.000000000000000000e+00
6.850000000000000000e+02 4.655604073813744321e+02 0.000000000000000000e+00 0.000000000000000000e+00
6.860000000000000000e+02 4.669030419016576730e+02 0.000000000000000000e+00 0.000000000000000000e+00
6.870000000000000000e+02 4.688186517284320871e+02 0.000000000000000000e+00 0.000000000000000000e+00
6.880000000000000000e+02 4.684646742817702147e+02 0.000000000000000000e+00 0.000000000000000000e+00
6.890000000000000000e+02 4.706897712569825103e+02 0.000000000000000000e+00 0.000000000000000000e+00
6.900000000000000000e+02 4.686748515994224817e+02 2.000000000000000000e+00 0.000000000000000000e+00
6.910000000000000000e+02 4.691604452203678193e+02 0.000000000000000000e+00 0.000000000000000000e+00
6.920000000000000000e+02 4.707345021841708785e+02 0.000000000000000000e+00 0.000000000000000000e+00
6.930000000000000000e+02 4.721165242641118880e+02 0.000000000000000000e+00 0.000000000000000000e+00
6.940000000000000000e+02 4.734907109907597373e+02 0.000000000000000000e+00 0.000000000000000000e+00
6.950000000000000000e+02 4.739185830276954903e+02 0.000000000000000000e+00 0.000000000000000000e+00
6.960000000000000000e+02 4.757647572942720444e+02 0.000000000000000000e+00 0.000000000000000000e+00
6.970000000000000000e+02 4.756196913580629939e+02 0.000000000000000000e+00 0.000000000000000000e+00
6.980000000000000000e+02 4.766975431400712750e+02 0.000000000000000000e+00 0.000000000000000000e+00
6.990000000000000000e+02 4.773733281219384708e+02 1.000000000000000000e+00 0.000000000000000000e+00
7.000000000000000000e+02 4.784053428206594845e+02 0.000000000000000000e+00 0.000000000000000000e+00
7.010000000000000000e+02 4.791625446084011060e+02 0.000000000000000000e+00 0.000000000000000000e+00
7.020000000000000000e+02 4.781742209309616101e+02 0.000000000000000000e+00 0.000000000000000000e+00
7.030000000000000000e+02 4.804495392220143799e+02 0.000000000000000000e+00 0.000000000000000000e+00
7.040000000000000000e+02 4.815091955305302918e+02 0.000000000000000000e+00 0.000000000000000000e+00
7.050000000000000000e+02 4.830108676060929156e+02 0.000000000000000000e+00 0.000000000000000000e+00
7.060000000000000000e+02 4.835797175986248817e+02 0.000000000000000000e+00 0.000000000000000000e+00
7.070000000000000000e+02 4.850419773088441389e+02 0.000000000000000000e+00 0.000000000000000000e+00
7.080000000000000000e+02 4.831731963126228493e+02 2.000000000000000000e+00 0.000000000000000000e+00
7.090000000000000000e+02 4.831397768069870153e+02 2.000000000000000000e+00 0.000000000000000000e+00
7.100000000000000000e+02 4.819616301525676363e+02 2.000000000000000000e+00 0.000000000000000000e+00
7.110000000000000000e+02 4.835585274665018574e+02 0.000000000000000000e+00 0.000000000000000000e+00
7.120000000000000000e+02 4.836545950847995528e+02 0.000000000000000000e+00 0.000000000000000000e+00
7.130000000000000000e+02 4.846123490424467946e+02 0.000000000000000000e+00 0.000000000000000000e+00
7.140000000000000000e+02 4.864835069382855863e+02 0.000000000000000000e+00 0.000000000000000000e+00
7.150000000000000000e+02 4.854400441426162729e+02 1.000000000000000000e+00 0.000000000000000000e+00
7.160000000000000000e+02 4.875023858905802285e+02 0.000000000000000000e+00 0.000000000000000000e+00
7.170000000000000000e+02 4.882288399864787607e+02 0.000000000000000000e+00 0.000000000000000000e+00
7.180000000000000000e+02 4.892757143604512748e+02 0.000000000000000000e+00 0.000000000000000000e+00
7.190000000000000000e+02 4.878820954625719537e+02 2.000000000000000000e+00 0.000000000000000000e+00
7.200000000000000000e+02 4.882868175041343193e+02 0.000000000000000000e+00 0.000000000000000000e+00
7.210000000000000000e+02 4.900072095448922482e+02 0.000000000000000000e+00 0.000000000000000000e+00
7.220000000000000000e+02 4.893658446274726543e+02 2.000000000000000000e+00 0.000000000000000000e+00
7.230000000000000000e+02 4.898032255872784617e+02 0.000000000000000000e+00 0.000000000000000000e+00
7.240000000000000000e+02 4.916731069760526225e+02 0.000000000000000000e+00 0.000000000000000000e+00
7.250000000000000000e+02 4.916677762294846161e+02 0.000000000000000000e+00 0.000000000000000000e+00
7.260000000000000000e+02 4.934337941449632581e+02 0.000000000000000000e+00 0.000000000000000000e+00
7.270000000000000000e+02 4.934403617182981066e+02 0.000000000000000000e+00 0.000000000000000000e+00
7.280000000000000000e+02 4.929255562609396861e+02 2.000000000000000000e+00 0.000000000000000000e+00
7.290000000000000000e+02 4.930095176150824159e+02 0.000000000000000000e+00 0.000000000000000000e+00
7.300000000000000000e+02 4.952995308050971062e+02 0.000000000000000000e+00 0.000000000000000000e+00
7.310000000000000000e+02 4.959887076189805271e+02 0.000000000000000000e+00 0.000000000000000000e+00
7.320000000000000000e+02 4.971393804944243584e+02 0.000000000000000000e+00 0.000000000000000000e+00
7.330000000000000000e+02 4.991430807322625469e+02 0.000000000000000000e+00 0.000000000000000000e+00
7.340000000000000000e+02 4.983546925894366950e+02 0.000000000000000000e+00 0.000000000000000000e+00
7.350000000000000000e+02 4.997117280724468742e+02 0.000000000000000000e+00 0.000000000000000000e+00
7.360000000000000000e+02 5.014746848655723284e+02 0.000000000000000000e+00 0.000000000000000000e+00
7.370000000000000000e+02 5.010401466285624110e+02 0.000000000000000000e+00 0.000000000000000000e+00
7.380000000000000000e+02 5.016524664420142017e+02 1.000000000000000000e+00 0.000000000000000000e+00
7.390000000000000000e+02 5.019295077189815402e+02 1.000000000000000000e+00 0.000000000000000000e+00
7.400000000000000000e+02 5.006969359070484415e+02 1.000000000000000000e+00 0.000000000000000000e+00
7.410000000000000000e+02 5.042406697410119705e+02 0.000000000000000000e+00 0.000000000000000000e+00
7.420000000000000000e+02 5.046171216677951179e+02 0.000000000000000000e+00 0.000000000000000000e+00
7.430000000000000000e+02 5.046124895241687227e+02 0.000000000000000000e+00 0.000000000000000000e+00
7.440000000000000000e+02 5.047528513719169041e+02 1.000000000000000000e+00 0.000000000000000000e+00
7.450000000000000000e+02 5.057947950823242422e+02 0.000000000000000000e+00 0.000000000000000000e+00
7.460000000000000000e+02 5.058490127266712193e+02 0.000000000000000000e+00 0.000000000000000000e+00
7.470000000000000000e+02 5.080495259419009813e+02 0.000000000000000000e+00 0.000000000000000000e+00
7.480000000000000000e+02 5.092218884959136176e+02 0.000000000000000000e+00 0.000000000000000000e+00
7.490000000000000000e+02 5.086657740951306437e+02 2.000000000000000000e+00 0.000000000000000000e+00
7.500000000000000000e+02 5.096446851426878197e+02 0.000000000000000000e+00 0.000000000000000000e+00
7.510000000000000000e+02 5.104607463035085857e+02 0.000000000000000000e+00 0.000000000000000000e+00
7.520000000000000000e+02 5.107323279539331793e+02 0.000000000000000000e+00 0.000000000000000000e+00
7.530000000000000000e+02 5.123227316797735966e+02 0.000000000000000000e+00 0.000000000000000000e+00
7.540000000000000000e+02 5.128913604690709462e+02 0.000000000000000000e+00 0.000000000000000000e+00
7.550000000000000000e+02 5.139960907514268911e+02 0.000000000000000000e+00 0.000000000000000000e+00
7.560000000000000000e+02 5.151210822470605990e+02 0.000000000000000000e+00 0.000000000000000000e+00
7.570000000000000000e+02 5.160452951722218131e+02 0.000000000000000000e+00 0.000000000000000000e+00
7.580000000000000000e+02 5.173767905025450773e+02 0.000000000000000000e+00 0.000000000000000000e+00
7.590000000000000000e+02 5.169089120057667515e+02 2.000000000000000000e+00 0.000000000000000000e+00
7.600000000000000000e+02 5.146429401343048085e+02 2.000000000000000000e+00 0.000000000000000000e+00
7.610000000000000000e+02 5.148426912394405690e+02 1.000000000000000000e+00 0.000000000000000000e+00
7.620000000000000000e+02 5.161411317620563750e+02 0.000000000000000000e+00 0.000000000000000000e+00
7.630000000000000000e+02 5.165065781703331140e+02 0.000000000000000000e+00 0.000000000000000000e+00
7.640000000000000000e+02 5.181467154814768037e+02 0.000000000000000000e+00 0.000000000000000000e+00
7.650000000000000000e+02 5.193167029448010226e+02 0.000000000000000000e+00 0.000000000000000000e+00
7.660000000000000000e+02 5.188056912334880053e+02 1.000000000000000000e+00 0.000000000000000000e+00
7.670000000000000000e+02 5.200457752484139746e+02 0.000000000000000000e+00 0.000000000000000000e+00
7.680000000000000000e+02 5.208245586800451292e+02 0.000000000000000000e+00 0.000000000000000000e+00
7.690000000000000000e+02 5.214806284119374595e+02 0.000000000000000000e+00 0.000000000000000000e+00
7.700000000000000000e+02 5.236717797030522661e+02 0.000000000000000000e+00 0.000000000000000000e+00
7.710000000000000000e+02 5.233803858380147176e+02 0.000000000000000000e+00 0.000000000000000000e+00
7.720000000000000000e+02 5.243003049104123647e+02 0.000000000000000000e+00 0.000000000000000000e+00
7.730000000000000000e+02 5.267223401528909790e+02 0.000000000000000000e+00 0.000000000000000000e+00
7.740000000000000000e+02 5.254965711685067618e+02 2.000000000000000000e+00 0.000000000000000000e+00
7.750000000000000000e+02 5.266205665438500318e+02 0.000000000000000000e+00 0.000000000000000000e+00
7.760000000000000000e+02 5.262719493100444197e+02 0.000000000000000000e+00 0.000000000000000000e+00
7.770000000000000000e+02 5.283980677901756735e+02 0.000000000000000000e+00 0.000000000000000000e+00
7.780000000000000000e+02 5.292737336284147887e+02 0.000000000000000000e+00 0.000000000000000000e+00
7.790000000000000000e+02 5.288717009357667393e+02 1.000000000000000000e+00 0.000000000000000000e+00
7.800000000000000000e+02 5.298012294063262289e+02 0.000000000000000000e+00 0.000000000000000000e+00
7.810000000000000000e+02 5.309193336101000114e+02 0.000000000000000000e+00 0.000000000000000000e+00
7.820000000000000000e+02 5.328459757275860511e+02 0.000000000000000000e+00 0.000000000000000000e+00
7.830000000000000000e+02 5.320370835801785461e+02 0.000000000000000000e+00 0.000000000000000000e+00
7.840000000000000000e+02 5.313604750700791328e+02 2.000000000000000000e+00 0.000000000000000000e+00
7.850000000000000000e+02 5.328056707555441562e+02 0.000000000000000000e+00 0.000000000000000000e+00
7.860000000000000000e+02 5.339912967575442053e+02 0.000000000000000000e+00 0.000000000000000000e+00
7.870000000000000000e+02 5.325751465910159368e+02 2.000000000000000000e+00 0.000000000000000000e+00
7.880000000000000000e+02 5.336898221260294122e+02 0.000000000000000000e+00 0.000000000000000000e+00
7.890000000000000000e+02 5.359548501795161428e+02 0.000000000000000000e+00 0.000000000000000000e+00
7.900000000000000000e+02 5.336706581223415924e+02 2.000000000000000000e+00 0.000000000000000000e+00
7.910000000000000000e+02 5.348775614574740302e+02 0.000000000000000000e+00 0.000000000000000000e+00
7.920000000000000000e+02 5.361684182111450809e+02 0.000000000000000000e+00 0.000000000000000000e+00
7.930000000000000000e+02 5.373978276083805667e+02 0.000000000000000000e+00 0.000000000000000000e+00
7.940000000000000000e+02 5.381274538343781160e+02 0.000000000000000000e+00 0.000000000000000000e+00
7.950000000000000000e+02 5.387429132657904347e+02 0.000000000000000000e+00 0.000000000000000000e+00
7.960000000000000000e+02 5.380523645072240697e+02 2.000000000000000000e+00 0.000000000000000000e+00
7.970000000000000000e+02 5.388881776060948141e+02 0.000000000000000000e+00 0.000000000000000000e+00
7.980000000000000000e+02 5.382057404775606528e+02 2.000000000000000000e+00 0.000000000000000000e+00
7.990000000000000000e+02 5.374641037076717112e+02 1.000000000000000000e+00 0.000000000000000000e+00
8.000000000000000000e+02 5.387371409690678092e+02 0.000000000000000000e+00 0.000000000000000000e+00
