time	position	state	ATP_bound
1.000000000000000000e+00 1.434135882905190229e+00 0.000000000000000000e+00 0.000000000000000000e+00
2.000000000000000000e+00 7.461491198264009750e-01 2.000000000000000000e+00 0.000000000000000000e+00
3.000000000000000000e+00 0.000000000000000000e+00 1.000000000000000000e+00 0.000000000000000000e+00
4.000000000000000000e+00 8.296590573578024319e-01 0.000000000000000000e+00 0.000000000000000000e+00
5.000000000000000000e+00 2.346492842865631090e+00 0.000000000000000000e+00 0.000000000000000000e+00
6.000000000000000000e+00 3.258416788415452459e+00 0.000000000000000000e+00 0.000000000000000000e+00
7.000000000000000000e+00 3.591794227386984506e+00 0.000000000000000000e+00 0.000000000000000000e+00
8.000000000000000000e+00 5.077340752766610343e+00 0.000000000000000000e+00 0.000000000000000000e+00
9.000000000000000000e+00 6.094382476189822206e+00 0.000000000000000000e+00 0.000000000000000000e+00
1.000000000000000000e+01 6.026609863348865836e+00 1.000000000000000000e+00 0.000000000000000000e+00
1.100000000000000000e+01 6.984299853399884128e+00 1.000000000000000000e+00 0.000000000000000000e+00
1.200000000000000000e+01 7.206709519884256565e+00 0.000000000000000000e+00 0.000000000000000000e+00
1.300000000000000000e+01 7.724322707569706736e+00 0.000000000000000000e+00 0.000000000000000000e+00
1.400000000000000000e+01 9.609755452730921021e+00 0.000000000000000000e+00 0.000000000000000000e+00
1.500000000000000000e+01 9.779012576556441516e+00 0.000000000000000000e+00 0.000000000000000000e+00
1.600000000000000000e+01 1.102887304594387174e+01 0.000000000000000000e+00 0.000000000000000000e+00
1.700000000000000000e+01 1.296384733654026000e+01 0.000000000000000000e+00 0.000000000000000000e+00
1.800000000000000000e+01 1.370368533879867989e+01 0.000000000000000000e+00 0.000000000000000000e+00
1.900000000000000000e+01 1.396294576739665239e+01 1.000000000000000000e+00 0.000000000000000000e+00
2.000000000000000000e+01 1.458111019425158261e+01 0.000000000000000000e+00 0.000000000000000000e+00
2.100000000000000000e+01 1.454806418612013275e+01 0.000000000000000000e+00 0.000000000000000000e+00
2.200000000000000000e+01 1.538014399783753383e+01 0.000000000000000000e+00 0.000000000000000000e+00
2.300000000000000000e+01 1.587590446702260394e+01 1.000000000000000000e+00 0.000000000000000000e+00
2.400000000000000000e+01 1.575196557113945772e+01 2.000000000000000000e+00 0.000000000000000000e+00
2.500000000000000000e+01 1.383450850451509062e+01 2.000000000000000000e+00 0.000000000000000000e+00
2.600000000000000000e+01 1.319162209981629630e+01 2.000000000000000000e+00 0.000000000000000000e+00
2.700000000000000000e+01 1.234311856741034141e+01 2.000000000000000000e+00 0.000000000000000000e+00
2.800000000000000000e+01 1.078802038167566302e+01 2.000000000000000000e+00 0.000000000000000000e+00
2.900000000000000000e+01 1.149507351796001231e+01 0.000000000000000000e+00 0.000000000000000000e+00
3.000000000000000000e+01 1.332198958943177480e+01 0.000000000000000000e+00 0.000000000000000000e+00
3.100000000000000000e+01 1.458626227914704643e+01 0.000000000000000000e+00 0.000000000000000000e+00
3.200000000000000000e+01 1.586908332230257379e+01 0.000000000000000000e+00 0.000000000000000000e+00
3.300000000000000000e+01 1.633716090367350304e+01 1.000000000000000000e+00 0.000000000000000000e+00
3.400000000000000000e+01 1.504284211214617706e+01 1.000000000000000000e+00 0.000000000000000000e+00
3.500000000000000000e+01 1.651341976624377139e+01 0.000000000000000000e+00 0.000000000000000000e+00
3.600000000000000000e+01 1.667290620356322961e+01 0.000000000000000000e+00 0.000000000000000000e+00
3.700000000000000000e+01 1.853276134578626611e+01 0.000000000000000000e+00 0.000000000000000000e+00
3.800000000000000000e+01 1.937937047879977470e+01 0.000000000000000000e+00 0.000000000000000000e+00
3.900000000000000000e+01 1.908957023327985425e+01 1.000000000000000000e+00 0.000000000000000000e+00
4.000000000000000000e+01 1.984716488789680966e+01 0.000000000000000000e+00 0.000000000000000000e+00
4.100000000000000000e+01 2.123705632742209914e+01 0.000000000000000000e+00 0.000000000000000000e+00
4.200000000000000000e+01 2.160498586190426806e+01 0.000000000000000000e+00 0.000000000000000000e+00
4.300000000000000000e+01 2.301383807880170096e+01 0.000000000000000000e+00 0.000000000000000000e+00
4.400000000000000000e+01 2.459167502596225674e+01 0.000000000000000000e+00 0.000000000000000000e+00
4.500000000000000000e+01 2.504375980821723147e+01 0.000000000000000000e+00 0.000000000000000000e+00
4.600000000000000000e+01 2.645381549979521552e+01 0.000000000000000000e+00 0.000000000000000000e+00
4.700000000000000000e+01 2.686113086174218978e+01 0.000000000000000000e+00 0.000000000000000000e+00
4.800000000000000000e+01 2.810955509159748544e+01 0.000000000000000000e+00 0.000000000000000000e+00
4.900000000000000000e+01 2.953636633015924318e+01 0.000000000000000000e+00 0.000000000000000000e+00
5.000000000000000000e+01 2.926129941010392344e+01 0.000000000000000000e+00 0.000000000000000000e+00
5.100000000000000000e+01 3.062117665981952541e+01 0.000000000000000000e+00 0.000000000000000000e+00
5.200000000000000000e+01 3.196345981450809859e+01 0.000000000000000000e+00 0.000000000000000000e+00
5.300000000000000000e+01 3.297088544281882605e+01 0.000000000000000000e+00 0.000000000000000000e+00
5.400000000000000000e+01 3.372001354083241864e+01 0.000000000000000000e+00 0.000000000000000000e+00
5.500000000000000000e+01 3.525269922656674737e+01 0.000000000000000000e+00 0.000000000000000000e+00
5.600000000000000000e+01 3.609090463413286187e+01 0.000000000000000000e+00 0.000000000000000000e+00
5.700000000000000000e+01 3.678261154411612921e+01 0.000000000000000000e+00 0.000000000000000000e+00
5.800000000000000000e+01 3.696088232954630115e+01 2.000000000000000000e+00 0.000000000000000000e+00
5.900000000000000000e+01 3.685793912247069670e+01 0.000000000000000000e+00 0.000000000000000000e+00
6.000000000000000000e+01 3.705197879669868399e+01 0.000000000000000000e+00 0.000000000000000000e+00
6.100000000000000000e+01 3.859344935000295607e+01 0.000000000000000000e+00 0.000000000000000000e+00
6.200000000000000000e+01 3.968444769876162326e+01 0.000000000000000000e+00 0.000000000000000000e+00
6.300000000000000000e+01 4.193341491891248296e+01 0.000000000000000000e+00 0.000000000000000000e+00
6.400000000000000000e+01 4.141208559590940297e+01 0.000000000000000000e+00 0.000000000000000000e+00
6.500000000000000000e+01 4.314488587571482725e+01 0.000000000000000000e+00 0.000000000000000000e+00
6.600000000000000000e+01 4.468507298137396333e+01 0.000000000000000000e+00 0.000000000000000000e+00
6.700000000000000000e+01 4.465261486310809147e+01 1.000000000000000000e+00 0.000000000000000000e+00
6.800000000000000000e+01 4.478440850482926550e+01 0.000000000000000000e+00 0.000000000000000000e+00
6.900000000000000000e+01 4.554662748974214281e+01 0.000000000000000000e+00 0.000000000000000000e+00
7.000000000000000000e+01 4.714140089606048889e+01 0.000000000000000000e+00 0.000000000000000000e+00
7.100000000000000000e+01 4.803503720354746065e+01 0.000000000000000000e+00 0.000000000000000000e+00
7.200000000000000000e+01 4.740946563142695425e+01 2.000000000000000000e+00 0.000000000000000000e+00
7.300000000000000000e+01 4.869798363610565417e+01 0.000000000000000000e+00 0.000000000000000000e+00
7.400000000000000000e+01 4.961775868604263451e+01 0.000000000000000000e+00 0.000000000000000000e+00
7.500000000000000000e+01 4.973499390506212592e+01 0.000000000000000000e+00 0.000000000000000000e+00
7.600000000000000000e+01 5.098300874440383268e+01 0.000000000000000000e+00 0.000000000000000000e+00
7.700000000000000000e+01 5.231840507823225295e+01 0.000000000000000000e+00 0.000000000000000000e+00
7.800000000000000000e+01 5.283024490775260773e+01 1.000000000000000000e+00 0.000000000000000000e+00
7.900000000000000000e+01 5.108995472414390804e+01 2.000000000000000000e+00 0.000000000000000000e+00
8.000000000000000000e+01 5.135011430619015016e+01 0.000000000000000000e+00 0.000000000000000000e+00
8.100000000000000000e+01 5.188432178616672985e+01 0.000000000000000000e+00 0.000000000000000000e+00
8.200000000000000000e+01 5.313373216205457794e+01 0.000000000000000000e+00 0.000000000000000000e+00
8.300000000000000000e+01 5.541370505054443640e+01 0.000000000000000000e+00 0.000000000000000000e+00
8.400000000000000000e+01 5.504550411293492829e+01 1.000000000000000000e+00 0.000000000000000000e+00
8.500000000000000000e+01 5.463619255983742562e+01 1.000000000000000000e+00 0.000000000000000000e+00
8.600000000000000000e+01 5.557560692422664061e+01 0.000000000000000000e+00 0.000000000000000000e+00
8.700000000000000000e+01 5.685961658430170473e+01 0.000000000000000000e+00 0.000000000000000000e+00
8.800000000000000000e+01 5.770551814751134145e+01 0.000000000000000000e+00 0.000000000000000000e+00
8.900000000000000000e+01 5.952011779341807340e+01 0.000000000000000000e+00 0.000000000000000000e+00
9.000000000000000000e+01 6.058654865869194595e+01 0.000000000000000000e+00 0.000000000000000000e+00
9.100000000000000000e+01 6.085102381609586075e+01 0.000000000000000000e+00 0.000000000000000000e+00
9.200000000000000000e+01 6.179525844200339435e+01 0.000000000000000000e+00 0.000000000000000000e+00
9.300000000000000000e+01 6.375012858416346262e+01 0.000000000000000000e+00 0.000000000000000000e+00
9.400000000000000000e+01 6.442142789487496657e+01 0.000000000000000000e+00 0.000000000000000000e+00
9.500000000000000000e+01 6.536266389394941712e+01 0.000000000000000000e+00 0.000000000000000000e+00
9.600000000000000000e+01 6.591836785039696167e+01 0.000000000000000000e+00 0.000000000000000000e+00
9.700000000000000000e+01 6.703963093035700638e+01 0.000000000000000000e+00 0.000000000000000000e+00
9.800000000000000000e+01 6.817845726724623034e+01 0.000000000000000000e+00 0.000000000000000000e+00
9.900000000000000000e+01 6.799566393374857398e+01 0.000000000000000000e+00 0.000000000000000000e+00
1.000000000000000000e+02 7.069988352305138335e+01 0.000000000000000000e+00 0.000000000000000000e+00
1.010000000000000000e+02 7.010120357920152401e+01 0.000000000000000000e+00 0.000000000000000000e+00
1.020000000000000000e+02 7.235489278204762797e+01 0.000000000000000000e+00 0.000000000000000000e+00
1.030000000000000000e+02 7.237068240395201713e+01 0.000000000000000000e+00 0.000000000000000000e+00
1.040000000000000000e+02 7.467717676574372376e+01 0.000000000000000000e+00 0.000000000000000000e+00
1.050000000000000000e+02 7.556156696961519970e+01 0.000000000000000000e+00 0.000000000000000000e+00
1.060000000000000000e+02 7.616963128014334927e+01 0.000000000000000000e+00 0.000000000000000000e+00
1.070000000000000000e+02 7.508971278231133795e+01 1.000000000000000000e+00 0.000000000000000000e+00
1.080000000000000000e+02 7.686860111330820189e+01 0.000000000000000000e+00 0.000000000000000000e+00
1.090000000000000000e+02 7.760256192013667942e+01 1.000000000000000000e+00 0.000000000000000000e+00
1.100000000000000000e+02 7.620144516593335027e+01 2.000000000000000000e+00 0.000000000000000000e+00
1.110000000000000000e+02 7.533882900222148749e+01 2.000000000000000000e+00 0.000000000000000000e+00
1.120000000000000000e+02 7.602688802162373349e+01 0.000000000000000000e+00 0.000000000000000000e+00
1.130000000000000000e+02 7.733517756015297095e+01 0.000000000000000000e+00 0.000000000000000000e+00
1.140000000000000000e+02 7.623275767599272967e+01 2.000000000000000000e+00 0.000000000000000000e+00
1.150000000000000000e+02 7.640321896367954935e+01 0.000000000000000000e+00 0.000000000000000000e+00
1.160000000000000000e+02 7.827707751327486108e+01 0.000000000000000000e+00 0.000000000000000000e+00
1.170000000000000000e+02 7.669224713547610861e+01 2.000000000000000000e+00 0.000000000000000000e+00
1.180000000000000000e+02 7.809535685888354806e+01 0.000000000000000000e+00 0.000000000000000000e+00
1.190000000000000000e+02 7.667676448963310065e+01 2.000000000000000000e+00 0.000000000000000000e+00
1.200000000000000000e+02 7.570850661798554881e+01 1.000000000000000000e+00 0.000000000000000000e+00
1.210000000000000000e+02 7.816856425651299389e+01 0.000000000000000000e+00 0.000000000000000000e+00
1.220000000000000000e+02 7.907512899918634730e+01 0.000000000000000000e+00 0.000000000000000000e+00
1.230000000000000000e+02 7.918601792766368419e+01 1.000000000000000000e+00 0.000000000000000000e+00
1.240000000000000000e+02 8.016380482038374566e+01 0.000000000000000000e+00 0.000000000000000000e+00
1.250000000000000000e+02 8.040292545583174899e+01 0.000000000000000000e+00 0.000000000000000000e+00
1.260000000000000000e+02 8.108013801679761912e+01 0.000000000000000000e+00 0.000000000000000000e+00
1.270000000000000000e+02 8.265056932695182468e+01 0.000000000000000000e+00 0.000000000000000000e+00
1.280000000000000000e+02 8.393802992534224927e+01 0.000000000000000000e+00 0.000000000000000000e+00
1.290000000000000000e+02 8.468449063817016054e+01 0.000000000000000000e+00 0.000000000000000000e+00
1.300000000000000000e+02 8.688407043122012396e+01 0.000000000000000000e+00 0.000000000000000000e+00
1.310000000000000000e+02 8.519395009422702003e+01 1.000000000000000000e+00 0.000000000000000000e+00
1.320000000000000000e+02 8.780951923223457811e+01 0.000000000000000000e+00 0.000000000000000000e+00
1.330000000000000000e+02 8.618965537966863621e+01 2.000000000000000000e+00 0.000000000000000000e+00
1.340000000000000000e+02 8.733022218226184918e+01 0.000000000000000000e+00 0.000000000000000000e+00
1.350000000000000000e+02 8.803713800785658350e+01 0.000000000000000000e+00 0.000000000000000000e+00
1.360000000000000000e+02 8.862450784620882871e+01 0.000000000000000000e+00 0.000000000000000000e+00
1.370000000000000000e+02 8.907586322096067022e+01 0.000000000000000000e+00 0.000000000000000000e+00
1.380000000000000000e+02 9.123933511170001509e+01 0.000000000000000000e+00 0.000000000000000000e+00
1.390000000000000000e+02 9.187945438744685589e+01 0.000000000000000000e+00 0.000000000000000000e+00
1.400000000000000000e+02 9.277543962463826688e+01 0.000000000000000000e+00 0.000000000000000000e+00
1.410000000000000000e+02 9.440780397049587691e+01 0.000000000000000000e+00 0.000000000000000000e+00
1.420000000000000000e+02 9.497129005223469278e+01 0.000000000000000000e+00 0.000000000000000000e+00
1.430000000000000000e+02 9.631510820109127735e+01 0.000000000000000000e+00 0.000000000000000000e+00
1.440000000000000000e+02 9.735887957876460064e+01 0.000000000000000000e+00 0.000000000000000000e+00
1.450000000000000000e+02 9.745197258938904383e+01 0.000000000000000000e+00 0.000000000000000000e+00
1.460000000000000000e+02 9.846298515915947291e+01 0.000000000000000000e+00 0.000000000000000000e+00
1.470000000000000000e+02 1.001103056604184616e+02 0.000000000000000000e+00 0.000000000000000000e+00
1.480000000000000000e+02 1.012029800785906417e+02 0.000000000000000000e+00 0.000000000000000000e+00
1.490000000000000000e+02 1.024352454834351249e+02 0.000000000000000000e+00 0.000000000000000000e+00
1.500000000000000000e+02 1.037711301415380092e+02 0.000000000000000000e+00 0.000000000000000000e+00
1.510000000000000000e+02 1.043690854034048385e+02 0.000000000000000000e+00 0.000000000000000000e+00
1.520000000000000000e+02 1.033740716665747357e+02 1.000000000000000000e+00 0.000000000000000000e+00
1.530000000000000000e+02 1.022836393055833213e+02 2.000000000000000000e+00 0.000000000000000000e+00
1.540000000000000000e+02 1.025610017941273213e+02 1.000000000000000000e+00 0.000000000000000000e+00
1.550000000000000000e+02 1.023038726216210108e+02 1.000000000000000000e+00 0.000000000000000000e+00
1.560000000000000000e+02 1.043261102196739500e+02 0.000000000000000000e+00 0.000000000000000000e+00
1.570000000000000000e+02 1.060952681905195476e+02 0.000000000000000000e+00 0.000000000000000000e+00
1.580000000000000000e+02 1.058880984369755680e+02 0.000000000000000000e+00 0.000000000000000000e+00
1.590000000000000000e+02 1.069458050900051234e+02 0.000000000000000000e+00 0.000000000000000000e+00
1.600000000000000000e+02 1.079447648320957285e+02 0.000000000000000000e+00 0.000000000000000000e+00
1.610000000000000000e+02 1.090731110190366877e+02 0.000000000000000000e+00 0.000000000000000000e+00
1.620000000000000000e+02 1.093642069649567503e+02 0.000000000000000000e+00 0.000000000000000000e+00
1.630000000000000000e+02 1.103445385645104011e+02 0.000000000000000000e+00 0.000000000000000000e+00
1.640000000000000000e+02 1.099599416271098846e+02 2.000000000000000000e+00 0.000000000000000000e+00
1.650000000000000000e+02 1.115235286462366986e+02 0.000000000000000000e+00 0.000000000000000000e+00
1.660000000000000000e+02 1.102108864882040393e+02 2.000000000000000000e+00 0.000000000000000000e+00
1.670000000000000000e+02 1.091707517558252221e+02 2.000000000000000000e+00 0.000000000000000000e+00
1.680000000000000000e+02 1.079251031637393936e+02 2.000000000000000000e+00 0.000000000000000000e+00
1.690000000000000000e+02 1.082320415454715317e+02 1.000000000000000000e+00 0.000000000000000000e+00
1.700000000000000000e+02 1.083467756731683522e+02 1.000000000000000000e+00 0.000000000000000000e+00
1.710000000000000000e+02 1.089998485549690059e+02 1.000000000000000000e+00 0.000000000000000000e+00
1.720000000000000000e+02 1.088737842570029102e+02 1.000000000000000000e+00 0.000000000000000000e+00
1.730000000000000000e+02 1.087125751113283627e+02 0.000000000000000000e+00 0.000000000000000000e+00
1.740000000000000000e+02 1.096073199083198517e+02 0.000000000000000000e+00 0.000000000000000000e+00
1.750000000000000000e+02 1.110294535886530838e+02 0.000000000000000000e+00 0.000000000000000000e+00
1.760000000000000000e+02 1.127739472125659859e+02 0.000000000000000000e+00 0.000000000000000000e+00
1.770000000000000000e+02 1.131339948432981544e+02 0.000000000000000000e+00 0.000000000000000000e+00
1.780000000000000000e+02 1.140828119241743082e+02 0.000000000000000000e+00 0.000000000000000000e+00
1.790000000000000000e+02 1.148593909721502229e+02 0.000000000000000000e+00 0.000000000000000000e+00
1.800000000000000000e+02 1.163027261656262255e+02 0.000000000000000000e+00 0.000000000000000000e+00
1.810000000000000000e+02 1.171429099045596445e+02 0.000000000000000000e+00 0.000000000000000000e+00
1.820000000000000000e+02 1.181231018850842105e+02 0.000000000000000000e+00 0.000000000000000000e+00
1.830000000000000000e+02 1.188894211543321831e+02 0.000000000000000000e+00 0.000000000000000000e+00
1.840000000000000000e+02 1.198134281439214419e+02 0.000000000000000000e+00 0.000000000000000000e+00
1.850000000000000000e+02 1.208388907695446619e+02 0.000000000000000000e+00 0.000000000000000000e+00
1.860000000000000000e+02 1.229979013358770317e+02 0.000000000000000000e+00 0.000000000000000000e+00
1.870000000000000000e+02 1.210130009542964160e+02 2.000000000000000000e+00 0.000000000000000000e+00
1.880000000000000000e+02 1.212256665549416113e+02 0.000000000000000000e+00 0.000000000000000000e+00
1.890000000000000000e+02 1.224411317156002923e+02 0.000000000000000000e+00 0.000000000000000000e+00
1.900000000000000000e+02 1.230438564055866095e+02 0.000000000000000000e+00 0.000000000000000000e+00
1.910000000000000000e+02 1.251697854490384429e+02 0.000000000000000000e+00 0.000000000000000000e+00
1.920000000000000000e+02 1.264926652729593428e+02 0.000000000000000000e+00 0.000000000000000000e+00
1.930000000000000000e+02 1.276226304874517723e+02 0.000000000000000000e+00 0.000000000000000000e+00
1.940000000000000000e+02 1.285861046808443007e+02 0.000000000000000000e+00 0.000000000000000000e+00
1.950000000000000000e+02 1.297165732937764631e+02 0.000000000000000000e+00 0.000000000000000000e+00
1.960000000000000000e+02 1.277834496060862790e+02 2.000000000000000000e+00 0.000000000000000000e+00
1.970000000000000000e+02 1.266173700874237085e+02 2.000000000000000000e+00 0.000000000000000000e+00
1.980000000000000000e+02 1.280886574599675782e+02 0.000000000000000000e+00 0.000000000000000000e+00
1.990000000000000000e+02 1.292614282126239402e+02 0.000000000000000000e+00 0.000000000000000000e+00
2.000000000000000000e+02 1.307315438100632718e+02 0.000000000000000000e+00 0.000000000000000000e+00
2.010000000000000000e+02 1.316879477486241115e+02 0.000000000000000000e+00 0.000000000000000000e+00
2.020000000000000000e+02 1.329885026730004540e+02 0.000000000000000000e+00 0.000000000000000000e+00
2.030000000000000000e+02 1.322598795996286469e+02 0.000000000000000000e+00 0.000000000000000000e+00
2.040000000000000000e+02 1.342991848814496905e+02 0.000000000000000000e+00 0.000000000000000000e+00
2.050000000000000000e+02 1.349919349097809231e+02 0.000000000000000000e+00 0.000000000000000000e+00
2.060000000000000000e+02 1.364402574773630192e+02 0.000000000000000000e+00 0.000000000000000000e+00
2.070000000000000000e+02 1.373857843403328900e+02 0.000000000000000000e+00 0.000000000000000000e+00
2.080000000000000000e+02 1.364323589374803305e+02 2.000000000000000000e+00 0.000000000000000000e+00
2.090000000000000000e+02 1.344858653887166611e+02 2.000000000000000000e+00 0.000000000000000000e+00
2.100000000000000000e+02 1.348583794450043456e+02 1.000000000000000000e+00 0.000000000000000000e+00
2.110000000000000000e+02 1.358457050928633407e+02 0.000000000000000000e+00 0.000000000000000000e+00
2.120000000000000000e+02 1.354945698773947811e+02 0.000000000000000000e+00 0.000000000000000000e+00
2.130000000000000000e+02 1.371697286642429390e+02 0.000000000000000000e+00 0.000000000000000000e+00
2.140000000000000000e+02 1.387467424370583160e+02 0.000000000000000000e+00 0.000000000000000000e+00
2.150000000000000000e+02 1.404934497022848348e+02 0.000000000000000000e+00 0.000000000000000000e+00
2.160000000000000000e+02 1.406225844946891073e+02 0.000000000000000000e+00 0.000000000000000000e+00
2.170000000000000000e+02 1.415356837232340013e+02 0.000000000000000000e+00 0.000000000000000000e+00
2.180000000000000000e+02 1.420948691846833469e+02 0.000000000000000000e+00 0.000000000000000000e+00
2.190000000000000000e+02 1.432607854224479240e+02 1.000000000000000000e+00 0.000000000000000000e+00
2.200000000000000000e+02 1.430887170128484058e+02 1.000000000000000000e+00 0.000000000000000000e+00
2.210000000000000000e+02 1.426764525564688029e+02 2.000000000000000000e+00 0.000000000000000000e+00
2.220000000000000000e+02 1.414796161049405328e+02 1.000000000000000000e+00 0.000000000000000000e+00
2.230000000000000000e+02 1.411949926520889846e+02 1.000000000000000000e+00 0.000000000000000000e+00
2.240000000000000000e+02 1.419800754237605815e+02 1.000000000000000000e+00 0.000000000000000000e+00
2.250000000000000000e+02 1.434856462629327325e+02 0.000000000000000000e+00 0.000000000000000000e+00
2.260000000000000000e+02 1.441776960328386963e+02 0.000000000000000000e+00 0.000000000000000000e+00
2.270000000000000000e+02 1.450922945292660131e+02 0.000000000000000000e+00 0.000000000000000000e+00
2.280000000000000000e+02 1.456515020661776987e+02 0.000000000000000000e+00 0.000000000000000000e+00
2.290000000000000000e+02 1.463376273312890987e+02 0.000000000000000000e+00 0.000000000000000000e+00
2.300000000000000000e+02 1.480574225360370804e+02 0.000000000000000000e+00 0.000000000000000000e+00
2.310000000000000000e+02 1.490148977316892740e+02 0.000000000000000000e+00 0.000000000000000000e+00
2.320000000000000000e+02 1.498749919880276025e+02 0.000000000000000000e+00 0.000000000000000000e+00
2.330000000000000000e+02 1.506540634721874312e+02 0.000000000000000000e+00 0.000000000000000000e+00
2.340000000000000000e+02 1.519876757282660265e+02 0.000000000000000000e+00 0.000000000000000000e+00
2.350000000000000000e+02 1.521795568644450611e+02 1.000000000000000000e+00 0.000000000000000000e+00
2.360000000000000000e+02 1.534591405664517652e+02 0.000000000000000000e+00 0.000000000000000000e+00
2.370000000000000000e+02 1.544540985784412896e+02 0.000000000000000000e+00 0.000000000000000000e+00
2.380000000000000000e+02 1.544452320206204092e+02 0.000000000000000000e+00 0.000000000000000000e+00
2.390000000000000000e+02 1.560489985489522837e+02 0.000000000000000000e+00 0.000000000000000000e+00
2.400000000000000000e+02 1.564044617756653679e+02 0.000000000000000000e+00 0.000000000000000000e+00
2.410000000000000000e+02 1.579908285485680324e+02 0.000000000000000000e+00 0.000000000000000000e+00
2.420000000000000000e+02 1.582362248136255687e+02 0.000000000000000000e+00 0.000000000000000000e+00
2.430000000000000000e+02 1.603110808710634672e+02 0.000000000000000000e+00 0.000000000000000000e+00
2.440000000000000000e+02 1.606596212622913527e+02 0.000000000000000000e+00 0.000000000000000000e+00
2.450000000000000000e+02 1.624014355051735947e+02 0.000000000000000000e+00 0.000000000000000000e+00
2.460000000000000000e+02 1.635151047657215599e+02 0.000000000000000000e+00 0.000000000000000000e+00
2.470000000000000000e+02 1.636870947876541891e+02 0.000000000000000000e+00 0.000000000000000000e+00
2.480000000000000000e+02 1.642634963453758417e+02 0.000000000000000000e+00 0.000000000000000000e+00
2.490000000000000000e+02 1.660464798832169038e+02 0.000000000000000000e+00 0.000000000000000000e+00
2.500000000000000000e+02 1.669847564487687350e+02 0.000000000000000000e+00 0.000000000000000000e+00
2.510000000000000000e+02 1.678357220527086042e+02 0.000000000000000000e+00 0.000000000000000000e+00
2.520000000000000000e+02 1.665174337525236581e+02 2.000000000000000000e+00 0.000000000000000000e+00
2.530000000000000000e+02 1.688329857023857130e+02 0.000000000000000000e+00 0.000000000000000000e+00
2.540000000000000000e+02 1.682022468667323380e+02 0.000000000000000000e+00 0.000000000000000000e+00
2.550000000000000000e+02 1.711413198310568760e+02 0.000000000000000000e+00 0.000000000000000000e+00
2.560000000000000000e+02 1.704726152597127964e+02 0.000000000000000000e+00 0.000000000000000000e+00
2.570000000000000000e+02 1.717731077078318549e+02 0.000000000000000000e+00 0.000000000000000000e+00
2.580000000000000000e+02 1.731483779709368491e+02 0.000000000000000000e+00 0.000000000000000000e+00
2.590000000000000000e+02 1.742344955778139024e+02 0.000000000000000000e+00 0.000000000000000000e+00
2.600000000000000000e+02 1.757158262081890996e+02 0.000000000000000000e+00 0.000000000000000000e+00
2.610000000000000000e+02 1.762001742065155554e+02 0.000000000000000000e+00 0.000000000000000000e+00
2.620000000000000000e+02 1.756929241186260242e+02 1.000000000000000000e+00 0.000000000000000000e+00
2.630000000000000000e+02 1.767055619871132706e+02 0.000000000000000000e+00 0.000000000000000000e+00
2.640000000000000000e+02 1.776951130151009011e+02 0.000000000000000000e+00 0.000000000000000000e+00
2.650000000000000000e+02 1.781252316618235341e+02 1.000000000000000000e+00 0.000000000000000000e+00
2.660000000000000000e+02 1.793932418623544436e+02 0.000000000000000000e+00 0.000000000000000000e+00
2.670000000000000000e+02 1.806494404355836991e+02 0.000000000000000000e+00 0.000000000000000000e+00
2.680000000000000000e+02 1.807150298638963477e+02 0.000000000000000000e+00 0.000000000000000000e+00
2.690000000000000000e+02 1.798029706095207132e+02 2.000000000000000000e+00 0.000000000000000000e+00
2.700000000000000000e+02 1.814197017538821513e+02 0.000000000000000000e+00 0.000000000000000000e+00
2.710000000000000000e+02 1.820973635449655035e+02 0.000000000000000000e+00 0.000000000000000000e+00
2.720000000000000000e+02 1.831048850139963236e+02 0.000000000000000000e+00 0.000000000000000000e+00
2.730000000000000000e+02 1.822461870802671626e+02 2.000000000000000000e+00 0.000000000000000000e+00
2.740000000000000000e+02 1.809494340150879452e+02 1.000000000000000000e+00 0.000000000000000000e+00
2.750000000000000000e+02 1.830852020437686747e+02 0.000000000000000000e+00 0.000000000000000000e+00
2.760000000000000000e+02 1.835431677000348429e+02 0.000000000000000000e+00 0.000000000000000000e+00
2.770000000000000000e+02 1.827557688916793097e+02 2.000000000000000000e+00 0.000000000000000000e+00
2.780000000000000000e+02 1.841516448447520986e+02 0.000000000000000000e+00 0.000000000000000000e+00
2.790000000000000000e+02 1.853890646849135067e+02 0.000000000000000000e+00 0.000000000000000000e+00
2.800000000000000000e+02 1.858158876428366000e+02 0.000000000000000000e+00 0.000000000000000000e+00
2.810000000000000000e+02 1.873795743232194582e+02 0.000000000000000000e+00 0.000000000000000000e+00
2.820000000000000000e+02 1.885757582249930522e+02 0.000000000000000000e+00 0.000000000000000000e+00
2.830000000000000000e+02 1.887295362074952436e+02 1.000000000000000000e+00 0.000000000000000000e+00
2.840000000000000000e+02 1.893287424585604413e+02 0.000000000000000000e+00 0.000000000000000000e+00
2.850000000000000000e+02 1.898345349567654807e+02 0.000000000000000000e+00 0.000000000000000000e+00
2.860000000000000000e+02 1.911195576149013107e+02 0.000000000000000000e+00 0.000000000000000000e+00
2.870000000000000000e+02 1.919789272214368339e+02 0.000000000000000000e+00 0.000000000000000000e+00
2.880000000000000000e+02 1.925527834671086964e+02 0.000000000000000000e+00 0.000000000000000000e+00
2.890000000000000000e+02 1.932993625307817354e+02 0.000000000000000000e+00 0.000000000000000000e+00
2.900000000000000000e+02 1.953298784730201021e+02 0.000000000000000000e+00 0.000000000000000000e+00
2.910000000000000000e+02 1.942326944407138285e+02 1.000000000000000000e+00 0.000000000000000000e+00
2.920000000000000000e+02 1.955524223323870956e+02 0.000000000000000000e+00 0.000000000000000000e+00
2.930000000000000000e+02 1.977759466400094368e+02 0.000000000000000000e+00 0.000000000000000000e+00
2.940000000000000000e+02 1.966830707149643729e+02 1.000000000000000000e+00 0.000000000000000000e+00
2.950000000000000000e+02 1.968334896654086208e+02 0.000000000000000000e+00 0.000000000000000000e+00
2.960000000000000000e+02 1.967668539775410466e+02 2.000000000000000000e+00 0.000000000000000000e+00
2.970000000000000000e+02 1.978250937853426592e+02 0.000000000000000000e+00 0.000000000000000000e+00
2.980000000000000000e+02 1.987431570750259766e+02 0.000000000000000000e+00 0.000000000000000000e+00
2.990000000000000000e+02 2.001221691748168610e+02 0.000000000000000000e+00 0.000000000000000000e+00
3.000000000000000000e+02 1.979260230026209797e+02 2.000000000000000000e+00 0.000000000000000000e+00
3.010000000000000000e+02 1.997189800687029617e+02 0.000000000000000000e+00 0.000000000000000000e+00
3.020000000000000000e+02 1.980598297762896891e+02 2.000000000000000000e+00 0.000000000000000000e+00
3.030000000000000000e+02 1.994335177463222237e+02 0.000000000000000000e+00 0.000000000000000000e+00
3.040000000000000000e+02 2.013613179203180437e+02 0.000000000000000000e+00 0.000000000000000000e+00
3.050000000000000000e+02 2.017894544844739642e+02 0.000000000000000000e+00 0.000000000000000000e+00
3.060000000000000000e+02 2.021181727920698847e+02 1.000000000000000000e+00 0.000000000000000000e+00
3.070000000000000000e+02 2.022248584922593864e+02 0.000000000000000000e+00 0.000000000000000000e+00
3.080000000000000000e+02 2.041658069118803098e+02 0.000000000000000000e+00 0.000000000000000000e+00
3.090000000000000000e+02 2.047106181039565627e+02 0.000000000000000000e+00 0.000000000000000000e+00
3.100000000000000000e+02 2.065028292881310392e+02 0.000000000000000000e+00 0.000000000000000000e+00
3.110000000000000000e+02 2.070314321453336390e+02 0.000000000000000000e+00 0.000000000000000000e+00
3.120000000000000000e+02 2.083358126860286745e+02 0.000000000000000000e+00 0.000000000000000000e+00
3.130000000000000000e+02 2.089953848056820789e+02 0.000000000000000000e+00 0.000000000000000000e+00
3.140000000000000000e+02 2.097867276920682400e+02 0.000000000000000000e+00 0.000000000000000000e+00
3.150000000000000000e+02 2.115121395253636365e+02 0.000000000000000000e+00 0.000000000000000000e+00
3.160000000000000000e+02 2.109854116432817648e+02 0.000000000000000000e+00 0.000000000000000000e+00
3.170000000000000000e+02 2.123969664013325769e+02 0.000000000000000000e+00 0.000000000000000000e+00
3.180000000000000000e+02 2.134952811451127843e+02 0.000000000000000000e+00 0.000000000000000000e+00
3.190000000000000000e+02 2.152242979547232835e+02 0.000000000000000000e+00 0.000000000000000000e+00
3.200000000000000000e+02 2.163712127933141574e+02 0.000000000000000000e+00 0.000000000000000000e+00
3.210000000000000000e+02 2.175209493804278793e+02 0.000000000000000000e+00 0.000000000000000000e+00
3.220000000000000000e+02 2.175633171904637777e+02 0.000000000000000000e+00 0.000000000000000000e+00
3.230000000000000000e+02 2.180872614249306025e+02 0.000000000000000000e+00 0.000000000000000000e+00
3.240000000000000000e+02 2.180635499640764010e+02 2.000000000000000000e+00 0.000000000000000000e+00
3.250000000000000000e+02 2.182763454525576492e+02 0.000000000000000000e+00 0.000000000000000000e+00
3.260000000000000000e+02 2.200277104036409526e+02 0.000000000000000000e+00 0.000000000000000000e+00
3.270000000000000000e+02 2.184871715136904697e+02 2.000000000000000000e+00 0.000000000000000000e+00
3.280000000000000000e+02 2.203927997578762188e+02 0.000000000000000000e+00 0.000000000000000000e+00
3.290000000000000000e+02 2.195166707180747494e+02 1.000000000000000000e+00 0.000000000000000000e+00
3.300000000000000000e+02 2.206082130432715189e+02 0.000000000000000000e+00 0.000000000000000000e+00
3.310000000000000000e+02 2.216249507223275828e+02 1.000000000000000000e+00 0.000000000000000000e+00
3.320000000000000000e+02 2.223867945269665256e+02 0.000000000000000000e+00 0.000000000000000000e+00
3.330000000000000000e+02 2.243762587094691128e+02 0.000000000000000000e+00 0.000000000000000000e+00
3.340000000000000000e+02 2.240407352382715089e+02 0.000000000000000000e+00 0.000000000000000000e+00
3.350000000000000000e+02 2.254450261370869271e+02 0.000000000000000000e+00 0.000000000000000000e+00
3.360000000000000000e+02 2.253101296770626050e+02 0.000000000000000000e+00 0.000000000000000000e+00
3.370000000000000000e+02 2.277167784063925069e+02 0.000000000000000000e+00 0.000000000000000000e+00
3.380000000000000000e+02 2.281397175972978175e+02 0.000000000000000000e+00 0.000000000000000000e+00
3.390000000000000000e+02 2.279250122386924886e+02 0.000000000000000000e+00 0.000000000000000000e+00
3.400000000000000000e+02 2.304249812225599499e+02 0.000000000000000000e+00 0.000000000000000000e+00
3.410000000000000000e+02 2.309508897256652062e+02 0.000000000000000000e+00 0.000000000000000000e+00
3.420000000000000000e+02 2.310934620531013195e+02 0.000000000000000000e+00 0.000000000000000000e+00
3.430000000000000000e+02 2.328194126941893387e+02 0.000000000000000000e+00 0.000000000000000000e+00
3.440000000000000000e+02 2.336354445288932027e+02 0.000000000000000000e+00 0.000000000000000000e+00
3.450000000000000000e+02 2.350249628109663149e+02 0.000000000000000000e+00 0.000000000000000000e+00
3.460000000000000000e+02 2.338822706004604868e+02 2.000000000000000000e+00 0.000000000000000000e+00
3.470000000000000000e+02 2.344589380801482150e+02 1.000000000000000000e+00 0.000000000000000000e+00
3.480000000000000000e+02 2.339216196712576163e+02 1.000000000000000000e+00 0.000000000000000000e+00
3.490000000000000000e+02 2.345600964943298266e+02 1.000000000000000000e+00 0.000000000000000000e+00
3.500000000000000000e+02 2.340260472530342781e+02 1.000000000000000000e+00 0.000000000000000000e+00
3.510000000000000000e+02 2.339536258169684970e+02 1.000000000000000000e+00 0.000000000000000000e+00
3.520000000000000000e+02 2.350631185512674790e+02 0.000000000000000000e+00 0.000000000000000000e+00
3.530000000000000000e+02 2.360086174390272902e+02 0.000000000000000000e+00 0.000000000000000000e+00
3.540000000000000000e+02 2.363253945617582019e+02 1.000000000000000000e+00 0.000000000000000000e+00
3.550000000000000000e+02 2.367732618945541674e+02 0.000000000000000000e+00 0.000000000000000000e+00
3.560000000000000000e+02 2.371953423161763794e+02 0.000000000000000000e+00 0.000000000000000000e+00
3.570000000000000000e+02 2.388165229899694566e+02 0.000000000000000000e+00 0.000000000000000000e+00
3.580000000000000000e+02 2.414694245046644312e+02 0.000000000000000000e+00 0.000000000000000000e+00
3.590000000000000000e+02 2.421433587133403762e+02 0.000000000000000000e+00 0.000000000000000000e+00
3.600000000000000000e+02 2.415813528431973225e+02 0.000000000000000000e+00 0.000000000000000000e+00
3.610000000000000000e+02 2.423872184396676346e+02 0.000000000000000000e+00 0.000000000000000000e+00
3.620000000000000000e+02 2.446983729648474366e+02 0.000000000000000000e+00 0.000000000000000000e+00
3.630000000000000000e+02 2.443882772517877697e+02 0.000000000000000000e+00 0.000000000000000000e+00
3.640000000000000000e+02 2.465290002450886107e+02 0.000000000000000000e+00 0.000000000000000000e+00
3.650000000000000000e+02 2.476313900441445810e+02 0.000000000000000000e+00 0.000000000000000000e+00
3.660000000000000000e+02 2.472297373780446321e+02 1.000000000000000000e+00 0.000000000000000000e+00
3.670000000000000000e+02 2.457431422697014796e+02 1.000000000000000000e+00 0.000000000000000000e+00
3.680000000000000000e+02 2.479661388640923292e+02 0.000000000000000000e+00 0.000000000000000000e+00
3.690000000000000000e+02 2.484975211296655004e+02 0.000000000000000000e+00 0.000000000000000000e+00
3.700000000000000000e+02 2.477996116073800579e+02 2.000000000000000000e+00 0.000000000000000000e+00
3.710000000000000000e+02 2.462413761181697680e+02 2.000000000000000000e+00 0.000000000000000000e+00
3.720000000000000000e+02 2.463739070980514612e+02 2.000000000000000000e+00 0.000000000000000000e+00
3.730000000000000000e+02 2.464585321757467966e+02 1.000000000000000000e+00 0.000000000000000000e+00
3.740000000000000000e+02 2.467787019934494026e+02 0.000000000000000000e+00 0.000000000000000000e+00
3.750000000000000000e+02 2.475888233305990695e+02 0.000000000000000000e+00 0.000000000000000000e+00
3.760000000000000000e+02 2.462584673096952486e+02 2.000000000000000000e+00 0.000000000000000000e+00
3.770000000000000000e+02 2.459760041178898859e+02 2.000000000000000000e+00 0.000000000000000000e+00
3.780000000000000000e+02 2.463993067569038260e+02 1.000000000000000000e+00 0.000000000000000000e+00
3.790000000000000000e+02 2.460385161648466692e+02 1.000000000000000000e+00 0.000000000000000000e+00
3.800000000000000000e+02 2.464935531836717360e+02 0.000000000000000000e+00 0.000000000000000000e+00
3.810000000000000000e+02 2.483407929832315233e+02 0.000000000000000000e+00 0.000000000000000000e+00
3.820000000000000000e+02 2.494764616359524041e+02 0.000000000000000000e+00 0.000000000000000000e+00
3.830000000000000000e+02 2.497709190150545737e+02 1.000000000000000000e+00 0.000000000000000000e+00
3.840000000000000000e+02 2.499343849252013001e+02 0.000000000000000000e+00 0.000000000000000000e+00
3.850000000000000000e+02 2.520846258641755355e+02 0.000000000000000000e+00 0.000000000000000000e+00
3.860000000000000000e+02 2.521339420124012065e+02 0.000000000000000000e+00 0.000000000000000000e+00
3.870000000000000000e+02 2.507659800475357201e+02 2.000000000000000000e+00 0.000000000000000000e+00
3.880000000000000000e+02 2.519967408714650787e+02 0.000000000000000000e+00 0.000000000000000000e+00
3.890000000000000000e+02 2.530815115109928684e+02 0.000000000000000000e+00 0.000000000000000000e+00
3.900000000000000000e+02 2.550484720973152548e+02 0.000000000000000000e+00 0.000000000000000000e+00
3.910000000000000000e+02 2.548738120917403762e+02 0.000000000000000000e+00 0.000000000000000000e+00
3.920000000000000000e+02 2.561739375977816735e+02 0.000000000000000000e+00 0.000000000000000000e+00
3.930000000000000000e+02 2.564272076159105040e+02 0.000000000000000000e+00 0.000000000000000000e+00
3.940000000000000000e+02 2.558898861524527035e+02 1.000000000000000000e+00 0.000000000000000000e+00
3.950000000000000000e+02 2.574113292896655025e+02 0.000000000000000000e+00 0.000000000000000000e+00
3.960000000000000000e+02 2.596663638630635091e+02 0.000000000000000000e+00 0.000000000000000000e+00
3.970000000000000000e+02 2.604619508496112417e+02 0.000000000000000000e+00 0.000000000000000000e+00
3.980000000000000000e+02 2.614203752146530064e+02 0.000000000000000000e+00 0.000000000000000000e+00
3.990000000000000000e+02 2.627715329301394718e+02 0.000000000000000000e+00 0.000000000000000000e+00
4.000000000000000000e+02 2.635112993967837838e+02 0.000000000000000000e+00 0.000000000000000000e+00
4.010000000000000000e+02 2.646213298312638926e+02 0.000000000000000000e+00 0.000000000000000000e+00
4.020000000000000000e+02 2.645240281289987365e+02 0.000000000000000000e+00 0.000000000000000000e+00
4.030000000000000000e+02 2.659157350310475749e+02 0.000000000000000000e+00 0.000000000000000000e+00
4.040000000000000000e+02 2.646191324406932495e+02 2.000000000000000000e+00 0.000000000000000000e+00
4.050000000000000000e+02 2.637236332299997912e+02 2.000000000000000000e+00 0.000000000000000000e+00
4.060000000000000000e+02 2.627960092585848884e+02 2.000000000000000000e+00 0.000000000000000000e+00
4.070000000000000000e+02 2.644889321610267530e+02 0.000000000000000000e+00 0.000000000000000000e+00
4.080000000000000000e+02 2.645263040169337501e+02 0.000000000000000000e+00 0.000000000000000000e+00
4.090000000000000000e+02 2.656862760479610870e+02 0.000000000000000000e+00 0.000000000000000000e+00
4.100000000000000000e+02 2.664346227907664684e+02 0.000000000000000000e+00 0.000000000000000000e+00
4.110000000000000000e+02 2.678224892509705910e+02 0.000000000000000000e+00 0.000000000000000000e+00
4.120000000000000000e+02 2.689421530231097677e+02 0.000000000000000000e+00 0.000000000000000000e+00
4.130000000000000000e+02 2.706990006472624941e+02 0.000000000000000000e+00 0.000000000000000000e+00
4.140000000000000000e+02 2.710791927085675184e+02 0.000000000000000000e+00 0.000000000000000000e+00
4.150000000000000000e+02 2.715515082818683368e+02 0.000000000000000000e+00 0.000000000000000000e+00
4.160000000000000000e+02 2.733975814633906793e+02 0.000000000000000000e+00 0.000000000000000000e+00
4.170000000000000000e+02 2.744301321387955568e+02 0.000000000000000000e+00 0.000000000000000000e+00
4.180000000000000000e+02 2.748291459214656243e+02 0.000000000000000000e+00 0.000000000000000000e+00
4.190000000000000000e+02 2.767198561457385040e+02 0.000000000000000000e+00 0.000000000000000000e+00
4.200000000000000000e+02 2.767347859714199672e+02 0.000000000000000000e+00 0.000000000000000000e+00
4.210000000000000000e+02 2.779104047943341698e+02 0.000000000000000000e+00 0.000000000000000000e+00
4.220000000000000000e+02 2.793258517793317424e+02 0.000000000000000000e+00 0.000000000000000000e+00
4.230000000000000000e+02 2.801174395923443399e+02 0.000000000000000000e+00 0.000000000000000000e+00
4.240000000000000000e+02 2.811217970122301040e+02 0.000000000000000000e+00 0.000000000000000000e+00
4.250000000000000000e+02 2.822470779565390444e+02 0.000000000000000000e+00 0.000000000000000000e+00
4.260000000000000000e+02 2.836833843590292759e+02 0.000000000000000000e+00 0.000000000000000000e+00
4.270000000000000000e+02 2.839535261550348650e+02 0.000000000000000000e+00 0.000000000000000000e+00
4.280000000000000000e+02 2.851196720084944332e+02 0.000000000000000000e+00 0.000000000000000000e+00
4.290000000000000000e+02 2.861704917114224713e+02 0.000000000000000000e+00 0.000000000000000000e+00
4.300000000000000000e+02 2.877191974784917079e+02 0.000000000000000000e+00 0.000000000000000000e+00
4.310000000000000000e+02 2.885890377350838207e+02 0.000000000000000000e+00 0.000000000000000000e+00
4.320000000000000000e+02 2.884410308462886405e+02 0.000000000000000000e+00 0.000000000000000000e+00
4.330000000000000000e+02 2.885718239661939606e+02 1.000000000000000000e+00 0.000000000000000000e+00
4.340000000000000000e+02 2.885484935230089718e+02 1.000000000000000000e+00 0.000000000000000000e+00
4.350000000000000000e+02 2.905433576875012136e+02 0.000000000000000000e+00 0.000000000000000000e+00
4.360000000000000000e+02 2.912409191884862594e+02 0.000000000000000000e+00 0.000000000000000000e+00
4.370000000000000000e+02 2.922418222606729614e+02 0.000000000000000000e+00 0.000000000000000000e+00
4.380000000000000000e+02 2.904851942290972602e+02 2.000000000000000000e+00 0.000000000000000000e+00
4.390000000000000000e+02 2.903579733001044474e+02 2.000000000000000000e+00 0.000000000000000000e+00
4.400000000000000000e+02 2.890845608772702349e+02 2.000000000000000000e+00 0.000000000000000000e+00
4.410000000000000000e+02 2.905307718034052300e+02 0.000000000000000000e+00 0.000000000000000000e+00
4.420000000000000000e+02 2.911930135247374096e+02 0.000000000000000000e+00 0.000000000000000000e+00
4.430000000000000000e+02 2.921603404774419914e+02 0.000000000000000000e+00 0.000000000000000000e+00
4.440000000000000000e+02 2.923432088670517714e+02 0.000000000000000000e+00 0.000000000000000000e+00
4.450000000000000000e+02 2.945190057313698162e+02 0.000000000000000000e+00 0.000000000000000000e+00
4.460000000000000000e+02 2.944508264983308550e+02 0.000000000000000000e+00 0.000000000000000000e+00
4.470000000000000000e+02 2.961931642261911861e+02 0.000000000000000000e+00 0.000000000000000000e+00
4.480000000000000000e+02 2.977861770058070192e+02 0.000000000000000000e+00 0.000000000000000000e+00
4.490000000000000000e+02 2.973937999618227650e+02 0.000000000000000000e+00 0.000000000000000000e+00
4.500000000000000000e+02 2.980423412177785281e+02 0.000000000000000000e+00 0.000000000000000000e+00
4.510000000000000000e+02 2.998458311191200778e+02 0.000000000000000000e+00 0.000000000000000000e+00
4.520000000000000000e+02 3.011363250526840716e+02 0.000000000000000000e+00 0.000000000000000000e+00
4.530000000000000000e+02 3.030289782957187299e+02 0.000000000000000000e+00 0.000000000000000000e+00
4.540000000000000000e+02 3.035936922034018153e+02 0.000000000000000000e+00 0.000000000000000000e+00
4.550000000000000000e+02 3.038190722449858185e+02 1.000000000000000000e+00 0.000000000000000000e+00
4.560000000000000000e+02 3.036561290927757568e+02 1.000000000000000000e+00 0.000000000000000000e+00
4.570000000000000000e+02 3.032129515446631558e+02 1.000000000000000000e+00 0.000000000000000000e+00
4.580000000000000000e+02 3.029833640622283042e+02 0.000000000000000000e+00 0.000000000000000000e+00
4.590000000000000000e+02 3.045181440377135687e+02 0.000000000000000000e+00 0.000000000000000000e+00
4.600000000000000000e+02 3.060839473835189892e+02 0.000000000000000000e+00 0.000000000000000000e+00
4.610000000000000000e+02 3.072083030041074494e+02 0.000000000000000000e+00 0.000000000000000000e+00
4.620000000000000000e+02 3.086108549382425963e+02 0.000000000000000000e+00 0.000000000000000000e+00
4.630000000000000000e+02 3.090826667242341159e+02 0.000000000000000000e+00 0.000000000000000000e+00
4.640000000000000000e+02 3.106890814013741533e+02 0.000000000000000000e+00 0.000000000000000000e+00
4.650000000000000000e+02 3.114555096587455409e+02 0.000000000000000000e+00 0.000000000000000000e+00
4.660000000000000000e+02 3.123112870544823636e+02 0.000000000000000000e+00 0.000000000000000000e+00
4.670000000000000000e+02 3.138701599068937185e+02 0.000000000000000000e+00 0.000000000000000000e+00
4.680000000000000000e+02 3.142056463500438213e+02 0.000000000000000000e+00 0.000000000000000000e+00
4.690000000000000000e+02 3.144474497493708327e+02 0.000000000000000000e+00 0.000000000000000000e+00
4.700000000000000000e+02 3.169271156497680977e+02 0.000000000000000000e+00 0.000000000000000000e+00
4.710000000000000000e+02 3.175327920415206790e+02 0.000000000000000000e+00 0.000000000000000000e+00
4.720000000000000000e+02 3.183477601393971099e+02 0.000000000000000000e+00 0.000000000000000000e+00
4.730000000000000000e+02 3.185668730848872201e+02 0.000000000000000000e+00 0.000000000000000000e+00
4.740000000000000000e+02 3.179820247272900247e+02 2.000000000000000000e+00 0.000000000000000000e+00
4.750000000000000000e+02 3.184594324530735889e+02 1.000000000000000000e+00 0.000000000000000000e+00
4.760000000000000000e+02 3.190663128473775600e+02 0.000000000000000000e+00 0.000000000000000000e+00
4.770000000000000000e+02 3.201401905939721360e+02 0.000000000000000000e+00 0.000000000000000000e+00
4.780000000000000000e+02 3.204464206761509217e+02 0.000000000000000000e+00 0.000000000000000000e+00
4.790000000000000000e+02 3.215893070996643814e+02 1.000000000000000000e+00 0.000000000000000000e+00
4.800000000000000000e+02 3.213011539689085794e+02 0.000000000000000000e+00 0.000000000000000000e+00
4.810000000000000000e+02 3.231538790389820974e+02 0.000000000000000000e+00 0.000000000000000000e+00
4.820000000000000000e+02 3.227383420240578289e+02 0.000000000000000000e+00 0.000000000000000000e+00
4.830000000000000000e+02 3.247504091991314112e+02 0.000000000000000000e+00 0.000000000000000000e+00
4.840000000000000000e+02 3.264584895248066232e+02 0.000000000000000000e+00 0.000000000000000000e+00
4.850000000000000000e+02 3.262378018190725015e+02 0.000000000000000000e+00 0.000000000000000000e+00
4.860000000000000000e+02 3.263640699111036270e+02 2.000000000000000000e+00 0.000000000000000000e+00
4.870000000000000000e+02 3.272370168768202916e+02 0.000000000000000000e+00 0.000000000000000000e+00
4.880000000000000000e+02 3.279128723678776964e+02 0.000000000000000000e+00 0.000000000000000000e+00
4.890000000000000000e+02 3.287804747997538470e+02 0.000000000000000000e+00 0.000000000000000000e+00
4.900000000000000000e+02 3.286766115894401992e+02 0.000000000000000000e+00 0.000000000000000000e+00
4.910000000000000000e+02 3.311053627416182508e+02 0.000000000000000000e+00 0.000000000000000000e+00
4.920000000000000000e+02 3.326361314302637879e+02 0.000000000000000000e+00 0.000000000000000000e+00
4.930000000000000000e+02 3.318593599428643302e+02 0.000000000000000000e+00 0.000000000000000000e+00
4.940000000000000000e+02 3.336756029593718722e+02 0.000000000000000000e+00 0.000000000000000000e+00
4.950000000000000000e+02 3.350693091544544018e+02 0.000000000000000000e+00 0.000000000000000000e+00
4.960000000000000000e+02 3.352634358316145153e+02 0.000000000000000000e+00 0.000000000000000000e+00
4.970000000000000000e+02 3.374146574905059879e+02 0.000000000000000000e+00 0.000000000000000000e+00
4.980000000000000000e+02 3.380114698812991492e+02 0.000000000000000000e+00 0.000000000000000000e+00
4.990000000000000000e+02 3.393911862363444243e+02 0.000000000000000000e+00 0.000000000000000000e+00
5.000000000000000000e+02 3.390646268269217671e+02 0.000000000000000000e+00 0.000000000000000000e+00
5.010000000000000000e+02 3.412932389668221731e+02 0.000000000000000000e+00 0.000000000000000000e+00
5.020000000000000000e+02 3.424504500827900415e+02 0.000000000000000000e+00 0.000000000000000000e+00
5.030000000000000000e+02 3.435424319482550004e+02 0.000000000000000000e+00 0.000000000000000000e+00
5.040000000000000000e+02 3.441873547451016861e+02 0.000000000000000000e+00 0.000000000000000000e+00
5.050000000000000000e+02 3.458730979472083504e+02 0.000000000000000000e+00 0.000000000000000000e+00
5.060000000000000000e+02 3.455366933869383956e+02 0.000000000000000000e+00 0.000000000000000000e+00
5.070000000000000000e+02 3.474143610355565670e+02 0.000000000000000000e+00 0.000000000000000000e+00
5.080000000000000000e+02 3.473837891569122576e+02 0.000000000000000000e+00 0.000000000000000000e+00
5.090000000000000000e+02 3.483456152037890092e+02 0.000000000000000000e+00 0.000000000000000000e+00
5.100000000000000000e+02 3.500952924911709943e+02 0.000000000000000000e+00 0.000000000000000000e+00
5.110000000000000000e+02 3.515267375989331526e+02 0.000000000000000000e+00 0.000000000000000000e+00
5.120000000000000000e+02 3.520345398281411917e+02 0.000000000000000000e+00 0.000000000000000000e+00
5.130000000000000000e+02 3.517016151812322846e+02 2.000000000000000000e+00 0.000000000000000000e+00
5.140000000000000000e+02 3.523632200251973927e+02 0.000000000000000000e+00 0.000000000000000000e+00
5.150000000000000000e+02 3.519779433118069392e+02 0.000000000000000000e+00 0.000000000000000000e+00
5.160000000000000000e+02 3.545816288196880919e+02 0.000000000000000000e+00 0.000000000000000000e+00
5.170000000000000000e+02 3.538246379516423872e+02 2.000000000000000000e+00 0.000000000000000000e+00
5.180000000000000000e+02 3.521292496654201614e+02 2.000000000000000000e+00 0.000000000000000000e+00
5.190000000000000000e+02 3.520669980494885749e+02 1.000000000000000000e+00 0.000000000000000000e+00
5.200000000000000000e+02 3.529363321689930899e+02 0.000000000000000000e+00 0.000000000000000000e+00
5.210000000000000000e+02 3.541503471026318266e+02 0.000000000000000000e+00 0.000000000000000000e+00
5.220000000000000000e+02 3.536343040962153168e+02 2.000000000000000000e+00 0.000000000000000000e+00
5.230000000000000000e+02 3.519962946313324892e+02 1.000000000000000000e+00 0.000000000000000000e+00
5.240000000000000000e+02 3.530703117970005565e+02 1.000000000000000000e+00 0.000000000000000000e+00
5.250000000000000000e+02 3.538551163788238796e+02 0.000000000000000000e+00 0.000000000000000000e+00
5.260000000000000000e+02 3.541859362940447795e+02 1.000000000000000000e+00 0.000000000000000000e+00
5.270000000000000000e+02 3.544979812970835837e+02 1.000000000000000000e+00 0.000000000000000000e+00
5.280000000000000000e+02 3.548187939264072952e+02 1.000000000000000000e+00 0.000000000000000000e+00
5.290000000000000000e+02 3.544961349981327885e+02 1.000000000000000000e+00 0.000000000000000000e+00
5.300000000000000000e+02 3.526040168282639797e+02 2.000000000000000000e+00 0.000000000000000000e+00
5.310000000000000000e+02 3.519557082079589918e+02 2.000000000000000000e+00 0.000000000000000000e+00
5.320000000000000000e+02 3.526493400347528677e+02 0.000000000000000000e+00 0.000000000000000000e+00
5.330000000000000000e+02 3.536222448153535538e+02 1.000000000000000000e+00 0.000000000000000000e+00
5.340000000000000000e+02 3.530633460041774470e+02 1.000000000000000000e+00 0.000000000000000000e+00
5.350000000000000000e+02 3.535349392843304486e+02 0.000000000000000000e+00 0.000000000000000000e+00
5.360000000000000000e+02 3.540185107454514650e+02 0.000000000000000000e+00 0.000000000000000000e+00
5.370000000000000000e+02 3.565840168825023966e+02 0.000000000000000000e+00 0.000000000000000000e+00
5.380000000000000000e+02 3.565494809135390142e+02 0.000000000000000000e+00 0.000000000000000000e+00
5.390000000000000000e+02 3.574613866825908985e+02 0.000000000000000000e+00 0.000000000000000000e+00
5.400000000000000000e+02 3.592367853342869353e+02 0.000000000000000000e+00 0.000000000000000000e+00
5.410000000000000000e+02 3.601132243312783885e+02 0.000000000000000000e+00 0.000000000000000000e+00
5.420000000000000000e+02 3.616183945734416056e+02 0.000000000000000000e+00 0.000000000000000000e+00
5.430000000000000000e+02 3.606833367302206170e+02 1.000000000000000000e+00 0.000000000000000000e+00
5.440000000000000000e+02 3.623605319191584044e+02 0.000000000000000000e+00 0.000000000000000000e+00
5.450000000000000000e+02 3.629416371521749625e+02 0.000000000000000000e+00 0.000000000000000000e+00
5.460000000000000000e+02 3.641348693028317598e+02 0.000000000000000000e+00 0.000000000000000000e+00
5.470000000000000000e+02 3.651353752793189074e+02 0.000000000000000000e+00 0.000000000000000000e+00
5.480000000000000000e+02 3.656331330493073324e+02 0.000000000000000000e+00 0.000000000000000000e+00
5.490000000000000000e+02 3.677285728322920590e+02 0.000000000000000000e+00 0.000000000000000000e+00
5.500000000000000000e+02 3.682825366589839291e+02 0.000000000000000000e+00 0.000000000000000000e+00
5.510000000000000000e+02 3.690068936491494469e+02 0.000000000000000000e+00 0.000000000000000000e+00
5.520000000000000000e+02 3.694283492340149451e+02 0.000000000000000000e+00 0.000000000000000000e+00
5.530000000000000000e+02 3.712642674882470715e+02 0.000000000000000000e+00 0.000000000000000000e+00
5.540000000000000000e+02 3.723949587861137616e+02 0.000000000000000000e+00 0.000000000000000000e+00
5.550000000000000000e+02 3.740779611796400559e+02 0.000000000000000000e+00 0.000000000000000000e+00
5.560000000000000000e+02 3.743998048233726195e+02 0.000000000000000000e+00 0.000000000000000000e+00
5.570000000000000000e+02 3.744441420057419805e+02 0.000000000000000000e+00 0.000000000000000000e+00
5.580000000000000000e+02 3.749039238472792590e+02 0.000000000000000000e+00 0.000000000000000000e+00
5.590000000000000000e+02 3.771303306828586983e+02 0.000000000000000000e+00 0.000000000000000000e+00
5.600000000000000000e+02 3.775651333460360206e+02 1.000000000000000000e+00 0.000000000000000000e+00
5.610000000000000000e+02 3.783836983717325211e+02 0.000000000000000000e+00 0.000000000000000000e+00
5.620000000000000000e+02 3.789003386948494949e+02 0.000000000000000000e+00 0.000000000000000000e+00
5.630000000000000000e+02 3.800315668805270661e+02 0.000000000000000000e+00 0.000000000000000000e+00
5.640000000000000000e+02 3.785047856442276952e+02 2.000000000000000000e+00 0.000000000000000000e+00
5.650000000000000000e+02 3.798903418144408306e+02 0.000000000000000000e+00 0.000000000000000000e+00
5.660000000000000000e+02 3.814232618006192297e+02 0.000000000000000000e+00 0.000000000000000000e+00
5.670000000000000000e+02 3.816227346746604212e+02 0.000000000000000000e+00 0.000000000000000000e+00
5.680000000000000000e+02 3.827339258413946936e+02 0.000000000000000000e+00 0.000000000000000000e+00
5.690000000000000000e+02 3.848046159420318872e+02 0.000000000000000000e+00 0.000000000000000000e+00
5.700000000000000000e+02 3.853046479792142804e+02 0.000000000000000000e+00 0.000000000000000000e+00
5.710000000000000000e+02 3.853192362168117597e+02 0.000000000000000000e+00 0.000000000000000000e+00
5.720000000000000000e+02 3.868837095391551770e+02 0.000000000000000000e+00 0.000000000000000000e+00
5.730000000000000000e+02 3.882545008375777229e+02 0.000000000000000000e+00 0.000000000000000000e+00
5.740000000000000000e+02 3.894228592649302527e+02 0.000000000000000000e+00 0.000000000000000000e+00
5.750000000000000000e+02 3.894031940367764264e+02 0.000000000000000000e+00 0.000000000000000000e+00
5.760000000000000000e+02 3.900549039114029028e+02 1.000000000000000000e+00 0.000000000000000000e+00
5.770000000000000000e+02 3.902448539099835330e+02 1.000000000000000000e+00 0.000000000000000000e+00
5.780000000000000000e+02 3.907997551205216382e+02 0.000000000000000000e+00 0.000000000000000000e+00
5.790000000000000000e+02 3.906388728648542497e+02 0.000000000000000000e+00 0.000000000000000000e+00
5.800000000000000000e+02 3.923757388247236690e+02 0.000000000000000000e+00 0.000000000000000000e+00
5.810000000000000000e+02 3.938894398176020104e+02 0.000000000000000000e+00 0.000000000000000000e+00
5.820000000000000000e+02 3.952796748585892601e+02 0.000000000000000000e+00 0.000000000000000000e+00
5.830000000000000000e+02 3.940947613288661273e+02 2.000000000000000000e+00 0.000000000000000000e+00
5.840000000000000000e+02 3.945113508333272421e+02 1.000000000000000000e+00 0.000000000000000000e+00
5.850000000000000000e+02 3.951172973793636629e+02 0.000000000000000000e+00 0.000000000000000000e+00
5.860000000000000000e+02 3.960065947406582723e+02 0.000000000000000000e+00 0.000000000000000000e+00
5.870000000000000000e+02 3.944426889061289785e+02 2.000000000000000000e+00 0.000000000000000000e+00
5.880000000000000000e+02 3.929710993575798739e+02 2.000000000000000000e+00 0.000000000000000000e+00
5.890000000000000000e+02 3.947522401171917750e+02 1.000000000000000000e+00 0.000000000000000000e+00
5.900000000000000000e+02 3.943604373845471400e+02 0.000000000000000000e+00 0.000000000000000000e+00
5.910000000000000000e+02 3.959143077703913605e+02 0.000000000000000000e+00 0.000000000000000000e+00
5.920000000000000000e+02 3.968698788942784859e+02 0.000000000000000000e+00 0.000000000000000000e+00
5.930000000000000000e+02 3.980873404065783916e+02 0.000000000000000000e+00 0.000000000000000000e+00
5.940000000000000000e+02 3.990601663793120224e+02 0.000000000000000000e+00 0.000000000000000000e+00
5.950000000000000000e+02 3.991276857294450338e+02 0.000000000000000000e+00 0.000000000000000000e+00
5.960000000000000000e+02 4.001619047383759948e+02 0.000000000000000000e+00 0.000000000000000000e+00
5.970000000000000000e+02 4.001064008794480742e+02 2.000000000000000000e+00 0.000000000000000000e+00
5.980000000000000000e+02 4.009830048447573745e+02 0.000000000000000000e+00 0.000000000000000000e+00
5.990000000000000000e+02 4.029272309124868343e+02 0.000000000000000000e+00 0.000000000000000000e+00
6.000000000000000000e+02 4.029167735324235764e+02 0.000000000000000000e+00 0.000000000000000000e+00
6.010000000000000000e+02 4.044381617292970645e+02 0.000000000000000000e+00 0.000000000000000000e+00
6.020000000000000000e+02 4.051012386908265626e+02 0.000000000000000000e+00 0.000000000000000000e+00
6.030000000000000000e+02 4.062996440503286522e+02 0.000000000000000000e+00 0.000000000000000000e+00
6.040000000000000000e+02 4.068778006879241502e+02 0.000000000000000000e+00 0.000000000000000000e+00
6.050000000000000000e+02 4.077057809047582850e+02 0.000000000000000000e+00 0.000000000000000000e+00
6.060000000000000000e+02 4.079476636718238183e+02 0.000000000000000000e+00 0.000000000000000000e+00
6.070000000000000000e+02 4.105644383417786685e+02 0.000000000000000000e+00 0.000000000000000000e+00
6.080000000000000000e+02 4.104055947376068048e+02 0.000000000000000000e+00 0.000000000000000000e+00
6.090000000000000000e+02 4.127818113925218313e+02 0.000000000000000000e+00 0.000000000000000000e+00
6.100000000000000000e+02 4.139546059488417882e+02 0.000000000000000000e+00 0.000000000000000000e+00
6.110000000000000000e+02 4.139417652399820327e+02 0.000000000000000000e+00 0.000000000000000000e+00
6.120000000000000000e+02 4.133251598813770897e+02 2.000000000000000000e+00 0.000000000000000000e+00
6.130000000000000000e+02 4.121358007641378549e+02 2.000000000000000000e+00 0.000000000000000000e+00
6.140000000000000000e+02 4.120089267657090772e+02 1.000000000000000000e+00 0.000000000000000000e+00
6.150000000000000000e+02 4.121922699712320082e+02 1.000000000000000000e+00 0.000000000000000000e+00
6.160000000000000000e+02 4.130681231861172478e+02 0.000000000000000000e+00 0.000000000000000000e+00
6.170000000000000000e+02 4.119386476428422839e+02 2.000000000000000000e+00 0.000000000000000000e+00
6.180000000000000000e+02 4.135739848725540355e+02 0.000000000000000000e+00 0.000000000000000000e+00
6.190000000000000000e+02 4.145089431177887036e+02 0.000000000000000000e+00 0.000000000000000000e+00
6.200000000000000000e+02 4.151258395964773058e+02 0.000000000000000000e+00 0.000000000000000000e+00
6.210000000000000000e+02 4.161206882177471016e+02 0.000000000000000000e+00 0.000000000000000000e+00
6.220000000000000000e+02 4.169375133059218115e+02 0.000000000000000000e+00 0.000000000000000000e+00
6.230000000000000000e+02 4.172899272671310200e+02 0.000000000000000000e+00 0.000000000000000000e+00
6.240000000000000000e+02 4.186957909299650851e+02 0.000000000000000000e+00 0.000000000000000000e+00
6.250000000000000000e+02 4.188278560491272060e+02 1.000000000000000000e+00 0.000000000000000000e+00
6.260000000000000000e+02 4.193119065561184016e+02 0.000000000000000000e+00 0.000000000000000000e+00
6.270000000000000000e+02 4.204473696564363649e+02 0.000000000000000000e+00 0.000000000000000000e+00
6.280000000000000000e+02 4.211448584858204640e+02 1.000000000000000000e+00 0.000000000000000000e+00
6.290000000000000000e+02 4.217865293775494706e+02 0.000000000000000000e+00 0.000000000000000000e+00
6.300000000000000000e+02 4.235587386591701033e+02 0.000000000000000000e+00 0.000000000000000000e+00
6.310000000000000000e+02 4.245232236037969642e+02 0.000000000000000000e+00 0.000000000000000000e+00
6.320000000000000000e+02 4.254356901179107808e+02 0.000000000000000000e+00 0.000000000000000000e+00
6.330000000000000000e+02 4.259048873031434255e+02 0.000000000000000000e+00 0.000000000000000000e+00
6.340000000000000000e+02 4.243216816338168655e+02 2.000000000000000000e+00 0.000000000000000000e+00
6.350000000000000000e+02 4.253221385942929373e+02 1.000000000000000000e+00 0.000000000000000000e+00
6.360000000000000000e+02 4.243886710071558923e+02 1.000000000000000000e+00 0.000000000000000000e+00
6.370000000000000000e+02 4.257641583722768814e+02 0.000000000000000000e+00 0.000000000000000000e+00
6.380000000000000000e+02 4.266853431782018902e+02 0.000000000000000000e+00 0.000000000000000000e+00
6.390000000000000000e+02 4.286208985897868047e+02 0.000000000000000000e+00 0.000000000000000000e+00
6.400000000000000000e+02 4.292002506142995344e+02 0.000000000000000000e+00 0.000000000000000000e+00
6.410000000000000000e+02 4.303538391552910980e+02 0.000000000000000000e+00 0.000000000000000000e+00
6.420000000000000000e+02 4.296399675695024598e+02 1.000000000000000000e+00 0.000000000000000000e+00
6.430000000000000000e+02 4.306168057269634915e+02 0.000000000000000000e+00 0.000000000000000000e+00
6.440000000000000000e+02 4.316149243548321124e+02 0.000000000000000000e+00 0.000000000000000000e+00
6.450000000000000000e+02 4.332245173821427784e+02 0.000000000000000000e+00 0.000000000000000000e+00
6.460000000000000000e+02 4.340646121436964791e+02 0.000000000000000000e+00 0.000000000000000000e+00
6.470000000000000000e+02 4.354910327365830653e+02 0.000000000000000000e+00 0.000000000000000000e+00
6.480000000000000000e+02 4.359773302098120666e+02 0.000000000000000000e+00 0.000000000000000000e+00
6.490000000000000000e+02 4.365474029047041427e+02 0.000000000000000000e+00 0.000000000000000000e+00
6.500000000000000000e+02 4.380825639771821898e+02 0.000000000000000000e+00 0.000000000000000000e+00
6.510000000000000000e+02 4.386317745648614732e+02 0.000000000000000000e+00 0.000000000000000000e+00
6.520000000000000000e+02 4.402094931043271231e+02 0.000000000000000000e+00 0.000000000000000000e+00
6.530000000000000000e+02 4.408716131528078677e+02 0.000000000000000000e+00 0.000000000000000000e+00
6.540000000000000000e+02 4.416778054523826995e+02 0.000000000000000000e+00 0.000000000000000000e+00
6.550000000000000000e+02 4.430356033024286262e+02 0.000000000000000000e+00 0.000000000000000000e+00
6.560000000000000000e+02 4.442814340684771537e+02 0.000000000000000000e+00 0.000000000000000000e+00
6.570000000000000000e+02 4.453599213484819188e+02 0.000000000000000000e+00 0.000000000000000000e+00
6.580000000000000000e+02 4.454073166221827478e+02 0.000000000000000000e+00 0.000000000000000000e+00
6.590000000000000000e+02 4.471064632750631631e+02 0.000000000000000000e+00 0.000000000000000000e+00
6.600000000000000000e+02 4.485080185719029373e+02 0.000000000000000000e+00 0.000000000000000000e+00
6.610000000000000000e+02 4.482325180589100455e+02 0.000000000000000000e+00 0.000000000000000000e+00
6.620000000000000000e+02 4.502365857836341547e+02 0.000000000000000000e+00 0.000000000000000000e+00
6.630000000000000000e+02 4.510667187289338358e+02 0.000000000000000000e+00 0.000000000000000000e+00
6.640000000000000000e+02 4.522023168997049538e+02 0.000000000000000000e+00 0.000000000000000000e+00
6.650000000000000000e+02 4.532828058584738073e+02 0.000000000000000000e+00 0.000000000000000000e+00
6.660000000000000000e+02 4.541355875939198654e+02 0.000000000000000000e+00 0.000000000000000000e+00
6.670000000000000000e+02 4.546778336258920490e+02 0.000000000000000000e+00 0.000000000000000000e+00
6.680000000000000000e+02 4.554798543489150688e+02 0.000000000000000000e+00 0.000000000000000000e+00
6.690000000000000000e+02 4.575881750588726504e+02 0.000000000000000000e+00 0.000000000000000000e+00
6.700000000000000000e+02 4.577876197793945607e+02 0.000000000000000000e+00 0.000000000000000000e+00
6.710000000000000000e+02 4.588629861767622629e+02 0.000000000000000000e+00 0.000000000000000000e+00
6.720000000000000000e+02 4.596346477376029043e+02 0.000000000000000000e+00 0.000000000000000000e+00
6.730000000000000000e+02 4.611475400044631101e+02 0.000000000000000000e+00 0.000000000000000000e+00
6.740000000000000000e+02 4.614325278941110469e+02 0.000000000000000000e+00 0.000000000000000000e+00
6.750000000000000000e+02 4.630422066609911553e+02 0.000000000000000000e+00 0.000000000000000000e+00
6.760000000000000000e+02 4.626161820639136977e+02 1.000000000000000000e+00 0.000000000000000000e+00
6.770000000000000000e+02 4.628780009517227541e+02 1.000000000000000000e+00 0.000000000000000000e+00
6.780000000000000000e+02 4.626779495838102889e+02 2.000000000000000000e+00 0.000000000000000000e+00
6.790000000000000000e+02 4.618371888781510393e+02 2.000000000000000000e+00 0.000000000000000000e+00
6.800000000000000000e+02 4.600208624272992211e+02 2.000000000000000000e+00 0.000000000000000000e+00
6.810000000000000000e+02 4.609591760750535059e+02 0.000000000000000000e+00 0.000000000000000000e+00
6.820000000000000000e+02 4.617486381576223380e+02 0.000000000000000000e+00 0.000000000000000000e+00
6.830000000000000000e+02 4.636432901493103031e+02 0.000000000000000000e+00 0.000000000000000000e+00
6.840000000000000000e+02 4.637410581314364890e+02 0.000000000000000000e+00 0.000000000000000000e+00
6.850000000000000000e+02 4.647332242417913903e+02 0.000000000000000000e+00 0.000000000000000000e+00
6.860000000000000000e+02 4.657040319986946884e+02 0.000000000000000000e+00 0.000000000000000000e+00
6.870000000000000000e+02 4.670672389740049653e+02 0.000000000000000000e+00 0.000000000000000000e+00
6.880000000000000000e+02 4.679862127970381493e+02 0.000000000000000000e+00 0.000000000000000000e+00
6.890000000000000000e+02 4.694415690771984941e+02 0.000000000000000000e+00 0.000000000000000000e+00
6.900000000000000000e+02 4.693666124105951667e+02 1.000000000000000000e+00 0.000000000000000000e+00
6.910000000000000000e+02 4.691780811145753773e+02 0.000000000000000000e+00 0.000000000000000000e+00
6.920000000000000000e+02 4.705920597701583006e+02 0.000000000000000000e+00 0.000000000000000000e+00
6.930000000000000000e+02 4.715339681163677028e+02 0.000000000000000000e+00 0.000000000000000000e+00
6.940000000000000000e+02 4.735735138428678397e+02 0.000000000000000000e+00 0.000000000000000000e+00
6.950000000000000000e+02 4.745928653342564871e+02 0.000000000000000000e+00 0.000000000000000000e+00
6.960000000000000000e+02 4.749705779750979673e+02 0.000000000000000000e+00 0.000000000000000000e+00
6.970000000000000000e+02 4.764951467690223694e+02 0.000000000000000000e+00 0.000000000000000000e+00
6.980000000000000000e+02 4.769855976283890300e+02 0.000000000000000000e+00 0.000000000000000000e+00
6.990000000000000000e+02 4.783770499673088352e+02 1.000000000000000000e+00 0.000000000000000000e+00
7.000000000000000000e+02 4.783546111460504449e+02 0.000000000000000000e+00 0.000000000000000000e+00
7.010000000000000000e+02 4.785399831927016976e+02 1.000000000000000000e+00 0.000000000000000000e+00
7.020000000000000000e+02 4.792833996131539607e+02 0.000000000000000000e+00 0.000000000000000000e+00
7.030000000000000000e+02 4.804988614331535359e+02 0.000000000000000000e+00 0.000000000000000000e+00
7.040000000000000000e+02 4.808482051062788969e+02 0.000000000000000000e+00 0.000000000000000000e+00
7.050000000000000000e+02 4.816290084312190061e+02 0.000000000000000000e+00 0.000000000000000000e+00
7.060000000000000000e+02 4.825065711042114458e+02 0.000000000000000000e+00 0.000000000000000000e+00
7.070000000000000000e+02 4.841828592405782956e+02 0.000000000000000000e+00 0.000000000000000000e+00
7.080000000000000000e+02 4.843122241456666188e+02 0.000000000000000000e+00 0.000000000000000000e+00
7.090000000000000000e+02 4.827277892557415271e+02 2.000000000000000000e+00 0.000000000000000000e+00
7.100000000000000000e+02 4.851580993877068977e+02 0.000000000000000000e+00 0.000000000000000000e+00
7.110000000000000000e+02 4.854656475283517238e+02 0.000000000000000000e+00 0.000000000000000000e+00
7.120000000000000000e+02 4.868598657126319722e+02 0.000000000000000000e+00 0.000000000000000000e+00
7.130000000000000000e+02 4.874031523187105108e+02 1.000000000000000000e+00 0.000000000000000000e+00
7.140000000000000000e+02 4.887966689308949526e+02 0.000000000000000000e+00 0.000000000000000000e+00
7.150000000000000000e+02 4.893367396802116218e+02 0.000000000000000000e+00 0.000000000000000000e+00
7.160000000000000000e+02 4.905454758728463958e+02 0.000000000000000000e+00 0.000000000000000000e+00
7.170000000000000000e+02 4.892942289324288367e+02 2.000000000000000000e+00 0.000000000000000000e+00
7.180000000000000000e+02 4.884609503506035821e+02 1.000000000000000000e+00 0.000000000000000000e+00
7.190000000000000000e+02 4.890830003715258272e+02 1.000000000000000000e+00 0.000000000000000000e+00
7.200000000000000000e+02 4.896890080777125149e+02 0.000000000000000000e+00 0.000000000000000000e+00
7.210000000000000000e+02 4.898542288892004422e+02 1.000000000000000000e+00 0.000000000000000000e+00
7.220000000000000000e+02 4.909902357960773998e+02 0.000000000000000000e+00 0.000000000000000000e+00
7.230000000000000000e+02 4.918615473240797087e+02 0.000000000000000000e+00 0.000000000000000000e+00
7.240000000000000000e+02 4.926274850835264942e+02 0.000000000000000000e+00 0.000000000000000000e+00
7.250000000000000000e+02 4.929973841147900657e+02 0.000000000000000000e+00 0.000000000000000000e+00
7.260000000000000000e+02 4.937887589120846314e+02 1.000000000000000000e+00 0.000000000000000000e+00
7.270000000000000000e+02 4.939486418521512405e+02 1.000000000000000000e+00 0.000000000000000000e+00
7.280000000000000000e+02 4.945184256676051859e+02 0.000000000000000000e+00 0.000000000000000000e+00
7.290000000000000000e+02 4.954264955557096641e+02 1.000000000000000000e+00 0.000000000000000000e+00
7.300000000000000000e+02 4.951839067487088073e+02 1.000000000000000000e+00 0.000000000000000000e+00
7.310000000000000000e+02 4.953388464651033587e+02 0.000000000000000000e+00 0.000000000000000000e+00
7.320000000000000000e+02 4.969226863397281022e+02 0.000000000000000000e+00 0.000000000000000000e+00
7.330000000000000000e+02 4.984193904312958807e+02 0.000000000000000000e+00 0.000000000000000000e+00
7.340000000000000000e+02 4.991097417970669312e+02 0.000000000000000000e+00 0.000000000000000000e+00
7.350000000000000000e+02 5.002988201071732988e+02 0.000000000000000000e+00 0.000000000000000000e+00
7.360000000000000000e+02 5.008729782783987616e+02 0.000000000000000000e+00 0.000000000000000000e+00
7.370000000000000000e+02 5.015463270146634613e+02 0.000000000000000000e+00 0.000000000000000000e+00
7.380000000000000000e+02 5.026341362762338463e+02 0.000000000000000000e+00 0.000000000000000000e+00
7.390000000000000000e+02 5.035574944809901012e+02 0.000000000000000000e+00 0.000000000000000000e+00
7.400000000000000000e+02 5.052338185316336876e+02 0.000000000000000000e+00 0.000000000000000000e+00
7.410000000000000000e+02 5.066087999458099489e+02 0.000000000000000000e+00 0.000000000000000000e+00
7.420000000000000000e+02 5.064194698103395922e+02 0.000000000000000000e+00 0.000000000000000000e+00
7.430000000000000000e+02 5.083206795117815773e+02 0.000000000000000000e+00 0.000000000000000000e+00
7.440000000000000000e+02 5.089163721876086584e+02 0.000000000000000000e+00 0.000000000000000000e+00
7.450000000000000000e+02 5.102739652551479139e+02 0.000000000000000000e+00 0.000000000000000000e+00
7.460000000000000000e+02 5.110557486659055257e+02 0.000000000000000000e+00 0.000000000000000000e+00
7.470000000000000000e+02 5.103105069820608151e+02 1.000000000000000000e+00 0.000000000000000000e+00
7.480000000000000000e+02 5.117065607659564535e+02 0.000000000000000000e+00 0.000000000000000000e+00
7.490000000000000000e+02 5.142663322323478496e+02 0.000000000000000000e+00 0.000000000000000000e+00
7.500000000000000000e+02 5.125967873415594340e+02 1.000000000000000000e+00 0.000000000000000000e+00
7.510000000000000000e+02 5.127611982550968150e+02 1.000000000000000000e+00 0.000000000000000000e+00
7.520000000000000000e+02 5.125747602330798145e+02 1.000000000000000000e+00 0.000000000000000000e+00
7.530000000000000000e+02 5.136401943239175125e+02 0.000000000000000000e+00 0.000000000000000000e+00
7.540000000000000000e+02 5.151080986142823122e+02 0.000000000000000000e+00 0.000000000000000000e+00
7.550000000000000000e+02 5.145501283989896137e+02 2.000000000000000000e+00 0.000000000000000000e+00
7.560000000000000000e+02 5.142213925579197848e+02 1.000000000000000000e+00 0.000000000000000000e+00
7.570000000000000000e+02 5.141271005316226592e+02 1.000000000000000000e+00 0.000000000000000000e+00
7.580000000000000000e+02 5.155888099059155820e+02 0.000000000000000000e+00 0.000000000000000000e+00
7.590000000000000000e+02 5.170952322553721388e+02 0.000000000000000000e+00 0.000000000000000000e+00
7.600000000000000000e+02 5.174997314971610649e+02 0.000000000000000000e+00 0.000000000000000000e+00
7.610000000000000000e+02 5.184375576151575160e+02 0.000000000000000000e+00 0.000000000000000000e+00
7.620000000000000000e+02 5.191123986751025541e+02 0.000000000000000000e+00 0.000000000000000000e+00
7.630000000000000000e+02 5.193142135452299044e+02 0.000000000000000000e+00 0.000000000000000000e+00
7.640000000000000000e+02 5.199039451206543845e+02 0.000000000000000000e+00 0.000000000000000000e+00
7.650000000000000000e+02 5.215546517496021579e+02 0.000000000000000000e+00 0.000000000000000000e+00
7.660000000000000000e+02 5.237429585864822457e+02 0.000000000000000000e+00 0.000000000000000000e+00
7.670000000000000000e+02 5.235292134540640063e+02 0.000000000000000000e+00 0.000000000000000000e+00
7.680000000000000000e+02 5.231769381464411026e+02 2.000000000000000000e+00 0.000000000000000000e+00
7.690000000000000000e+02 5.243967503996749429e+02 0.000000000000000000e+00 0.000000000000000000e+00
7.700000000000000000e+02 5.229300595386259829e+02 2.000000000000000000e+00 0.000000000000000000e+00
7.710000000000000000e+02 5.225361634326786771e+02 2.000000000000000000e+00 0.000000000000000000e+00
7.720000000000000000e+02 5.223325962039380101e+02 0.000000000000000000e+00 0.000000000000000000e+00
7.730000000000000000e+02 5.239108224473721975e+02 0.000000000000000000e+00 0.000000000000000000e+00
7.740000000000000000e+02 5.248880299742799025e+02 0.000000000000000000e+00 0.000000000000000000e+00
7.750000000000000000e+02 5.262683864916390348e+02 0.000000000000000000e+00 0.000000000000000000e+00
7.760000000000000000e+02 5.266480959150844683e+02 0.000000000000000000e+00 0.000000000000000000e+00
7.770000000000000000e+02 5.265296189364495376e+02 2.000000000000000000e+00 0.000000000000000000e+00
7.780000000000000000e+02 5.265852971779705740e+02 0.000000000000000000e+00 0.000000000000000000e+00
7.790000000000000000e+02 5.280219468521928547e+02 0.000000000000000000e+00 0.000000000000000000e+00
7.800000000000000000e+02 5.275606081152654951e+02 2.000000000000000000e+00 0.000000000000000000e+00
7.810000000000000000e+02 5.281672140670708586e+02 0.000000000000000000e+00 0.000000000000000000e+00
7.820000000000000000e+02 5.288316391334057016e+02 0.000000000000000000e+00 0.000000000000000000e+00
7.830000000000000000e+02 5.285891701196105714e+02 1.000000000000000000e+00 0.000000000000000000e+00
7.840000000000000000e+02 5.297115206893370214e+02 0.000000000000000000e+00 0.000000000000000000e+00
7.850000000000000000e+02 5.312443109879834537e+02 0.000000000000000000e+00 0.000000000000000000e+00
7.860000000000000000e+02 5.315816522448468504e+02 0.000000000000000000e+00 0.000000000000000000e+00
7.870000000000000000e+02 5.325106521770894688e+02 0.000000000000000000e+00 0.000000000000000000e+00
7.880000000000000000e+02 5.334320709392009121e+02 0.000000000000000000e+00 0.000000000000000000e+00
7.890000000000000000e+02 5.349751093126064916e+02 0.000000000000000000e+00 0.000000000000000000e+00
7.900000000000000000e+02 5.359717999236030437e+02 0.000000000000000000e+00 0.000000000000000000e+00
7.910000000000000000e+02 5.368535741157337497e+02 0.000000000000000000e+00 0.000000000000000000e+00
7.920000000000000000e+02 5.378058003097154369e+02 0.000000000000000000e+00 0.000000000000000000e+00
7.930000000000000000e+02 5.395032400281188529e+02 0.000000000000000000e+00 0.000000000000000000e+00
7.940000000000000000e+02 5.398701953601257628e+02 0.000000000000000000e+00 0.000000000000000000e+00
7.950000000000000000e+02 5.415613907923094530e+02 0.000000000000000000e+00 0.000000000000000000e+00
7.960000000000000000e+02 5.414280482281836839e+02 0.000000000000000000e+00 0.000000000000000000e+00
7.970000000000000000e+02 5.427143286613452347e+02 0.000000000000000000e+00 0.000000000000000000e+00
7.980000000000000000e+02 5.434245928055397599e+02 0.000000000000000000e+00 0.000000000000000000e+00
7.990000000000000000e+02 5.455008366866768483e+02 0.000000000000000000e+00 0.000000000000000000e+00
8.000000000000000000e+02 5.462820122418847859e+02 0.000000000000000000e+00 0.000000000000000000e+00
