time	position	state	ATP_bound
1.000000000000000000e+00 7.750350515189946554e-01 0.000000000000000000e+00 0.000000000000000000e+00
2.000000000000000000e+00 3.242189478858978013e+00 0.000000000000000000e+00 0.000000000000000000e+00
3.000000000000000000e+00 2.567191943933264220e+00 0.000000000000000000e+00 0.000000000000000000e+00
4.000000000000000000e+00 3.985006226527258111e+00 0.000000000000000000e+00 0.000000000000000000e+00
5.000000000000000000e+00 4.937196646201099881e+00 0.000000000000000000e+00 0.000000000000000000e+00
6.000000000000000000e+00 6.867223358228347507e+00 0.000000000000000000e+00 0.000000000000000000e+00
7.000000000000000000e+00 5.423000178444611130e+00 2.000000000000000000e+00 0.000000000000000000e+00
8.000000000000000000e+00 3.934887389631891885e+00 1.000000000000000000e+00 0.000000000000000000e+00
9.000000000000000000e+00 5.641552825009918948e+00 1.000000000000000000e+00 0.000000000000000000e+00
1.000000000000000000e+01 5.211165279058175059e+00 0.000000000000000000e+00 0.000000000000000000e+00
1.100000000000000000e+01 7.032109146985130010e+00 0.000000000000000000e+00 0.000000000000000000e+00
1.200000000000000000e+01 7.278787642638710587e+00 0.000000000000000000e+00 0.000000000000000000e+00
1.300000000000000000e+01 9.038532541088176941e+00 0.000000000000000000e+00 0.000000000000000000e+00
1.400000000000000000e+01 9.026448459136592106e+00 0.000000000000000000e+00 0.000000000000000000e+00
1.500000000000000000e+01 1.066081750629247793e+01 0.000000000000000000e+00 0.000000000000000000e+00
1.600000000000000000e+01 1.101232843743143519e+01 0.000000000000000000e+00 0.000000000000000000e+00
1.700000000000000000e+01 1.242980726749867415e+01 0.000000000000000000e+00 0.000000000000000000e+00
1.800000000000000000e+01 1.517528368115178594e+01 0.000000000000000000e+00 0.000000000000000000e+00
1.900000000000000000e+01 1.507788937984827626e+01 0.000000000000000000e+00 0.000000000000000000e+00
2.000000000000000000e+01 1.252651893190975940e+01 2.000000000000000000e+00 0.000000000000000000e+00
2.100000000000000000e+01 1.251651562559201736e+01 2.000000000000000000e+00 0.000000000000000000e+00
2.200000000000000000e+01 1.390504470858474129e+01 1.000000000000000000e+00 0.000000000000000000e+00
2.300000000000000000e+01 1.249067020197570699e+01 0.000000000000000000e+00 0.000000000000000000e+00
2.400000000000000000e+01 1.456982521620809656e+01 0.000000000000000000e+00 0.000000000000000000e+00
2.500000000000000000e+01 1.549024856465264754e+01 0.000000000000000000e+00 0.000000000000000000e+00
2.600000000000000000e+01 1.661889483269814249e+01 0.000000000000000000e+00 0.000000000000000000e+00
2.700000000000000000e+01 1.837307415509451758e+01 0.000000000000000000e+00 0.000000000000000000e+00
2.800000000000000000e+01 1.865542077042764646e+01 0.000000000000000000e+00 0.000000000000000000e+00
2.900000000000000000e+01 1.788867072389762214e+01 2.000000000000000000e+00 0.000000000000000000e+00
3.000000000000000000e+01 2.004028539868670222e+01 0.000000000000000000e+00 0.000000000000000000e+00
3.100000000000000000e+01 1.919723908905061194e+01 0.000000000000000000e+00 0.000000000000000000e+00
3.200000000000000000e+01 2.173499322464615346e+01 0.000000000000000000e+00 0.000000000000000000e+00
3.300000000000000000e+01 2.223599981755954857e+01 0.000000000000000000e+00 0.000000000000000000e+00
3.400000000000000000e+01 2.326564090216644942e+01 0.000000000000000000e+00 0.000000000000000000e+00
3.500000000000000000e+01 2.372519972495196328e+01 0.000000000000000000e+00 0.000000000000000000e+00
3.600000000000000000e+01 2.231987238728727263e+01 2.000000000000000000e+00 0.000000000000000000e+00
3.700000000000000000e+01 2.433510561967985097e+01 0.000000000000000000e+00 0.000000000000000000e+00
3.800000000000000000e+01 2.229855274316158287e+01 2.000000000000000000e+00 0.000000000000000000e+00
3.900000000000000000e+01 2.359897471094956600e+01 0.000000000000000000e+00 0.000000000000000000e+00
4.000000000000000000e+01 2.522953895420013026e+01 0.000000000000000000e+00 0.000000000000000000e+00
4.100000000000000000e+01 2.462817501623284500e+01 0.000000000000000000e+00 0.000000000000000000e+00
4.200000000000000000e+01 2.708816171357185709e+01 0.000000000000000000e+00 0.000000000000000000e+00
4.300000000000000000e+01 2.761782967669880051e+01 0.000000000000000000e+00 0.000000000000000000e+00
4.400000000000000000e+01 2.912387755117228139e+01 0.000000000000000000e+00 0.000000000000000000e+00
4.500000000000000000e+01 2.919177206587265516e+01 1.000000000000000000e+00 0.000000000000000000e+00
4.600000000000000000e+01 2.892330710518291781e+01 1.000000000000000000e+00 0.000000000000000000e+00
4.700000000000000000e+01 3.028255350538805857e+01 0.000000000000000000e+00 0.000000000000000000e+00
4.800000000000000000e+01 3.099584024341655919e+01 0.000000000000000000e+00 0.000000000000000000e+00
4.900000000000000000e+01 3.145447052452043124e+01 0.000000000000000000e+00 0.000000000000000000e+00
5.000000000000000000e+01 3.254155855738929404e+01 0.000000000000000000e+00 0.000000000000000000e+00
5.100000000000000000e+01 3.383823836129094076e+01 0.000000000000000000e+00 0.000000000000000000e+00
5.200000000000000000e+01 3.443773858183897829e+01 0.000000000000000000e+00 0.000000000000000000e+00
5.300000000000000000e+01 3.398165618651964337e+01 2.000000000000000000e+00 0.000000000000000000e+00
5.400000000000000000e+01 3.534254554794197389e+01 0.000000000000000000e+00 0.000000000000000000e+00
5.500000000000000000e+01 3.421876808939004633e+01 1.000000000000000000e+00 0.000000000000000000e+00
5.600000000000000000e+01 3.618778271936279367e+01 0.000000000000000000e+00 0.000000000000000000e+00
5.700000000000000000e+01 3.629915259372923941e+01 0.000000000000000000e+00 0.000000000000000000e+00
5.800000000000000000e+01 3.669250832902403658e+01 2.000000000000000000e+00 0.000000000000000000e+00
5.900000000000000000e+01 3.529903314996121821e+01 2.000000000000000000e+00 0.000000000000000000e+00
6.000000000000000000e+01 3.476969587043694787e+01 2.000000000000000000e+00 0.000000000000000000e+00
6.100000000000000000e+01 3.359239385019987623e+01 2.000000000000000000e+00 0.000000000000000000e+00
6.200000000000000000e+01 3.233914774496109601e+01 2.000000000000000000e+00 0.000000000000000000e+00
6.300000000000000000e+01 3.102890219013283968e+01 2.000000000000000000e+00 0.000000000000000000e+00
6.400000000000000000e+01 3.180241055444654208e+01 1.000000000000000000e+00 0.000000000000000000e+00
6.500000000000000000e+01 3.231876377795303767e+01 0.000000000000000000e+00 0.000000000000000000e+00
6.600000000000000000e+01 3.250851091097464973e+01 0.000000000000000000e+00 0.000000000000000000e+00
6.700000000000000000e+01 3.409967661009027751e+01 0.000000000000000000e+00 0.000000000000000000e+00
6.800000000000000000e+01 3.461132329553545617e+01 0.000000000000000000e+00 0.000000000000000000e+00
6.900000000000000000e+01 3.577026748703895009e+01 0.000000000000000000e+00 0.000000000000000000e+00
7.000000000000000000e+01 3.692583121841019533e+01 0.000000000000000000e+00 0.000000000000000000e+00
7.100000000000000000e+01 3.740261427442107589e+01 0.000000000000000000e+00 0.000000000000000000e+00
7.200000000000000000e+01 3.754129436621040128e+01 1.000000000000000000e+00 0.000000000000000000e+00
7.300000000000000000e+01 3.740838668501305619e+01 1.000000000000000000e+00 0.000000000000000000e+00
7.400000000000000000e+01 3.950121504389051807e+01 0.000000000000000000e+00 0.000000000000000000e+00
7.500000000000000000e+01 3.967893464347327637e+01 0.000000000000000000e+00 0.000000000000000000e+00
7.600000000000000000e+01 4.111232013843554967e+01 0.000000000000000000e+00 0.000000000000000000e+00
7.700000000000000000e+01 4.220494906413977532e+01 0.000000000000000000e+00 0.000000000000000000e+00
7.800000000000000000e+01 4.307132384663015046e+01 0.000000000000000000e+00 0.000000000000000000e+00
7.900000000000000000e+01 4.471563452369836256e+01 0.000000000000000000e+00 0.000000000000000000e+00
8.000000000000000000e+01 4.322283596592330923e+01 2.000000000000000000e+00 0.000000000000000000e+00
8.100000000000000000e+01 4.357107314224617767e+01 0.000000000000000000e+00 0.000000000000000000e+00
8.200000000000000000e+01 4.241822291226459640e+01 2.000000000000000000e+00 0.000000000000000000e+00
8.300000000000000000e+01 4.179352121252744467e+01 2.000000000000000000e+00 0.000000000000000000e+00
8.400000000000000000e+01 4.242203168695161963e+01 1.000000000000000000e+00 0.000000000000000000e+00
8.500000000000000000e+01 4.160683143367552361e+01 1.000000000000000000e+00 0.000000000000000000e+00
8.600000000000000000e+01 4.315523722254789618e+01 0.000000000000000000e+00 0.000000000000000000e+00
8.700000000000000000e+01 4.331477542510806700e+01 0.000000000000000000e+00 0.000000000000000000e+00
8.800000000000000000e+01 4.492334258081945819e+01 0.000000000000000000e+00 0.000000000000000000e+00
8.900000000000000000e+01 4.618766029918531757e+01 0.000000000000000000e+00 0.000000000000000000e+00
9.000000000000000000e+01 4.698584033459527376e+01 0.000000000000000000e+00 0.000000000000000000e+00
9.100000000000000000e+01 4.792267556290367025e+01 0.000000000000000000e+00 0.000000000000000000e+00
9.200000000000000000e+01 4.978476413176336024e+01 0.000000000000000000e+00 0.000000000000000000e+00
9.300000000000000000e+01 5.016065907597204898e+01 0.000000000000000000e+00 0.000000000000000000e+00
9.400000000000000000e+01 5.172956045262645830e+01 0.000000000000000000e+00 0.000000000000000000e+00
9.500000000000000000e+01 5.206484475431872028e+01 0.000000000000000000e+00 0.000000000000000000e+00
9.600000000000000000e+01 5.162334451330907825e+01 1.000000000000000000e+00 0.000000000000000000e+00
9.700000000000000000e+01 5.102411221809312991e+01 1.000000000000000000e+00 0.000000000000000000e+00
9.800000000000000000e+01 5.237596864417950115e+01 1.000000000000000000e+00 0.000000000000000000e+00
9.900000000000000000e+01 5.193832262679664780e+01 1.000000000000000000e+00 0.000000000000000000e+00
1.000000000000000000e+02 5.194526878618054155e+01 1.000000000000000000e+00 0.000000000000000000e+00
1.010000000000000000e+02 5.278544962721208833e+01 0.000000000000000000e+00 0.000000000000000000e+00
1.020000000000000000e+02 5.356194635661292835e+01 0.000000000000000000e+00 0.000000000000000000e+00
1.030000000000000000e+02 5.536175498143245477e+01 0.000000000000000000e+00 0.000000000000000000e+00
1.040000000000000000e+02 5.646858126039970216e+01 0.000000000000000000e+00 0.000000000000000000e+00
1.050000000000000000e+02 5.706565396508213439e+01 0.000000000000000000e+00 0.000000000000000000e+00
1.060000000000000000e+02 5.824133583311888174e+01 0.000000000000000000e+00 0.000000000000000000e+00
1.070000000000000000e+02 5.842332846767469334e+01 0.000000000000000000e+00 0.000000000000000000e+00
1.080000000000000000e+02 5.926518197444091385e+01 0.000000000000000000e+00 0.000000000000000000e+00
1.090000000000000000e+02 5.934501711031265359e+01 2.000000000000000000e+00 0.000000000000000000e+00
1.100000000000000000e+02 5.977918608635681608e+01 0.000000000000000000e+00 0.000000000000000000e+00
1.110000000000000000e+02 6.156446462080148763e+01 0.000000000000000000e+00 0.000000000000000000e+00
1.120000000000000000e+02 6.151769228895714292e+01 0.000000000000000000e+00 0.000000000000000000e+00
1.130000000000000000e+02 6.203378428346604778e+01 0.000000000000000000e+00 0.000000000000000000e+00
1.140000000000000000e+02 6.412389425714980007e+01 0.000000000000000000e+00 0.000000000000000000e+00
1.150000000000000000e+02 6.528178342188421368e+01 0.000000000000000000e+00 0.000000000000000000e+00
1.160000000000000000e+02 6.581475591362689670e+01 0.000000000000000000e+00 0.000000000000000000e+00
1.170000000000000000e+02 6.604755509069612174e+01 1.000000000000000000e+00 0.000000000000000000e+00
1.180000000000000000e+02 6.579943879884960722e+01 1.000000000000000000e+00 0.000000000000000000e+00
1.190000000000000000e+02 6.746764001476219619e+01 0.000000000000000000e+00 0.000000000000000000e+00
1.200000000000000000e+02 6.808767108359855058e+01 0.000000000000000000e+00 0.000000000000000000e+00
1.210000000000000000e+02 6.850387526574614583e+01 0.000000000000000000e+00 0.000000000000000000e+00
1.220000000000000000e+02 7.086922886576262215e+01 0.000000000000000000e+00 0.000000000000000000e+00
1.230000000000000000e+02 7.139807326470665316e+01 0.000000000000000000e+00 0.000000000000000000e+00
1.240000000000000000e+02 6.990007555675363449e+01 2.000000000000000000e+00 0.000000000000000000e+00
1.250000000000000000e+02 7.116511181699178223e+01 0.000000000000000000e+00 0.000000000000000000e+00
1.260000000000000000e+02 7.115523439422088359e+01 0.000000000000000000e+00 0.000000000000000000e+00
1.270000000000000000e+02 7.343094436215839949e+01 0.000000000000000000e+00 0.000000000000000000e+00
1.280000000000000000e+02 7.422915693815052407e+01 0.000000000000000000e+00 0.000000000000000000e+00
1.290000000000000000e+02 7.459584709098544408e+01 0.000000000000000000e+00 0.000000000000000000e+00
1.300000000000000000e+02 7.550203183468727275e+01 0.000000000000000000e+00 0.000000000000000000e+00
1.310000000000000000e+02 7.452231679955386312e+01 1.000000000000000000e+00 0.000000000000000000e+00
1.320000000000000000e+02 7.555795768507462640e+01 1.000000000000000000e+00 0.000000000000000000e+00
1.330000000000000000e+02 7.690249455565306391e+01 0.000000000000000000e+00 0.000000000000000000e+00
1.340000000000000000e+02 7.760583313568488961e+01 0.000000000000000000e+00 0.000000000000000000e+00
1.350000000000000000e+02 7.699342101071820821e+01 2.000000000000000000e+00 0.000000000000000000e+00
1.360000000000000000e+02 7.885665657016325270e+01 0.000000000000000000e+00 0.000000000000000000e+00
1.370000000000000000e+02 7.684205257925958676e+01 2.000000000000000000e+00 0.000000000000000000e+00
1.380000000000000000e+02 7.855371457258472390e+01 0.000000000000000000e+00 0.000000000000000000e+00
1.390000000000000000e+02 7.892836258727864163e+01 0.000000000000000000e+00 0.000000000000000000e+00
1.400000000000000000e+02 7.959028982166266530e+01 0.000000000000000000e+00 0.000000000000000000e+00
1.410000000000000000e+02 8.010302978930276652e+01 1.000000000000000000e+00 0.000000000000000000e+00
1.420000000000000000e+02 8.099819937795365377e+01 1.000000000000000000e+00 0.000000000000000000e+00
1.430000000000000000e+02 7.970147218835539604e+01 1.000000000000000000e+00 0.000000000000000000e+00
1.440000000000000000e+02 7.898159923925545911e+01 2.000000000000000000e+00 0.000000000000000000e+00
1.450000000000000000e+02 8.033358128468216819e+01 0.000000000000000000e+00 0.000000000000000000e+00
1.460000000000000000e+02 8.021064140221947980e+01 0.000000000000000000e+00 0.000000000000000000e+00
1.470000000000000000e+02 8.164298715784703120e+01 0.000000000000000000e+00 0.000000000000000000e+00
1.480000000000000000e+02 8.269705749146854146e+01 0.000000000000000000e+00 0.000000000000000000e+00
1.490000000000000000e+02 8.401052075199903868e+01 0.000000000000000000e+00 0.000000000000000000e+00
1.500000000000000000e+02 8.336193280743056278e+01 2.000000000000000000e+00 0.000000000000000000e+00
1.510000000000000000e+02 8.371264887597985194e+01 0.000000000000000000e+00 0.000000000000000000e+00
1.520000000000000000e+02 8.479394807898614772e+01 0.000000000000000000e+00 0.000000000000000000e+00
1.530000000000000000e+02 8.498206324123688660e+01 1.000000000000000000e+00 0.000000000000000000e+00
1.540000000000000000e+02 8.650509227352172559e+01 0.000000000000000000e+00 0.000000000000000000e+00
1.550000000000000000e+02 8.783786385282516562e+01 0.000000000000000000e+00 0.000000000000000000e+00
1.560000000000000000e+02 8.790471028081644533e+01 0.000000000000000000e+00 0.000000000000000000e+00
1.570000000000000000e+02 8.895498193553343924e+01 0.000000000000000000e+00 0.000000000000000000e+00
1.580000000000000000e+02 8.973705380344259197e+01 0.000000000000000000e+00 0.000000000000000000e+00
1.590000000000000000e+02 8.924972229731596940e+01 1.000000000000000000e+00 0.000000000000000000e+00
1.600000000000000000e+02 9.082396702337810268e+01 0.000000000000000000e+00 0.000000000000000000e+00
1.610000000000000000e+02 9.170122248986807278e+01 0.000000000000000000e+00 0.000000000000000000e+00
1.620000000000000000e+02 9.283286089578403733e+01 0.000000000000000000e+00 0.000000000000000000e+00
1.630000000000000000e+02 9.389859771414097622e+01 0.000000000000000000e+00 0.000000000000000000e+00
1.640000000000000000e+02 9.445554767607590918e+01 0.000000000000000000e+00 0.000000000000000000e+00
1.650000000000000000e+02 9.590958746040244876e+01 0.000000000000000000e+00 0.000000000000000000e+00
1.660000000000000000e+02 9.519844672196188640e+01 0.000000000000000000e+00 0.000000000000000000e+00
1.670000000000000000e+02 9.784304387937712022e+01 0.000000000000000000e+00 0.000000000000000000e+00
1.680000000000000000e+02 9.886766769297359758e+01 0.000000000000000000e+00 0.000000000000000000e+00
1.690000000000000000e+02 1.001118403973358113e+02 0.000000000000000000e+00 0.000000000000000000e+00
1.700000000000000000e+02 1.012299035458813705e+02 0.000000000000000000e+00 0.000000000000000000e+00
1.710000000000000000e+02 1.024530702921158820e+02 0.000000000000000000e+00 0.000000000000000000e+00
1.720000000000000000e+02 1.036153395897179337e+02 0.000000000000000000e+00 0.000000000000000000e+00
1.730000000000000000e+02 1.042884201084089568e+02 0.000000000000000000e+00 0.000000000000000000e+00
1.740000000000000000e+02 1.050562875794385178e+02 0.000000000000000000e+00 0.000000000000000000e+00
1.750000000000000000e+02 1.060968665910792765e+02 0.000000000000000000e+00 0.000000000000000000e+00
1.760000000000000000e+02 1.074646020683583885e+02 0.000000000000000000e+00 0.000000000000000000e+00
1.770000000000000000e+02 1.079329187227082940e+02 0.000000000000000000e+00 0.000000000000000000e+00
1.780000000000000000e+02 1.078571331619058498e+02 0.000000000000000000e+00 0.000000000000000000e+00
1.790000000000000000e+02 1.097202003464119571e+02 0.000000000000000000e+00 0.000000000000000000e+00
1.800000000000000000e+02 1.103859762365647015e+02 0.000000000000000000e+00 0.000000000000000000e+00
1.810000000000000000e+02 1.117215177944558206e+02 0.000000000000000000e+00 0.000000000000000000e+00
1.820000000000000000e+02 1.131755408096648097e+02 0.000000000000000000e+00 0.000000000000000000e+00
1.830000000000000000e+02 1.137824289166829033e+02 0.000000000000000000e+00 0.000000000000000000e+00
1.840000000000000000e+02 1.150284304809151479e+02 0.000000000000000000e+00 0.000000000000000000e+00
1.850000000000000000e+02 1.161534883109071217e+02 0.000000000000000000e+00 0.000000000000000000e+00
1.860000000000000000e+02 1.155524877644121204e+02 2.000000000000000000e+00 0.000000000000000000e+00
1.870000000000000000e+02 1.147232403133652383e+02 0.000000000000000000e+00 0.000000000000000000e+00
1.880000000000000000e+02 1.172243563313737553e+02 0.000000000000000000e+00 0.000000000000000000e+00
1.890000000000000000e+02 1.186443929821426053e+02 0.000000000000000000e+00 0.000000000000000000e+00
1.900000000000000000e+02 1.172834707310110218e+02 2.000000000000000000e+00 0.000000000000000000e+00
1.910000000000000000e+02 1.180075243871083472e+02 0.000000000000000000e+00 0.000000000000000000e+00
1.920000000000000000e+02 1.188999442815119068e+02 0.000000000000000000e+00 0.000000000000000000e+00
1.930000000000000000e+02 1.206881346954815655e+02 0.000000000000000000e+00 0.000000000000000000e+00
1.940000000000000000e+02 1.204028985504588718e+02 0.000000000000000000e+00 0.000000000000000000e+00
1.950000000000000000e+02 1.215417812297209395e+02 0.000000000000000000e+00 0.000000000000000000e+00
1.960000000000000000e+02 1.207031160849014384e+02 2.000000000000000000e+00 0.000000000000000000e+00
1.970000000000000000e+02 1.191623775092441662e+02 2.000000000000000000e+00 0.000000000000000000e+00
1.980000000000000000e+02 1.194463044018635003e+02 2.000000000000000000e+00 0.000000000000000000e+00
1.990000000000000000e+02 1.190093476165241952e+02 1.000000000000000000e+00 0.000000000000000000e+00
2.000000000000000000e+02 1.198283144963200471e+02 0.000000000000000000e+00 0.000000000000000000e+00
2.010000000000000000e+02 1.213906018706563685e+02 0.000000000000000000e+00 0.000000000000000000e+00
2.020000000000000000e+02 1.226271296776467068e+02 0.000000000000000000e+00 0.000000000000000000e+00
2.030000000000000000e+02 1.229513365980658648e+02 0.000000000000000000e+00 0.000000000000000000e+00
2.040000000000000000e+02 1.236819233946439027e+02 0.000000000000000000e+00 0.000000000000000000e+00
2.050000000000000000e+02 1.253023935667583117e+02 0.000000000000000000e+00 0.000000000000000000e+00
2.060000000000000000e+02 1.253816934034355768e+02 0.000000000000000000e+00 0.000000000000000000e+00
2.070000000000000000e+02 1.269252409218848641e+02 0.000000000000000000e+00 0.000000000000000000e+00
2.080000000000000000e+02 1.270952024405926437e+02 0.000000000000000000e+00 0.000000000000000000e+00
2.090000000000000000e+02 1.297166747759790155e+02 0.000000000000000000e+00 0.000000000000000000e+00
2.100000000000000000e+02 1.302870284518745905e+02 0.000000000000000000e+00 0.000000000000000000e+00
2.110000000000000000e+02 1.309179769418688011e+02 0.000000000000000000e+00 0.000000000000000000e+00
2.120000000000000000e+02 1.290414924922617956e+02 2.000000000000000000e+00 0.000000000000000000e+00
2.130000000000000000e+02 1.308760825789517241e+02 0.000000000000000000e+00 0.000000000000000000e+00
2.140000000000000000e+02 1.318249035539939769e+02 0.000000000000000000e+00 0.000000000000000000e+00
2.150000000000000000e+02 1.316014464924775780e+02 1.000000000000000000e+00 0.000000000000000000e+00
2.160000000000000000e+02 1.330193330643836020e+02 0.000000000000000000e+00 0.000000000000000000e+00
2.170000000000000000e+02 1.341406279335962211e+02 0.000000000000000000e+00 0.000000000000000000e+00
2.180000000000000000e+02 1.354854939894509300e+02 0.000000000000000000e+00 0.000000000000000000e+00
2.190000000000000000e+02 1.357548074320104661e+02 0.000000000000000000e+00 0.000000000000000000e+00
2.200000000000000000e+02 1.364000561696639977e+02 0.000000000000000000e+00 0.000000000000000000e+00
2.210000000000000000e+02 1.376971696901824487e+02 0.000000000000000000e+00 0.000000000000000000e+00
2.220000000000000000e+02 1.372841178481056943e+02 2.000000000000000000e+00 0.000000000000000000e+00
2.230000000000000000e+02 1.365448446344044555e+02 2.000000000000000000e+00 0.000000000000000000e+00
2.240000000000000000e+02 1.361404189472768564e+02 1.000000000000000000e+00 0.000000000000000000e+00
2.250000000000000000e+02 1.371339511580479211e+02 0.000000000000000000e+00 0.000000000000000000e+00
2.260000000000000000e+02 1.383095972798935236e+02 0.000000000000000000e+00 0.000000000000000000e+00
2.270000000000000000e+02 1.364463101865397050e+02 2.000000000000000000e+00 0.000000000000000000e+00
2.280000000000000000e+02 1.381687830757566360e+02 0.000000000000000000e+00 0.000000000000000000e+00
2.290000000000000000e+02 1.385997681259653120e+02 0.000000000000000000e+00 0.000000000000000000e+00
2.300000000000000000e+02 1.396305301759941813e+02 0.000000000000000000e+00 0.000000000000000000e+00
2.310000000000000000e+02 1.421734383262446499e+02 0.000000000000000000e+00 0.000000000000000000e+00
2.320000000000000000e+02 1.435218486128400457e+02 0.000000000000000000e+00 0.000000000000000000e+00
2.330000000000000000e+02 1.433926571870673001e+02 0.000000000000000000e+00 0.000000000000000000e+00
2.340000000000000000e+02 1.444835863703609107e+02 0.000000000000000000e+00 0.000000000000000000e+00
2.350000000000000000e+02 1.449460561300076620e+02 0.000000000000000000e+00 0.000000000000000000e+00
2.360000000000000000e+02 1.467482769422260560e+02 0.000000000000000000e+00 0.000000000000000000e+00
2.370000000000000000e+02 1.470322078157402927e+02 0.000000000000000000e+00 0.000000000000000000e+00
2.380000000000000000e+02 1.483229961225033264e+02 1.000000000000000000e+00 0.000000000000000000e+00
2.390000000000000000e+02 1.475648686865450827e+02 0.000000000000000000e+00 0.000000000000000000e+00
2.400000000000000000e+02 1.495120121145356791e+02 0.000000000000000000e+00 0.000000000000000000e+00
2.410000000000000000e+02 1.486404891370677603e+02 2.000000000000000000e+00 0.000000000000000000e+00
2.420000000000000000e+02 1.479700451256270526e+02 2.000000000000000000e+00 0.000000000000000000e+00
2.430000000000000000e+02 1.460227151042005005e+02 2.000000000000000000e+00 0.000000000000000000e+00
2.440000000000000000e+02 1.447858456415445403e+02 2.000000000000000000e+00 0.000000000000000000e+00
2.450000000000000000e+02 1.462360995740045269e+02 0.000000000000000000e+00 0.000000000000000000e+00
2.460000000000000000e+02 1.469298838891238006e+02 0.000000000000000000e+00 0.000000000000000000e+00
2.470000000000000000e+02 1.482234798514999454e+02 0.000000000000000000e+00 0.000000000000000000e+00
2.480000000000000000e+02 1.502411567587472234e+02 0.000000000000000000e+00 0.000000000000000000e+00
2.490000000000000000e+02 1.510094506952493703e+02 0.000000000000000000e+00 0.000000000000000000e+00
2.500000000000000000e+02 1.507199827540880790e+02 0.000000000000000000e+00 0.000000000000000000e+00
2.510000000000000000e+02 1.522327618218647842e+02 0.000000000000000000e+00 0.000000000000000000e+00
2.520000000000000000e+02 1.534053279168446124e+02 0.000000000000000000e+00 0.000000000000000000e+00
2.530000000000000000e+02 1.533165692022220412e+02 0.000000000000000000e+00 0.000000000000000000e+00
2.540000000000000000e+02 1.553856343501626611e+02 0.000000000000000000e+00 0.000000000000000000e+00
2.550000000000000000e+02 1.565438978872050768e+02 0.000000000000000000e+00 0.000000000000000000e+00
2.560000000000000000e+02 1.548920239023177601e+02 2.000000000000000000e+00 0.000000000000000000e+00
2.570000000000000000e+02 1.549157113184470802e+02 1.000000000000000000e+00 0.000000000000000000e+00
2.580000000000000000e+02 1.560224270318231561e+02 0.000000000000000000e+00 0.000000000000000000e+00
2.590000000000000000e+02 1.561154080455369808e+02 1.000000000000000000e+00 0.000000000000000000e+00
2.600000000000000000e+02 1.558076174902669777e+02 1.000000000000000000e+00 0.000000000000000000e+00
2.610000000000000000e+02 1.557039652451559562e+02 1.000000000000000000e+00 0.000000000000000000e+00
2.620000000000000000e+02 1.578978376317423056e+02 0.000000000000000000e+00 0.000000000000000000e+00
2.630000000000000000e+02 1.566481314920499983e+02 0.000000000000000000e+00 0.000000000000000000e+00
2.640000000000000000e+02 1.566576023120247498e+02 2.000000000000000000e+00 0.000000000000000000e+00
2.650000000000000000e+02 1.568885889489840793e+02 1.000000000000000000e+00 0.000000000000000000e+00
2.660000000000000000e+02 1.573897121921441453e+02 1.000000000000000000e+00 0.000000000000000000e+00
2.670000000000000000e+02 1.573221455060003962e+02 0.000000000000000000e+00 0.000000000000000000e+00
2.680000000000000000e+02 1.594326042850002523e+02 0.000000000000000000e+00 0.000000000000000000e+00
2.690000000000000000e+02 1.606682609987293233e+02 0.000000000000000000e+00 0.000000000000000000e+00
2.700000000000000000e+02 1.604354946150255898e+02 0.000000000000000000e+00 0.000000000000000000e+00
2.710000000000000000e+02 1.623693151352673567e+02 0.000000000000000000e+00 0.000000000000000000e+00
2.720000000000000000e+02 1.635647532160936066e+02 0.000000000000000000e+00 0.000000000000000000e+00
2.730000000000000000e+02 1.618225094091489211e+02 2.000000000000000000e+00 0.000000000000000000e+00
2.740000000000000000e+02 1.606339159641287608e+02 2.000000000000000000e+00 0.000000000000000000e+00
2.750000000000000000e+02 1.611256306156482481e+02 1.000000000000000000e+00 0.000000000000000000e+00
2.760000000000000000e+02 1.612639224728913234e+02 1.000000000000000000e+00 0.000000000000000000e+00
2.770000000000000000e+02 1.616349932901621287e+02 0.000000000000000000e+00 0.000000000000000000e+00
2.780000000000000000e+02 1.625046029459985562e+02 0.000000000000000000e+00 0.000000000000000000e+00
2.790000000000000000e+02 1.645955626282789694e+02 0.000000000000000000e+00 0.000000000000000000e+00
2.800000000000000000e+02 1.651463626322778850e+02 0.000000000000000000e+00 0.000000000000000000e+00
2.810000000000000000e+02 1.658675242520371853e+02 0.000000000000000000e+00 0.000000000000000000e+00
2.820000000000000000e+02 1.669239467809746031e+02 0.000000000000000000e+00 0.000000000000000000e+00
2.830000000000000000e+02 1.683232538188120770e+02 0.000000000000000000e+00 0.000000000000000000e+00
2.840000000000000000e+02 1.683937930198744084e+02 0.000000000000000000e+00 0.000000000000000000e+00
2.850000000000000000e+02 1.701641876613569480e+02 0.000000000000000000e+00 0.000000000000000000e+00
2.860000000000000000e+02 1.708396134024228843e+02 0.000000000000000000e+00 0.000000000000000000e+00
2.870000000000000000e+02 1.701115610559422464e+02 2.000000000000000000e+00 0.000000000000000000e+00
2.880000000000000000e+02 1.690094382547667919e+02 2.000000000000000000e+00 0.000000000000000000e+00
2.890000000000000000e+02 1.678056012034700757e+02 2.000000000000000000e+00 0.000000000000000000e+00
2.900000000000000000e+02 1.689635575104200029e+02 0.000000000000000000e+00 0.000000000000000000e+00
2.910000000000000000e+02 1.689674209899892787e+02 1.000000000000000000e+00 0.000000000000000000e+00
2.920000000000000000e+02 1.690957210530946782e+02 1.000000000000000000e+00 0.000000000000000000e+00
2.930000000000000000e+02 1.701389307566929006e+02 0.000000000000000000e+00 0.000000000000000000e+00
2.940000000000000000e+02 1.714150224307518044e+02 0.000000000000000000e+00 0.000000000000000000e+00
2.950000000000000000e+02 1.724648421989619180e+02 0.000000000000000000e+00 0.000000000000000000e+00
2.960000000000000000e+02 1.736710881663294685e+02 0.000000000000000000e+00 0.000000000000000000e+00
2.970000000000000000e+02 1.734816487414452126e+02 0.000000000000000000e+00 0.000000000000000000e+00
2.980000000000000000e+02 1.746839797488080990e+02 1.000000000000000000e+00 0.000000000000000000e+00
2.990000000000000000e+02 1.750783695505946866e+02 0.000000000000000000e+00 0.000000000000000000e+00
3.000000000000000000e+02 1.751885619346033138e+02 0.000000000000000000e+00 0.000000000000000000e+00
3.010000000000000000e+02 1.770085838850569360e+02 0.000000000000000000e+00 0.000000000000000000e+00
3.020000000000000000e+02 1.794304554980788282e+02 0.000000000000000000e+00 0.000000000000000000e+00
3.030000000000000000e+02 1.786630250534813626e+02 0.000000000000000000e+00 0.000000000000000000e+00
3.040000000000000000e+02 1.807701888352129629e+02 0.000000000000000000e+00 0.000000000000000000e+00
3.050000000000000000e+02 1.809193245269507315e+02 0.000000000000000000e+00 0.000000000000000000e+00
3.060000000000000000e+02 1.818796485253807873e+02 0.000000000000000000e+00 0.000000000000000000e+00
3.070000000000000000e+02 1.832132040820523855e+02 0.000000000000000000e+00 0.000000000000000000e+00
3.080000000000000000e+02 1.847388183544396725e+02 0.000000000000000000e+00 0.000000000000000000e+00
3.090000000000000000e+02 1.847432012695567209e+02 1.000000000000000000e+00 0.000000000000000000e+00
3.100000000000000000e+02 1.847163828289743321e+02 0.000000000000000000e+00 0.000000000000000000e+00
3.110000000000000000e+02 1.864802389675164136e+02 0.000000000000000000e+00 0.000000000000000000e+00
3.120000000000000000e+02 1.867601747332343791e+02 0.000000000000000000e+00 0.000000000000000000e+00
3.130000000000000000e+02 1.875682084049628600e+02 0.000000000000000000e+00 0.000000000000000000e+00
3.140000000000000000e+02 1.897635944684955973e+02 0.000000000000000000e+00 0.000000000000000000e+00
3.150000000000000000e+02 1.895806940156187466e+02 0.000000000000000000e+00 0.000000000000000000e+00
3.160000000000000000e+02 1.897226634564458436e+02 1.000000000000000000e+00 0.000000000000000000e+00
3.170000000000000000e+02 1.905050520128942821e+02 0.000000000000000000e+00 0.000000000000000000e+00
3.180000000000000000e+02 1.922104969775004406e+02 0.000000000000000000e+00 0.000000000000000000e+00
3.190000000000000000e+02 1.931257886636250873e+02 0.000000000000000000e+00 0.000000000000000000e+00
3.200000000000000000e+02 1.936995938908585515e+02 0.000000000000000000e+00 0.000000000000000000e+00
3.210000000000000000e+02 1.944977851256397230e+02 0.000000000000000000e+00 0.000000000000000000e+00
3.220000000000000000e+02 1.956865949219317713e+02 0.000000000000000000e+00 0.000000000000000000e+00
3.230000000000000000e+02 1.970206491084410345e+02 0.000000000000000000e+00 0.000000000000000000e+00
3.240000000000000000e+02 1.979745779778283747e+02 0.000000000000000000e+00 0.000000000000000000e+00
3.250000000000000000e+02 1.996895566813612675e+02 0.000000000000000000e+00 0.000000000000000000e+00
3.260000000000000000e+02 2.001736049486594027e+02 0.000000000000000000e+00 0.000000000000000000e+00
3.270000000000000000e+02 1.990609146322713343e+02 2.000000000000000000e+00 0.000000000000000000e+00
3.280000000000000000e+02 1.988012144057731234e+02 1.000000000000000000e+00 0.000000000000000000e+00
3.290000000000000000e+02 1.981382512612627238e+02 2.000000000000000000e+00 0.000000000000000000e+00
3.300000000000000000e+02 1.962593623030265633e+02 2.000000000000000000e+00 0.000000000000000000e+00
3.310000000000000000e+02 1.975120558871531671e+02 1.000000000000000000e+00 0.000000000000000000e+00
3.320000000000000000e+02 1.974334560412552264e+02 1.000000000000000000e+00 0.000000000000000000e+00
3.330000000000000000e+02 1.983316927136198444e+02 0.000000000000000000e+00 0.000000000000000000e+00
3.340000000000000000e+02 1.985107300079218362e+02 0.000000000000000000e+00 0.000000000000000000e+00
3.350000000000000000e+02 1.996166466718401296e+02 0.000000000000000000e+00 0.000000000000000000e+00
3.360000000000000000e+02 2.014373813613323136e+02 0.000000000000000000e+00 0.000000000000000000e+00
3.370000000000000000e+02 2.027539377659357740e+02 0.000000000000000000e+00 0.000000000000000000e+00
3.380000000000000000e+02 2.034497000112102114e+02 0.000000000000000000e+00 0.000000000000000000e+00
3.390000000000000000e+02 2.041263373497952216e+02 0.000000000000000000e+00 0.000000000000000000e+00
3.400000000000000000e+02 2.052876152798334033e+02 0.000000000000000000e+00 0.000000000000000000e+00
3.410000000000000000e+02 2.045563570525860086e+02 1.000000000000000000e+00 0.000000000000000000e+00
3.420000000000000000e+02 2.053743570432677075e+02 0.000000000000000000e+00 0.000000000000000000e+00
3.430000000000000000e+02 2.071501186787725715e+02 0.000000000000000000e+00 0.000000000000000000e+00
3.440000000000000000e+02 2.075087016321722047e+02 0.000000000000000000e+00 0.000000000000000000e+00
3.450000000000000000e+02 2.096359196465345178e+02 0.000000000000000000e+00 0.000000000000000000e+00
3.460000000000000000e+02 2.090711030857796118e+02 0.000000000000000000e+00 0.000000000000000000e+00
3.470000000000000000e+02 2.102361166375086725e+02 0.000000000000000000e+00 0.000000000000000000e+00
3.480000000000000000e+02 2.117684405928467868e+02 0.000000000000000000e+00 0.000000000000000000e+00
3.490000000000000000e+02 2.129655071173426961e+02 0.000000000000000000e+00 0.000000000000000000e+00
3.500000000000000000e+02 2.146748210816520555e+02 0.000000000000000000e+00 0.000000000000000000e+00
3.510000000000000000e+02 2.150610397961010563e+02 0.000000000000000000e+00 0.000000000000000000e+00
3.520000000000000000e+02 2.167234704006225741e+02 0.000000000000000000e+00 0.000000000000000000e+00
3.530000000000000000e+02 2.163009632863869172e+02 0.000000000000000000e+00 0.000000000000000000e+00
3.540000000000000000e+02 2.154276669269966078e+02 2.000000000000000000e+00 0.000000000000000000e+00
3.550000000000000000e+02 2.148081049740497690e+02 2.000000000000000000e+00 0.000000000000000000e+00
3.560000000000000000e+02 2.160704471004907248e+02 0.000000000000000000e+00 0.000000000000000000e+00
3.570000000000000000e+02 2.175019913393050217e+02 0.000000000000000000e+00 0.000000000000000000e+00
3.580000000000000000e+02 2.163617145534506960e+02 2.000000000000000000e+00 0.000000000000000000e+00
3.590000000000000000e+02 2.149437541482048744e+02 2.000000000000000000e+00 0.000000000000000000e+00
3.600000000000000000e+02 2.155027889072289327e+02 0.000000000000000000e+00 0.000000000000000000e+00
3.610000000000000000e+02 2.175964702011373504e+02 0.000000000000000000e+00 0.000000000000000000e+00
3.620000000000000000e+02 2.192401698364586480e+02 0.000000000000000000e+00 0.000000000000000000e+00
3.630000000000000000e+02 2.180814353675952475e+02 1.000000000000000000e+00 0.000000000000000000e+00
3.640000000000000000e+02 2.189023790661015880e+02 0.000000000000000000e+00 0.000000000000000000e+00
3.650000000000000000e+02 2.208465184646714761e+02 0.000000000000000000e+00 0.000000000000000000e+00
3.660000000000000000e+02 2.206668692840963502e+02 0.000000000000000000e+00 0.000000000000000000e+00
3.670000000000000000e+02 2.208208824275227187e+02 1.000000000000000000e+00 0.000000000000000000e+00
3.680000000000000000e+02 2.201566880621008693e+02 1.000000000000000000e+00 0.000000000000000000e+00
3.690000000000000000e+02 2.200057427285049698e+02 1.000000000000000000e+00 0.000000000000000000e+00
3.700000000000000000e+02 2.213209245093447919e+02 0.000000000000000000e+00 0.000000000000000000e+00
3.710000000000000000e+02 2.236297903469758239e+02 0.000000000000000000e+00 0.000000000000000000e+00
3.720000000000000000e+02 2.236790313268231785e+02 0.000000000000000000e+00 0.000000000000000000e+00
3.730000000000000000e+02 2.239106184602750318e+02 1.000000000000000000e+00 0.000000000000000000e+00
3.740000000000000000e+02 2.252493324250683031e+02 0.000000000000000000e+00 0.000000000000000000e+00
3.750000000000000000e+02 2.261257419496264731e+02 0.000000000000000000e+00 0.000000000000000000e+00
3.760000000000000000e+02 2.269950890613210106e+02 0.000000000000000000e+00 0.000000000000000000e+00
3.770000000000000000e+02 2.284049476540938599e+02 0.000000000000000000e+00 0.000000000000000000e+00
3.780000000000000000e+02 2.282167212380978185e+02 0.000000000000000000e+00 0.000000000000000000e+00
3.790000000000000000e+02 2.292305878816399343e+02 0.000000000000000000e+00 0.000000000000000000e+00
3.800000000000000000e+02 2.319386230259759714e+02 0.000000000000000000e+00 0.000000000000000000e+00
3.810000000000000000e+02 2.313865258569830985e+02 0.000000000000000000e+00 0.000000000000000000e+00
3.820000000000000000e+02 2.333297216329958133e+02 0.000000000000000000e+00 0.000000000000000000e+00
3.830000000000000000e+02 2.330364019195420724e+02 0.000000000000000000e+00 0.000000000000000000e+00
3.840000000000000000e+02 2.347360367932901966e+02 0.000000000000000000e+00 0.000000000000000000e+00
3.850000000000000000e+02 2.343122871410294863e+02 2.000000000000000000e+00 0.000000000000000000e+00
3.860000000000000000e+02 2.350143661289240526e+02 0.000000000000000000e+00 0.000000000000000000e+00
3.870000000000000000e+02 2.348616629450875735e+02 1.000000000000000000e+00 0.000000000000000000e+00
3.880000000000000000e+02 2.358164904418874528e+02 1.000000000000000000e+00 0.000000000000000000e+00
3.890000000000000000e+02 2.358477543652795134e+02 0.000000000000000000e+00 0.000000000000000000e+00
3.900000000000000000e+02 2.350285779228046010e+02 2.000000000000000000e+00 0.000000000000000000e+00
3.910000000000000000e+02 2.359056290575616117e+02 0.000000000000000000e+00 0.000000000000000000e+00
3.920000000000000000e+02 2.358562093567811644e+02 0.000000000000000000e+00 0.000000000000000000e+00
3.930000000000000000e+02 2.367807390295598964e+02 1.000000000000000000e+00 0.000000000000000000e+00
3.940000000000000000e+02 2.365866280611719787e+02 1.000000000000000000e+00 0.000000000000000000e+00
3.950000000000000000e+02 2.359008753924770474e+02 2.000000000000000000e+00 0.000000000000000000e+00
3.960000000000000000e+02 2.356887467345735274e+02 0.000000000000000000e+00 0.000000000000000000e+00
3.970000000000000000e+02 2.361204733121621189e+02 1.000000000000000000e+00 0.000000000000000000e+00
3.980000000000000000e+02 2.384404972178274988e+02 0.000000000000000000e+00 0.000000000000000000e+00
3.990000000000000000e+02 2.383086180364601887e+02 1.000000000000000000e+00 0.000000000000000000e+00
4.000000000000000000e+02 2.385584511093413198e+02 1.000000000000000000e+00 0.000000000000000000e+00
4.010000000000000000e+02 2.392296342759983645e+02 0.000000000000000000e+00 0.000000000000000000e+00
4.020000000000000000e+02 2.397457426655181507e+02 0.000000000000000000e+00 0.000000000000000000e+00
4.030000000000000000e+02 2.422015621265625498e+02 0.000000000000000000e+00 0.000000000000000000e+00
4.040000000000000000e+02 2.417446777667413187e+02 0.000000000000000000e+00 0.000000000000000000e+00
4.050000000000000000e+02 2.430485037025201507e+02 0.000000000000000000e+00 0.000000000000000000e+00
4.060000000000000000e+02 2.444076896518209026e+02 0.000000000000000000e+00 0.000000000000000000e+00
4.070000000000000000e+02 2.443222358494306263e+02 1.000000000000000000e+00 0.000000000000000000e+00
4.080000000000000000e+02 2.449368281850457834e+02 0.000000000000000000e+00 0.000000000000000000e+00
4.090000000000000000e+02 2.436854996714834840e+02 2.000000000000000000e+00 0.000000000000000000e+00
4.100000000000000000e+02 2.430613925814857055e+02 2.000000000000000000e+00 0.000000000000000000e+00
4.110000000000000000e+02 2.422541242622044990e+02 1.000000000000000000e+00 0.000000000000000000e+00
4.120000000000000000e+02 2.424590973972580912e+02 2.000000000000000000e+00 0.000000000000000000e+00
4.130000000000000000e+02 2.400706688967715934e+02 2.000000000000000000e+00 0.000000000000000000e+00
4.140000000000000000e+02 2.413959891959280810e+02 1.000000000000000000e+00 0.000000000000000000e+00
4.150000000000000000e+02 2.418966867093313340e+02 1.000000000000000000e+00 0.000000000000000000e+00
4.160000000000000000e+02 2.418775591397932203e+02 0.000000000000000000e+00 0.000000000000000000e+00
4.170000000000000000e+02 2.431391771434622910e+02 0.000000000000000000e+00 0.000000000000000000e+00
4.180000000000000000e+02 2.436511749143264467e+02 0.000000000000000000e+00 0.000000000000000000e+00
4.190000000000000000e+02 2.443001021840863416e+02 0.000000000000000000e+00 0.000000000000000000e+00
4.200000000000000000e+02 2.454357163871604257e+02 0.000000000000000000e+00 0.000000000000000000e+00
4.210000000000000000e+02 2.467571451111038527e+02 1.000000000000000000e+00 0.000000000000000000e+00
4.220000000000000000e+02 2.472459947223616155e+02 0.000000000000000000e+00 0.000000000000000000e+00
4.230000000000000000e+02 2.466884909126738137e+02 2.000000000000000000e+00 0.000000000000000000e+00
4.240000000000000000e+02 2.468780408230311707e+02 0.000000000000000000e+00 0.000000000000000000e+00
4.250000000000000000e+02 2.478972756009744671e+02 0.000000000000000000e+00 0.000000000000000000e+00
4.260000000000000000e+02 2.487408699846394597e+02 0.000000000000000000e+00 0.000000000000000000e+00
4.270000000000000000e+02 2.493836242959532399e+02 0.000000000000000000e+00 0.000000000000000000e+00
4.280000000000000000e+02 2.519078507584263491e+02 0.000000000000000000e+00 0.000000000000000000e+00
4.290000000000000000e+02 2.514984726747729837e+02 0.000000000000000000e+00 0.000000000000000000e+00
4.300000000000000000e+02 2.529535785244952706e+02 0.000000000000000000e+00 0.000000000000000000e+00
4.310000000000000000e+02 2.526729761211680625e+02 1.000000000000000000e+00 0.000000000000000000e+00
4.320000000000000000e+02 2.541600659090895249e+02 0.000000000000000000e+00 0.000000000000000000e+00
4.330000000000000000e+02 2.550454553272662963e+02 0.000000000000000000e+00 0.000000000000000000e+00
4.340000000000000000e+02 2.556734030339627566e+02 0.000000000000000000e+00 0.000000000000000000e+00
4.350000000000000000e+02 2.571788735983424772e+02 0.000000000000000000e+00 0.000000000000000000e+00
4.360000000000000000e+02 2.571909384920615480e+02 0.000000000000000000e+00 0.000000000000000000e+00
4.370000000000000000e+02 2.582130927425171194e+02 0.000000000000000000e+00 0.000000000000000000e+00
4.380000000000000000e+02 2.603455188040786652e+02 0.000000000000000000e+00 0.000000000000000000e+00
4.390000000000000000e+02 2.595182510588289801e+02 1.000000000000000000e+00 0.000000000000000000e+00
4.400000000000000000e+02 2.604922950206660630e+02 0.000000000000000000e+00 0.000000000000000000e+00
4.410000000000000000e+02 2.618682683682194465e+02 0.000000000000000000e+00 0.000000000000000000e+00
4.420000000000000000e+02 2.608165429562176314e+02 2.000000000000000000e+00 0.000000000000000000e+00
4.430000000000000000e+02 2.591795098003211706e+02 2.000000000000000000e+00 0.000000000000000000e+00
4.440000000000000000e+02 2.602266138555771704e+02 1.000000000000000000e+00 0.000000000000000000e+00
4.450000000000000000e+02 2.595726451168341669e+02 1.000000000000000000e+00 0.000000000000000000e+00
4.460000000000000000e+02 2.616238553898489272e+02 0.000000000000000000e+00 0.000000000000000000e+00
4.470000000000000000e+02 2.615992097318662672e+02 0.000000000000000000e+00 0.000000000000000000e+00
4.480000000000000000e+02 2.633993001992922132e+02 0.000000000000000000e+00 0.000000000000000000e+00
4.490000000000000000e+02 2.642392868660699605e+02 0.000000000000000000e+00 0.000000000000000000e+00
4.500000000000000000e+02 2.648763256780027291e+02 0.000000000000000000e+00 0.000000000000000000e+00
4.510000000000000000e+02 2.652126345599463662e+02 1.000000000000000000e+00 0.000000000000000000e+00
4.520000000000000000e+02 2.667119177767656879e+02 0.000000000000000000e+00 0.000000000000000000e+00
4.530000000000000000e+02 2.673903809049155598e+02 0.000000000000000000e+00 0.000000000000000000e+00
4.540000000000000000e+02 2.677004752413399160e+02 0.000000000000000000e+00 0.000000000000000000e+00
4.550000000000000000e+02 2.695145762256253761e+02 0.000000000000000000e+00 0.000000000000000000e+00
4.560000000000000000e+02 2.703634641845818010e+02 0.000000000000000000e+00 0.000000000000000000e+00
4.570000000000000000e+02 2.713540447460569567e+02 0.000000000000000000e+00 0.000000000000000000e+00
4.580000000000000000e+02 2.725063301797707140e+02 0.000000000000000000e+00 0.000000000000000000e+00
4.590000000000000000e+02 2.727790349258984293e+02 0.000000000000000000e+00 0.000000000000000000e+00
4.600000000000000000e+02 2.736822182763557976e+02 1.000000000000000000e+00 0.000000000000000000e+00
4.610000000000000000e+02 2.737998562729731589e+02 0.000000000000000000e+00 0.000000000000000000e+00
4.620000000000000000e+02 2.759555723061690742e+02 0.000000000000000000e+00 0.000000000000000000e+00
4.630000000000000000e+02 2.757569084440863776e+02 0.000000000000000000e+00 0.000000000000000000e+00
4.640000000000000000e+02 2.766062927454961482e+02 0.000000000000000000e+00 0.000000000000000000e+00
4.650000000000000000e+02 2.769329334405045415e+02 1.000000000000000000e+00 0.000000000000000000e+00
4.660000000000000000e+02 2.767949390564960481e+02 1.000000000000000000e+00 0.000000000000000000e+00
4.670000000000000000e+02 2.756469869730283904e+02 2.000000000000000000e+00 0.000000000000000000e+00
4.680000000000000000e+02 2.765859260036647811e+02 0.000000000000000000e+00 0.000000000000000000e+00
4.690000000000000000e+02 2.772860334955956318e+02 0.000000000000000000e+00 0.000000000000000000e+00
4.700000000000000000e+02 2.793370943181511166e+02 0.000000000000000000e+00 0.000000000000000000e+00
4.710000000000000000e+02 2.801531413826743915e+02 0.000000000000000000e+00 0.000000000000000000e+00
4.720000000000000000e+02 2.819283871906775403e+02 0.000000000000000000e+00 0.000000000000000000e+00
4.730000000000000000e+02 2.793185635881061444e+02 2.000000000000000000e+00 0.000000000000000000e+00
4.740000000000000000e+02 2.807014715798082989e+02 0.000000000000000000e+00 0.000000000000000000e+00
4.750000000000000000e+02 2.819149818058308483e+02 0.000000000000000000e+00 0.000000000000000000e+00
4.760000000000000000e+02 2.821684348417103365e+02 1.000000000000000000e+00 0.000000000000000000e+00
4.770000000000000000e+02 2.819104601162358676e+02 1.000000000000000000e+00 0.000000000000000000e+00
4.780000000000000000e+02 2.806450226938010246e+02 2.000000000000000000e+00 0.000000000000000000e+00
4.790000000000000000e+02 2.804419980874715179e+02 2.000000000000000000e+00 0.000000000000000000e+00
4.800000000000000000e+02 2.804809088504284205e+02 0.000000000000000000e+00 0.000000000000000000e+00
4.810000000000000000e+02 2.809859964882694499e+02 0.000000000000000000e+00 0.000000000000000000e+00
4.820000000000000000e+02 2.826453228922255789e+02 0.000000000000000000e+00 0.000000000000000000e+00
4.830000000000000000e+02 2.846054758165751082e+02 0.000000000000000000e+00 0.000000000000000000e+00
4.840000000000000000e+02 2.850146598223716978e+02 0.000000000000000000e+00 0.000000000000000000e+00
4.850000000000000000e+02 2.860042916947672893e+02 0.000000000000000000e+00 0.000000000000000000e+00
4.860000000000000000e+02 2.846418834873975925e+02 2.000000000000000000e+00 0.000000000000000000e+00
4.870000000000000000e+02 2.845042280079449597e+02 1.000000000000000000e+00 0.000000000000000000e+00
4.880000000000000000e+02 2.848952592572425715e+02 2.000000000000000000e+00 0.000000000000000000e+00
4.890000000000000000e+02 2.822146775029893320e+02 2.000000000000000000e+00 0.000000000000000000e+00
4.900000000000000000e+02 2.827907873465354101e+02 2.000000000000000000e+00 0.000000000000000000e+00
4.910000000000000000e+02 2.824426097060963343e+02 0.000000000000000000e+00 0.000000000000000000e+00
4.920000000000000000e+02 2.840726140776716306e+02 0.000000000000000000e+00 0.000000000000000000e+00
4.930000000000000000e+02 2.848399897586480733e+02 0.000000000000000000e+00 0.000000000000000000e+00
4.940000000000000000e+02 2.868463943608227282e+02 0.000000000000000000e+00 0.000000000000000000e+00
4.950000000000000000e+02 2.863184382828451930e+02 0.000000000000000000e+00 0.000000000000000000e+00
4.960000000000000000e+02 2.885040996830057907e+02 0.000000000000000000e+00 0.000000000000000000e+00
4.970000000000000000e+02 2.868409976371428343e+02 2.000000000000000000e+00 0.000000000000000000e+00
4.980000000000000000e+02 2.864862119616032601e+02 1.000000000000000000e+00 0.000000000000000000e+00
4.990000000000000000e+02 2.847167385479435211e+02 2.000000000000000000e+00 0.000000000000000000e+00
5.000000000000000000e+02 2.875337010496558605e+02 0.000000000000000000e+00 0.000000000000000000e+00
5.010000000000000000e+02 2.872360225511923773e+02 0.000000000000000000e+00 0.000000000000000000e+00
5.020000000000000000e+02 2.895679615036666519e+02 0.000000000000000000e+00 0.000000000000000000e+00
5.030000000000000000e+02 2.904252864613225711e+02 0.000000000000000000e+00 0.000000000000000000e+00
5.040000000000000000e+02 2.918740352641349887e+02 0.000000000000000000e+00 0.000000000000000000e+00
5.050000000000000000e+02 2.917995648489687142e+02 0.000000000000000000e+00 0.000000000000000000e+00
5.060000000000000000e+02 2.935832282872826227e+02 0.000000000000000000e+00 0.000000000000000000e+00
5.070000000000000000e+02 2.941285822880286673e+02 0.000000000000000000e+00 0.000000000000000000e+00
5.080000000000000000e+02 2.955685070478623402e+02 0.000000000000000000e+00 0.000000000000000000e+00
5.090000000000000000e+02 2.961174920625179539e+02 0.000000000000000000e+00 0.000000000000000000e+00
5.100000000000000000e+02 2.968726779949817001e+02 0.000000000000000000e+00 0.000000000000000000e+00
5.110000000000000000e+02 2.965268821874308856e+02 1.000000000000000000e+00 0.000000000000000000e+00
5.120000000000000000e+02 2.979904956709564772e+02 0.000000000000000000e+00 0.000000000000000000e+00
5.130000000000000000e+02 2.988618626149802253e+02 0.000000000000000000e+00 0.000000000000000000e+00
5.140000000000000000e+02 2.997257280998137503e+02 0.000000000000000000e+00 0.000000000000000000e+00
5.150000000000000000e+02 3.016365058856810037e+02 0.000000000000000000e+00 0.000000000000000000e+00
5.160000000000000000e+02 3.028204167354360834e+02 0.000000000000000000e+00 0.000000000000000000e+00
5.170000000000000000e+02 3.025431004205190675e+02 0.000000000000000000e+00 0.000000000000000000e+00
5.180000000000000000e+02 3.039245018595763668e+02 0.000000000000000000e+00 0.000000000000000000e+00
5.190000000000000000e+02 3.048329300893905724e+02 0.000000000000000000e+00 0.000000000000000000e+00
5.200000000000000000e+02 3.048071749592403421e+02 0.000000000000000000e+00 0.000000000000000000e+00
5.210000000000000000e+02 3.084945469233637709e+02 0.000000000000000000e+00 0.000000000000000000e+00
5.220000000000000000e+02 3.068672451631513240e+02 0.000000000000000000e+00 0.000000000000000000e+00
5.230000000000000000e+02 3.090274334568004519e+02 0.000000000000000000e+00 0.000000000000000000e+00
5.240000000000000000e+02 3.107657255603515409e+02 0.000000000000000000e+00 0.000000000000000000e+00
5.250000000000000000e+02 3.113301193123447774e+02 0.000000000000000000e+00 0.000000000000000000e+00
5.260000000000000000e+02 3.120368423447390001e+02 0.000000000000000000e+00 0.000000000000000000e+00
5.270000000000000000e+02 3.116739497748893655e+02 0.000000000000000000e+00 0.000000000000000000e+00
5.280000000000000000e+02 3.141911175796003590e+02 0.000000000000000000e+00 0.000000000000000000e+00
5.290000000000000000e+02 3.139710274270443051e+02 1.000000000000000000e+00 0.000000000000000000e+00
5.300000000000000000e+02 3.145186043964061469e+02 0.000000000000000000e+00 0.000000000000000000e+00
5.310000000000000000e+02 3.159596676165515419e+02 0.000000000000000000e+00 0.000000000000000000e+00
5.320000000000000000e+02 3.146200057746478365e+02 2.000000000000000000e+00 0.000000000000000000e+00
5.330000000000000000e+02 3.154115804787116986e+02 1.000000000000000000e+00 0.000000000000000000e+00
5.340000000000000000e+02 3.164811767593651552e+02 0.000000000000000000e+00 0.000000000000000000e+00
5.350000000000000000e+02 3.166833790461820968e+02 0.000000000000000000e+00 0.000000000000000000e+00
5.360000000000000000e+02 3.188110800433303780e+02 0.000000000000000000e+00 0.000000000000000000e+00
5.370000000000000000e+02 3.186819296831301358e+02 0.000000000000000000e+00 0.000000000000000000e+00
5.380000000000000000e+02 3.206205838391933867e+02 0.000000000000000000e+00 0.000000000000000000e+00
5.390000000000000000e+02 3.200250746401351876e+02 1.000000000000000000e+00 0.000000000000000000e+00
5.400000000000000000e+02 3.201820592294178596e+02 0.000000000000000000e+00 0.000000000000000000e+00
5.410000000000000000e+02 3.217984538662830118e+02 0.000000000000000000e+00 0.000000000000000000e+00
5.420000000000000000e+02 3.223275677504203145e+02 0.000000000000000000e+00 0.000000000000000000e+00
5.430000000000000000e+02 3.245358528196674683e+02 0.000000000000000000e+00 0.000000000000000000e+00
5.440000000000000000e+02 3.252279524615447031e+02 0.000000000000000000e+00 0.000000000000000000e+00
5.450000000000000000e+02 3.260785208976599847e+02 0.000000000000000000e+00 0.000000000000000000e+00
5.460000000000000000e+02 3.273571343016536161e+02 0.000000000000000000e+00 0.000000000000000000e+00
5.470000000000000000e+02 3.276862420187725888e+02 0.000000000000000000e+00 0.000000000000000000e+00
5.480000000000000000e+02 3.293526712666067624e+02 0.000000000000000000e+00 0.000000000000000000e+00
5.490000000000000000e+02 3.302036738443933928e+02 0.000000000000000000e+00 0.000000000000000000e+00
5.500000000000000000e+02 3.317531876808689049e+02 0.000000000000000000e+00 0.000000000000000000e+00
5.510000000000000000e+02 3.314530556434999085e+02 0.000000000000000000e+00 0.000000000000000000e+00
5.520000000000000000e+02 3.333190516459188757e+02 0.000000000000000000e+00 0.000000000000000000e+00
5.530000000000000000e+02 3.349798952452630942e+02 0.000000000000000000e+00 0.000000000000000000e+00
5.540000000000000000e+02 3.348720063047559279e+02 0.000000000000000000e+00 0.000000000000000000e+00
5.550000000000000000e+02 3.356781092717593538e+02 0.000000000000000000e+00 0.000000000000000000e+00
5.560000000000000000e+02 3.368784142850871604e+02 0.000000000000000000e+00 0.000000000000000000e+00
5.570000000000000000e+02 3.380667917777672642e+02 0.000000000000000000e+00 0.000000000000000000e+00
5.580000000000000000e+02 3.382880362406448853e+02 0.000000000000000000e+00 0.000000000000000000e+00
5.590000000000000000e+02 3.403944801527900950e+02 0.000000000000000000e+00 0.000000000000000000e+00
5.600000000000000000e+02 3.411780258673007324e+02 1.000000000000000000e+00 0.000000000000000000e+00
5.610000000000000000e+02 3.397073039612625394e+02 1.000000000000000000e+00 0.000000000000000000e+00
5.620000000000000000e+02 3.409559095126782609e+02 0.000000000000000000e+00 0.000000000000000000e+00
5.630000000000000000e+02 3.401959348792727837e+02 2.000000000000000000e+00 0.000000000000000000e+00
5.640000000000000000e+02 3.392946603342126082e+02 2.000000000000000000e+00 0.000000000000000000e+00
5.650000000000000000e+02 3.406770562227818004e+02 0.000000000000000000e+00 0.000000000000000000e+00
5.660000000000000000e+02 3.403533872347796887e+02 0.000000000000000000e+00 0.000000000000000000e+00
5.670000000000000000e+02 3.419958917658247515e+02 0.000000000000000000e+00 0.000000000000000000e+00
5.680000000000000000e+02 3.427579031769719222e+02 0.000000000000000000e+00 0.000000000000000000e+00
5.690000000000000000e+02 3.438855241302828176e+02 0.000000000000000000e+00 0.000000000000000000e+00
5.700000000000000000e+02 3.450739588714253046e+02 0.000000000000000000e+00 0.000000000000000000e+00
5.710000000000000000e+02 3.462866469319297380e+02 0.000000000000000000e+00 0.000000000000000000e+00
5.720000000000000000e+02 3.460047225801320678e+02 0.000000000000000000e+00 0.000000000000000000e+00
5.730000000000000000e+02 3.484914906529818381e+02 0.000000000000000000e+00 0.000000000000000000e+00
5.740000000000000000e+02 3.488589368061271330e+02 1.000000000000000000e+00 0.000000000000000000e+00
5.750000000000000000e+02 3.493292646912559576e+02 0.000000000000000000e+00 0.000000000000000000e+00
5.760000000000000000e+02 3.499578584779939092e+02 0.000000000000000000e+00 0.000000000000000000e+00
5.770000000000000000e+02 3.515903751634360788e+02 0.000000000000000000e+00 0.000000000000000000e+00
5.780000000000000000e+02 3.519609004802878189e+02 0.000000000000000000e+00 0.000000000000000000e+00
5.790000000000000000e+02 3.534148383329364833e+02 0.000000000000000000e+00 0.000000000000000000e+00
5.800000000000000000e+02 3.543189813111605986e+02 0.000000000000000000e+00 0.000000000000000000e+00
5.810000000000000000e+02 3.551589217197472976e+02 0.000000000000000000e+00 0.000000000000000000e+00
5.820000000000000000e+02 3.560697629890496501e+02 0.000000000000000000e+00 0.000000000000000000e+00
5.830000000000000000e+02 3.566641644477268187e+02 0.000000000000000000e+00 0.000000000000000000e+00
5.840000000000000000e+02 3.578393724300302097e+02 0.000000000000000000e+00 0.000000000000000000e+00
5.850000000000000000e+02 3.578351648508637481e+02 1.000000000000000000e+00 0.000000000000000000e+00
5.860000000000000000e+02 3.573821822478607828e+02 2.000000000000000000e+00 0.000000000000000000e+00
5.870000000000000000e+02 3.553141316364904583e+02 2.000000000000000000e+00 0.000000000000000000e+00
5.880000000000000000e+02 3.552287568427572069e+02 2.000000000000000000e+00 0.000000000000000000e+00
5.890000000000000000e+02 3.550938753460666248e+02 1.000000000000000000e+00 0.000000000000000000e+00
5.900000000000000000e+02 3.551729608386406198e+02 0.000000000000000000e+00 0.000000000000000000e+00
5.910000000000000000e+02 3.571156905866037050e+02 0.000000000000000000e+00 0.000000000000000000e+00
5.920000000000000000e+02 3.580986072892291645e+02 0.000000000000000000e+00 0.000000000000000000e+00
5.930000000000000000e+02 3.589655211111803510e+02 0.000000000000000000e+00 0.000000000000000000e+00
5.940000000000000000e+02 3.592912498736432667e+02 0.000000000000000000e+00 0.000000000000000000e+00
5.950000000000000000e+02 3.608658612298603430e+02 0.000000000000000000e+00 0.000000000000000000e+00
5.960000000000000000e+02 3.598958067693156977e+02 2.000000000000000000e+00 0.000000000000000000e+00
5.970000000000000000e+02 3.581059906969878739e+02 2.000000000000000000e+00 0.000000000000000000e+00
5.980000000000000000e+02 3.598800618841989944e+02 0.000000000000000000e+00 0.000000000000000000e+00
5.990000000000000000e+02 3.599569119665890753e+02 0.000000000000000000e+00 0.000000000000000000e+00
6.000000000000000000e+02 3.626334125902948244e+02 0.000000000000000000e+00 0.000000000000000000e+00
6.010000000000000000e+02 3.629085186228107887e+02 0.000000000000000000e+00 0.000000000000000000e+00
6.020000000000000000e+02 3.637740780405318901e+02 0.000000000000000000e+00 0.000000000000000000e+00
6.030000000000000000e+02 3.657290063064426704e+02 0.000000000000000000e+00 0.000000000000000000e+00
6.040000000000000000e+02 3.640714490979838160e+02 2.000000000000000000e+00 0.000000000000000000e+00
6.050000000000000000e+02 3.635067090214367909e+02 1.000000000000000000e+00 0.000000000000000000e+00
6.060000000000000000e+02 3.630843011878818061e+02 2.000000000000000000e+00 0.000000000000000000e+00
6.070000000000000000e+02 3.644553971539029931e+02 0.000000000000000000e+00 0.000000000000000000e+00
6.080000000000000000e+02 3.652689177125978404e+02 0.000000000000000000e+00 0.000000000000000000e+00
6.090000000000000000e+02 3.661174166401963816e+02 0.000000000000000000e+00 0.000000000000000000e+00
6.100000000000000000e+02 3.672598488331213957e+02 0.000000000000000000e+00 0.000000000000000000e+00
6.110000000000000000e+02 3.685532392904928543e+02 0.000000000000000000e+00 0.000000000000000000e+00
6.120000000000000000e+02 3.694174634150757015e+02 0.000000000000000000e+00 0.000000000000000000e+00
6.130000000000000000e+02 3.686087174942122147e+02 0.000000000000000000e+00 0.000000000000000000e+00
6.140000000000000000e+02 3.707948216896049303e+02 0.000000000000000000e+00 0.000000000000000000e+00
6.150000000000000000e+02 3.718838051346205020e+02 0.000000000000000000e+00 0.000000000000000000e+00
6.160000000000000000e+02 3.731498514834476623e+02 0.000000000000000000e+00 0.000000000000000000e+00
6.170000000000000000e+02 3.746070799289117303e+02 0.000000000000000000e+00 0.000000000000000000e+00
6.180000000000000000e+02 3.748374097854058391e+02 0.000000000000000000e+00 0.000000000000000000e+00
6.190000000000000000e+02 3.748902794770277751e+02 0.000000000000000000e+00 0.000000000000000000e+00
6.200000000000000000e+02 3.775481847724966542e+02 0.000000000000000000e+00 0.000000000000000000e+00
6.210000000000000000e+02 3.779026763957931507e+02 0.000000000000000000e+00 0.000000000000000000e+00
6.220000000000000000e+02 3.784215719448890809e+02 0.000000000000000000e+00 0.000000000000000000e+00
6.230000000000000000e+02 3.796116790072528033e+02 0.000000000000000000e+00 0.000000000000000000e+00
6.240000000000000000e+02 3.807904537477980398e+02 0.000000000000000000e+00 0.000000000000000000e+00
6.250000000000000000e+02 3.817827312621002989e+02 0.000000000000000000e+00 0.000000000000000000e+00
6.260000000000000000e+02 3.822105494718455247e+02 1.000000000000000000e+00 0.000000000000000000e+00
6.270000000000000000e+02 3.814546565969270091e+02 1.000000000000000000e+00 0.000000000000000000e+00
6.280000000000000000e+02 3.829283613956716863e+02 1.000000000000000000e+00 0.000000000000000000e+00
6.290000000000000000e+02 3.826264645321410285e+02 0.000000000000000000e+00 0.000000000000000000e+00
6.300000000000000000e+02 3.844789985710161773e+02 0.000000000000000000e+00 0.000000000000000000e+00
6.310000000000000000e+02 3.857291614376981101e+02 0.000000000000000000e+00 0.000000000000000000e+00
6.320000000000000000e+02 3.843569868612427172e+02 2.000000000000000000e+00 0.000000000000000000e+00
6.330000000000000000e+02 3.822955154901525816e+02 2.000000000000000000e+00 0.000000000000000000e+00
6.340000000000000000e+02 3.846360229829194282e+02 0.000000000000000000e+00 0.000000000000000000e+00
6.350000000000000000e+02 3.852533158454309614e+02 0.000000000000000000e+00 0.000000000000000000e+00
6.360000000000000000e+02 3.854819433046413337e+02 0.000000000000000000e+00 0.000000000000000000e+00
6.370000000000000000e+02 3.865124597242522100e+02 0.000000000000000000e+00 0.000000000000000000e+00
6.380000000000000000e+02 3.878784426381396315e+02 0.000000000000000000e+00 0.000000000000000000e+00
6.390000000000000000e+02 3.887757304744839644e+02 0.000000000000000000e+00 0.000000000000000000e+00
6.400000000000000000e+02 3.896922831636160822e+02 0.000000000000000000e+00 0.000000000000000000e+00
6.410000000000000000e+02 3.907790970223805971e+02 0.000000000000000000e+00 0.000000000000000000e+00
6.420000000000000000e+02 3.916340797742539621e+02 0.000000000000000000e+00 0.000000000000000000e+00
6.430000000000000000e+02 3.929478500414651307e+02 0.000000000000000000e+00 0.000000000000000000e+00
6.440000000000000000e+02 3.943274576850400308e+02 0.000000000000000000e+00 0.000000000000000000e+00
6.450000000000000000e+02 3.925671993213890119e+02 1.000000000000000000e+00 0.000000000000000000e+00
6.460000000000000000e+02 3.947495114197840849e+02 0.000000000000000000e+00 0.000000000000000000e+00
6.470000000000000000e+02 3.960302848686665698e+02 0.000000000000000000e+00 0.000000000000000000e+00
6.480000000000000000e+02 3.975832588455338055e+02 0.000000000000000000e+00 0.000000000000000000e+00
6.490000000000000000e+02 3.984032153411018840e+02 0.000000000000000000e+00 0.000000000000000000e+00
6.500000000000000000e+02 3.982750951387343434e+02 0.000000000000000000e+00 0.000000000000000000e+00
6.510000000000000000e+02 4.004484748992354071e+02 0.000000000000000000e+00 0.000000000000000000e+00
6.520000000000000000e+02 4.012535150275055003e+02 0.000000000000000000e+00 0.000000000000000000e+00
6.530000000000000000e+02 4.015139841778986920e+02 0.000000000000000000e+00 0.000000000000000000e+00
6.540000000000000000e+02 4.031613060005125817e+02 0.000000000000000000e+00 0.000000000000000000e+00
6.550000000000000000e+02 4.038996542163889671e+02 0.000000000000000000e+00 0.000000000000000000e+00
6.560000000000000000e+02 4.054157127499102558e+02 0.000000000000000000e+00 0.000000000000000000e+00
6.570000000000000000e+02 4.057265715410852636e+02 0.000000000000000000e+00 0.000000000000000000e+00
6.580000000000000000e+02 4.066846724136262878e+02 0.000000000000000000e+00 0.000000000000000000e+00
6.590000000000000000e+02 4.077789699036148363e+02 0.000000000000000000e+00 0.000000000000000000e+00
6.600000000000000000e+02 4.091222665112235859e+02 0.000000000000000000e+00 0.000000000000000000e+00
6.610000000000000000e+02 4.101704646211237559e+02 0.000000000000000000e+00 0.000000000000000000e+00
6.620000000000000000e+02 4.095204183492606376e+02 2.000000000000000000e+00 0.000000000000000000e+00
6.630000000000000000e+02 4.102428471658103604e+02 0.000000000000000000e+00 0.000000000000000000e+00
6.640000000000000000e+02 4.111510089989964740e+02 0.000000000000000000e+00 0.000000000000000000e+00
6.650000000000000000e+02 4.114870746239151345e+02 0.000000000000000000e+00 0.000000000000000000e+00
6.660000000000000000e+02 4.132209339178539835e+02 0.000000000000000000e+00 0.000000000000000000e+00
6.670000000000000000e+02 4.138965772443792162e+02 0.000000000000000000e+00 0.000000000000000000e+00
6.680000000000000000e+02 4.147455709447586969e+02 0.000000000000000000e+00 0.000000000000000000e+00
6.690000000000000000e+02 4.159341640494348553e+02 0.000000000000000000e+00 0.000000000000000000e+00
6.700000000000000000e+02 4.164953387558327904e+02 0.000000000000000000e+00 0.000000000000000000e+00
6.710000000000000000e+02 4.173484283221386022e+02 1.000000000000000000e+00 0.000000000000000000e+00
6.720000000000000000e+02 4.161015968219558090e+02 2.000000000000000000e+00 0.000000000000000000e+00
6.730000000000000000e+02 4.174321769368920059e+02 0.000000000000000000e+00 0.000000000000000000e+00
6.740000000000000000e+02 4.185214550997284277e+02 0.000000000000000000e+00 0.000000000000000000e+00
6.750000000000000000e+02 4.194182180222365446e+02 0.000000000000000000e+00 0.000000000000000000e+00
6.760000000000000000e+02 4.204997153840103010e+02 0.000000000000000000e+00 0.000000000000000000e+00
6.770000000000000000e+02 4.210266589170604448e+02 1.000000000000000000e+00 0.000000000000000000e+00
6.780000000000000000e+02 4.210081450588829739e+02 0.000000000000000000e+00 0.000000000000000000e+00
6.790000000000000000e+02 4.206274440885917443e+02 1.000000000000000000e+00 0.000000000000000000e+00
6.800000000000000000e+02 4.211087950792074253e+02 1.000000000000000000e+00 0.000000000000000000e+00
6.810000000000000000e+02 4.198092495780807667e+02 2.000000000000000000e+00 0.000000000000000000e+00
6.820000000000000000e+02 4.199586728128302866e+02 1.000000000000000000e+00 0.000000000000000000e+00
6.830000000000000000e+02 4.207891698378928709e+02 0.000000000000000000e+00 0.000000000000000000e+00
6.840000000000000000e+02 4.226331809149785954e+02 0.000000000000000000e+00 0.000000000000000000e+00
6.850000000000000000e+02 4.229414248585287623e+02 0.000000000000000000e+00 0.000000000000000000e+00
6.860000000000000000e+02 4.243107324014227970e+02 0.000000000000000000e+00 0.000000000000000000e+00
6.870000000000000000e+02 4.258580528709753708e+02 0.000000000000000000e+00 0.000000000000000000e+00
6.880000000000000000e+02 4.262125693071434966e+02 0.000000000000000000e+00 0.000000000000000000e+00
6.890000000000000000e+02 4.274853505746287397e+02 0.000000000000000000e+00 0.000000000000000000e+00
6.900000000000000000e+02 4.285306690131832283e+02 0.000000000000000000e+00 0.000000000000000000e+00
6.910000000000000000e+02 4.292229486922294086e+02 0.000000000000000000e+00 0.000000000000000000e+00
6.920000000000000000e+02 4.307162593320039718e+02 0.000000000000000000e+00 0.000000000000000000e+00
6.930000000000000000e+02 4.290254103724740276e+02 2.000000000000000000e+00 0.000000000000000000e+00
6.940000000000000000e+02 4.302363159858003314e+02 0.000000000000000000e+00 0.000000000000000000e+00
6.950000000000000000e+02 4.304597800877305076e+02 0.000000000000000000e+00 0.000000000000000000e+00
6.960000000000000000e+02 4.322252096953812952e+02 0.000000000000000000e+00 0.000000000000000000e+00
6.970000000000000000e+02 4.325596040408337331e+02 0.000000000000000000e+00 0.000000000000000000e+00
6.980000000000000000e+02 4.342954436134756975e+02 0.000000000000000000e+00 0.000000000000000000e+00
6.990000000000000000e+02 4.340412829465115578e+02 1.000000000000000000e+00 0.000000000000000000e+00
7.000000000000000000e+02 4.347897067734887173e+02 0.000000000000000000e+00 0.000000000000000000e+00
7.010000000000000000e+02 4.349533867057999714e+02 0.000000000000000000e+00 0.000000000000000000e+00
7.020000000000000000e+02 4.378670373965142630e+02 0.000000000000000000e+00 0.000000000000000000e+00
7.030000000000000000e+02 4.382258817588897273e+02 0.000000000000000000e+00 0.000000000000000000e+00
7.040000000000000000e+02 4.384130368648374088e+02 1.000000000000000000e+00 0.000000000000000000e+00
7.050000000000000000e+02 4.391582674533929662e+02 0.000000000000000000e+00 0.000000000000000000e+00
7.060000000000000000e+02 4.405903391119081220e+02 0.000000000000000000e+00 0.000000000000000000e+00
7.070000000000000000e+02 4.406335680823099210e+02 0.000000000000000000e+00 0.000000000000000000e+00
7.080000000000000000e+02 4.400772391493425175e+02 2.000000000000000000e+00 0.000000000000000000e+00
7.090000000000000000e+02 4.387068155961277398e+02 2.000000000000000000e+00 0.000000000000000000e+00
7.100000000000000000e+02 4.399002482032176999e+02 0.000000000000000000e+00 0.000000000000000000e+00
7.110000000000000000e+02 4.411926884488968881e+02 0.000000000000000000e+00 0.000000000000000000e+00
7.120000000000000000e+02 4.416698579544878385e+02 0.000000000000000000e+00 0.000000000000000000e+00
7.130000000000000000e+02 4.428599025724188323e+02 0.000000000000000000e+00 0.000000000000000000e+00
7.140000000000000000e+02 4.440951153396333098e+02 0.000000000000000000e+00 0.000000000000000000e+00
7.150000000000000000e+02 4.444902521046594757e+02 0.000000000000000000e+00 0.000000000000000000e+00
7.160000000000000000e+02 4.458286509775888931e+02 0.000000000000000000e+00 0.000000000000000000e+00
7.170000000000000000e+02 4.470297802741984015e+02 0.000000000000000000e+00 0.000000000000000000e+00
7.180000000000000000e+02 4.481006307518733252e+02 0.000000000000000000e+00 0.000000000000000000e+00
7.190000000000000000e+02 4.493744351021120451e+02 0.000000000000000000e+00 0.000000000000000000e+00
7.200000000000000000e+02 4.485591964170195070e+02 1.000000000000000000e+00 0.000000000000000000e+00
7.210000000000000000e+02 4.501576538919628092e+02 0.000000000000000000e+00 0.000000000000000000e+00
7.220000000000000000e+02 4.503231497176703897e+02 0.000000000000000000e+00 0.000000000000000000e+00
7.230000000000000000e+02 4.519721890009391245e+02 0.000000000000000000e+00 0.000000000000000000e+00
7.240000000000000000e+02 4.537468653516887684e+02 0.000000000000000000e+00 0.000000000000000000e+00
7.250000000000000000e+02 4.535972734821081076e+02 0.000000000000000000e+00 0.000000000000000000e+00
7.260000000000000000e+02 4.541986789868146275e+02 0.000000000000000000e+00 0.000000000000000000e+00
7.270000000000000000e+02 4.561926350253576175e+02 0.000000000000000000e+00 0.000000000000000000e+00
7.280000000000000000e+02 4.556733372729581788e+02 1.000000000000000000e+00 0.000000000000000000e+00
7.290000000000000000e+02 4.554670768724739673e+02 2.000000000000000000e+00 0.000000000000000000e+00
7.300000000000000000e+02 4.550964135769129939e+02 0.000000000000000000e+00 0.000000000000000000e+00
7.310000000000000000e+02 4.562733285632788238e+02 0.000000000000000000e+00 0.000000000000000000e+00
7.320000000000000000e+02 4.560201418696212841e+02 2.000000000000000000e+00 0.000000000000000000e+00
7.330000000000000000e+02 4.564657991407152622e+02 0.000000000000000000e+00 0.000000000000000000e+00
7.340000000000000000e+02 4.571937621228285593e+02 1.000000000000000000e+00 0.000000000000000000e+00
7.350000000000000000e+02 4.576419684496062246e+02 0.000000000000000000e+00 0.000000000000000000e+00
7.360000000000000000e+02 4.593814879283119694e+02 0.000000000000000000e+00 0.000000000000000000e+00
7.370000000000000000e+02 4.603441864253360905e+02 0.000000000000000000e+00 0.000000000000000000e+00
7.380000000000000000e+02 4.614119702989731877e+02 0.000000000000000000e+00 0.000000000000000000e+00
7.390000000000000000e+02 4.613236420105654361e+02 0.000000000000000000e+00 0.000000000000000000e+00
7.400000000000000000e+02 4.607524922422854274e+02 2.000000000000000000e+00 0.000000000000000000e+00
7.410000000000000000e+02 4.592270437309721274e+02 2.000000000000000000e+00 0.000000000000000000e+00
7.420000000000000000e+02 4.612376929538726813e+02 0.000000000000000000e+00 0.000000000000000000e+00
7.430000000000000000e+02 4.624270320237017700e+02 0.000000000000000000e+00 0.000000000000000000e+00
7.440000000000000000e+02 4.625589587353248930e+02 0.000000000000000000e+00 0.000000000000000000e+00
7.450000000000000000e+02 4.646286026388845016e+02 0.000000000000000000e+00 0.000000000000000000e+00
7.460000000000000000e+02 4.642028920954127784e+02 0.000000000000000000e+00 0.000000000000000000e+00
7.470000000000000000e+02 4.660356047056587272e+02 0.000000000000000000e+00 0.000000000000000000e+00
7.480000000000000000e+02 4.666412616692992970e+02 0.000000000000000000e+00 0.000000000000000000e+00
7.490000000000000000e+02 4.684113215305802100e+02 0.000000000000000000e+00 0.000000000000000000e+00
7.500000000000000000e+02 4.685813951480351989e+02 0.000000000000000000e+00 0.000000000000000000e+00
7.510000000000000000e+02 4.694616850985343603e+02 0.000000000000000000e+00 0.000000000000000000e+00
7.520000000000000000e+02 4.700263600588148734e+02 1.000000000000000000e+00 0.000000000000000000e+00
7.530000000000000000e+02 4.704819324160786778e+02 0.000000000000000000e+00 0.000000000000000000e+00
7.540000000000000000e+02 4.725226932926204313e+02 0.000000000000000000e+00 0.000000000000000000e+00
7.550000000000000000e+02 4.723934340678642343e+02 0.000000000000000000e+00 0.000000000000000000e+00
7.560000000000000000e+02 4.743717963931217128e+02 0.000000000000000000e+00 0.000000000000000000e+00
7.570000000000000000e+02 4.742450957233951385e+02 0.000000000000000000e+00 0.000000000000000000e+00
7.580000000000000000e+02 4.757505233190175318e+02 0.000000000000000000e+00 0.000000000000000000e+00
7.590000000000000000e+02 4.778710725921676499e+02 0.000000000000000000e+00 0.000000000000000000e+00
7.600000000000000000e+02 4.775348776085430700e+02 0.000000000000000000e+00 0.000000000000000000e+00
7.610000000000000000e+02 4.782509456905434604e+02 0.000000000000000000e+00 0.000000000000000000e+00
7.620000000000000000e+02 4.789787684863819663e+02 0.000000000000000000e+00 0.000000000000000000e+00
7.630000000000000000e+02 4.810677461589358472e+02 0.000000000000000000e+00 0.000000000000000000e+00
7.640000000000000000e+02 4.818443026461504815e+02 0.000000000000000000e+00 0.000000000000000000e+00
7.650000000000000000e+02 4.831769433488647678e+02 1.000000000000000000e+00 0.000000000000000000e+00
7.660000000000000000e+02 4.825754606423193422e+02 0.000000000000000000e+00 0.000000000000000000e+00
7.670000000000000000e+02 4.825186497966114985e+02 2.000000000000000000e+00 0.000000000000000000e+00
7.680000000000000000e+02 4.834151098438650251e+02 0.000000000000000000e+00 0.000000000000000000e+00
7.690000000000000000e+02 4.835653974887549111e+02 0.000000000000000000e+00 0.000000000000000000e+00
7.700000000000000000e+02 4.836149015866471359e+02 1.000000000000000000e+00 0.000000000000000000e+00
7.710000000000000000e+02 4.850775973264886716e+02 0.000000000000000000e+00 0.000000000000000000e+00
7.720000000000000000e+02 4.864612672152466644e+02 0.000000000000000000e+00 0.000000000000000000e+00
7.730000000000000000e+02 4.863216865579369141e+02 0.000000000000000000e+00 0.000000000000000000e+00
7.740000000000000000e+02 4.875706637890741035e+02 0.000000000000000000e+00 0.000000000000000000e+00
7.750000000000000000e+02 4.894086463341305375e+02 0.000000000000000000e+00 0.000000000000000000e+00
7.760000000000000000e+02 4.901629024814830586e+02 0.000000000000000000e+00 0.000000000000000000e+00
7.770000000000000000e+02 4.908575329323874712e+02 0.000000000000000000e+00 0.000000000000000000e+00
7.780000000000000000e+02 4.918014245554592208e+02 0.000000000000000000e+00 0.000000000000000000e+00
7.790000000000000000e+02 4.922363517038190821e+02 0.000000000000000000e+00 0.000000000000000000e+00
7.800000000000000000e+02 4.941538056952663283e+02 0.000000000000000000e+00 0.000000000000000000e+00
7.810000000000000000e+02 4.953673977086235141e+02 0.000000000000000000e+00 0.000000000000000000e+00
7.820000000000000000e+02 4.938837114258318479e+02 1.000000000000000000e+00 0.000000000000000000e+00
7.830000000000000000e+02 4.963611852204617776e+02 0.000000000000000000e+00 0.000000000000000000e+00
7.840000000000000000e+02 4.961355419962932274e+02 0.000000000000000000e+00 0.000000000000000000e+00
7.850000000000000000e+02 4.983615045522182072e+02 0.000000000000000000e+00 0.000000000000000000e+00
7.860000000000000000e+02 4.988340614939521629e+02 0.000000000000000000e+00 0.000000000000000000e+00
7.870000000000000000e+02 4.992327373774699026e+02 0.000000000000000000e+00 0.000000000000000000e+00
7.880000000000000000e+02 5.015799921365476735e+02 0.000000000000000000e+00 0.000000000000000000e+00
7.890000000000000000e+02 5.015030066246966953e+02 1.000000000000000000e+00 0.000000000000000000e+00
7.900000000000000000e+02 5.016126153021337473e+02 0.000000000000000000e+00 0.000000000000000000e+00
7.910000000000000000e+02 5.018070383214221124e+02 1.000000000000000000e+00 0.000000000000000000e+00
7.920000000000000000e+02 5.034224736503432496e+02 0.000000000000000000e+00 0.000000000000000000e+00
7.930000000000000000e+02 5.043557179772492987e+02 0.000000000000000000e+00 0.000000000000000000e+00
7.940000000000000000e+02 5.057024583868427499e+02 0.000000000000000000e+00 0.000000000000000000e+00
7.950000000000000000e+02 5.055191355299011775e+02 1.000000000000000000e+00 0.000000000000000000e+00
7.960000000000000000e+02 5.048162517926205624e+02 1.000000000000000000e+00 0.000000000000000000e+00
7.970000000000000000e+02 5.067396695287881130e+02 0.000000000000000000e+00 0.000000000000000000e+00
7.980000000000000000e+02 5.070838712103006287e+02 0.000000000000000000e+00 0.000000000000000000e+00
7.990000000000000000e+02 5.071717182014218110e+02 1.000000000000000000e+00 0.000000000000000000e+00
8.000000000000000000e+02 5.076823318023222669e+02 1.000000000000000000e+00 0.000000000000000000e+00
