time	position	state	ATP_bound
1.000000000000000000e+00 2.460769455582158260e-01 1.000000000000000000e+00 0.000000000000000000e+00
2.000000000000000000e+00 9.336225768083313836e-01 0.000000000000000000e+00 0.000000000000000000e+00
3.000000000000000000e+00 1.412090774890416789e+00 0.000000000000000000e+00 0.000000000000000000e+00
4.000000000000000000e+00 3.598651554543078390e+00 0.000000000000000000e+00 0.000000000000000000e+00
5.000000000000000000e+00 3.421186375979913041e+00 0.000000000000000000e+00 0.000000000000000000e+00
6.000000000000000000e+00 5.116991194023984058e+00 0.000000000000000000e+00 0.000000000000000000e+00
7.000000000000000000e+00 5.104186572377487074e+00 1.000000000000000000e+00 0.000000000000000000e+00
8.000000000000000000e+00 5.387902901577958481e+00 1.000000000000000000e+00 0.000000000000000000e+00
9.000000000000000000e+00 4.018118280542155141e+00 2.000000000000000000e+00 0.000000000000000000e+00
1.000000000000000000e+01 4.640287099404954319e+00 0.000000000000000000e+00 0.000000000000000000e+00
1.100000000000000000e+01 4.943292895516903762e+00 0.000000000000000000e+00 0.000000000000000000e+00
1.200000000000000000e+01 6.829940047123624680e+00 0.000000000000000000e+00 0.000000000000000000e+00
1.300000000000000000e+01 7.264556843368647598e+00 1.000000000000000000e+00 0.000000000000000000e+00
1.400000000000000000e+01 5.657382376799928281e+00 2.000000000000000000e+00 0.000000000000000000e+00
1.500000000000000000e+01 7.313382059179438066e+00 0.000000000000000000e+00 0.000000000000000000e+00
1.600000000000000000e+01 4.991749368266248155e+00 2.000000000000000000e+00 0.000000000000000000e+00
1.700000000000000000e+01 4.123064457993086407e+00 2.000000000000000000e+00 0.000000000000000000e+00
1.800000000000000000e+01 5.381282856469491449e+00 0.000000000000000000e+00 0.000000000000000000e+00
1.900000000000000000e+01 7.199605919659192388e+00 0.000000000000000000e+00 0.000000000000000000e+00
2.000000000000000000e+01 7.780244461057680638e+00 0.000000000000000000e+00 0.000000000000000000e+00
2.100000000000000000e+01 9.476991329367933758e+00 0.000000000000000000e+00 0.000000000000000000e+00
2.200000000000000000e+01 1.084385264126710702e+01 0.000000000000000000e+00 0.000000000000000000e+00
2.300000000000000000e+01 1.093966504416752272e+01 0.000000000000000000e+00 0.000000000000000000e+00
2.400000000000000000e+01 1.264614773126214509e+01 0.000000000000000000e+00 0.000000000000000000e+00
2.500000000000000000e+01 1.261586714576990786e+01 0.000000000000000000e+00 0.000000000000000000e+00
2.600000000000000000e+01 1.417467139920634267e+01 0.000000000000000000e+00 0.000000000000000000e+00
2.700000000000000000e+01 1.459379622430665435e+01 0.000000000000000000e+00 0.000000000000000000e+00
2.800000000000000000e+01 1.523086143821464233e+01 0.000000000000000000e+00 0.000000000000000000e+00
2.900000000000000000e+01 1.775149999850757609e+01 0.000000000000000000e+00 0.000000000000000000e+00
3.000000000000000000e+01 1.842642538241851469e+01 0.000000000000000000e+00 0.000000000000000000e+00
3.100000000000000000e+01 1.834537453992364320e+01 0.000000000000000000e+00 0.000000000000000000e+00
3.200000000000000000e+01 2.004008349998388283e+01 0.000000000000000000e+00 0.000000000000000000e+00
3.300000000000000000e+01 2.184181365957666188e+01 0.000000000000000000e+00 0.000000000000000000e+00
3.400000000000000000e+01 1.976522421064107959e+01 2.000000000000000000e+00 0.000000000000000000e+00
3.500000000000000000e+01 1.905922236451712948e+01 2.000000000000000000e+00 0.000000000000000000e+00
3.600000000000000000e+01 1.957159533034664989e+01 0.000000000000000000e+00 0.000000000000000000e+00
3.700000000000000000e+01 2.104356036482222336e+01 0.000000000000000000e+00 0.000000000000000000e+00
3.800000000000000000e+01 2.221291801693488210e+01 0.000000000000000000e+00 0.000000000000000000e+00
3.900000000000000000e+01 2.305854713883349660e+01 0.000000000000000000e+00 0.000000000000000000e+00
4.000000000000000000e+01 2.417125288369340907e+01 0.000000000000000000e+00 0.000000000000000000e+00
4.100000000000000000e+01 2.478402505916201903e+01 0.000000000000000000e+00 0.000000000000000000e+00
4.200000000000000000e+01 2.628969034828068274e+01 0.000000000000000000e+00 0.000000000000000000e+00
4.300000000000000000e+01 2.611660321283778785e+01 0.000000000000000000e+00 0.000000000000000000e+00
4.400000000000000000e+01 2.840812465939617226e+01 0.000000000000000000e+00 0.000000000000000000e+00
4.500000000000000000e+01 2.853416649447486364e+01 0.000000000000000000e+00 0.000000000000000000e+00
4.600000000000000000e+01 2.961354036627974295e+01 0.000000000000000000e+00 0.000000000000000000e+00
4.700000000000000000e+01 2.892892539368090965e+01 2.000000000000000000e+00 0.000000000000000000e+00
4.800000000000000000e+01 2.772819815172603697e+01 2.000000000000000000e+00 0.000000000000000000e+00
4.900000000000000000e+01 2.773947424695563768e+01 0.000000000000000000e+00 0.000000000000000000e+00
5.000000000000000000e+01 2.887070782252745005e+01 0.000000000000000000e+00 0.000000000000000000e+00
5.100000000000000000e+01 3.177761961644324629e+01 0.000000000000000000e+00 0.000000000000000000e+00
5.200000000000000000e+01 3.185138804322476958e+01 0.000000000000000000e+00 0.000000000000000000e+00
5.300000000000000000e+01 3.331249714427102049e+01 0.000000000000000000e+00 0.000000000000000000e+00
5.400000000000000000e+01 3.318971471396719153e+01 0.000000000000000000e+00 0.000000000000000000e+00
5.500000000000000000e+01 3.260565997172923858e+01 2.000000000000000000e+00 0.000000000000000000e+00
5.600000000000000000e+01 3.297937688795605027e+01 0.000000000000000000e+00 0.000000000000000000e+00
5.700000000000000000e+01 3.506535756101592938e+01 0.000000000000000000e+00 0.000000000000000000e+00
5.800000000000000000e+01 3.563108595900921927e+01 0.000000000000000000e+00 0.000000000000000000e+00
5.900000000000000000e+01 3.704780066557795948e+01 0.000000000000000000e+00 0.000000000000000000e+00
6.000000000000000000e+01 3.770070311047349776e+01 0.000000000000000000e+00 0.000000000000000000e+00
6.100000000000000000e+01 3.839144166301947791e+01 0.000000000000000000e+00 0.000000000000000000e+00
6.200000000000000000e+01 4.074888753596769675e+01 0.000000000000000000e+00 0.000000000000000000e+00
6.300000000000000000e+01 3.992327500244620353e+01 0.000000000000000000e+00 0.000000000000000000e+00
6.400000000000000000e+01 4.294231365109767751e+01 0.000000000000000000e+00 0.000000000000000000e+00
6.500000000000000000e+01 4.283604547665465390e+01 0.000000000000000000e+00 0.000000000000000000e+00
6.600000000000000000e+01 4.410307539017082945e+01 0.000000000000000000e+00 0.000000000000000000e+00
6.700000000000000000e+01 4.575912569046208489e+01 0.000000000000000000e+00 0.000000000000000000e+00
6.800000000000000000e+01 4.589177546050257206e+01 0.000000000000000000e+00 0.000000000000000000e+00
6.900000000000000000e+01 4.684078216147296558e+01 0.000000000000000000e+00 0.000000000000000000e+00
7.000000000000000000e+01 4.741405833732550690e+01 0.000000000000000000e+00 0.000000000000000000e+00
7.100000000000000000e+01 4.837583713016391584e+01 0.000000000000000000e+00 0.000000000000000000e+00
7.200000000000000000e+01 5.011708615485494533e+01 0.000000000000000000e+00 0.000000000000000000e+00
7.300000000000000000e+01 5.048784196740958663e+01 1.000000000000000000e+00 0.000000000000000000e+00
7.400000000000000000e+01 5.087673184500226142e+01 0.000000000000000000e+00 0.000000000000000000e+00
7.500000000000000000e+01 5.151191705322830217e+01 0.000000000000000000e+00 0.000000000000000000e+00
7.600000000000000000e+01 5.318045225127968934e+01 0.000000000000000000e+00 0.000000000000000000e+00
7.700000000000000000e+01 5.271032352085205730e+01 0.000000000000000000e+00 0.000000000000000000e+00
7.800000000000000000e+01 5.494433449200697339e+01 0.000000000000000000e+00 0.000000000000000000e+00
7.900000000000000000e+01 5.622386389463299139e+01 0.000000000000000000e+00 0.000000000000000000e+00
8.000000000000000000e+01 5.717998963552199143e+01 0.000000000000000000e+00 0.000000000000000000e+00
8.100000000000000000e+01 5.845905823485465191e+01 0.000000000000000000e+00 0.000000000000000000e+00
8.200000000000000000e+01 5.805315333853756243e+01 0.000000000000000000e+00 0.000000000000000000e+00
8.300000000000000000e+01 5.886455557720339016e+01 1.000000000000000000e+00 0.000000000000000000e+00
8.400000000000000000e+01 5.840048407386122165e+01 1.000000000000000000e+00 0.000000000000000000e+00
8.500000000000000000e+01 5.923214016686298322e+01 1.000000000000000000e+00 0.000000000000000000e+00
8.600000000000000000e+01 5.980564695114203033e+01 0.000000000000000000e+00 0.000000000000000000e+00
8.700000000000000000e+01 6.160577053822787263e+01 0.000000000000000000e+00 0.000000000000000000e+00
8.800000000000000000e+01 6.208798963881627486e+01 0.000000000000000000e+00 0.000000000000000000e+00
8.900000000000000000e+01 6.335110868366114545e+01 0.000000000000000000e+00 0.000000000000000000e+00
9.000000000000000000e+01 6.441604349516394734e+01 0.000000000000000000e+00 0.000000000000000000e+00
9.100000000000000000e+01 6.556624807239121822e+01 0.000000000000000000e+00 0.000000000000000000e+00
9.200000000000000000e+01 6.402207125475806038e+01 2.000000000000000000e+00 0.000000000000000000e+00
9.300000000000000000e+01 6.405974830205231285e+01 1.000000000000000000e+00 0.000000000000000000e+00
9.400000000000000000e+01 6.485508784960816797e+01 0.000000000000000000e+00 0.000000000000000000e+00
9.500000000000000000e+01 6.563902481795830113e+01 0.000000000000000000e+00 0.000000000000000000e+00
9.600000000000000000e+01 6.679242788106040507e+01 0.000000000000000000e+00 0.000000000000000000e+00
9.700000000000000000e+01 6.779568501039967998e+01 0.000000000000000000e+00 0.000000000000000000e+00
9.800000000000000000e+01 6.905651063211942642e+01 0.000000000000000000e+00 0.000000000000000000e+00
9.900000000000000000e+01 6.967566608457207167e+01 0.000000000000000000e+00 0.000000000000000000e+00
1.000000000000000000e+02 7.096594666548244845e+01 0.000000000000000000e+00 0.000000000000000000e+00
1.010000000000000000e+02 7.221115691013974924e+01 0.000000000000000000e+00 0.000000000000000000e+00
1.020000000000000000e+02 7.271607307602577919e+01 0.000000000000000000e+00 0.000000000000000000e+00
1.030000000000000000e+02 7.423922903242366544e+01 0.000000000000000000e+00 0.000000000000000000e+00
1.040000000000000000e+02 7.455055520028308536e+01 0.000000000000000000e+00 0.000000000000000000e+00
1.050000000000000000e+02 7.637905366015515085e+01 0.000000000000000000e+00 0.000000000000000000e+00
1.060000000000000000e+02 7.634400577494112383e+01 0.000000000000000000e+00 0.000000000000000000e+00
1.070000000000000000e+02 7.814514686515943254e+01 0.000000000000000000e+00 0.000000000000000000e+00
1.080000000000000000e+02 7.831087548098086870e+01 0.000000000000000000e+00 0.000000000000000000e+00
1.090000000000000000e+02 7.922194741003748675e+01 0.000000000000000000e+00 0.000000000000000000e+00
1.100000000000000000e+02 8.209511367268223125e+01 0.000000000000000000e+00 0.000000000000000000e+00
1.110000000000000000e+02 8.090006311406943951e+01 1.000000000000000000e+00 0.000000000000000000e+00
1.120000000000000000e+02 8.191339579671495130e+01 0.000000000000000000e+00 0.000000000000000000e+00
1.130000000000000000e+02 8.282403223288237371e+01 0.000000000000000000e+00 0.000000000000000000e+00
1.140000000000000000e+02 8.410999307900198119e+01 0.000000000000000000e+00 0.000000000000000000e+00
1.150000000000000000e+02 8.552966041807498243e+01 0.000000000000000000e+00 0.000000000000000000e+00
1.160000000000000000e+02 8.673226738174264483e+01 0.000000000000000000e+00 0.000000000000000000e+00
1.170000000000000000e+02 8.550910638453481738e+01 1.000000000000000000e+00 0.000000000000000000e+00
1.180000000000000000e+02 8.588395874056341484e+01 0.000000000000000000e+00 0.000000000000000000e+00
1.190000000000000000e+02 8.765491943246338735e+01 0.000000000000000000e+00 0.000000000000000000e+00
1.200000000000000000e+02 8.867047817685858035e+01 0.000000000000000000e+00 0.000000000000000000e+00
1.210000000000000000e+02 9.029925431438140038e+01 0.000000000000000000e+00 0.000000000000000000e+00
1.220000000000000000e+02 9.029329214019909955e+01 0.000000000000000000e+00 0.000000000000000000e+00
1.230000000000000000e+02 9.237330797818049177e+01 0.000000000000000000e+00 0.000000000000000000e+00
1.240000000000000000e+02 9.128504595779395459e+01 2.000000000000000000e+00 0.000000000000000000e+00
1.250000000000000000e+02 9.148538567811451117e+01 0.000000000000000000e+00 0.000000000000000000e+00
1.260000000000000000e+02 9.209266068428806307e+01 0.000000000000000000e+00 0.000000000000000000e+00
1.270000000000000000e+02 9.297235668216252691e+01 1.000000000000000000e+00 0.000000000000000000e+00
1.280000000000000000e+02 9.203477684870584596e+01 1.000000000000000000e+00 0.000000000000000000e+00
1.290000000000000000e+02 9.518634848485075395e+01 0.000000000000000000e+00 0.000000000000000000e+00
1.300000000000000000e+02 9.593805498904421825e+01 0.000000000000000000e+00 0.000000000000000000e+00
1.310000000000000000e+02 9.526713849262115730e+01 1.000000000000000000e+00 0.000000000000000000e+00
1.320000000000000000e+02 9.374924681915774727e+01 2.000000000000000000e+00 0.000000000000000000e+00
1.330000000000000000e+02 9.501368154034233271e+01 1.000000000000000000e+00 0.000000000000000000e+00
1.340000000000000000e+02 9.521873283692580969e+01 0.000000000000000000e+00 0.000000000000000000e+00
1.350000000000000000e+02 9.536095968171777315e+01 0.000000000000000000e+00 0.000000000000000000e+00
1.360000000000000000e+02 9.505613848175420344e+01 2.000000000000000000e+00 0.000000000000000000e+00
1.370000000000000000e+02 9.465967669942217810e+01 1.000000000000000000e+00 0.000000000000000000e+00
1.380000000000000000e+02 9.563677082242598715e+01 0.000000000000000000e+00 0.000000000000000000e+00
1.390000000000000000e+02 9.785304227691607082e+01 0.000000000000000000e+00 0.000000000000000000e+00
1.400000000000000000e+02 9.786507784889327866e+01 0.000000000000000000e+00 0.000000000000000000e+00
1.410000000000000000e+02 9.948482734939872785e+01 0.000000000000000000e+00 0.000000000000000000e+00
1.420000000000000000e+02 9.974980798112900970e+01 0.000000000000000000e+00 0.000000000000000000e+00
1.430000000000000000e+02 9.987068598540052733e+01 2.000000000000000000e+00 0.000000000000000000e+00
1.440000000000000000e+02 1.003297949974283370e+02 0.000000000000000000e+00 0.000000000000000000e+00
1.450000000000000000e+02 1.005191795358804825e+02 0.000000000000000000e+00 0.000000000000000000e+00
1.460000000000000000e+02 1.021019033323410667e+02 0.000000000000000000e+00 0.000000000000000000e+00
1.470000000000000000e+02 1.019139328460098142e+02 0.000000000000000000e+00 0.000000000000000000e+00
1.480000000000000000e+02 1.021347258861867431e+02 1.000000000000000000e+00 0.000000000000000000e+00
1.490000000000000000e+02 1.032125909641715822e+02 0.000000000000000000e+00 0.000000000000000000e+00
1.500000000000000000e+02 1.039264596970793235e+02 1.000000000000000000e+00 0.000000000000000000e+00
1.510000000000000000e+02 1.053527161588975076e+02 0.000000000000000000e+00 0.000000000000000000e+00
1.520000000000000000e+02 1.057940483749625287e+02 0.000000000000000000e+00 0.000000000000000000e+00
1.530000000000000000e+02 1.064943073355696157e+02 0.000000000000000000e+00 0.000000000000000000e+00
1.540000000000000000e+02 1.078586672629498935e+02 0.000000000000000000e+00 0.000000000000000000e+00
1.550000000000000000e+02 1.094326106380214014e+02 0.000000000000000000e+00 0.000000000000000000e+00
1.560000000000000000e+02 1.102264795241582931e+02 0.000000000000000000e+00 0.000000000000000000e+00
1.570000000000000000e+02 1.114536585460749194e+02 0.000000000000000000e+00 0.000000000000000000e+00
1.580000000000000000e+02 1.123100572780637378e+02 0.000000000000000000e+00 0.000000000000000000e+00
1.590000000000000000e+02 1.139550245095521603e+02 0.000000000000000000e+00 0.000000000000000000e+00
1.600000000000000000e+02 1.144012142796292295e+02 0.000000000000000000e+00 0.000000000000000000e+00
1.610000000000000000e+02 1.157340118028322280e+02 0.000000000000000000e+00 0.000000000000000000e+00
1.620000000000000000e+02 1.156770038223577473e+02 0.000000000000000000e+00 0.000000000000000000e+00
1.630000000000000000e+02 1.158314414466478723e+02 1.000000000000000000e+00 0.000000000000000000e+00
1.640000000000000000e+02 1.171070780241511500e+02 0.000000000000000000e+00 0.000000000000000000e+00
1.650000000000000000e+02 1.174327035844436580e+02 0.000000000000000000e+00 0.000000000000000000e+00
1.660000000000000000e+02 1.196504847934786540e+02 0.000000000000000000e+00 0.000000000000000000e+00
1.670000000000000000e+02 1.196396075731124569e+02 0.000000000000000000e+00 0.000000000000000000e+00
1.680000000000000000e+02 1.211730268356507310e+02 0.000000000000000000e+00 0.000000000000000000e+00
1.690000000000000000e+02 1.225324830420281756e+02 0.000000000000000000e+00 0.000000000000000000e+00
1.700000000000000000e+02 1.234084637805347455e+02 0.000000000000000000e+00 0.000000000000000000e+00
1.710000000000000000e+02 1.237895526650139146e+02 0.000000000000000000e+00 0.000000000000000000e+00
1.720000000000000000e+02 1.255773359242634939e+02 0.000000000000000000e+00 0.000000000000000000e+00
1.730000000000000000e+02 1.263254644736202152e+02 0.000000000000000000e+00 0.000000000000000000e+00
1.740000000000000000e+02 1.264641389367363189e+02 0.000000000000000000e+00 0.000000000000000000e+00
1.750000000000000000e+02 1.267292904545625163e+02 1.000000000000000000e+00 0.000000000000000000e+00
1.760000000000000000e+02 1.274196052925665441e+02 0.000000000000000000e+00 0.000000000000000000e+00
1.770000000000000000e+02 1.288270397403678089e+02 0.000000000000000000e+00 0.000000000000000000e+00
1.780000000000000000e+02 1.274888813176326323e+02 2.000000000000000000e+00 0.000000000000000000e+00
1.790000000000000000e+02 1.294549717289805812e+02 0.000000000000000000e+00 0.000000000000000000e+00
1.800000000000000000e+02 1.299053418834697027e+02 0.000000000000000000e+00 0.000000000000000000e+00
1.810000000000000000e+02 1.309130133063094945e+02 0.000000000000000000e+00 0.000000000000000000e+00
1.820000000000000000e+02 1.330905942476452140e+02 0.000000000000000000e+00 0.000000000000000000e+00
1.830000000000000000e+02 1.327943614101122307e+02 0.000000000000000000e+00 0.000000000000000000e+00
1.840000000000000000e+02 1.340362599028646287e+02 0.000000000000000000e+00 0.000000000000000000e+00
1.850000000000000000e+02 1.330284478387589502e+02 2.000000000000000000e+00 0.000000000000000000e+00
1.860000000000000000e+02 1.337764600708945864e+02 0.000000000000000000e+00 0.000000000000000000e+00
1.870000000000000000e+02 1.353828948978131450e+02 0.000000000000000000e+00 0.000000000000000000e+00
1.880000000000000000e+02 1.361006608924262480e+02 0.000000000000000000e+00 0.000000000000000000e+00
1.890000000000000000e+02 1.354828192337468238e+02 2.000000000000000000e+00 0.000000000000000000e+00
1.900000000000000000e+02 1.353591995741414564e+02 0.000000000000000000e+00 0.000000000000000000e+00
1.910000000000000000e+02 1.375202774227832379e+02 0.000000000000000000e+00 0.000000000000000000e+00
1.920000000000000000e+02 1.380527663207153068e+02 0.000000000000000000e+00 0.000000000000000000e+00
1.930000000000000000e+02 1.393978409326814756e+02 0.000000000000000000e+00 0.000000000000000000e+00
1.940000000000000000e+02 1.402293506643832757e+02 0.000000000000000000e+00 0.000000000000000000e+00
1.950000000000000000e+02 1.409109429801711144e+02 0.000000000000000000e+00 0.000000000000000000e+00
1.960000000000000000e+02 1.416558210695072546e+02 0.000000000000000000e+00 0.000000000000000000e+00
1.970000000000000000e+02 1.426825450051605912e+02 0.000000000000000000e+00 0.000000000000000000e+00
1.980000000000000000e+02 1.442998228011298636e+02 0.000000000000000000e+00 0.000000000000000000e+00
1.990000000000000000e+02 1.443886413706900669e+02 0.000000000000000000e+00 0.000000000000000000e+00
2.000000000000000000e+02 1.451244292095235267e+02 0.000000000000000000e+00 0.000000000000000000e+00
2.010000000000000000e+02 1.465500093605637630e+02 0.000000000000000000e+00 0.000000000000000000e+00
2.020000000000000000e+02 1.478214421361745963e+02 0.000000000000000000e+00 0.000000000000000000e+00
2.030000000000000000e+02 1.491976929221705177e+02 0.000000000000000000e+00 0.000000000000000000e+00
2.040000000000000000e+02 1.482910598391515862e+02 2.000000000000000000e+00 0.000000000000000000e+00
2.050000000000000000e+02 1.473005140154778019e+02 2.000000000000000000e+00 0.000000000000000000e+00
2.060000000000000000e+02 1.472996818161796568e+02 0.000000000000000000e+00 0.000000000000000000e+00
2.070000000000000000e+02 1.495035195378902131e+02 0.000000000000000000e+00 0.000000000000000000e+00
2.080000000000000000e+02 1.505585231505472450e+02 0.000000000000000000e+00 0.000000000000000000e+00
2.090000000000000000e+02 1.517166279111118854e+02 0.000000000000000000e+00 0.000000000000000000e+00
2.100000000000000000e+02 1.512859293298908199e+02 0.000000000000000000e+00 0.000000000000000000e+00
2.110000000000000000e+02 1.526551195879788452e+02 0.000000000000000000e+00 0.000000000000000000e+00
2.120000000000000000e+02 1.538423842052016539e+02 0.000000000000000000e+00 0.000000000000000000e+00
2.130000000000000000e+02 1.537883842319051269e+02 1.000000000000000000e+00 0.000000000000000000e+00
2.140000000000000000e+02 1.549426524487460028e+02 0.000000000000000000e+00 0.000000000000000000e+00
2.150000000000000000e+02 1.556183085454611614e+02 0.000000000000000000e+00 0.000000000000000000e+00
2.160000000000000000e+02 1.573689546436774833e+02 0.000000000000000000e+00 0.000000000000000000e+00
2.170000000000000000e+02 1.585161257359238505e+02 0.000000000000000000e+00 0.000000000000000000e+00
2.180000000000000000e+02 1.595442249596819124e+02 0.000000000000000000e+00 0.000000000000000000e+00
2.190000000000000000e+02 1.603519675502020334e+02 0.000000000000000000e+00 0.000000000000000000e+00
2.200000000000000000e+02 1.601761518531462514e+02 1.000000000000000000e+00 0.000000000000000000e+00
2.210000000000000000e+02 1.617053814706233368e+02 0.000000000000000000e+00 0.000000000000000000e+00
2.220000000000000000e+02 1.617080902060192216e+02 0.000000000000000000e+00 0.000000000000000000e+00
2.230000000000000000e+02 1.631532815164544559e+02 0.000000000000000000e+00 0.000000000000000000e+00
2.240000000000000000e+02 1.636213684898148415e+02 0.000000000000000000e+00 0.000000000000000000e+00
2.250000000000000000e+02 1.647418241590184209e+02 0.000000000000000000e+00 0.000000000000000000e+00
2.260000000000000000e+02 1.667301277380601903e+02 0.000000000000000000e+00 0.000000000000000000e+00
2.270000000000000000e+02 1.663905975034796256e+02 0.000000000000000000e+00 0.000000000000000000e+00
2.280000000000000000e+02 1.678573470228155884e+02 0.000000000000000000e+00 0.000000000000000000e+00
2.290000000000000000e+02 1.695262667179055995e+02 0.000000000000000000e+00 0.000000000000000000e+00
2.300000000000000000e+02 1.702349251806576547e+02 0.000000000000000000e+00 0.000000000000000000e+00
2.310000000000000000e+02 1.714504913427068402e+02 0.000000000000000000e+00 0.000000000000000000e+00
2.320000000000000000e+02 1.719805353865132815e+02 0.000000000000000000e+00 0.000000000000000000e+00
2.330000000000000000e+02 1.730855857664896575e+02 0.000000000000000000e+00 0.000000000000000000e+00
2.340000000000000000e+02 1.735014489239372324e+02 0.000000000000000000e+00 0.000000000000000000e+00
2.350000000000000000e+02 1.758187625241411354e+02 0.000000000000000000e+00 0.000000000000000000e+00
2.360000000000000000e+02 1.761045601272569741e+02 0.000000000000000000e+00 0.000000000000000000e+00
2.370000000000000000e+02 1.765872551211940618e+02 0.000000000000000000e+00 0.000000000000000000e+00
2.380000000000000000e+02 1.780062129013578556e+02 0.000000000000000000e+00 0.000000000000000000e+00
2.390000000000000000e+02 1.789940587958418519e+02 0.000000000000000000e+00 0.000000000000000000e+00
2.400000000000000000e+02 1.804996895052001662e+02 0.000000000000000000e+00 0.000000000000000000e+00
2.410000000000000000e+02 1.811682317879301536e+02 0.000000000000000000e+00 0.000000000000000000e+00
2.420000000000000000e+02 1.813659761703326296e+02 0.000000000000000000e+00 0.000000000000000000e+00
2.430000000000000000e+02 1.832456441370858897e+02 0.000000000000000000e+00 0.000000000000000000e+00
2.440000000000000000e+02 1.841805600235846327e+02 0.000000000000000000e+00 0.000000000000000000e+00
2.450000000000000000e+02 1.849408851055076184e+02 1.000000000000000000e+00 0.000000000000000000e+00
2.460000000000000000e+02 1.835448622269703378e+02 1.000000000000000000e+00 0.000000000000000000e+00
2.470000000000000000e+02 1.851584289394532448e+02 0.000000000000000000e+00 0.000000000000000000e+00
2.480000000000000000e+02 1.860160477734372080e+02 0.000000000000000000e+00 0.000000000000000000e+00
2.490000000000000000e+02 1.870727857015577342e+02 0.000000000000000000e+00 0.000000000000000000e+00
2.500000000000000000e+02 1.883334638631472444e+02 0.000000000000000000e+00 0.000000000000000000e+00
2.510000000000000000e+02 1.891569253302459401e+02 0.000000000000000000e+00 0.000000000000000000e+00
2.520000000000000000e+02 1.884396819948704547e+02 1.000000000000000000e+00 0.000000000000000000e+00
2.530000000000000000e+02 1.902379655423645772e+02 0.000000000000000000e+00 0.000000000000000000e+00
2.540000000000000000e+02 1.893523658637522260e+02 1.000000000000000000e+00 0.000000000000000000e+00
2.550000000000000000e+02 1.902217396131404996e+02 0.000000000000000000e+00 0.000000000000000000e+00
2.560000000000000000e+02 1.917304167621562385e+02 0.000000000000000000e+00 0.000000000000000000e+00
2.570000000000000000e+02 1.923231127777542895e+02 0.000000000000000000e+00 0.000000000000000000e+00
2.580000000000000000e+02 1.944576356508699746e+02 0.000000000000000000e+00 0.000000000000000000e+00
2.590000000000000000e+02 1.944306056624561450e+02 0.000000000000000000e+00 0.000000000000000000e+00
2.600000000000000000e+02 1.954170752983536659e+02 0.000000000000000000e+00 0.000000000000000000e+00
2.610000000000000000e+02 1.964145268779101343e+02 0.000000000000000000e+00 0.000000000000000000e+00
2.620000000000000000e+02 1.991208861122788107e+02 0.000000000000000000e+00 0.000000000000000000e+00
2.630000000000000000e+02 1.976250261831756916e+02 1.000000000000000000e+00 0.000000000000000000e+00
2.640000000000000000e+02 1.971917096200010917e+02 1.000000000000000000e+00 0.000000000000000000e+00
2.650000000000000000e+02 1.995960075691152440e+02 0.000000000000000000e+00 0.000000000000000000e+00
2.660000000000000000e+02 1.998050219271715662e+02 0.000000000000000000e+00 0.000000000000000000e+00
2.670000000000000000e+02 2.010738407044956944e+02 0.000000000000000000e+00 0.000000000000000000e+00
2.680000000000000000e+02 2.021638463486221724e+02 0.000000000000000000e+00 0.000000000000000000e+00
2.690000000000000000e+02 2.028813405162393053e+02 0.000000000000000000e+00 0.000000000000000000e+00
2.700000000000000000e+02 2.038378926498353962e+02 0.000000000000000000e+00 0.000000000000000000e+00
2.710000000000000000e+02 2.046001602745587320e+02 0.000000000000000000e+00 0.000000000000000000e+00
2.720000000000000000e+02 2.062746126023231170e+02 0.000000000000000000e+00 0.000000000000000000e+00
2.730000000000000000e+02 2.068670622375862536e+02 0.000000000000000000e+00 0.000000000000000000e+00
2.740000000000000000e+02 2.080920960533929929e+02 0.000000000000000000e+00 0.000000000000000000e+00
2.750000000000000000e+02 2.090356687738539847e+02 0.000000000000000000e+00 0.000000000000000000e+00
2.760000000000000000e+02 2.076930442841654383e+02 2.000000000000000000e+00 0.000000000000000000e+00
2.770000000000000000e+02 2.076604536276968815e+02 2.000000000000000000e+00 0.000000000000000000e+00
2.780000000000000000e+02 2.065991568728311449e+02 2.000000000000000000e+00 0.000000000000000000e+00
2.790000000000000000e+02 2.064512952722393493e+02 0.000000000000000000e+00 0.000000000000000000e+00
2.800000000000000000e+02 2.074332111744912197e+02 0.000000000000000000e+00 0.000000000000000000e+00
2.810000000000000000e+02 2.088187591121032938e+02 0.000000000000000000e+00 0.000000000000000000e+00
2.820000000000000000e+02 2.106391354018238076e+02 0.000000000000000000e+00 0.000000000000000000e+00
2.830000000000000000e+02 2.108416940703779119e+02 0.000000000000000000e+00 0.000000000000000000e+00
2.840000000000000000e+02 2.110597378107973157e+02 0.000000000000000000e+00 0.000000000000000000e+00
2.850000000000000000e+02 2.124084591418942978e+02 0.000000000000000000e+00 0.000000000000000000e+00
2.860000000000000000e+02 2.138875435524693955e+02 0.000000000000000000e+00 0.000000000000000000e+00
2.870000000000000000e+02 2.142012893892994043e+02 0.000000000000000000e+00 0.000000000000000000e+00
2.880000000000000000e+02 2.160159538320041577e+02 0.000000000000000000e+00 0.000000000000000000e+00
2.890000000000000000e+02 2.174005861091273459e+02 0.000000000000000000e+00 0.000000000000000000e+00
2.900000000000000000e+02 2.188620590350902546e+02 0.000000000000000000e+00 0.000000000000000000e+00
2.910000000000000000e+02 2.190394321083822433e+02 0.000000000000000000e+00 0.000000000000000000e+00
2.920000000000000000e+02 2.192039646054797970e+02 1.000000000000000000e+00 0.000000000000000000e+00
2.930000000000000000e+02 2.192106020090760694e+02 0.000000000000000000e+00 0.000000000000000000e+00
2.940000000000000000e+02 2.205652684578662388e+02 0.000000000000000000e+00 0.000000000000000000e+00
2.950000000000000000e+02 2.220348313046928297e+02 0.000000000000000000e+00 0.000000000000000000e+00
2.960000000000000000e+02 2.226902929152622619e+02 0.000000000000000000e+00 0.000000000000000000e+00
2.970000000000000000e+02 2.241458727032943159e+02 0.000000000000000000e+00 0.000000000000000000e+00
2.980000000000000000e+02 2.237360178777489352e+02 0.000000000000000000e+00 0.000000000000000000e+00
2.990000000000000000e+02 2.259755124118769345e+02 0.000000000000000000e+00 0.000000000000000000e+00
3.000000000000000000e+02 2.270624788662963738e+02 0.000000000000000000e+00 0.000000000000000000e+00
3.010000000000000000e+02 2.279034135278060944e+02 0.000000000000000000e+00 0.000000000000000000e+00
3.020000000000000000e+02 2.284879432415333440e+02 0.000000000000000000e+00 0.000000000000000000e+00
3.030000000000000000e+02 2.299481947923504777e+02 0.000000000000000000e+00 0.000000000000000000e+00
3.040000000000000000e+02 2.306855072944863423e+02 0.000000000000000000e+00 0.000000000000000000e+00
3.050000000000000000e+02 2.319237603668101428e+02 0.000000000000000000e+00 0.000000000000000000e+00
3.060000000000000000e+02 2.334294115628301824e+02 0.000000000000000000e+00 0.000000000000000000e+00
3.070000000000000000e+02 2.333895881169849531e+02 0.000000000000000000e+00 0.000000000000000000e+00
3.080000000000000000e+02 2.339194185466978126e+02 0.000000000000000000e+00 0.000000000000000000e+00
3.090000000000000000e+02 2.357917541129742460e+02 0.000000000000000000e+00 0.000000000000000000e+00
3.100000000000000000e+02 2.375203154301672726e+02 0.000000000000000000e+00 0.000000000000000000e+00
3.110000000000000000e+02 2.379438662978518551e+02 0.000000000000000000e+00 0.000000000000000000e+00
3.120000000000000000e+02 2.394345248518620508e+02 0.000000000000000000e+00 0.000000000000000000e+00
3.130000000000000000e+02 2.396297353113992017e+02 0.000000000000000000e+00 0.000000000000000000e+00
3.140000000000000000e+02 2.417937748905269473e+02 0.000000000000000000e+00 0.000000000000000000e+00
3.150000000000000000e+02 2.420385358184128393e+02 0.000000000000000000e+00 0.000000000000000000e+00
3.160000000000000000e+02 2.436171629730761481e+02 0.000000000000000000e+00 0.000000000000000000e+00
3.170000000000000000e+02 2.446529071006989682e+02 0.000000000000000000e+00 0.000000000000000000e+00
3.180000000000000000e+02 2.441970938173880654e+02 0.000000000000000000e+00 0.000000000000000000e+00
3.190000000000000000e+02 2.470409446395797488e+02 0.000000000000000000e+00 0.000000000000000000e+00
3.200000000000000000e+02 2.473347573726514099e+02 0.000000000000000000e+00 0.000000000000000000e+00
3.210000000000000000e+02 2.471482226129503772e+02 1.000000000000000000e+00 0.000000000000000000e+00
3.220000000000000000e+02 2.474909790833030172e+02 1.000000000000000000e+00 0.000000000000000000e+00
3.230000000000000000e+02 2.456517565399749401e+02 2.000000000000000000e+00 0.000000000000000000e+00
3.240000000000000000e+02 2.449594308324437861e+02 2.000000000000000000e+00 0.000000000000000000e+00
3.250000000000000000e+02 2.439956256730358177e+02 2.000000000000000000e+00 0.000000000000000000e+00
3.260000000000000000e+02 2.423998148953575935e+02 2.000000000000000000e+00 0.000000000000000000e+00
3.270000000000000000e+02 2.429023225509482415e+02 2.000000000000000000e+00 0.000000000000000000e+00
3.280000000000000000e+02 2.419149483493328319e+02 1.000000000000000000e+00 0.000000000000000000e+00
3.290000000000000000e+02 2.427771705717393900e+02 0.000000000000000000e+00 0.000000000000000000e+00
3.300000000000000000e+02 2.437621970804577813e+02 0.000000000000000000e+00 0.000000000000000000e+00
3.310000000000000000e+02 2.439783788578419035e+02 0.000000000000000000e+00 0.000000000000000000e+00
3.320000000000000000e+02 2.463149394144424775e+02 0.000000000000000000e+00 0.000000000000000000e+00
3.330000000000000000e+02 2.469774359140511706e+02 0.000000000000000000e+00 0.000000000000000000e+00
3.340000000000000000e+02 2.475226854332727555e+02 0.000000000000000000e+00 0.000000000000000000e+00
3.350000000000000000e+02 2.468060072490455070e+02 1.000000000000000000e+00 0.000000000000000000e+00
3.360000000000000000e+02 2.491456723743839632e+02 0.000000000000000000e+00 0.000000000000000000e+00
3.370000000000000000e+02 2.491012636340301469e+02 0.000000000000000000e+00 0.000000000000000000e+00
3.380000000000000000e+02 2.507034266298250031e+02 0.000000000000000000e+00 0.000000000000000000e+00
3.390000000000000000e+02 2.519356093642391841e+02 0.000000000000000000e+00 0.000000000000000000e+00
3.400000000000000000e+02 2.531096613200817558e+02 0.000000000000000000e+00 0.000000000000000000e+00
3.410000000000000000e+02 2.538474188157003653e+02 0.000000000000000000e+00 0.000000000000000000e+00
3.420000000000000000e+02 2.547418320410349679e+02 0.000000000000000000e+00 0.000000000000000000e+00
3.430000000000000000e+02 2.542713542383680760e+02 2.000000000000000000e+00 0.000000000000000000e+00
3.440000000000000000e+02 2.551147351911356793e+02 0.000000000000000000e+00 0.000000000000000000e+00
3.450000000000000000e+02 2.558881110616622720e+02 0.000000000000000000e+00 0.000000000000000000e+00
3.460000000000000000e+02 2.570673894732663598e+02 0.000000000000000000e+00 0.000000000000000000e+00
3.470000000000000000e+02 2.584055163887170465e+02 0.000000000000000000e+00 0.000000000000000000e+00
3.480000000000000000e+02 2.591056051062889196e+02 0.000000000000000000e+00 0.000000000000000000e+00
3.490000000000000000e+02 2.604006153527616334e+02 0.000000000000000000e+00 0.000000000000000000e+00
3.500000000000000000e+02 2.610894613342794059e+02 0.000000000000000000e+00 0.000000000000000000e+00
3.510000000000000000e+02 2.618530244112852756e+02 0.000000000000000000e+00 0.000000000000000000e+00
3.520000000000000000e+02 2.616062279284070087e+02 1.000000000000000000e+00 0.000000000000000000e+00
3.530000000000000000e+02 2.623636257430918022e+02 1.000000000000000000e+00 0.000000000000000000e+00
3.540000000000000000e+02 2.615561002401896076e+02 1.000000000000000000e+00 0.000000000000000000e+00
3.550000000000000000e+02 2.614269198415348114e+02 1.000000000000000000e+00 0.000000000000000000e+00
3.560000000000000000e+02 2.621447414303853520e+02 1.000000000000000000e+00 0.000000000000000000e+00
3.570000000000000000e+02 2.615515602466228415e+02 2.000000000000000000e+00 0.000000000000000000e+00
3.580000000000000000e+02 2.609268849626172369e+02 1.000000000000000000e+00 0.000000000000000000e+00
3.590000000000000000e+02 2.619506566648052512e+02 1.000000000000000000e+00 0.000000000000000000e+00
3.600000000000000000e+02 2.611291317888220647e+02 1.000000000000000000e+00 0.000000000000000000e+00
3.610000000000000000e+02 2.612229150040827221e+02 1.000000000000000000e+00 0.000000000000000000e+00
3.620000000000000000e+02 2.622935543256905362e+02 0.000000000000000000e+00 0.000000000000000000e+00
3.630000000000000000e+02 2.630993703016622476e+02 0.000000000000000000e+00 0.000000000000000000e+00
3.640000000000000000e+02 2.638389076579454127e+02 0.000000000000000000e+00 0.000000000000000000e+00
3.650000000000000000e+02 2.657228275528133281e+02 0.000000000000000000e+00 0.000000000000000000e+00
3.660000000000000000e+02 2.669085023408698589e+02 0.000000000000000000e+00 0.000000000000000000e+00
3.670000000000000000e+02 2.663844492753842701e+02 0.000000000000000000e+00 0.000000000000000000e+00
3.680000000000000000e+02 2.675940000650315937e+02 0.000000000000000000e+00 0.000000000000000000e+00
3.690000000000000000e+02 2.683111094674113701e+02 0.000000000000000000e+00 0.000000000000000000e+00
3.700000000000000000e+02 2.698937521640567638e+02 0.000000000000000000e+00 0.000000000000000000e+00
3.710000000000000000e+02 2.708374791657589071e+02 0.000000000000000000e+00 0.000000000000000000e+00
3.720000000000000000e+02 2.713482174952172841e+02 1.000000000000000000e+00 0.000000000000000000e+00
3.730000000000000000e+02 2.714971322715923066e+02 1.000000000000000000e+00 0.000000000000000000e+00
3.740000000000000000e+02 2.707369697510538913e+02 1.000000000000000000e+00 0.000000000000000000e+00
3.750000000000000000e+02 2.712989666309892982e+02 0.000000000000000000e+00 0.000000000000000000e+00
3.760000000000000000e+02 2.733653499489416276e+02 0.000000000000000000e+00 0.000000000000000000e+00
3.770000000000000000e+02 2.726167132313067327e+02 2.000000000000000000e+00 0.000000000000000000e+00
3.780000000000000000e+02 2.734026631994504442e+02 0.000000000000000000e+00 0.000000000000000000e+00
3.790000000000000000e+02 2.735248777982367869e+02 0.000000000000000000e+00 0.000000000000000000e+00
3.800000000000000000e+02 2.728257880173614467e+02 2.000000000000000000e+00 0.000000000000000000e+00
3.810000000000000000e+02 2.743777425938334318e+02 0.000000000000000000e+00 0.000000000000000000e+00
3.820000000000000000e+02 2.750472427248985241e+02 0.000000000000000000e+00 0.000000000000000000e+00
3.830000000000000000e+02 2.756088554016837406e+02 0.000000000000000000e+00 0.000000000000000000e+00
3.840000000000000000e+02 2.766136249397350184e+02 0.000000000000000000e+00 0.000000000000000000e+00
3.850000000000000000e+02 2.774044704463296398e+02 0.000000000000000000e+00 0.000000000000000000e+00
3.860000000000000000e+02 2.782601503372483762e+02 1.000000000000000000e+00 0.000000000000000000e+00
3.870000000000000000e+02 2.788116241223987117e+02 0.000000000000000000e+00 0.000000000000000000e+00
3.880000000000000000e+02 2.804148445790174264e+02 0.000000000000000000e+00 0.000000000000000000e+00
3.890000000000000000e+02 2.780844194170946935e+02 2.000000000000000000e+00 0.000000000000000000e+00
3.900000000000000000e+02 2.792733036554199657e+02 1.000000000000000000e+00 0.000000000000000000e+00
3.910000000000000000e+02 2.790641761497187758e+02 1.000000000000000000e+00 0.000000000000000000e+00
3.920000000000000000e+02 2.787509640373300499e+02 1.000000000000000000e+00 0.000000000000000000e+00
3.930000000000000000e+02 2.788584558018924326e+02 1.000000000000000000e+00 0.000000000000000000e+00
3.940000000000000000e+02 2.797714609368270544e+02 0.000000000000000000e+00 0.000000000000000000e+00
3.950000000000000000e+02 2.810435517788953348e+02 0.000000000000000000e+00 0.000000000000000000e+00
3.960000000000000000e+02 2.822111836532189955e+02 0.000000000000000000e+00 0.000000000000000000e+00
3.970000000000000000e+02 2.827588901431284398e+02 0.000000000000000000e+00 0.000000000000000000e+00
3.980000000000000000e+02 2.846836879060420529e+02 0.000000000000000000e+00 0.000000000000000000e+00
3.990000000000000000e+02 2.854829591862092570e+02 0.000000000000000000e+00 0.000000000000000000e+00
4.000000000000000000e+02 2.855581836748689852e+02 1.000000000000000000e+00 0.000000000000000000e+00
4.010000000000000000e+02 2.833172293164727193e+02 2.000000000000000000e+00 0.000000000000000000e+00
4.020000000000000000e+02 2.833588218342792970e+02 2.000000000000000000e+00 0.000000000000000000e+00
4.030000000000000000e+02 2.832958722528005637e+02 1.000000000000000000e+00 0.000000000000000000e+00
4.040000000000000000e+02 2.830095931047045497e+02 0.000000000000000000e+00 0.000000000000000000e+00
4.050000000000000000e+02 2.847919548509558467e+02 0.000000000000000000e+00 0.000000000000000000e+00
4.060000000000000000e+02 2.858389320834024261e+02 0.000000000000000000e+00 0.000000000000000000e+00
4.070000000000000000e+02 2.855401683579328278e+02 2.000000000000000000e+00 0.000000000000000000e+00
4.080000000000000000e+02 2.857594069690702554e+02 0.000000000000000000e+00 0.000000000000000000e+00
4.090000000000000000e+02 2.866819901284576417e+02 0.000000000000000000e+00 0.000000000000000000e+00
4.100000000000000000e+02 2.887308823879225770e+02 0.000000000000000000e+00 0.000000000000000000e+00
4.110000000000000000e+02 2.890901590602856572e+02 0.000000000000000000e+00 0.000000000000000000e+00
4.120000000000000000e+02 2.898481230459713061e+02 0.000000000000000000e+00 0.000000000000000000e+00
4.130000000000000000e+02 2.916184531388770438e+02 0.000000000000000000e+00 0.000000000000000000e+00
4.140000000000000000e+02 2.920213688073476987e+02 0.000000000000000000e+00 0.000000000000000000e+00
4.150000000000000000e+02 2.927567646044645926e+02 1.000000000000000000e+00 0.000000000000000000e+00
4.160000000000000000e+02 2.927708633788423072e+02 1.000000000000000000e+00 0.000000000000000000e+00
4.170000000000000000e+02 2.924270296281887909e+02 1.000000000000000000e+00 0.000000000000000000e+00
4.180000000000000000e+02 2.920204883735574981e+02 1.000000000000000000e+00 0.000000000000000000e+00
4.190000000000000000e+02 2.933181789111076796e+02 0.000000000000000000e+00 0.000000000000000000e+00
4.200000000000000000e+02 2.938038510955407787e+02 0.000000000000000000e+00 0.000000000000000000e+00
4.210000000000000000e+02 2.932194904486079281e+02 2.000000000000000000e+00 0.000000000000000000e+00
4.220000000000000000e+02 2.939916736465023632e+02 0.000000000000000000e+00 0.000000000000000000e+00
4.230000000000000000e+02 2.933217163280042428e+02 2.000000000000000000e+00 0.000000000000000000e+00
4.240000000000000000e+02 2.937475717283613221e+02 0.000000000000000000e+00 0.000000000000000000e+00
4.250000000000000000e+02 2.938506776602547461e+02 2.000000000000000000e+00 0.000000000000000000e+00
4.260000000000000000e+02 2.922227008029640842e+02 2.000000000000000000e+00 0.000000000000000000e+00
4.270000000000000000e+02 2.924974808991511850e+02 1.000000000000000000e+00 0.000000000000000000e+00
4.280000000000000000e+02 2.917922962926932655e+02 1.000000000000000000e+00 0.000000000000000000e+00
4.290000000000000000e+02 2.909038718527439187e+02 2.000000000000000000e+00 0.000000000000000000e+00
4.300000000000000000e+02 2.913344740373145783e+02 0.000000000000000000e+00 0.000000000000000000e+00
4.310000000000000000e+02 2.930102895936684604e+02 0.000000000000000000e+00 0.000000000000000000e+00
4.320000000000000000e+02 2.943048603553164639e+02 0.000000000000000000e+00 0.000000000000000000e+00
4.330000000000000000e+02 2.947234646714627502e+02 0.000000000000000000e+00 0.000000000000000000e+00
4.340000000000000000e+02 2.959180078763993151e+02 0.000000000000000000e+00 0.000000000000000000e+00
4.350000000000000000e+02 2.957540327332352490e+02 0.000000000000000000e+00 0.000000000000000000e+00
4.360000000000000000e+02 2.980742396788415931e+02 0.000000000000000000e+00 0.000000000000000000e+00
4.370000000000000000e+02 2.980300466455444734e+02 1.000000000000000000e+00 0.000000000000000000e+00
4.380000000000000000e+02 2.979574555660001920e+02 0.000000000000000000e+00 0.000000000000000000e+00
4.390000000000000000e+02 2.989762505549451248e+02 0.000000000000000000e+00 0.000000000000000000e+00
4.400000000000000000e+02 3.006222238886081186e+02 0.000000000000000000e+00 0.000000000000000000e+00
4.410000000000000000e+02 3.026531691797871986e+02 0.000000000000000000e+00 0.000000000000000000e+00
4.420000000000000000e+02 3.028424795330467987e+02 0.000000000000000000e+00 0.000000000000000000e+00
4.430000000000000000e+02 3.032946786731218367e+02 0.000000000000000000e+00 0.000000000000000000e+00
4.440000000000000000e+02 3.048063479402890152e+02 0.000000000000000000e+00 0.000000000000000000e+00
4.450000000000000000e+02 3.058193147699538486e+02 0.000000000000000000e+00 0.000000000000000000e+00
4.460000000000000000e+02 3.063821334856039584e+02 0.000000000000000000e+00 0.000000000000000000e+00
4.470000000000000000e+02 3.080534069702040938e+02 0.000000000000000000e+00 0.000000000000000000e+00
4.480000000000000000e+02 3.089999315716515866e+02 0.000000000000000000e+00 0.000000000000000000e+00
4.490000000000000000e+02 3.104660098319562849e+02 0.000000000000000000e+00 0.000000000000000000e+00
4.500000000000000000e+02 3.111586944684510740e+02 0.000000000000000000e+00 0.000000000000000000e+00
4.510000000000000000e+02 3.123420692831735437e+02 0.000000000000000000e+00 0.000000000000000000e+00
4.520000000000000000e+02 3.129171378679790791e+02 0.000000000000000000e+00 0.000000000000000000e+00
4.530000000000000000e+02 3.142375372046113853e+02 0.000000000000000000e+00 0.000000000000000000e+00
4.540000000000000000e+02 3.145263449333951939e+02 0.000000000000000000e+00 0.000000000000000000e+00
4.550000000000000000e+02 3.157547304123480671e+02 0.000000000000000000e+00 0.000000000000000000e+00
4.560000000000000000e+02 3.169215016644246816e+02 0.000000000000000000e+00 0.000000000000000000e+00
4.570000000000000000e+02 3.181329316699876131e+02 0.000000000000000000e+00 0.000000000000000000e+00
4.580000000000000000e+02 3.179261294180974460e+02 1.000000000000000000e+00 0.000000000000000000e+00
4.590000000000000000e+02 3.181109406867039411e+02 1.000000000000000000e+00 0.000000000000000000e+00
4.600000000000000000e+02 3.188451312161293458e+02 0.000000000000000000e+00 0.000000000000000000e+00
4.610000000000000000e+02 3.203234928799782892e+02 0.000000000000000000e+00 0.000000000000000000e+00
4.620000000000000000e+02 3.213736423512413580e+02 0.000000000000000000e+00 0.000000000000000000e+00
4.630000000000000000e+02 3.221440190593817192e+02 0.000000000000000000e+00 0.000000000000000000e+00
4.640000000000000000e+02 3.228039089447142374e+02 0.000000000000000000e+00 0.000000000000000000e+00
4.650000000000000000e+02 3.236360771075434286e+02 0.000000000000000000e+00 0.000000000000000000e+00
4.660000000000000000e+02 3.254500927159938328e+02 0.000000000000000000e+00 0.000000000000000000e+00
4.670000000000000000e+02 3.245328832224773237e+02 1.000000000000000000e+00 0.000000000000000000e+00
4.680000000000000000e+02 3.259045108173874041e+02 0.000000000000000000e+00 0.000000000000000000e+00
4.690000000000000000e+02 3.263720585617697907e+02 0.000000000000000000e+00 0.000000000000000000e+00
4.700000000000000000e+02 3.287746725864419659e+02 0.000000000000000000e+00 0.000000000000000000e+00
4.710000000000000000e+02 3.277885873797659428e+02 0.000000000000000000e+00 0.000000000000000000e+00
4.720000000000000000e+02 3.297737240389822659e+02 0.000000000000000000e+00 0.000000000000000000e+00
4.730000000000000000e+02 3.304668599500557207e+02 0.000000000000000000e+00 0.000000000000000000e+00
4.740000000000000000e+02 3.324529203289626480e+02 0.000000000000000000e+00 0.000000000000000000e+00
4.750000000000000000e+02 3.312659103111813579e+02 2.000000000000000000e+00 0.000000000000000000e+00
4.760000000000000000e+02 3.329287386591523159e+02 0.000000000000000000e+00 0.000000000000000000e+00
4.770000000000000000e+02 3.318430548674715510e+02 0.000000000000000000e+00 0.000000000000000000e+00
4.780000000000000000e+02 3.343228830403326128e+02 0.000000000000000000e+00 0.000000000000000000e+00
4.790000000000000000e+02 3.325588837143549767e+02 2.000000000000000000e+00 0.000000000000000000e+00
4.800000000000000000e+02 3.340240305933041896e+02 0.000000000000000000e+00 0.000000000000000000e+00
4.810000000000000000e+02 3.353070605918750857e+02 0.000000000000000000e+00 0.000000000000000000e+00
4.820000000000000000e+02 3.361920846706807993e+02 0.000000000000000000e+00 0.000000000000000000e+00
4.830000000000000000e+02 3.372261809139209277e+02 0.000000000000000000e+00 0.000000000000000000e+00
4.840000000000000000e+02 3.387717790332829395e+02 0.000000000000000000e+00 0.000000000000000000e+00
4.850000000000000000e+02 3.386816393712169315e+02 0.000000000000000000e+00 0.000000000000000000e+00
4.860000000000000000e+02 3.397182291958284281e+02 1.000000000000000000e+00 0.000000000000000000e+00
4.870000000000000000e+02 3.393739044386454111e+02 1.000000000000000000e+00 0.000000000000000000e+00
4.880000000000000000e+02 3.391558592193401296e+02 2.000000000000000000e+00 0.000000000000000000e+00
4.890000000000000000e+02 3.365240168511961656e+02 2.000000000000000000e+00 0.000000000000000000e+00
4.900000000000000000e+02 3.382611901801602130e+02 0.000000000000000000e+00 0.000000000000000000e+00
4.910000000000000000e+02 3.379479660907426819e+02 1.000000000000000000e+00 0.000000000000000000e+00
4.920000000000000000e+02 3.380661185787265595e+02 1.000000000000000000e+00 0.000000000000000000e+00
4.930000000000000000e+02 3.383231120406442756e+02 1.000000000000000000e+00 0.000000000000000000e+00
4.940000000000000000e+02 3.382583518674398988e+02 0.000000000000000000e+00 0.000000000000000000e+00
4.950000000000000000e+02 3.399955133329647197e+02 0.000000000000000000e+00 0.000000000000000000e+00
4.960000000000000000e+02 3.402860951564679795e+02 0.000000000000000000e+00 0.000000000000000000e+00
4.970000000000000000e+02 3.408555280893669988e+02 0.000000000000000000e+00 0.000000000000000000e+00
4.980000000000000000e+02 3.424291104857063033e+02 0.000000000000000000e+00 0.000000000000000000e+00
4.990000000000000000e+02 3.442359312366577342e+02 0.000000000000000000e+00 0.000000000000000000e+00
5.000000000000000000e+02 3.455142297303695500e+02 0.000000000000000000e+00 0.000000000000000000e+00
5.010000000000000000e+02 3.461763694403699105e+02 0.000000000000000000e+00 0.000000000000000000e+00
5.020000000000000000e+02 3.466632118034748942e+02 0.000000000000000000e+00 0.000000000000000000e+00
5.030000000000000000e+02 3.488513192236140981e+02 0.000000000000000000e+00 0.000000000000000000e+00
5.040000000000000000e+02 3.497857436163796478e+02 0.000000000000000000e+00 0.000000000000000000e+00
5.050000000000000000e+02 3.488739529703648259e+02 1.000000000000000000e+00 0.000000000000000000e+00
5.060000000000000000e+02 3.488048531003817629e+02 1.000000000000000000e+00 0.000000000000000000e+00
5.070000000000000000e+02 3.503457610494011760e+02 0.000000000000000000e+00 0.000000000000000000e+00
5.080000000000000000e+02 3.515898722531385943e+02 0.000000000000000000e+00 0.000000000000000000e+00
5.090000000000000000e+02 3.497528292989373995e+02 2.000000000000000000e+00 0.000000000000000000e+00
5.100000000000000000e+02 3.508358790062402477e+02 0.000000000000000000e+00 0.000000000000000000e+00
5.110000000000000000e+02 3.515563521150321549e+02 0.000000000000000000e+00 0.000000000000000000e+00
5.120000000000000000e+02 3.525847098276776137e+02 0.000000000000000000e+00 0.000000000000000000e+00
5.130000000000000000e+02 3.547165369155472376e+02 0.000000000000000000e+00 0.000000000000000000e+00
5.140000000000000000e+02 3.539467241264987933e+02 2.000000000000000000e+00 0.000000000000000000e+00
5.150000000000000000e+02 3.551812577935543231e+02 0.000000000000000000e+00 0.000000000000000000e+00
5.160000000000000000e+02 3.543734506323199298e+02 1.000000000000000000e+00 0.000000000000000000e+00
5.170000000000000000e+02 3.543634384340458610e+02 1.000000000000000000e+00 0.000000000000000000e+00
5.180000000000000000e+02 3.555381679061611067e+02 0.000000000000000000e+00 0.000000000000000000e+00
5.190000000000000000e+02 3.559248913335621296e+02 0.000000000000000000e+00 0.000000000000000000e+00
5.200000000000000000e+02 3.548673960815017949e+02 2.000000000000000000e+00 0.000000000000000000e+00
5.210000000000000000e+02 3.544031691220681068e+02 1.000000000000000000e+00 0.000000000000000000e+00
5.220000000000000000e+02 3.542897263880841479e+02 1.000000000000000000e+00 0.000000000000000000e+00
5.230000000000000000e+02 3.565524953590616519e+02 0.000000000000000000e+00 0.000000000000000000e+00
5.240000000000000000e+02 3.564976480396999250e+02 0.000000000000000000e+00 0.000000000000000000e+00
5.250000000000000000e+02 3.575776292775001366e+02 0.000000000000000000e+00 0.000000000000000000e+00
5.260000000000000000e+02 3.586640217801535186e+02 0.000000000000000000e+00 0.000000000000000000e+00
5.270000000000000000e+02 3.607918920241571072e+02 0.000000000000000000e+00 0.000000000000000000e+00
5.280000000000000000e+02 3.609569341053461358e+02 0.000000000000000000e+00 0.000000000000000000e+00
5.290000000000000000e+02 3.612608164220150115e+02 1.000000000000000000e+00 0.000000000000000000e+00
5.300000000000000000e+02 3.618176955045510113e+02 0.000000000000000000e+00 0.000000000000000000e+00
5.310000000000000000e+02 3.636530833953063393e+02 0.000000000000000000e+00 0.000000000000000000e+00
5.320000000000000000e+02 3.638419391822077955e+02 0.000000000000000000e+00 0.000000000000000000e+00
5.330000000000000000e+02 3.653381824038694390e+02 0.000000000000000000e+00 0.000000000000000000e+00
5.340000000000000000e+02 3.642411926128844470e+02 2.000000000000000000e+00 0.000000000000000000e+00
5.350000000000000000e+02 3.652419585572758365e+02 0.000000000000000000e+00 0.000000000000000000e+00
5.360000000000000000e+02 3.658997384112334998e+02 0.000000000000000000e+00 0.000000000000000000e+00
5.370000000000000000e+02 3.669635110504108866e+02 0.000000000000000000e+00 0.000000000000000000e+00
5.380000000000000000e+02 3.669045807630729996e+02 0.000000000000000000e+00 0.000000000000000000e+00
5.390000000000000000e+02 3.684761967068046147e+02 0.000000000000000000e+00 0.000000000000000000e+00
5.400000000000000000e+02 3.699147637921956857e+02 1.000000000000000000e+00 0.000000000000000000e+00
5.410000000000000000e+02 3.707637824188134346e+02 0.000000000000000000e+00 0.000000000000000000e+00
5.420000000000000000e+02 3.706601617672769748e+02 0.000000000000000000e+00 0.000000000000000000e+00
5.430000000000000000e+02 3.723349166618332333e+02 0.000000000000000000e+00 0.000000000000000000e+00
5.440000000000000000e+02 3.725357851242612242e+02 0.000000000000000000e+00 0.000000000000000000e+00
5.450000000000000000e+02 3.739111746633350322e+02 1.000000000000000000e+00 0.000000000000000000e+00
5.460000000000000000e+02 3.738205659056725381e+02 0.000000000000000000e+00 0.000000000000000000e+00
5.470000000000000000e+02 3.752880411618592120e+02 0.000000000000000000e+00 0.000000000000000000e+00
5.480000000000000000e+02 3.761448036924351754e+02 0.000000000000000000e+00 0.000000000000000000e+00
5.490000000000000000e+02 3.777289026499730085e+02 0.000000000000000000e+00 0.000000000000000000e+00
5.500000000000000000e+02 3.781290005132171927e+02 0.000000000000000000e+00 0.000000000000000000e+00
5.510000000000000000e+02 3.769371055358051308e+02 2.000000000000000000e+00 0.000000000000000000e+00
5.520000000000000000e+02 3.759145885572775114e+02 2.000000000000000000e+00 0.000000000000000000e+00
5.530000000000000000e+02 3.750914067659289799e+02 2.000000000000000000e+00 0.000000000000000000e+00
5.540000000000000000e+02 3.761603575702014837e+02 0.000000000000000000e+00 0.000000000000000000e+00
5.550000000000000000e+02 3.770671014000179753e+02 0.000000000000000000e+00 0.000000000000000000e+00
5.560000000000000000e+02 3.768368481476156830e+02 1.000000000000000000e+00 0.000000000000000000e+00
5.570000000000000000e+02 3.778949038306206489e+02 1.000000000000000000e+00 0.000000000000000000e+00
5.580000000000000000e+02 3.784663820470138944e+02 0.000000000000000000e+00 0.000000000000000000e+00
5.590000000000000000e+02 3.796436578099845747e+02 0.000000000000000000e+00 0.000000000000000000e+00
5.600000000000000000e+02 3.785529157364667867e+02 1.000000000000000000e+00 0.000000000000000000e+00
5.610000000000000000e+02 3.801228089752991650e+02 0.000000000000000000e+00 0.000000000000000000e+00
5.620000000000000000e+02 3.816431031024043818e+02 0.000000000000000000e+00 0.000000000000000000e+00
5.630000000000000000e+02 3.820767479116627783e+02 0.000000000000000000e+00 0.000000000000000000e+00
5.640000000000000000e+02 3.813581896184862217e+02 2.000000000000000000e+00 0.000000000000000000e+00
5.650000000000000000e+02 3.798749938080210313e+02 2.000000000000000000e+00 0.000000000000000000e+00
5.660000000000000000e+02 3.807801509177150479e+02 0.000000000000000000e+00 0.000000000000000000e+00
5.670000000000000000e+02 3.824951147071674313e+02 0.000000000000000000e+00 0.000000000000000000e+00
5.680000000000000000e+02 3.833650637301888082e+02 0.000000000000000000e+00 0.000000000000000000e+00
5.690000000000000000e+02 3.830359720476899952e+02 0.000000000000000000e+00 0.000000000000000000e+00
5.700000000000000000e+02 3.851862383137878965e+02 0.000000000000000000e+00 0.000000000000000000e+00
5.710000000000000000e+02 3.863364566994789584e+02 0.000000000000000000e+00 0.000000000000000000e+00
5.720000000000000000e+02 3.842154521980551181e+02 2.000000000000000000e+00 0.000000000000000000e+00
5.730000000000000000e+02 3.832131147948712169e+02 2.000000000000000000e+00 0.000000000000000000e+00
5.740000000000000000e+02 3.846790198621592936e+02 0.000000000000000000e+00 0.000000000000000000e+00
5.750000000000000000e+02 3.852141871499298986e+02 0.000000000000000000e+00 0.000000000000000000e+00
5.760000000000000000e+02 3.861427158686065582e+02 0.000000000000000000e+00 0.000000000000000000e+00
5.770000000000000000e+02 3.885356816872463810e+02 0.000000000000000000e+00 0.000000000000000000e+00
5.780000000000000000e+02 3.883585610306001854e+02 1.000000000000000000e+00 0.000000000000000000e+00
5.790000000000000000e+02 3.879122612148502185e+02 1.000000000000000000e+00 0.000000000000000000e+00
5.800000000000000000e+02 3.888588309503580263e+02 0.000000000000000000e+00 0.000000000000000000e+00
5.810000000000000000e+02 3.903207991149485565e+02 0.000000000000000000e+00 0.000000000000000000e+00
5.820000000000000000e+02 3.905807763287764374e+02 0.000000000000000000e+00 0.000000000000000000e+00
5.830000000000000000e+02 3.920924482679787957e+02 0.000000000000000000e+00 0.000000000000000000e+00
5.840000000000000000e+02 3.934637026856449324e+02 0.000000000000000000e+00 0.000000000000000000e+00
5.850000000000000000e+02 3.942917225689176917e+02 0.000000000000000000e+00 0.000000000000000000e+00
5.860000000000000000e+02 3.938101973355586551e+02 1.000000000000000000e+00 0.000000000000000000e+00
5.870000000000000000e+02 3.938185663170671091e+02 1.000000000000000000e+00 0.000000000000000000e+00
5.880000000000000000e+02 3.948306901806334395e+02 1.000000000000000000e+00 0.000000000000000000e+00
5.890000000000000000e+02 3.946192201327822886e+02 0.000000000000000000e+00 0.000000000000000000e+00
5.900000000000000000e+02 3.964197193873396259e+02 0.000000000000000000e+00 0.000000000000000000e+00
5.910000000000000000e+02 3.966945700908220829e+02 0.000000000000000000e+00 0.000000000000000000e+00
5.920000000000000000e+02 3.981950287246352218e+02 0.000000000000000000e+00 0.000000000000000000e+00
5.930000000000000000e+02 3.991392428319495593e+02 0.000000000000000000e+00 0.000000000000000000e+00
5.940000000000000000e+02 3.994731892336359351e+02 0.000000000000000000e+00 0.000000000000000000e+00
5.950000000000000000e+02 4.009841224244671025e+02 0.000000000000000000e+00 0.000000000000000000e+00
5.960000000000000000e+02 4.022951461158228881e+02 0.000000000000000000e+00 0.000000000000000000e+00
5.970000000000000000e+02 4.033846530572726010e+02 0.000000000000000000e+00 0.000000000000000000e+00
5.980000000000000000e+02 4.042958914919742028e+02 0.000000000000000000e+00 0.000000000000000000e+00
5.990000000000000000e+02 4.052626835163334817e+02 0.000000000000000000e+00 0.000000000000000000e+00
6.000000000000000000e+02 4.067670045274672930e+02 0.000000000000000000e+00 0.000000000000000000e+00
6.010000000000000000e+02 4.056427594276939317e+02 1.000000000000000000e+00 0.000000000000000000e+00
6.020000000000000000e+02 4.064322591048850200e+02 0.000000000000000000e+00 0.000000000000000000e+00
6.030000000000000000e+02 4.080252734876303293e+02 0.000000000000000000e+00 0.000000000000000000e+00
6.040000000000000000e+02 4.091927295153201385e+02 0.000000000000000000e+00 0.000000000000000000e+00
6.050000000000000000e+02 4.099790194458301471e+02 0.000000000000000000e+00 0.000000000000000000e+00
6.060000000000000000e+02 4.105320880373033674e+02 0.000000000000000000e+00 0.000000000000000000e+00
6.070000000000000000e+02 4.112478314576416096e+02 2.000000000000000000e+00 0.000000000000000000e+00
6.080000000000000000e+02 4.113241829656665232e+02 0.000000000000000000e+00 0.000000000000000000e+00
6.090000000000000000e+02 4.102147373585677883e+02 2.000000000000000000e+00 0.000000000000000000e+00
6.100000000000000000e+02 4.102093302312293872e+02 1.000000000000000000e+00 0.000000000000000000e+00
6.110000000000000000e+02 4.100752567047458683e+02 0.000000000000000000e+00 0.000000000000000000e+00
6.120000000000000000e+02 4.122208638396675724e+02 0.000000000000000000e+00 0.000000000000000000e+00
6.130000000000000000e+02 4.120928695133785595e+02 0.000000000000000000e+00 0.000000000000000000e+00
6.140000000000000000e+02 4.136153773179093491e+02 0.000000000000000000e+00 0.000000000000000000e+00
6.150000000000000000e+02 4.136579582679109990e+02 1.000000000000000000e+00 0.000000000000000000e+00
6.160000000000000000e+02 4.149743386710491677e+02 0.000000000000000000e+00 0.000000000000000000e+00
6.170000000000000000e+02 4.157255257493746399e+02 0.000000000000000000e+00 0.000000000000000000e+00
6.180000000000000000e+02 4.166448701596128217e+02 0.000000000000000000e+00 0.000000000000000000e+00
6.190000000000000000e+02 4.180794209708903963e+02 0.000000000000000000e+00 0.000000000000000000e+00
6.200000000000000000e+02 4.188400288173547779e+02 0.000000000000000000e+00 0.000000000000000000e+00
6.210000000000000000e+02 4.186322925504093746e+02 1.000000000000000000e+00 0.000000000000000000e+00
6.220000000000000000e+02 4.177139350076865867e+02 2.000000000000000000e+00 0.000000000000000000e+00
6.230000000000000000e+02 4.190425312686063535e+02 0.000000000000000000e+00 0.000000000000000000e+00
6.240000000000000000e+02 4.201816574674081153e+02 0.000000000000000000e+00 0.000000000000000000e+00
6.250000000000000000e+02 4.204417617675232464e+02 0.000000000000000000e+00 0.000000000000000000e+00
6.260000000000000000e+02 4.197158233220330885e+02 1.000000000000000000e+00 0.000000000000000000e+00
6.270000000000000000e+02 4.204316524335055192e+02 2.000000000000000000e+00 0.000000000000000000e+00
6.280000000000000000e+02 4.190068014519695794e+02 2.000000000000000000e+00 0.000000000000000000e+00
6.290000000000000000e+02 4.173769249535706081e+02 2.000000000000000000e+00 0.000000000000000000e+00
6.300000000000000000e+02 4.174159554718431195e+02 1.000000000000000000e+00 0.000000000000000000e+00
6.310000000000000000e+02 4.196571276928763723e+02 0.000000000000000000e+00 0.000000000000000000e+00
6.320000000000000000e+02 4.187481214558310967e+02 1.000000000000000000e+00 0.000000000000000000e+00
6.330000000000000000e+02 4.203394316626868203e+02 0.000000000000000000e+00 0.000000000000000000e+00
6.340000000000000000e+02 4.211103964849925205e+02 0.000000000000000000e+00 0.000000000000000000e+00
6.350000000000000000e+02 4.216487730455987162e+02 0.000000000000000000e+00 0.000000000000000000e+00
6.360000000000000000e+02 4.233039215051317683e+02 0.000000000000000000e+00 0.000000000000000000e+00
6.370000000000000000e+02 4.241042496067012166e+02 0.000000000000000000e+00 0.000000000000000000e+00
6.380000000000000000e+02 4.252115010903472694e+02 0.000000000000000000e+00 0.000000000000000000e+00
6.390000000000000000e+02 4.263088314447150537e+02 0.000000000000000000e+00 0.000000000000000000e+00
6.400000000000000000e+02 4.276012141120122010e+02 0.000000000000000000e+00 0.000000000000000000e+00
6.410000000000000000e+02 4.279988933888735687e+02 0.000000000000000000e+00 0.000000000000000000e+00
6.420000000000000000e+02 4.294612556630135032e+02 0.000000000000000000e+00 0.000000000000000000e+00
6.430000000000000000e+02 4.307615891929306713e+02 0.000000000000000000e+00 0.000000000000000000e+00
6.440000000000000000e+02 4.302402787495948360e+02 1.000000000000000000e+00 0.000000000000000000e+00
6.450000000000000000e+02 4.293297801662794768e+02 1.000000000000000000e+00 0.000000000000000000e+00
6.460000000000000000e+02 4.297829914250124830e+02 1.000000000000000000e+00 0.000000000000000000e+00
6.470000000000000000e+02 4.311882318049545688e+02 0.000000000000000000e+00 0.000000000000000000e+00
6.480000000000000000e+02 4.311210851289818038e+02 0.000000000000000000e+00 0.000000000000000000e+00
6.490000000000000000e+02 4.335845646756949350e+02 0.000000000000000000e+00 0.000000000000000000e+00
6.500000000000000000e+02 4.333326110150598538e+02 2.000000000000000000e+00 0.000000000000000000e+00
6.510000000000000000e+02 4.331886728122872796e+02 0.000000000000000000e+00 0.000000000000000000e+00
6.520000000000000000e+02 4.338103004899142547e+02 0.000000000000000000e+00 0.000000000000000000e+00
6.530000000000000000e+02 4.349584637506756053e+02 0.000000000000000000e+00 0.000000000000000000e+00
6.540000000000000000e+02 4.357283280440860267e+02 0.000000000000000000e+00 0.000000000000000000e+00
6.550000000000000000e+02 4.358260046967519656e+02 1.000000000000000000e+00 0.000000000000000000e+00
6.560000000000000000e+02 4.372796500550812198e+02 0.000000000000000000e+00 0.000000000000000000e+00
6.570000000000000000e+02 4.369798819183549199e+02 1.000000000000000000e+00 0.000000000000000000e+00
6.580000000000000000e+02 4.362783562739679155e+02 2.000000000000000000e+00 0.000000000000000000e+00
6.590000000000000000e+02 4.372476234912455197e+02 0.000000000000000000e+00 0.000000000000000000e+00
6.600000000000000000e+02 4.361613673664235193e+02 2.000000000000000000e+00 0.000000000000000000e+00
6.610000000000000000e+02 4.356265932676013790e+02 1.000000000000000000e+00 0.000000000000000000e+00
6.620000000000000000e+02 4.372622113460830633e+02 0.000000000000000000e+00 0.000000000000000000e+00
6.630000000000000000e+02 4.381346819347087376e+02 0.000000000000000000e+00 0.000000000000000000e+00
6.640000000000000000e+02 4.386448747942367277e+02 0.000000000000000000e+00 0.000000000000000000e+00
6.650000000000000000e+02 4.404979274772660460e+02 0.000000000000000000e+00 0.000000000000000000e+00
6.660000000000000000e+02 4.398721980375548810e+02 0.000000000000000000e+00 0.000000000000000000e+00
6.670000000000000000e+02 4.421451346613548026e+02 0.000000000000000000e+00 0.000000000000000000e+00
6.680000000000000000e+02 4.431016882371729366e+02 0.000000000000000000e+00 0.000000000000000000e+00
6.690000000000000000e+02 4.413882354461205182e+02 2.000000000000000000e+00 0.000000000000000000e+00
6.700000000000000000e+02 4.431403569880466193e+02 0.000000000000000000e+00 0.000000000000000000e+00
6.710000000000000000e+02 4.439460869335055690e+02 0.000000000000000000e+00 0.000000000000000000e+00
6.720000000000000000e+02 4.456177611113430999e+02 0.000000000000000000e+00 0.000000000000000000e+00
6.730000000000000000e+02 4.468262791885112506e+02 0.000000000000000000e+00 0.000000000000000000e+00
6.740000000000000000e+02 4.475247640707688674e+02 0.000000000000000000e+00 0.000000000000000000e+00
6.750000000000000000e+02 4.479155234352055572e+02 0.000000000000000000e+00 0.000000000000000000e+00
6.760000000000000000e+02 4.482973083705714998e+02 0.000000000000000000e+00 0.000000000000000000e+00
6.770000000000000000e+02 4.493234491242088779e+02 1.000000000000000000e+00 0.000000000000000000e+00
6.780000000000000000e+02 4.494341214836082941e+02 0.000000000000000000e+00 0.000000000000000000e+00
6.790000000000000000e+02 4.493932307920783842e+02 1.000000000000000000e+00 0.000000000000000000e+00
6.800000000000000000e+02 4.512348869837396705e+02 0.000000000000000000e+00 0.000000000000000000e+00
6.810000000000000000e+02 4.519217044395525704e+02 0.000000000000000000e+00 0.000000000000000000e+00
6.820000000000000000e+02 4.528854106607877270e+02 0.000000000000000000e+00 0.000000000000000000e+00
6.830000000000000000e+02 4.540849811428943212e+02 0.000000000000000000e+00 0.000000000000000000e+00
6.840000000000000000e+02 4.543544305726830999e+02 0.000000000000000000e+00 0.000000000000000000e+00
6.850000000000000000e+02 4.563721690267386180e+02 0.000000000000000000e+00 0.000000000000000000e+00
6.860000000000000000e+02 4.570499073648123840e+02 0.000000000000000000e+00 0.000000000000000000e+00
6.870000000000000000e+02 4.586478298594765306e+02 0.000000000000000000e+00 0.000000000000000000e+00
6.880000000000000000e+02 4.594362278570790181e+02 0.000000000000000000e+00 0.000000000000000000e+00
6.890000000000000000e+02 4.597069769105120827e+02 0.000000000000000000e+00 0.000000000000000000e+00
6.900000000000000000e+02 4.589896617974026185e+02 2.000000000000000000e+00 0.000000000000000000e+00
6.910000000000000000e+02 4.585194913840987283e+02 1.000000000000000000e+00 0.000000000000000000e+00
6.920000000000000000e+02 4.602291513931805866e+02 0.000000000000000000e+00 0.000000000000000000e+00
6.930000000000000000e+02 4.616770137292488130e+02 0.000000000000000000e+00 0.000000000000000000e+00
6.940000000000000000e+02 4.623506594337475804e+02 0.000000000000000000e+00 0.000000000000000000e+00
6.950000000000000000e+02 4.596695811012364743e+02 2.000000000000000000e+00 0.000000000000000000e+00
6.960000000000000000e+02 4.612576023490329362e+02 0.000000000000000000e+00 0.000000000000000000e+00
6.970000000000000000e+02 4.623956153669179230e+02 0.000000000000000000e+00 0.000000000000000000e+00
6.980000000000000000e+02 4.640554768509002770e+02 0.000000000000000000e+00 0.000000000000000000e+00
6.990000000000000000e+02 4.651560546455213512e+02 0.000000000000000000e+00 0.000000000000000000e+00
7.000000000000000000e+02 4.667981261382035996e+02 0.000000000000000000e+00 0.000000000000000000e+00
7.010000000000000000e+02 4.673867569211282671e+02 0.000000000000000000e+00 0.000000000000000000e+00
7.020000000000000000e+02 4.675101505291032709e+02 0.000000000000000000e+00 0.000000000000000000e+00
7.030000000000000000e+02 4.672215517404346770e+02 1.000000000000000000e+00 0.000000000000000000e+00
7.040000000000000000e+02 4.672633123635122843e+02 1.000000000000000000e+00 0.000000000000000000e+00
7.050000000000000000e+02 4.691163044326072509e+02 0.000000000000000000e+00 0.000000000000000000e+00
7.060000000000000000e+02 4.698513229310373163e+02 0.000000000000000000e+00 0.000000000000000000e+00
7.070000000000000000e+02 4.716687630671095235e+02 0.000000000000000000e+00 0.000000000000000000e+00
7.080000000000000000e+02 4.718266804195615691e+02 0.000000000000000000e+00 0.000000000000000000e+00
7.090000000000000000e+02 4.732362754618549161e+02 0.000000000000000000e+00 0.000000000000000000e+00
7.100000000000000000e+02 4.742621355045479845e+02 0.000000000000000000e+00 0.000000000000000000e+00
7.110000000000000000e+02 4.744009153452856822e+02 0.000000000000000000e+00 0.000000000000000000e+00
7.120000000000000000e+02 4.763718061397179326e+02 0.000000000000000000e+00 0.000000000000000000e+00
7.130000000000000000e+02 4.774767391608502294e+02 0.000000000000000000e+00 0.000000000000000000e+00
7.140000000000000000e+02 4.779937971724289127e+02 0.000000000000000000e+00 0.000000000000000000e+00
7.150000000000000000e+02 4.772326688063488405e+02 2.000000000000000000e+00 0.000000000000000000e+00
7.160000000000000000e+02 4.770853794231836673e+02 1.000000000000000000e+00 0.000000000000000000e+00
7.170000000000000000e+02 4.768002758582461524e+02 1.000000000000000000e+00 0.000000000000000000e+00
7.180000000000000000e+02 4.776149234702161834e+02 0.000000000000000000e+00 0.000000000000000000e+00
7.190000000000000000e+02 4.789945093606855266e+02 0.000000000000000000e+00 0.000000000000000000e+00
7.200000000000000000e+02 4.801694231268529052e+02 0.000000000000000000e+00 0.000000000000000000e+00
7.210000000000000000e+02 4.811508099842407660e+02 0.000000000000000000e+00 0.000000000000000000e+00
7.220000000000000000e+02 4.812208011058248758e+02 0.000000000000000000e+00 0.000000000000000000e+00
7.230000000000000000e+02 4.829341475203366940e+02 0.000000000000000000e+00 0.000000000000000000e+00
7.240000000000000000e+02 4.837752553971280918e+02 0.000000000000000000e+00 0.000000000000000000e+00
7.250000000000000000e+02 4.852444538682874509e+02 0.000000000000000000e+00 0.000000000000000000e+00
7.260000000000000000e+02 4.869725956676825831e+02 0.000000000000000000e+00 0.000000000000000000e+00
7.270000000000000000e+02 4.867617725788554708e+02 0.000000000000000000e+00 0.000000000000000000e+00
7.280000000000000000e+02 4.881119958066028062e+02 0.000000000000000000e+00 0.000000000000000000e+00
7.290000000000000000e+02 4.898217032104333839e+02 0.000000000000000000e+00 0.000000000000000000e+00
7.300000000000000000e+02 4.902924385849742066e+02 0.000000000000000000e+00 0.000000000000000000e+00
7.310000000000000000e+02 4.903685331707290516e+02 0.000000000000000000e+00 0.000000000000000000e+00
7.320000000000000000e+02 4.914175527976336184e+02 0.000000000000000000e+00 0.000000000000000000e+00
7.330000000000000000e+02 4.933420007479604124e+02 0.000000000000000000e+00 0.000000000000000000e+00
7.340000000000000000e+02 4.941678092191392011e+02 0.000000000000000000e+00 0.000000000000000000e+00
7.350000000000000000e+02 4.943317678013713703e+02 0.000000000000000000e+00 0.000000000000000000e+00
7.360000000000000000e+02 4.961060881487932761e+02 0.000000000000000000e+00 0.000000000000000000e+00
7.370000000000000000e+02 4.970169898712443342e+02 0.000000000000000000e+00 0.000000000000000000e+00
7.380000000000000000e+02 4.968708466081951087e+02 1.000000000000000000e+00 0.000000000000000000e+00
7.390000000000000000e+02 4.973168214034503762e+02 0.000000000000000000e+00 0.000000000000000000e+00
7.400000000000000000e+02 4.986861806787554201e+02 0.000000000000000000e+00 0.000000000000000000e+00
7.410000000000000000e+02 5.001960506921566321e+02 0.000000000000000000e+00 0.000000000000000000e+00
7.420000000000000000e+02 5.005398949394677288e+02 0.000000000000000000e+00 0.000000000000000000e+00
7.430000000000000000e+02 5.018776798061720683e+02 0.000000000000000000e+00 0.000000000000000000e+00
7.440000000000000000e+02 5.021183757152628573e+02 0.000000000000000000e+00 0.000000000000000000e+00
7.450000000000000000e+02 5.047121302015563060e+02 0.000000000000000000e+00 0.000000000000000000e+00
7.460000000000000000e+02 5.046460915275225148e+02 1.000000000000000000e+00 0.000000000000000000e+00
7.470000000000000000e+02 5.048246257599010391e+02 1.000000000000000000e+00 0.000000000000000000e+00
7.480000000000000000e+02 5.056871867894091110e+02 0.000000000000000000e+00 0.000000000000000000e+00
7.490000000000000000e+02 5.060383144690912900e+02 0.000000000000000000e+00 0.000000000000000000e+00
7.500000000000000000e+02 5.064067702469725987e+02 1.000000000000000000e+00 0.000000000000000000e+00
7.510000000000000000e+02 5.062043367457038698e+02 1.000000000000000000e+00 0.000000000000000000e+00
7.520000000000000000e+02 5.074502501702557424e+02 0.000000000000000000e+00 0.000000000000000000e+00
7.530000000000000000e+02 5.080369059961698781e+02 0.000000000000000000e+00 0.000000000000000000e+00
7.540000000000000000e+02 5.083907379111663545e+02 0.000000000000000000e+00 0.000000000000000000e+00
7.550000000000000000e+02 5.077498730865181642e+02 2.000000000000000000e+00 0.000000000000000000e+00
7.560000000000000000e+02 5.069491164848032554e+02 2.000000000000000000e+00 0.000000000000000000e+00
7.570000000000000000e+02 5.067424215322376995e+02 1.000000000000000000e+00 0.000000000000000000e+00
7.580000000000000000e+02 5.070354393615519939e+02 1.000000000000000000e+00 0.000000000000000000e+00
7.590000000000000000e+02 5.064172736153339542e+02 1.000000000000000000e+00 0.000000000000000000e+00
7.600000000000000000e+02 5.081719583527112718e+02 1.000000000000000000e+00 0.000000000000000000e+00
7.610000000000000000e+02 5.087669696980672711e+02 0.000000000000000000e+00 0.000000000000000000e+00
7.620000000000000000e+02 5.088996140885142836e+02 0.000000000000000000e+00 0.000000000000000000e+00
7.630000000000000000e+02 5.105877097996227576e+02 0.000000000000000000e+00 0.000000000000000000e+00
7.640000000000000000e+02 5.088965003227078228e+02 2.000000000000000000e+00 0.000000000000000000e+00
7.650000000000000000e+02 5.100386185880332732e+02 0.000000000000000000e+00 0.000000000000000000e+00
7.660000000000000000e+02 5.112238927103854280e+02 0.000000000000000000e+00 0.000000000000000000e+00
7.670000000000000000e+02 5.121829676478181455e+02 0.000000000000000000e+00 0.000000000000000000e+00
7.680000000000000000e+02 5.129647992217439878e+02 0.000000000000000000e+00 0.000000000000000000e+00
7.690000000000000000e+02 5.141963332143122898e+02 0.000000000000000000e+00 0.000000000000000000e+00
7.700000000000000000e+02 5.145171513729748085e+02 0.000000000000000000e+00 0.000000000000000000e+00
7.710000000000000000e+02 5.154430225104981673e+02 0.000000000000000000e+00 0.000000000000000000e+00
7.720000000000000000e+02 5.174164370093935759e+02 0.000000000000000000e+00 0.000000000000000000e+00
7.730000000000000000e+02 5.176459634258261531e+02 0.000000000000000000e+00 0.000000000000000000e+00
7.740000000000000000e+02 5.187369896005500323e+02 1.000000000000000000e+00 0.000000000000000000e+00
7.750000000000000000e+02 5.183481985752925993e+02 0.000000000000000000e+00 0.000000000000000000e+00
7.760000000000000000e+02 5.193730270340463449e+02 0.000000000000000000e+00 0.000000000000000000e+00
7.770000000000000000e+02 5.210195051186553883e+02 0.000000000000000000e+00 0.000000000000000000e+00
7.780000000000000000e+02 5.235747972645107211e+02 0.000000000000000000e+00 0.000000000000000000e+00
7.790000000000000000e+02 5.233062787948039158e+02 0.000000000000000000e+00 0.000000000000000000e+00
7.800000000000000000e+02 5.238403280527886636e+02 0.000000000000000000e+00 0.000000000000000000e+00
7.810000000000000000e+02 5.253983336173083671e+02 0.000000000000000000e+00 0.000000000000000000e+00
7.820000000000000000e+02 5.253917727960157436e+02 0.000000000000000000e+00 0.000000000000000000e+00
7.830000000000000000e+02 5.260882108783536069e+02 0.000000000000000000e+00 0.000000000000000000e+00
7.840000000000000000e+02 5.274314022655045164e+02 0.000000000000000000e+00 0.000000000000000000e+00
7.850000000000000000e+02 5.282577131710787626e+02 0.000000000000000000e+00 0.000000000000000000e+00
7.860000000000000000e+02 5.304297785638552796e+02 0.000000000000000000e+00 0.000000000000000000e+00
7.870000000000000000e+02 5.302971592172721103e+02 0.000000000000000000e+00 0.000000000000000000e+00
7.880000000000000000e+02 5.326939415662767487e+02 0.000000000000000000e+00 0.000000000000000000e+00
7.890000000000000000e+02 5.338751862474225618e+02 0.000000000000000000e+00 0.000000000000000000e+00
7.900000000000000000e+02 5.348844634310481752e+02 0.000000000000000000e+00 0.000000000000000000e+00
7.910000000000000000e+02 5.350835337691036102e+02 0.000000000000000000e+00 0.000000000000000000e+00
7.920000000000000000e+02 5.353049114470572931e+02 0.000000000000000000e+00 0.000000000000000000e+00
7.930000000000000000e+02 5.366933666559062885e+02 0.000000000000000000e+00 0.000000000000000000e+00
7.940000000000000000e+02 5.361429044829047825e+02 2.000000000000000000e+00 0.000000000000000000e+00
7.950000000000000000e+02 5.374915388968438492e+02 0.000000000000000000e+00 0.000000000000000000e+00
7.960000000000000000e+02 5.377126832129996501e+02 0.000000000000000000e+00 0.000000000000000000e+00
7.970000000000000000e+02 5.376156408222394703e+02 1.000000000000000000e+00 0.000000000000000000e+00
7.980000000000000000e+02 5.370454564560525341e+02 2.000000000000000000e+00 0.000000000000000000e+00
7.990000000000000000e+02 5.385252088084580464e+02 0.000000000000000000e+00 0.000000000000000000e+00
8.000000000000000000e+02 5.397042526767558002e+02 0.000000000000000000e+00 0.000000000000000000e+00
