dwell times
6.221639402702393795e+00
7.879920850552036171e+00
1.360173208613603890e+01
7.735060876104405736e+00
7.285763433845353632e+00
1.641765105261951874e+01
6.444482948733949002e+00
1.050381424236911698e+01
5.774291217569597734e+00
7.648129217700642357e+00
9.684202411966737145e+00
9.482066855317796694e+00
2.809852843596048899e+01
1.066319809206621017e+01
1.683488633773978904e+01
9.209204741936503069e+00
7.096571919993579058e+00
8.181266857859611719e+00
7.911267606782814710e+00
1.205872604455691999e+01
1.126039620400175068e+01
1.095867700586856586e+01
2.601429267873677986e+01
5.620572362315158443e+00
1.046331915044311245e+01
7.169963424241473149e+00
6.586657772812543499e+00
1.563992940978317847e+01
8.891829555516437722e+00
1.089324402977655382e+01
1.335046412738256549e+01
1.543056799548764957e+01
5.182055150504425001e+00
9.113271840869003881e+00
1.620557681437867359e+01
6.330660958484259027e+00
1.566778754117098060e+01
5.258525779974888792e+00
1.712813290953533851e+01
8.791079509565861372e+00
6.928795046606751384e+00
6.517610662901745400e+00
8.409101644068755377e+00
6.756397281003728494e+00
1.006694303755227793e+01
7.035015510501182234e+00
6.353179823402683724e+00
1.301841621018496653e+01
1.467454946221641876e+01
1.067012417022976933e+01
6.808796963855911599e+00
8.756963310819628532e+00
6.092885348833078751e+00
6.998837957484056460e+00
1.881349304707282499e+01
1.058044757195966667e+01
8.549241077689771373e+00
1.377420754334411868e+01
6.321634268926914046e+00
6.517105972164813465e+00
1.181423312527056169e+01
6.447597643860603966e+00
8.570283739718092875e+00
7.929674191305480235e+00
7.698106100299924037e+00
8.772518796385611495e+00
6.591279730199289588e+00
1.284867485894790207e+01
1.345910274926677630e+01
8.504441980118485844e+00
6.536970014319990696e+00
1.399901322424705086e+01
6.124583789263851941e+00
1.038009192360561883e+01
1.044486053194680153e+01
9.694895835960664954e+00
6.751914149449817160e+00
6.371987614053068683e+00
9.168632106203743248e+00
1.139300785431351670e+01
1.211304199410594862e+01
9.029652887505335457e+00
6.732503430275002643e+00
1.216344690930663575e+01
1.051810216069081605e+01
1.090171619442567419e+01
5.872486821298039672e+00
5.636429808338476732e+00
8.150059285823161304e+00
6.886606570833393448e+00
9.118765726213894141e+00
6.325166659848150630e+00
1.185045397818984725e+01
1.389296488478100855e+01
6.325191002415010644e+00
7.429476549341728742e+00
1.033466146396878571e+01
6.083018959030084716e+00
1.577123020409933929e+01
1.493374229049851465e+01
8.381785778387609298e+00
1.124245701937329045e+01
5.641624207367925692e+00
1.838181050021952956e+01
6.707341947266399984e+00
8.050109633580461832e+00
8.492713666491397362e+00
1.082092304407842676e+01
1.363582316829899810e+01
1.284735365358898207e+01
8.294057600381847806e+00
9.112235158991325079e+00
5.889485194479561869e+00
5.106773082355232418e+00
1.458478810981972629e+01
1.187791032201067765e+01
9.241454105888124104e+00
6.188680836247328898e+00
1.875712255764449310e+01
6.087340978222698595e+00
8.043868026694269702e+00
2.805633901754720227e+01
6.013170148549761507e+00
8.412344675063366140e+00
7.214845209750819777e+00
5.420096887598674584e+00
6.547629458325559426e+00
2.436424183891085704e+01
1.132529183109301130e+01
1.377592169367392216e+01
8.016727951889379256e+00
6.480163884213311576e+00
1.311866981216064687e+01
5.889854497931310107e+00
5.282453130465228242e+00
1.318285260554694105e+01
6.919094791118936882e+00
7.962309581095951216e+00
1.113083155000163060e+01
1.131070563825028330e+01
9.583155644307794319e+00
1.874849709430293387e+01
6.262822651976193811e+00
1.857797530945367726e+01
8.397947593051412696e+00
5.918447456060221157e+00
1.845150993929985361e+01
6.096281062080834090e+00
6.291142691528079922e+00
1.093257595246598157e+01
9.715008913021051740e+00
1.168257081569618094e+01
1.313727920839687613e+01
9.934604453930091950e+00
6.842152460995066576e+00
7.366082051717171453e+00
9.160699866503176025e+00
1.945039185792919767e+01
8.897769685523385874e+00
6.824801403082865647e+00
5.327259980923656713e+00
8.007137844198254584e+00
5.446266370871782669e+00
7.067335586275191872e+00
5.606179729060698946e+00
9.039909628131951536e+00
7.280660097029766575e+00
7.474622468485222271e+00
8.193738887143325655e+00
5.807319710956676317e+00
7.836104860108349612e+00
8.593543455702615574e+00
8.462872973932576315e+00
5.773282455886430853e+00
6.505996320041106173e+00
1.115765670398013754e+01
6.944237130194920837e+00
6.323565861157419477e+00
9.737640731318890630e+00
1.318581305068281040e+01
1.948530678172235753e+01
1.488494337846731241e+01
1.161817574032076550e+01
1.432293261213936830e+01
8.188235084571601874e+00
6.256639353873651999e+00
5.845249602858302751e+00
7.421748809319865359e+00
1.012823591196280404e+01
6.369031067428068127e+00
7.516687436501968023e+00
1.824610787622088992e+01
8.312365725861866395e+00
8.911435269996673014e+00
1.196834575327096672e+01
2.407641203664451268e+01
1.221250625469025408e+01
6.220066089452643610e+00
1.231396905732344749e+01
5.254209033782785809e+00
7.141126703805468878e+00
8.307559059731431717e+00
1.186580190771712751e+01
1.189213426937550366e+01
1.775229698758221275e+01
7.525854208241923970e+00
6.662663634331579487e+00
1.109928617241411075e+01
1.734925380359572955e+01
6.284048622252157656e+00
9.901098387165461645e+00
1.485324162757535760e+01
7.658516487651468196e+00
7.274397295680842035e+00
6.302941569997528859e+00
1.166039971077327664e+01
1.000012404566678015e+01
6.269539553012350552e+00
8.565706241348266303e+00
1.149856919680030387e+01
9.446058019094266456e+00
1.620194083359183423e+01
6.582820571112165453e+00
5.781913229996575865e+00
1.890904017007710536e+01
2.239754649436929412e+01
6.351299748099336284e+00
2.039204179317550825e+01
1.004425903868934711e+01
6.088664530195842417e+00
5.605517289090130362e+00
9.856224283391043173e+00
6.683720126443176923e+00
8.098102264280214513e+00
7.099622593582804342e+00
2.252235816809337621e+01
6.903509139256300386e+00
6.912899938207672790e+00
8.296397581228902141e+00
8.164494656302238695e+00
1.191885131179101620e+01
8.985997952872367023e+00
7.465612674103084601e+00
5.386586090308014718e+00
2.205532471046763021e+01
9.775179138712573490e+00
6.143194093207682727e+00
6.526649275116511717e+00
1.263563923298727332e+01
1.821944064744093339e+01
6.111785020897968934e+00
1.336599333199967532e+01
6.810870365674645655e+00
1.880471908530125802e+01
7.510072173431353804e+00
7.958219985357231963e+00
6.931898026616920561e+00
7.511652376738510384e+00
8.990609680185286834e+00
1.433168426022382391e+01
7.915493718179277494e+00
1.112807764180678305e+01
1.186080563667269416e+01
7.414123400269886588e+00
8.639909175205275460e+00
9.791143312598876491e+00
7.697494648768781644e+00
1.444489802818810631e+01
6.603478787113715498e+00
2.493518657343292944e+01
7.311895028130209084e+00
1.391767369997501191e+01
6.024231163647982612e+00
6.952134211988607149e+00
6.592068986100571237e+00
1.518462150245630937e+01
6.882285585807380812e+00
9.581582540790179792e+00
6.667623631096148529e+00
1.071113567133562583e+01
9.354964589889618765e+00
6.874206065010696420e+00
6.453309236630332180e+00
7.790614911687782751e+00
2.750948117076950439e+01
7.317427007019318808e+00
6.899567908943936345e+00
7.666630752555079198e+00
9.398486886144951313e+00
6.134294812247730988e+00
1.731521628416237490e+01
7.830574532239324981e+00
7.696811361132745333e+00
1.483933218667800702e+01
8.379302633545080425e+00
1.097142766399531411e+01
8.447386996420618743e+00
6.345513974953973957e+00
6.880336143900876777e+00
6.426130012870203245e+00
1.563989620209963505e+01
8.008332018492524185e+00
6.114985070660736710e+00
1.113636101152349056e+01
1.289852487225630284e+01
1.032959722625321319e+01
6.964852600441986397e+00
8.113055758982682164e+00
1.361680706548054332e+01
1.287220108355074899e+01
1.246596263628578072e+01
5.846630998790374178e+00
8.403664975708371898e+00
7.412520785215406249e+00
8.706821060940363566e+00
8.318215968264830451e+00
9.899660013885345222e+00
6.856444399202892725e+00
1.304391674191161599e+01
1.570184340260807687e+01
7.714412889149983243e+00
6.289833410019781468e+00
8.737787299966100818e+00
9.075459962227370170e+00
1.141626883728876862e+01
1.465492227879849452e+01
7.828191136884328216e+00
9.875734236362603724e+00
7.765178196914689579e+00
9.309673590160514323e+00
1.589589619618124061e+01
8.238998628472302244e+00
1.171204757011389574e+01
1.626746916967650236e+01
6.525831776402782225e+00
8.012700719111506942e+00
1.373453548787639988e+01
1.046619954490500959e+01
9.735216845626780469e+00
1.691246866430520868e+01
6.760823433500320334e+00
1.889583356430023287e+01
6.570539100392636556e+00
8.321662459131800915e+00
8.879103315955546805e+00
1.018959169708563195e+01
7.140525157787692478e+00
1.259332860853993452e+01
1.252362832328867626e+01
8.821984329416522996e+00
8.639292386788099520e+00
6.438909351842596607e+00
8.367817972668433413e+00
1.091576568066420805e+01
6.255770487140694058e+00
7.301850483257169344e+00
1.015317413073489661e+01
6.829547790817855457e+00
8.160554759695401117e+00
1.011794309927506674e+01
8.535681098461054717e+00
1.567719686288461389e+01
9.541055922580824245e+00
8.087489454904584818e+00
1.230356666570105517e+01
1.179273357005843081e+01
8.882633544098439415e+00
6.810993194313482491e+00
1.187192189648646945e+01
7.851470400130665439e+00
8.574485516863092016e+00
6.807123977626588385e+00
7.883405376113501006e+00
8.945827163668582216e+00
1.027474269488118352e+01
2.038783175753633259e+01
1.168434675753860574e+01
7.990578491328960808e+00
7.024596271646714740e+00
7.757965864212337692e+00
9.467961799647014232e+00
1.246099378681412873e+01
6.951593121435166722e+00
7.760072237497524839e+00
8.465830070001857166e+00
1.650332093662666466e+01
1.756481456742778846e+01
9.253991716117411670e+00
9.646214312210076969e+00
7.842764108643905274e+00
7.469626729300003376e+00
6.492173206395818852e+00
5.702966972044741567e+00
2.029646399473388385e+01
2.170142653228786855e+01
6.074519225982299986e+00
7.512986120250346289e+00
2.330653262209209231e+01
1.636423687026328366e+01
1.230605717867351245e+01
1.444002835780887040e+01
6.161662513908709116e+00
9.556503505653608954e+00
8.800853677396844432e+00
1.061019671828850619e+01
9.225888261125817280e+00
6.391974452169108645e+00
5.831290979075021141e+00
6.386730721096142815e+00
7.750612649677350419e+00
6.476040475301857668e+00
8.233851344639191439e+00
2.056712187668779279e+01
5.771309088787518249e+00
1.115746930056178599e+01
1.341388799927210584e+01
5.854551237968905752e+00
6.123297453796567424e+00
6.242712952642079927e+00
1.010193727735787661e+01
7.232782089061004172e+00
6.930552691059972403e+00
5.457734528293144649e+00
9.981630353137859402e+00
9.445579337861602198e+00
1.267081671435289536e+01
5.303858772341015992e+00
5.900700942090566059e+00
1.563750118196674066e+01
7.568388234759254374e+00
7.176829579493698930e+00
6.835520619676515253e+00
6.211938379590378645e+00
6.438986362063417346e+00
6.407732183274106319e+00
7.372527100771435471e+00
1.037947963463091128e+01
9.495718461807371114e+00
1.293914146854200453e+01
6.022454161657037730e+00
8.123206805150005039e+00
6.098715537036468959e+00
9.877452118534165493e+00
6.278758816989125080e+00
7.818187124785595188e+00
7.126206848889069079e+00
1.242280679509815400e+01
5.628129676037247009e+00
6.750772590201790990e+00
6.673983478848754203e+00
5.533804204160219342e+00
9.290478614382323030e+00
1.488853776261487383e+01
1.070148189679639472e+01
7.098240997603284086e+00
1.607348667552832922e+01
7.567436542754421680e+00
1.023203307389326255e+01
1.242735772668777372e+01
1.757114178888650713e+01
1.443482694234035080e+01
9.314017546799959746e+00
5.700856637427136775e+00
6.303748605621422030e+00
7.958603684600234374e+00
6.391719256305577801e+00
7.109923917644209723e+00
1.254396909141144079e+01
1.153870964793111398e+01
1.127651171321656420e+01
9.400294933304717659e+00
9.069194417154637478e+00
6.322844848762905201e+00
6.785641036210563470e+00
6.026331032450620739e+00
1.750436926668763249e+01
1.479270038551272393e+01
8.696571371822074070e+00
8.721554492733986308e+00
1.261474013812274109e+01
6.505679448100309514e+00
7.766942606544787964e+00
1.131416828319326839e+01
8.609544363749250806e+00
7.848249488302116106e+00
7.284030327540733651e+00
6.706099988102664611e+00
7.514940985796641826e+00
5.596759611192339889e+00
7.347510819927521197e+00
6.963439649848851332e+00
8.400429361645677773e+00
1.355135459243402352e+01
8.612327680225575932e+00
6.063359814180074636e+00
7.561801318742737976e+00
1.003204444589817967e+01
8.171875998197180024e+00
1.041172187243793701e+01
1.937969281630728346e+01
8.586983551803996306e+00
7.813309927784075626e+00
1.757046251844218432e+01
7.362921064057502463e+00
7.765701004655738870e+00
9.715181450442742062e+00
1.272693026227693736e+01
7.038028275882254547e+00
8.490823182936082958e+00
1.756637561535285386e+01
1.685331129052451615e+01
1.495623277445224630e+01
1.891151577918384419e+01
6.942369895027525217e+00
8.284002348913361402e+00
8.468536119089321801e+00
6.487342540175916383e+00
7.380029573470324067e+00
6.649063332379682834e+00
6.827589929152452441e+00
6.703190156459982063e+00
1.361516106060599895e+01
9.188377381019847689e+00
8.964057112210298328e+00
6.167574949574827770e+00
1.310463112975594413e+01
5.601601786749483836e+00
1.280812645031335251e+01
9.247694176290110590e+00
6.688346229272497112e+00
1.151422130073558492e+01
7.831045640751312931e+00
7.314479442379024476e+00
8.811193373883725144e+00
1.520728352485025425e+01
7.528438426771003833e+00
6.355770721152566693e+00
6.406693060599423006e+00
1.391525426982718727e+01
6.729718657455464381e+00
8.683238971051878252e+00
1.443339413630360468e+01
1.836920350671880442e+01
1.651957774815639368e+01
1.819856202442360882e+01
9.663623665441036792e+00
1.411031707767290300e+01
8.304587589834795835e+00
8.034046857162994826e+00
6.827407478058244550e+00
8.424457626709706659e+00
5.360209121861270631e+00
7.887409170463158148e+00
5.308707746294672347e+00
1.075104892832826664e+01
1.126183443056741851e+01
8.837855217290368159e+00
8.324766417290589970e+00
1.221535119579056072e+01
7.194195473810907515e+00
8.630112888506943136e+00
1.482634951239194265e+01
1.488047177363219475e+01
1.311221825125485907e+01
6.416751524401064444e+00
7.490873311493686515e+00
5.723959942945015200e+00
6.831111924803565216e+00
6.530796639183591878e+00
8.342382397096088198e+00
8.558763413722004998e+00
1.087010124124017807e+01
1.591037602585387845e+01
6.546959650162278876e+00
2.135627343243535847e+01
5.905753926410625354e+00
1.652061855638970655e+01
8.271232598362132649e+00
2.095799067405289406e+01
1.263222498135013439e+01
2.178897156466297247e+01
6.343689421550891439e+00
9.296826812797974071e+00
6.077904113913461970e+00
1.007662372917042148e+01
5.586580889755794033e+00
5.988568781614276304e+00
6.579958075803347128e+00
9.544308262431343337e+00
5.768231664664256186e+00
1.017123189184144394e+01
2.897606296454296171e+01
1.100945255899762287e+01
1.027305149571083120e+01
1.225505359665106653e+01
5.569940477109469157e+00
7.206577567916099269e+00
8.199802714422219196e+00
9.958572829847184948e+00
7.348783769836586544e+00
6.223530243188520217e+00
9.258281449021183107e+00
6.267189544258371825e+00
6.118831354529675082e+00
1.292018991777388237e+01
5.242828274978137415e+00
2.227895923734251937e+01
1.068502970402551000e+01
1.187348026641291199e+01
8.513317939299099635e+00
1.495816355202862269e+01
5.070701840993592668e+00
8.215774925836740294e+00
7.241750284135946458e+00
8.189230892838054388e+00
1.080312598544821867e+01
6.748876575110443810e+00
2.293265077174373801e+01
1.617885276781419179e+01
9.358580527168442131e+00
1.499106003321332992e+01
1.584829036781286504e+01
6.776611618064634968e+00
1.014943782524213489e+01
6.471309948687871128e+00
1.191782579598935854e+01
1.839184673775802281e+01
1.124852243453104705e+01
1.640508552172225620e+01
1.005433922253433821e+01
1.487169521407201955e+01
9.537207370265122108e+00
8.525093234119239582e+00
1.868705497494313761e+01
8.606276934685439528e+00
1.459452197073997581e+01
1.389782741171083558e+01
6.412412381275998996e+00
6.709763448015650056e+00
2.241172893335709659e+01
6.242155002497696614e+00
7.767942036518888926e+00
9.168978544188803426e+00
6.996169227656395151e+00
5.572089258528535538e+00
5.777600847932149009e+00
6.721418116785969232e+00
5.591583907693234323e+00
6.686180665883284746e+00
8.736636977087812284e+00
8.029806971447726482e+00
1.055134717026584212e+01
1.600743716083690060e+01
1.180524168981736466e+01
6.139439454477837899e+00
1.195084457661005217e+01
8.607688685981486287e+00
5.433886132311386064e+00
1.022973078620310616e+01
6.920692968389801081e+00
1.399567476855565928e+01
1.655764042793066437e+01
2.110633175883276635e+01
1.198221245525371614e+01
5.770139342006189054e+00
6.989961653538784958e+00
5.994303312382612603e+00
7.372036378498250997e+00
5.915025358142599998e+00
1.216416935578484981e+01
7.223515772331381868e+00
1.090855801504869760e+01
6.532034063125195189e+00
6.030153875421092380e+00
1.279427392714399048e+01
1.146353222485572587e+01
6.179305849841057352e+00
9.245401487940057450e+00
8.235565810103935291e+00
9.893073104728387079e+00
1.367026087817566804e+01
6.351655133342433146e+00
1.557541495570183088e+01
7.146359792751809437e+00
1.070724993662042834e+01
9.402228580118162427e+00
6.534072168637976574e+00
1.048750096702190149e+01
2.144933914145929066e+01
1.174022021513030722e+01
1.209528318049842710e+01
7.158992488386274999e+00
7.520205161982744357e+00
1.245221115566459957e+01
6.445682256318946202e+00
6.096448486766348651e+00
6.684198599020987785e+00
1.634044312426055967e+01
6.468026356384257269e+00
6.503878853705941765e+00
6.175385854277273268e+00
5.874487630953442618e+00
2.332537455690541250e+01
9.535250954468104112e+00
5.295830482345934342e+00
8.210427892057843735e+00
1.461543510667495127e+01
5.893681809621710954e+00
5.692456952178318375e+00
7.177594766596172349e+00
8.917860039949744078e+00
6.520399195986826157e+00
8.452805045376734938e+00
1.003777196011537853e+01
1.441797572366726854e+01
7.781299211304656183e+00
8.505663225723992582e+00
6.198689608422853325e+00
1.311959527797230862e+01
8.450204667643930634e+00
1.223857951887336526e+01
5.585179352391918428e+00
8.572903574252649150e+00
7.890326423753890595e+00
9.034821919909859389e+00
1.435922171555390037e+01
6.313797890575642668e+00
5.954974328981336384e+00
1.218764773279576730e+01
6.968472982646176206e+00
1.028175378261664719e+01
8.827439837166821235e+00
1.595370244598336740e+01
9.886796563152074668e+00
5.737026750613154036e+00
3.531309898325986296e+01
9.007100084555872854e+00
7.281530811355992228e+00
1.188806989825457094e+01
7.563873794689413899e+00
7.163887996405435388e+00
1.305292933756936691e+01
7.875756304082187853e+00
9.155595336222688729e+00
1.255445615104821400e+01
9.130727579883739509e+00
7.966876349588915218e+00
6.260632649904437130e+00
1.155851314341032321e+01
6.684099473253468204e+00
8.760190425000700998e+00
7.622157177769054215e+00
1.740875207858368867e+01
8.211437490421758412e+00
1.098802647988134140e+01
1.433103563368524647e+01
6.976626525163283077e+00
6.354938218893948942e+00
7.916415269984440783e+00
5.922446432430888308e+00
6.944052110674419964e+00
9.472887406528343490e+00
8.152626278554521377e+00
1.065072226148254231e+01
9.123582998754159235e+00
7.405328439048389555e+00
1.256766682047975792e+01
5.516038085265904556e+00
1.022778910885926962e+01
9.787453782814964143e+00
5.817739099601453745e+00
1.092560425733540797e+01
8.107717205216431466e+00
1.747660774145424512e+01
2.498627324381868675e+01
6.817710237695905562e+00
1.155876842989994202e+01
6.049421286539041986e+00
1.251015517544104938e+01
1.172568454034252738e+01
8.315378620752781558e+00
2.373966102988642746e+01
1.450135933684343570e+01
5.668861842141325269e+00
1.179454453759689159e+01
8.386164339730953543e+00
7.820674011511485446e+00
1.109880476436769925e+01
1.541087311096941903e+01
9.333270762933210563e+00
7.262301443992527084e+00
5.819041816600787342e+00
7.583678467838780080e+00
5.498872703328714806e+00
1.082953520936459313e+01
1.348550458945797459e+01
8.575161939351374940e+00
1.348364552470252420e+01
5.654344112398234756e+00
1.565575516367673004e+01
1.635796561135396132e+01
1.263597754445430610e+01
1.390231144850042710e+01
7.068593490893647413e+00
6.373543609547141386e+00
9.348793416673402135e+00
5.978486072675138985e+00
1.494072662179098643e+01
8.558997166209792340e+00
5.002088339508020454e+00
1.883950413206116536e+01
8.126460768132687917e+00
8.717453233983462724e+00
1.536219651813291875e+01
2.225802965994830629e+01
7.082340098637303072e+00
7.975357032188753692e+00
1.222637434423074865e+01
7.228608249144883757e+00
1.078252854803116634e+01
1.461474599826908616e+01
2.034558680185648427e+01
7.429352802973426151e+00
7.350384925680941706e+00
1.055884927903514381e+01
7.297849217754787787e+00
6.314496719639237199e+00
6.729545074545740135e+00
1.239025596675151064e+01
6.722840214559937522e+00
6.613313720825317432e+00
1.824795889467463894e+01
1.104757793455178216e+01
6.261548468583214344e+00
7.113863772733907354e+00
1.340423175449791415e+01
5.922570034587010923e+00
7.284191093208619350e+00
6.822084619764382296e+00
8.063924554341042494e+00
8.840805899726660755e+00
1.214159166562944847e+01
9.026312098037692522e+00
6.649930967498221435e+00
1.224441612900227483e+01
7.634999549924714302e+00
1.152089679829123270e+01
1.064926048563938821e+01
6.987235438459038050e+00
6.759152788105097898e+00
6.251747993530557324e+00
1.023023074884554262e+01
6.105294294860641457e+00
7.195093089798092478e+00
1.334968221484447071e+01
6.525449786658462870e+00
1.123926087022115894e+01
1.299009245282091740e+01
5.510407551989544572e+00
8.054414215596850113e+00
7.627204424332845178e+00
8.964254125845272370e+00
1.025560193945554488e+01
6.702665887560414149e+00
6.090496536003712436e+00
9.573026048811442479e+00
9.580981308460238211e+00
1.672282272010812676e+01
8.624252918559818681e+00
6.182648141441177359e+00
7.971914620724106726e+00
8.341562632704835778e+00
1.015709473153245312e+01
9.362362302633329136e+00
6.370711466214373786e+00
1.202495492852574444e+01
7.671246217603311379e+00
6.321075385338474462e+00
6.311782905438548141e+00
7.611293860023494062e+00
8.374032699332502716e+00
9.505597691234896729e+00
8.144724251955949512e+00
1.272844654416365984e+01
6.752934259444600684e+00
8.046855449591078013e+00
6.647362971682412081e+00
6.566434477834604877e+00
6.340154140598315280e+00
2.179161372552687226e+01
8.107200283763916104e+00
1.766996314141033508e+01
6.907010070914225253e+00
1.404620760043508199e+01
1.323261765456970807e+01
1.483640862635240865e+01
2.331312584120377096e+01
7.747746727655680843e+00
5.716152884567179626e+00
7.233003286973314516e+00
8.945528006290714984e+00
7.942309600467240216e+00
1.001790492390023246e+01
1.583553581190432169e+01
8.487771561248166563e+00
1.761417869241915923e+01
7.305080434273236278e+00
9.916864959157351223e+00
7.067955174755525150e+00
2.038736905137693611e+01
1.277898104066287033e+01
9.423312926240782872e+00
6.628174663011463963e+00
1.314018524468690430e+01
7.621719418764541842e+00
1.854725320020997970e+01
1.040905918699752419e+01
1.554478355337357698e+01
7.983862038549432327e+00
9.315777083130456049e+00
6.049517132727601165e+00
1.205231523735687915e+01
9.088937816669158565e+00
1.070171053830949859e+01
6.279801361402292059e+00
7.265916881952648509e+00
7.806702373732150591e+00
8.487000704059596501e+00
1.884436106006205591e+01
8.360274033655969106e+00
7.034803753548658278e+00
5.129626556854191222e+00
6.313714048129293488e+00
8.652429856740750935e+00
7.777838181797690709e+00
8.124645884258718809e+00
6.005132933973072795e+00
6.819624628778910846e+00
1.359663921122218966e+01
5.028334535586509446e+00
1.050565713738883744e+01
1.630380942115249354e+01
9.056573538310061622e+00
7.776429385430461139e+00
1.191568912894702237e+01
8.142639429312794164e+00
6.724967748425086711e+00
8.360031518989984534e+00
5.447875741230603808e+00
6.558534147050153251e+00
6.737213286714080596e+00
9.700876993043181074e+00
6.947467122960944153e+00
6.438341382861807460e+00
1.063836080293489772e+01
5.577653903702383786e+00
7.044191374879943623e+00
7.942567783044438556e+00
8.026329115032126538e+00
1.086575875179960349e+01
5.876355143098265899e+00
6.002814324835583193e+00
6.843046219881870229e+00
1.527902806539970015e+01
6.360869515692968434e+00
5.738786976233029691e+00
9.033355921446968750e+00
2.130194756017823465e+01
6.688068759965801746e+00
6.324051057400879472e+00
1.109004956326600677e+01
8.950069329531686435e+00
9.505228608319725936e+00
1.158422964898289820e+01
2.349196502843290091e+01
8.560209815323162275e+00
1.046726753287714473e+01
6.067512289148623950e+00
9.956312390395510192e+00
1.053222686093181437e+01
1.201454105687503215e+01
7.609401253523515152e+00
2.608238041098354643e+01
7.967170719215630470e+00
7.965516759869956331e+00
6.975697128094111577e+00
1.025389282940255953e+01
1.409192480829460692e+01
8.632500227953642025e+00
1.265296795872382063e+01
6.742496271789605089e+00
6.830342609894955785e+00
1.181661338898641134e+01
1.312703516402109472e+01
1.767815051804404902e+01
8.915155165406531523e+00
6.737692548395557424e+00
1.048790263159185088e+01
1.857010340027795792e+01
8.313033678361421153e+00
8.085393063683682158e+00
1.207533010140241458e+01
8.687152345588970093e+00
5.443435734884928934e+00
5.901155113356708171e+00
1.045134742912466663e+01
3.122298713032205342e+01
1.622769872229912380e+01
1.003248275155203828e+01
1.304604899185221711e+01
7.995035384492773289e+00
3.240492158423308666e+01
1.602527500998927934e+01
1.269246959916186768e+01
7.731617483698641990e+00
5.460507568054737249e+00
2.397739907331320808e+01
6.599032728912135326e+00
7.252543192237055791e+00
6.632119149674082337e+00
1.644262896486515046e+01
6.486731848166954251e+00
6.024514598333553295e+00
7.366470623239138149e+00
9.873775416115933012e+00
7.309375738063351946e+00
8.386311173164074262e+00
7.219757097696600567e+00
6.637419958763587147e+00
6.463935496311023599e+00
6.164971725164491545e+00
1.359375934842631750e+01
7.333036515857571658e+00
6.197042105946650281e+00
6.311750960387144005e+00
1.270167749092337317e+01
1.394779165571264912e+01
7.477574401419303740e+00
1.157654132215566278e+01
8.641455044355893733e+00
6.553472033579453182e+00
7.994907558549130044e+00
7.605155234840822231e+00
1.334394976809261379e+01
8.381340916217709491e+00
1.300245390691662806e+01
7.519941784988247946e+00
9.938612398798568393e+00
1.270145317501442150e+01
1.087737924205458739e+01
1.908915896173783722e+01
6.472424052641827075e+00
1.634069995534423470e+01
1.268684801883659929e+01
6.065629018970639663e+00
6.362054503657077476e+00
7.650707657806776751e+00
1.096009929818069395e+01
9.584246795131889485e+00
8.154767515476692097e+00
7.916723439022803177e+00
6.629145441636751457e+00
5.808976865268732581e+00
6.925702817588444304e+00
6.892729672419591225e+00
8.170348568634835829e+00
7.321220669325498420e+00
8.526375537872468158e+00
6.999125139349985147e+00
6.554282517557794563e+00
1.338452664617659593e+01
1.081892429795402677e+01
6.689510100013762894e+00
1.396425068525888946e+01
6.873229409254690836e+00
1.683051325364328932e+01
6.699338237654160366e+00
7.145463955842160431e+00
1.547886649044255591e+01
1.045353585499060500e+01
6.051806772600230033e+00
9.487580912509429254e+00
7.062137763372675181e+00
1.513278934775382822e+01
6.747028918955265908e+00
1.804274759653230831e+01
9.835816109881079683e+00
1.337204627366861587e+01
1.532466804958521323e+01
7.862617627447946234e+00
3.272092743280394700e+01
8.550740571066526741e+00
1.057982543857603730e+01
6.783706130883587093e+00
7.229899215731364848e+00
1.145706272612302712e+01
1.068446866361767889e+01
1.035606466357060640e+01
9.992748911664875777e+00
6.239233456420492985e+00
5.337582138739833226e+00
9.348049569039261542e+00
1.288044308164234053e+01
7.371524441665684435e+00
6.217969300713747316e+00
1.073958978455479496e+01
6.408990963490964532e+00
6.710689728803572507e+00
5.398272785679779417e+00
9.105638487879360810e+00
7.845452139372952161e+00
9.078294785036518988e+00
5.978287037567440620e+00
9.882917495307140143e+00
1.389522441612064085e+01
8.035787521775262121e+00
7.529058357527560474e+00
1.172575650587236851e+01
1.204145325315249693e+01
1.555911258707186562e+01
1.148676818220167206e+01
6.502603692496847998e+00
7.220695994836376030e+00
9.031023965026804490e+00
1.523683666763383826e+01
1.307147323828911567e+01
1.083607861732161837e+01
1.185965270047165632e+01
8.368013308470153788e+00
8.450475944276945484e+00
5.969461495721475330e+00
5.604128201937840004e+00
8.184533965665082178e+00
8.076388551504862789e+00
6.708657038622447999e+00
1.356685294481735582e+01
9.774794234815601612e+00
1.321971667436480402e+01
6.124131851757283584e+00
1.776661136108975825e+01
6.876059210579342107e+00
5.384168541792860196e+00
9.773711446892093591e+00
1.106258609617498223e+01
1.586414613512044980e+01
9.515750761621234233e+00
5.951972094599682350e+00
2.331348858829392157e+01
6.105878392694876311e+00
6.131382728123298875e+00
8.848253893820583471e+00
8.894841390854821839e+00
8.019008661174552799e+00
8.555177809002088907e+00
6.680296256093015472e+00
6.418062399665473095e+00
1.064908411274370792e+01
8.326603260692536423e+00
8.334146386769475612e+00
6.167024029910180616e+00
1.009853221354694597e+01
5.286267573119630470e+00
1.193561106029983421e+01
1.514784413858114931e+01
8.960409067380851411e+00
6.401253874637404806e+00
7.479620331225905971e+00
5.959618565440322868e+00
1.486461598454262045e+01
8.856031690165913517e+00
1.092848060919890685e+01
7.040536396381469331e+00
7.439666319986258713e+00
1.457882634640333208e+01
7.636813690216655459e+00
8.540211508472523860e+00
7.223737636310062271e+00
6.690321003148511636e+00
9.839935885130856263e+00
1.026489770281719416e+01
1.685868877460967497e+01
1.313174684543153603e+01
1.233411214455423988e+01
7.551577744424207594e+00
9.863576124226824504e+00
1.704054691302027891e+01
6.964955238230061241e+00
6.131613491184339182e+00
8.548508353575698493e+00
8.903432274862552731e+00
6.325862480092780515e+00
6.310669180325078287e+00
2.628226075467307510e+01
6.357209385534986268e+00
7.172825433328569034e+00
6.887983711396145736e+00
9.673319181620456675e+00
1.222631928261932899e+01
9.223053600346702297e+00
9.162648579249207614e+00
9.974644262844265086e+00
1.979285137066852940e+01
2.091649658878475293e+01
7.771552786247809763e+00
7.124502909990440003e+00
6.262646340678713841e+00
1.481270025346799457e+01
6.908305152019920570e+00
8.582136777170944697e+00
8.996032001495279928e+00
5.915075758900457004e+00
1.299942373656745076e+01
1.076722731837639913e+01
6.091863937629398151e+00
8.238647677624896914e+00
1.845552629237488418e+01
6.191251447121203455e+00
1.149030569023727821e+01
1.787459055060162427e+01
5.569957564163019015e+00
7.249502125401932062e+00
1.048975217309850905e+01
8.667369655034349307e+00
6.899081349751213565e+00
1.103841331226885814e+01
1.000827593433268703e+01
9.038247626068141471e+00
6.386952777863257324e+00
1.155677044741787540e+01
1.126122426546544375e+01
1.060919587402202069e+01
1.357109677259632008e+01
8.669639985125058956e+00
5.635166476191329821e+00
8.167645542345894683e+00
1.346682045226577884e+01
6.547418991056133564e+00
9.768969820407392035e+00
8.965440317070147103e+00
1.351514932024304017e+01
7.309309186918653722e+00
1.131871391488823519e+01
8.708995194092608472e+00
1.133506570957092663e+01
8.491007259624957726e+00
6.987787585368973708e+00
5.406352499609710094e+00
6.751184656577720489e+00
1.021722106375229799e+01
5.754621889186822159e+00
7.008640053293902383e+00
6.666030032609512546e+00
1.047251647400844377e+01
8.416248133047659508e+00
8.622571240500747081e+00
7.499903130690327657e+00
1.002930272003810330e+01
6.623560773632604537e+00
1.260255034871570956e+01
7.649272866424894346e+00
1.359523526609726218e+01
1.343382802646820551e+01
1.304488022373737977e+01
1.165415147275786012e+01
8.008148668413838323e+00
1.023072495770858836e+01
1.399697338009201530e+01
9.782040805345900480e+00
1.015042778209527796e+01
6.552084063380931411e+00
1.688252279871727524e+01
8.317110042530771352e+00
6.329462997515918232e+00
2.564824264591391056e+01
9.480921421450773323e+00
1.010870030610141157e+01
6.705695228975855571e+00
1.169949807072117665e+01
9.819775938384452729e+00
1.040084664331357089e+01
7.408525457523182922e+00
7.571904292757210442e+00
9.794659884059512933e+00
1.096667766731462734e+01
1.080785261966371991e+01
1.227263747548465744e+01
8.532807254170734268e+00
8.743860931655262902e+00
8.769312485272678259e+00
1.421202989429036734e+01
5.721285261706668734e+00
8.150025695947761051e+00
8.761755287040102758e+00
6.136449474063340404e+00
6.818607461539841097e+00
1.320839296977214872e+01
1.115462860961099523e+01
9.536987215263366124e+00
1.242372154829718056e+01
9.346215464640408754e+00
1.244980887061979047e+01
1.335300672459231919e+01
1.517701430840850207e+01
9.920696777617990847e+00
1.908438071318028051e+01
1.326148675966896917e+01
6.431799753154450627e+00
1.390979786200398394e+01
1.467730470775097729e+01
5.606778162275304567e+00
1.741837931599377498e+01
1.145883890825234630e+01
5.607803691486424214e+00
7.333308930881457854e+00
7.521632035354173240e+00
7.218801783556159535e+00
6.623242490105212710e+00
1.008423388261223863e+01
1.130079679889138333e+01
7.801218194735383804e+00
6.513162649119180969e+00
9.556411387663388268e+00
6.261432783227474985e+00
7.690262152819512309e+00
6.761541252353836740e+00
1.309471520206649942e+01
6.292040664461246990e+00
1.148784615643002383e+01
6.585490640813894458e+00
6.228150311777923775e+00
7.344100935813017372e+00
1.001960780557497799e+01
9.298147081222055021e+00
3.076385572697870430e+01
1.230198875479712228e+01
1.241851836048897439e+01
6.527574666551316795e+00
1.917607001848980985e+01
9.872772197652665227e+00
1.289481427072433917e+01
8.089593010834676079e+00
8.764977626409347522e+00
6.344804080755665154e+00
1.102820349545029899e+01
1.109193829204761528e+01
1.345105374219025407e+01
1.382311473753168229e+01
6.413646174561506541e+00
6.639591905154247797e+00
7.792761546166559583e+00
1.289177390867217810e+01
6.445591663063567012e+00
2.455587018540046529e+01
7.571546770310703778e+00
1.435075094121691563e+01
1.033627207625170286e+01
8.319743179731517557e+00
7.663957343075423978e+00
6.041889526380316511e+00
6.743603525978528523e+00
7.659825066497546686e+00
6.492748260146242956e+00
9.060611189545625166e+00
6.682028770338263257e+00
6.679543085358318422e+00
1.200382419071968343e+01
9.367611026490237691e+00
1.221424418154532532e+01
1.209270340579922731e+01
9.414185545074417405e+00
9.257688541667334903e+00
8.197942378233676664e+00
9.518594618118527251e+00
1.202884064314764601e+01
9.162677102190173173e+00
5.851360571971440550e+00
2.484382812044111688e+01
1.119948022350467909e+01
7.250539069314413609e+00
8.735448264924684736e+00
6.954920298428987735e+00
7.348026542464367594e+00
1.545853247546574494e+01
1.069798982073666593e+01
7.396137095348080948e+00
8.130325116223730220e+00
6.726947519749160165e+00
8.388729057445175386e+00
9.740980003404501986e+00
6.581707193516194820e+00
1.779922250124275251e+01
8.202627770053254608e+00
9.418717656975331920e+00
5.778963657402186982e+00
9.563083531225288425e+00
1.243431935761316254e+01
1.021830229639772369e+01
1.005720198983840419e+01
1.186550950952789663e+01
8.742678591139679156e+00
8.104955743290942038e+00
9.059471197879410909e+00
5.079297025828502399e+00
7.849390176811532172e+00
8.170664649085750852e+00
5.776752974560132259e+00
1.519524062513183793e+01
1.209312462426588297e+01
1.272645646163671529e+01
1.465643872736131925e+01
8.055035580721749966e+00
6.000012644041802901e+00
8.008556486390077112e+00
7.404317520099027661e+00
1.387823319450609461e+01
1.057298492082352936e+01
1.094863882031341973e+01
5.957980535559272539e+00
6.850140998746240939e+00
7.800864434880566023e+00
5.687153626907189619e+00
9.989822173462897581e+00
6.401795324731295977e+00
7.587103664289600147e+00
7.863313986715525061e+00
6.163578218117976348e+00
8.537511660365623811e+00
6.555547470912273411e+00
2.660210332140184164e+01
9.574112161214031858e+00
1.735262519136932724e+01
6.258284748555979604e+00
6.114324548201295784e+00
6.052004368383506971e+00
6.879389492315169718e+00
7.109954739656927813e+00
7.183329187294646090e+00
5.431901506130088819e+00
1.117361646163158184e+01
1.036129765451670437e+01
5.806205085394992693e+00
9.091758391120265514e+00
1.528219494285428937e+01
1.506808370249257223e+01
7.068161364612876696e+00
1.374153680431481916e+01
6.332391805067175028e+00
1.068921613285993999e+01
7.327291272944648881e+00
7.230449339709139167e+00
8.021212683230089624e+00
6.056126031138774124e+00
1.275496836650665955e+01
6.184870343394095471e+00
6.818357994275686451e+00
8.855080455532743144e+00
9.893197072234784173e+00
1.344223955420955008e+01
8.895016776050169938e+00
7.736618870749907728e+00
1.874579618205143561e+01
1.015683621999573916e+01
7.545936475988582970e+00
6.550724989407058274e+00
1.378986246942065463e+01
8.659397523007100972e+00
1.958486991214465434e+01
8.791799831748107863e+00
1.917245627010845510e+01
7.200809655160355760e+00
8.981879108102816645e+00
4.421960516540138997e+01
2.254532745290566709e+01
8.058441253264732040e+00
7.836850694872623535e+00
8.800136069867221522e+00
6.130978425361035988e+00
1.200227820166938209e+01
6.769427964626427041e+00
9.900460119943062409e+00
1.168848978026488794e+01
1.348636875872216478e+01
1.106718278368384745e+01
9.842231532072034383e+00
6.287711658814842508e+00
6.284654298078166335e+00
1.189184182819236923e+01
8.393515909468746372e+00
1.727043246169462520e+01
6.968170705699208156e+00
9.577402408715158799e+00
5.599625834738759522e+00
7.708537916420283409e+00
9.361010782479723957e+00
1.700942227565897724e+01
7.902745744249784821e+00
6.531003552478324536e+00
1.130424415566776020e+01
6.808010870743032683e+00
6.606873410864523066e+00
6.734345417073086537e+00
7.245109440598611172e+00
1.675135022263040696e+01
5.939694669641653491e+00
1.285106672929083516e+01
2.634174482677144624e+01
1.928492531210599736e+01
8.007016309419441313e+00
6.546666072408982018e+00
7.704845066713801316e+00
1.367867563458156610e+01
5.396005442482248782e+00
6.852192243968545426e+00
6.820511659099850021e+00
6.085703160819150526e+00
1.691972038871188033e+01
7.214395741547207308e+00
1.243710787760414860e+01
5.411114045349677326e+00
7.076366851318539375e+00
8.631629346749434717e+00
5.881290032985702965e+00
7.379088146346589383e+00
6.673127805187164086e+00
1.278162536966937068e+01
9.358700007573418134e+00
9.304839711637441724e+00
1.101005806750316651e+01
1.242653197328428405e+01
1.511483517408737498e+01
2.261331866665250345e+01
1.019736580827157013e+01
5.948094750841619316e+00
2.271210286867028572e+01
7.871127260280104565e+00
7.692161782589664654e+00
1.439772284922617018e+01
1.194153306318548857e+01
6.844997451919198284e+00
8.388382576295157378e+00
5.575224028192337755e+00
9.439899222971348536e+00
8.502509944257099050e+00
1.667677988655941590e+01
6.340384390669100867e+00
8.570594983952219081e+00
1.009052687468249587e+01
8.718145676551330325e+00
1.132841693287593898e+01
7.125902813784136924e+00
6.302837017687124899e+00
8.194862749714729944e+00
9.135252466283418471e+00
8.669914066272554010e+00
1.195859078124840380e+01
9.770940041619056160e+00
6.040335771343116278e+00
8.932121105991178922e+00
1.417426113793377596e+01
2.189524926182745901e+01
1.352491741517810908e+01
6.250466321327948549e+00
6.001085765927584248e+00
5.987868480317260378e+00
9.164772370271208501e+00
8.298670006363948914e+00
1.830549288510087536e+01
1.262468309789218779e+01
8.579695422658687676e+00
6.463486557873039828e+00
6.288686793558412091e+00
2.032086724838583791e+01
1.143022811123003635e+01
5.759340514539957212e+00
7.145506040989090479e+00
5.647897603897291674e+00
2.415604194758427070e+01
5.966065224192391270e+00
1.163300123742908454e+01
8.943889322605571124e+00
8.365231795762724687e+00
8.661425641688538235e+00
8.193081497104344635e+00
1.138130931641569532e+01
9.947340557894392532e+00
5.815659783490445989e+00
6.803864036344577926e+00
6.619948602080739875e+00
5.942468868329854104e+00
6.770575928084952011e+00
5.915964309080777639e+00
1.405926611023960504e+01
1.894357819679009935e+01
1.084877859632985064e+01
1.078006728070749887e+01
9.355974988521211344e+00
1.673823795956593585e+01
6.250951873733583852e+00
7.800696426445767884e+00
1.060340348244045572e+01
1.084532038350732819e+01
1.083103414983736457e+01
9.184754565488958633e+00
9.675943447771032879e+00
1.645383498092883201e+01
7.025950571764724373e+00
9.788515940033221341e+00
1.175743474734917982e+01
7.355483692923485251e+00
9.655747102380473734e+00
9.915426929389241195e+00
7.369478240781290879e+00
7.062927299256330116e+00
1.239682837614009259e+01
6.117435925106292416e+00
1.000467691743222076e+01
6.285622556138832806e+00
1.273103774325284121e+01
8.219845022855452044e+00
7.895683349383830318e+00
5.501127404468775239e+00
1.246397065666474191e+01
1.472505860486785423e+01
8.422569938017431923e+00
1.135460461762488649e+01
8.896393319084040741e+00
9.265173928657986835e+00
7.443880707775974770e+00
6.791780800171295596e+00
1.042702634998533995e+01
1.359849155172514656e+01
8.214818109530142465e+00
1.074944048144550379e+01
6.852038540861610016e+00
1.700735283548198140e+01
5.864834467269812279e+00
1.261624213156849805e+01
2.204154316149150361e+01
1.120044608832786537e+01
7.047544453124572783e+00
8.424749120178944395e+00
1.539475357857220672e+01
9.482327325748244107e+00
7.509724425520218460e+00
1.275025521826228214e+01
1.683642943411075521e+01
9.972467365424336094e+00
7.367428939119946563e+00
6.557214266091619947e+00
1.005184347666184408e+01
7.856518334990340691e+00
1.041160397861978026e+01
8.060400161091394011e+00
1.334900033625419269e+01
2.360015085275600200e+01
8.040242270973635641e+00
7.787146022424337843e+00
6.664723827846216864e+00
5.327786787379125144e+00
7.491012787133911388e+00
9.216637804131437406e+00
8.016036643973052378e+00
7.611285554074129323e+00
7.474936545970820134e+00
1.379647418582146656e+01
7.315613636052660240e+00
1.204910072555048828e+01
1.473378506259081178e+01
7.258053612303285718e+00
8.392163328374977027e+00
1.229899681872035444e+01
2.073795714984487404e+01
8.471279518732274028e+00
9.650855234500340885e+00
6.357160504531179868e+00
9.217881339469727209e+00
1.108705249680951965e+01
1.859330032135062538e+01
1.281122610801963901e+01
1.622803992997575051e+01
7.098844271882853718e+00
6.623637341820426627e+00
1.626566613498903280e+01
5.868130989587598378e+00
8.029739897900299184e+00
1.043070368360520206e+01
9.231994068788935692e+00
1.640874153210256736e+01
9.400981501764817949e+00
7.442266238852880633e+00
9.075899713168837479e+00
1.185742770032004501e+01
5.576650925432204531e+00
9.223782606328313705e+00
8.450601369012701980e+00
9.600486340470638424e+00
8.428209782073395218e+00
7.541012053399640536e+00
7.502322601802234203e+00
6.083744070250304503e+00
9.802688315911268546e+00
8.976302142731015010e+00
1.562701009060981505e+01
9.245105157647913074e+00
6.049646282863022861e+00
1.119263692779145458e+01
7.237431004902077802e+00
6.994867267913036812e+00
1.020813875323892717e+01
5.709969076998731907e+00
7.620086713570003667e+00
1.009562575864361378e+01
8.498472750231691464e+00
7.449177158238562413e+00
1.537776581972107692e+01
6.180713373642610975e+00
1.002754802970973458e+01
1.106618337180222511e+01
5.960197565831435895e+00
1.765895597359404690e+01
6.177483710204697331e+00
3.044299408314402910e+01
1.013398448714190181e+01
1.257354195490819393e+01
6.687046038950541060e+00
5.734524547230506641e+00
1.358503476671472754e+01
1.247324146644444909e+01
7.359541904357172371e+00
1.425784952232802993e+01
1.035866614236743999e+01
8.378360821362747402e+00
6.078675584785088404e+00
6.081721155378602361e+00
1.189615999883426412e+01
7.006923926423723969e+00
1.141816173335047324e+01
2.508017976490214096e+01
1.874825171091367793e+01
1.101558709741675557e+01
7.650595460736838049e+00
7.911740020869956425e+00
7.704797185180154884e+00
6.901676516106931558e+00
8.128786982852830079e+00
6.316655443259662661e+00
8.158531293790076688e+00
5.891521749341620762e+00
6.277751998824896873e+00
1.831484330300628471e+01
6.921528418040054476e+00
7.165165485419777269e+00
9.765295307375424727e+00
1.147772177619202694e+01
6.763474936191187226e+00
5.458715114752521913e+00
9.830238824762716376e+00
9.952172619021837363e+00
6.329140775727466917e+00
6.980683115233944136e+00
1.338739206410679117e+01
9.916137503484492299e+00
8.397552916818881386e+00
5.572395666905777034e+00
8.615956453444482577e+00
6.862063975514502090e+00
1.501429316490293786e+01
9.645752541487127019e+00
8.390905991033491773e+00
9.221164513480289315e+00
1.552360338305425103e+01
1.551005889928762826e+01
8.018089531812051973e+00
6.627169558028185747e+00
6.143250279839890027e+00
1.384201871425307218e+01
8.867417828125780943e+00
6.790609003871395544e+00
8.386898478831881221e+00
6.340312488667564139e+00
7.223763625598053295e+00
6.115413670436623761e+00
9.751057626062674899e+00
6.089839452269870890e+00
1.343227079762584708e+01
2.844248559434572599e+01
6.962504837561368731e+00
6.719638862808096746e+00
6.886462437572504314e+00
1.861284648339186276e+01
2.328480990662143313e+01
7.070132311716200491e+00
1.098043028346273076e+01
6.241900145215666385e+00
8.145516791026764736e+00
5.966987569866091690e+00
6.921619154688002595e+00
8.778004497152807062e+00
6.369758737462788645e+00
6.599265327295313455e+00
7.226580294075930055e+00
1.531579066653571886e+01
6.077933425035183745e+00
6.392855917386299325e+00
7.511479846198511723e+00
7.166211578328841370e+00
1.318441920844065862e+01
1.021883549898805654e+01
7.330573121699956118e+00
6.713414743998413314e+00
6.964823271809734706e+00
1.029822754877804414e+01
6.836384535762789483e+00
8.925905979547025026e+00
1.123127247726895916e+01
7.091328431524800635e+00
1.054813567847952527e+01
6.185251837561168031e+00
7.865199985805872984e+00
6.039128244096275466e+00
1.323900964320199591e+01
1.139351668993202793e+01
9.864384024704406784e+00
6.526617917821170067e+00
2.499248532325259475e+01
9.716598169707424404e+00
8.303379645201061976e+00
8.119999045967858819e+00
1.021259389310557708e+01
8.263987745690315023e+00
1.846018286836249445e+01
1.092995185252414103e+01
1.452179129822349068e+01
8.572866092128663240e+00
1.050758753488986486e+01
6.638369989777515912e+00
6.802644921118144339e+00
8.485183211826893057e+00
1.517615318408428493e+01
6.295273070633982115e+00
8.032335140746624802e+00
1.024369854263318302e+01
1.197492164319828589e+01
5.999004514794933129e+00
1.476739719882129975e+01
8.591739439284083346e+00
1.367051650778955718e+01
8.801779156884435906e+00
9.703528302258519034e+00
7.320145784725582416e+00
6.355133372016666726e+00
9.292133829390195388e+00
6.108319808806072615e+00
5.904593755631935892e+00
1.518751235006106981e+01
1.586853861321230852e+01
1.003296009967311875e+01
1.589724977160665276e+01
7.237839052693971098e+00
7.258685301838454507e+00
1.365743428631469669e+01
6.741931678580954213e+00
1.035496257481872817e+01
1.507166171623100581e+01
6.262430551589545757e+00
7.171468457613514147e+00
2.202138355456906993e+01
6.197524455153198275e+00
9.983776995925316200e+00
8.452385700739572627e+00
2.714994352652757925e+01
1.074168132346471083e+01
6.231475325449949310e+00
6.619057022406764190e+00
8.909549814194917872e+00
1.374498847394974632e+01
7.684100009997024472e+00
1.827404544009635856e+01
1.126793585612821857e+01
6.704000640551612378e+00
1.066823329519542085e+01
8.812718686586038075e+00
6.763967736981186363e+00
1.210166909670255109e+01
1.313227050397540552e+01
7.943497102608120031e+00
6.721396043449857416e+00
7.615763268731200242e+00
8.848448523452276504e+00
6.140311343435882918e+00
6.390101147607879284e+00
8.465306043053146823e+00
1.293219675134173485e+01
6.824681180026402672e+00
1.080303441430351086e+01
1.454596933478245546e+01
7.981340258579791680e+00
1.280786521737809380e+01
5.968139508027775264e+00
1.357219019465009069e+01
6.464333575670593746e+00
7.166594041412167826e+00
1.523312196379771422e+01
5.411122731296984512e+00
1.084410959010597253e+01
1.046484985024721936e+01
1.360474928249811910e+01
1.004655678158076171e+01
6.323774464647954119e+00
6.420072578954091114e+00
5.487864301960144076e+00
8.816293630608811327e+00
9.128283774172814447e+00
1.420373793747160107e+01
1.012504315097714880e+01
1.195894882159979034e+01
1.481292267125240869e+01
8.064856356964696715e+00
6.139988008828709098e+00
5.649933954622383681e+00
1.681976108812455095e+01
7.859791086432437623e+00
6.034784353398094936e+00
5.755684667842615454e+00
9.784094107503619853e+00
7.149103718705532629e+00
5.406380795011500595e+00
1.370596990922831537e+01
6.585610622723152119e+00
1.019977705288249581e+01
6.810745001104464791e+00
7.131543632127545607e+00
7.577046211719448365e+00
1.240112686365318950e+01
2.286700768498508296e+01
1.233873123574846886e+01
9.753698961439226878e+00
6.975091266805407031e+00
7.644818675204192004e+00
6.559286951904596208e+00
9.007827263944705010e+00
1.917746149334232086e+01
8.445691935935769834e+00
2.050424662216778415e+01
7.530613637455076059e+00
9.280281315410102039e+00
7.115103453636518083e+00
5.638884757380481005e+00
1.642088548875446463e+01
8.614977224624318808e+00
1.943301840064771824e+01
7.993664575005240636e+00
1.135461290814154722e+01
9.917786862202461862e+00
6.740014938492777219e+00
1.403478397941070455e+01
6.723486365045317825e+00
8.029796316472527451e+00
7.809691173921351037e+00
8.115397896973718161e+00
8.244576288305864864e+00
1.038393944219319565e+01
1.054186687555898061e+01
7.096631524358116394e+00
6.617904473022662160e+00
7.426250365200957049e+00
5.888375927109649410e+00
1.334272508434457905e+01
7.117127267844011840e+00
7.519307936403549775e+00
1.232718958917084251e+01
1.069674778010181626e+01
1.643627997315758194e+01
1.501049743712582085e+01
6.669132864447931297e+00
7.976855163969105433e+00
1.589585374265556084e+01
7.930353972185628209e+00
7.357694085243451809e+00
6.305446140965329960e+00
6.157770193357976041e+00
1.149551881186880564e+01
6.383270373107336582e+00
1.236606166590701150e+01
8.290325802622533047e+00
6.857299636238849416e+00
2.131948424651881169e+01
6.067247079362687145e+00
1.041137784073532657e+01
1.000490223282861280e+01
6.674666906913273579e+00
2.287896779390655411e+01
6.455690691327163222e+00
7.196009886697709135e+00
1.038947880045964212e+01
5.752540172371254812e+00
6.755654992718973517e+00
6.327911059420330275e+00
9.451022812746373347e+00
1.179405426501250531e+01
6.701512493436666773e+00
6.067398311509009545e+00
9.911251117493748097e+00
5.887053405656729410e+00
1.501151609831003952e+01
8.385614191501872483e+00
7.750566502970741567e+00
1.133958102177939509e+01
2.441514122199487247e+01
1.481079231719650124e+01
2.027679020112384478e+01
7.589667662332658438e+00
9.502911226438186532e+00
1.448225705022275633e+01
8.647508247073915300e+00
9.043064762518838506e+00
5.512723734933274500e+00
1.120693033787040349e+01
1.390582284669085311e+01
1.004606284607393718e+01
5.617876471011868489e+00
7.704689664314287256e+00
1.252835838473708918e+01
5.525777206769225458e+00
5.867870893168614543e+00
2.285390110690866905e+01
6.088480916611260341e+00
7.274380677646178128e+00
1.778738380091949978e+01
2.058252323327782563e+01
1.084939893682013690e+01
6.379207038991907552e+00
7.068147769494302679e+00
7.195541657841445726e+00
1.193443018632788721e+01
1.036317891849606099e+01
5.810540233783285657e+00
8.394868503577470165e+00
2.650111320121192193e+01
7.354808731472530781e+00
2.002587659526182051e+01
1.282764480148253483e+01
8.736003847793028854e+00
5.841287736367831940e+00
6.113777238749776188e+00
1.085316334914537606e+01
9.064541487078258797e+00
1.201596452022340600e+01
6.600438939873356503e+00
6.406502117040929534e+00
5.782163770348972776e+00
1.875157444635669890e+01
9.050279663385026652e+00
7.823112939439624824e+00
7.141255524917198727e+00
7.253775524850937018e+00
5.775526397783437460e+00
6.702291282159023922e+00
9.335164249997092156e+00
1.792527392733416036e+01
1.560633917058066800e+01
5.355914273307121221e+00
1.438849342848237711e+01
6.317391542241921343e+00
5.630161614369455947e+00
5.720084037133347010e+00
7.224138660189680650e+00
8.502348763679322019e+00
9.607446276810605923e+00
9.840359772521424020e+00
1.186971105755469580e+01
5.764304419496056653e+00
5.276698730872453780e+00
8.555878263359204539e+00
1.654583944128364692e+01
1.376257940261507429e+01
8.633029757808344584e+00
2.619428771488810526e+01
1.732483625149131967e+01
1.139939029956769900e+01
1.030888010945159294e+01
1.112906245329213561e+01
5.297370912399742338e+00
6.177063320817410386e+00
6.663842977332819828e+00
1.344338902281072023e+01
2.164254508691908541e+01
5.547778035368423843e+00
9.310303388703118799e+00
1.254769793373191078e+01
1.097432346065511410e+01
7.274599308930191910e+00
1.263240113599090364e+01
6.974653725803023008e+00
7.766259096057069655e+00
6.197463817379230022e+00
1.554782875000216791e+01
8.639427617472520637e+00
1.740401634478114090e+01
1.025112851668538383e+01
1.012036626908827230e+01
1.049797339060947365e+01
1.533944840485465022e+01
7.055582039089301816e+00
5.605901897465798811e+00
1.201977916548845826e+01
1.205672625240903528e+01
1.463477002256399828e+01
7.093869388523643238e+00
1.121434094522831515e+01
1.115058460169535692e+01
6.958248740701066026e+00
1.081320645764989763e+01
6.947422633030981842e+00
1.276198475815721167e+01
1.242283141277243885e+01
9.462077890656019008e+00
7.628445858598524865e+00
8.825428411605429346e+00
1.450292057333570028e+01
8.528586395655281649e+00
9.181002935951369182e+00
1.544289643907086429e+01
7.140128925498345325e+00
6.366643735338698207e+00
7.752433474033239236e+00
8.386911212774691649e+00
6.072872414867219959e+00
7.457701132017859891e+00
1.461641080536338677e+01
1.101111583200292898e+01
1.663137270509145083e+01
7.389097093063071497e+00
1.126231406713799288e+01
1.075685695280049003e+01
9.616741303636047178e+00
9.097242742415687644e+00
7.245510383825148892e+00
6.254421030204355247e+00
7.128717155181675480e+00
7.172102484210711282e+00
1.274933934797024904e+01
1.017078617587520739e+01
9.594976614978804719e+00
6.530237214916951416e+00
6.584608697701867186e+00
7.479286301958836702e+00
1.471119336688894919e+01
1.205215483862900783e+01
1.051605583111859232e+01
1.470131856325895114e+01
1.078169887292415297e+01
8.459035115576398312e+00
7.026069360602718916e+00
1.338784295136679248e+01
7.276172086645715353e+00
1.557144036924262309e+01
7.432857213323813994e+00
7.739205286555716157e+00
1.048820211888585163e+01
6.445457177663001858e+00
7.096865424122142940e+00
9.179668566844270572e+00
6.441614881191640052e+00
1.048796055769662416e+01
7.014702291068147133e+00
2.341581811551111514e+01
6.703093531108493153e+00
6.760363878988641773e+00
7.093871974011108250e+00
8.601643399906492959e+00
9.489952007207875795e+00
8.435322802353198313e+00
8.557001247486823559e+00
8.464444846597416472e+00
9.036495971734300525e+00
7.102543043506798881e+00
7.239465243035542841e+00
1.035423288168136935e+01
6.277167249950871053e+00
1.171633681313785758e+01
7.659189905537118648e+00
6.307184278368396235e+00
8.251913356154787493e+00
1.489548286595936588e+01
1.081975763039741878e+01
8.835094428248098097e+00
7.897981150755327917e+00
1.269067393529968513e+01
1.224795317201824219e+01
7.042884099347617166e+00
7.370048179544681943e+00
6.375904269351082121e+00
1.724845673177819094e+01
5.540114294338536638e+00
8.617432642361990247e+00
6.757502854926599412e+00
8.707539542576228087e+00
1.517105673223483109e+01
2.421815624626870544e+01
1.212847157133802511e+01
9.705698888911342692e+00
1.457302664955085447e+01
1.110523759613545280e+01
9.175086347221736105e+00
8.182672628695456751e+00
8.219114657025102133e+00
1.032249686091114427e+01
1.370828017974571367e+01
8.502441286194823533e+00
1.841566442864387909e+01
1.102693105493170833e+01
1.060403443212487673e+01
1.115031684794075773e+01
6.897031546439279737e+00
7.791132495923022816e+00
8.866852746022857445e+00
1.413809848598810959e+01
1.222906948794752680e+01
1.727422332952022543e+01
6.772483955532266009e+00
5.483038511360916800e+00
7.758870188396883805e+00
8.574153119674349455e+00
9.067277698691555088e+00
7.381710804290605665e+00
1.068691064239249044e+01
9.541460447307144932e+00
5.947553450351961146e+00
7.904812267223974231e+00
1.722024679099263267e+01
7.434867638502851150e+00
1.098970432689964127e+01
1.028288062297508532e+01
6.646801130727908458e+00
1.244085694250554752e+01
1.042235165845806932e+01
6.374897974597161010e+00
1.278392510371418211e+01
1.480303815752802166e+01
6.187172140189431957e+00
9.444035941364631981e+00
8.254156737897119456e+00
7.124356747867864215e+00
1.021222850815343008e+01
8.725597730026947829e+00
1.296848202697981378e+01
9.347684156331865779e+00
1.030018159317262416e+01
6.896057623657725344e+00
1.108158935047686100e+01
7.751678036445127873e+00
9.730747118139447593e+00
6.931197134956487815e+00
9.193389031660295529e+00
6.237198677574340877e+00
1.136155585765060749e+01
7.904804992632897154e+00
7.316354345654922042e+00
1.013374285872419733e+01
7.738359696422023148e+00
1.524803040796973619e+01
8.877827727571258265e+00
6.226702319592433810e+00
8.571522855079535930e+00
1.029855821578620123e+01
8.930751440610947611e+00
7.675389142304283041e+00
5.831667426199743431e+00
1.955817076695691981e+01
1.291391815881618754e+01
2.001593869462925568e+01
6.816136165495805699e+00
8.312938791240185310e+00
7.494941898481982889e+00
8.139192776562424569e+00
1.061365282704608148e+01
8.381550315396168571e+00
7.785599664348723081e+00
1.038194397731103891e+01
1.835734926708255443e+01
8.670683665562251008e+00
1.072990479737018177e+01
8.383573559332546665e+00
7.850143647432560101e+00
1.431807377656059543e+01
8.820800655839036608e+00
7.702431427085173254e+00
1.313355314065358925e+01
1.506782507829586848e+01
9.897162656092916677e+00
9.526670323106259275e+00
9.007579822525428881e+00
7.369916120696586859e+00
9.013220456660178570e+00
6.695054786022353710e+00
1.165184917296500089e+01
7.261047618092561606e+00
2.362227610028833169e+01
7.657387953719933193e+00
6.126823065410178515e+00
1.204864956560669498e+01
6.916210605891421892e+00
6.322719189387498773e+00
6.952869892573062316e+00
1.174187895155091610e+01
1.963917406981329350e+01
1.049853154332436134e+01
7.705083793533390235e+00
1.992318579836785375e+01
6.929634273644524001e+00
5.925663019559351596e+00
7.815558643795384342e+00
1.187288291576112442e+01
6.640448783926444776e+00
8.662518081359849020e+00
9.047633208219849621e+00
6.420233260792429064e+00
8.708341038133198708e+00
8.047072531216485913e+00
1.144498811206813116e+01
8.086143642427032319e+00
7.307266312056299284e+00
1.328915866894226383e+01
1.182761622703208104e+01
7.614466975531513526e+00
1.179410909363434712e+01
8.296779514083254981e+00
1.169458494418370265e+01
7.983295075467026436e+00
9.175388152725531654e+00
9.169348843294203633e+00
8.122135189608563621e+00
5.417269948646559641e+00
1.626400821628547178e+01
1.962375207730833182e+01
1.722185991754896861e+01
9.252800897873797226e+00
1.052077576423081950e+01
5.448139986020294145e+00
1.082173757647944967e+01
6.857538821023041464e+00
7.364516089955301936e+00
1.274057496509277598e+01
6.033202310115058253e+00
1.536869932988750520e+01
1.377276990472213924e+01
1.105047982832772391e+01
1.527306699671211732e+01
5.632344718263880168e+00
1.626122810981505040e+01
7.246775172615713245e+00
6.534060135049116980e+00
8.415015852039886113e+00
7.606629903977704998e+00
7.779997296758665470e+00
9.871763445029841932e+00
7.891265345850456470e+00
1.449221438187282729e+01
1.465795527072322102e+01
7.142826230594209846e+00
6.466950754401750601e+00
9.805567250780768518e+00
7.782309507551985917e+00
1.081794494584210042e+01
6.755000727405615635e+00
1.233312951274911029e+01
1.123081099007032435e+01
1.449480399742611780e+01
7.496809180930199545e+00
8.361180801160003284e+00
7.524828092191000906e+00
9.862485089250128567e+00
1.374896755662655323e+01
6.396018770982323076e+00
6.877927697476138746e+00
6.925000914093743631e+00
9.828695127883918303e+00
6.279143422291099341e+00
7.018398985113719846e+00
7.820162830779906926e+00
1.609749558263251856e+01
6.273651586548794512e+00
1.203524640610862662e+01
8.016027616836026937e+00
1.837292689899959441e+01
6.068651586162559397e+00
1.589265616202033016e+01
6.501695616055030769e+00
7.557535368268418097e+00
1.309551694544381917e+01
8.936894253376067354e+00
8.992630404111196185e+00
1.073287934192887860e+01
8.022954569699095373e+00
6.980742803190196355e+00
1.021877377823216193e+01
8.063562040905594586e+00
1.327890026435636628e+01
1.064422631974662181e+01
1.359537680548862681e+01
1.109330423180665548e+01
7.066118252574597136e+00
7.440563754401296137e+00
1.559576082954367848e+01
6.379360306685839532e+00
1.178572905712724150e+01
6.241514215685356248e+00
1.663255020917540605e+01
1.462696429699323275e+01
8.213562564340676886e+00
1.122603940671739053e+01
5.829645565890928083e+00
9.982570830809926576e+00
1.056421585593243861e+01
7.309352751893896993e+00
8.096593943828395368e+00
2.169718321084239676e+01
1.474882091668601447e+01
1.003712535436199005e+01
5.779009529999456163e+00
1.129089240230106839e+01
1.338511059321436392e+01
8.704879037892908400e+00
1.143869514076692440e+01
1.128904136365028421e+01
8.788269071727199844e+00
1.264303937200068617e+01
1.600681846051523394e+01
6.366328122901649067e+00
7.765818553956080450e+00
8.924116869594513446e+00
9.070678669995970722e+00
7.043693163733507845e+00
8.194863532352712809e+00
1.191969631847990740e+01
1.101519153702196263e+01
8.066911716532445098e+00
7.044949958635186249e+00
1.399147031555907006e+01
8.911486714221666716e+00
6.386111618160555281e+00
8.672947853067000779e+00
1.176503499278754816e+01
6.594139346358019793e+00
6.294482323211582298e+00
7.359435502996120704e+00
6.952742377019262676e+00
6.911290951396267701e+00
8.048801169795694932e+00
6.900004663127958793e+00
1.578567872045920240e+01
8.138487420930857752e+00
1.460907985076380555e+01
1.280602994950726270e+01
1.236315962835840310e+01
7.173568817919999674e+00
6.630899829061206674e+00
7.741250328877811171e+00
6.860683652556417655e+00
7.399441720148388413e+00
9.133228813307823657e+00
6.246306502885431655e+00
6.793437979850068587e+00
1.712420782753918047e+01
8.517942442477306031e+00
1.030963480094999341e+01
1.439324182086511428e+01
1.188136959610903887e+01
1.271782483190384028e+01
6.811153065596158740e+00
7.522822544412292700e+00
1.164067741125143129e+01
7.085374339439226787e+00
9.729658310971444735e+00
8.493334387668028285e+00
6.967980478595109162e+00
2.123431537297562954e+01
7.923177111591030553e+00
1.582659535520758709e+01
6.704215921347440599e+00
1.471842434563438928e+01
6.537778726448436828e+00
2.105492375164590158e+01
9.852784703339580119e+00
1.147999559356208010e+01
7.359301143562333891e+00
9.384600429115051767e+00
6.749481565900346425e+00
8.769410096955901679e+00
6.591597288641835917e+00
6.837205860875833707e+00
8.140998006057252212e+00
7.786107169493980962e+00
7.938553977481042523e+00
9.211860004096266152e+00
8.344282081068399748e+00
1.412482703362846337e+01
7.818262557362317011e+00
8.944901447631806946e+00
7.515264994459229797e+00
1.516438703403025556e+01
7.150473866387159205e+00
7.235469552731302656e+00
2.645571122607722714e+01
1.017643301716645965e+01
6.595488069622831517e+00
8.149540346735108187e+00
1.543896384436135349e+01
7.377614506500748348e+00
6.747922808458440613e+00
7.407054084629862700e+00
1.220489954620111916e+01
1.168943610019749713e+01
1.417181139376509691e+01
1.385303008221524124e+01
7.272094852376653762e+00
1.224194232825470863e+01
1.116176746941255260e+01
5.878697927270934542e+00
9.474437614590499379e+00
8.267310086998918450e+00
6.704538055427804011e+00
1.268263528508919080e+01
1.007003905614379846e+01
5.507885931292321402e+00
8.572599905510742246e+00
8.890654160588610466e+00
1.425297337545202936e+01
1.545080042192091696e+01
6.341630340200822502e+00
1.742646220523459988e+01
7.267381449873312249e+00
9.738639579140681235e+00
1.246513799451986415e+01
7.737556262376244831e+00
1.293926787185330340e+01
2.037372036019212374e+01
9.351466588061725815e+00
1.110180572899253093e+01
9.245307845134220770e+00
9.384233742505443843e+00
7.550762153471509919e+00
7.635391085066885353e+00
7.839991517193084292e+00
7.713794514990127027e+00
7.974437315201271304e+00
8.996648756248305290e+00
1.175465263836133545e+01
7.828498785786337066e+00
6.171321673073634884e+00
1.049738537877249200e+01
1.864514520842919865e+01
8.915605936367569484e+00
6.351869937795413534e+00
7.188444018948302983e+00
1.088678488095638386e+01
7.712228918063487981e+00
7.030815997630270431e+00
6.565408055000148124e+00
7.574222341328663788e+00
2.231154044843958673e+01
1.115358342528918456e+01
1.156254147656750320e+01
1.402237466985377523e+01
1.196099363511537916e+01
8.420550171975921927e+00
7.427075738550797723e+00
7.227063503499650210e+00
2.581982327218774742e+01
1.361227296574820400e+01
1.235365523633751650e+01
9.481699325847500859e+00
6.168756668259320008e+00
1.039111178884925835e+01
5.700849298461292847e+00
1.518335524860253827e+01
7.438261638297120726e+00
1.243534861173216655e+01
6.502874665830461254e+00
7.245266433314498045e+00
9.069547506886834753e+00
1.220009676260741571e+01
6.629511634360284233e+00
7.410058274804356415e+00
1.304273159039121310e+01
8.207924788179866482e+00
6.799589045186280600e+00
2.136996111978010049e+01
8.942132315906405893e+00
1.309496825319058644e+01
7.335888984654218348e+00
8.186651752684952044e+00
6.594843616968375954e+00
8.973021238018588974e+00
7.174324184926774706e+00
1.074843352442746891e+01
5.531735120105281567e+00
1.603433793059582513e+01
1.025259183064929402e+01
1.325596572597186196e+01
8.776485640290559331e+00
1.146756646177044558e+01
6.616170049460208702e+00
8.265435715087050994e+00
6.208446510984003908e+00
1.364402584211052272e+01
1.636551755261587004e+01
6.483917161618137470e+00
1.117983688061082148e+01
7.741336968701091337e+00
8.045429390235597111e+00
1.484101102859818866e+01
1.119542187280501366e+01
5.931087977938034328e+00
7.204262323061470852e+00
5.350155910273315385e+00
9.632650106451933425e+00
7.842282932770672232e+00
9.437679315228024279e+00
6.963513971425868476e+00
7.318178905612739982e+00
6.959942109246867403e+00
2.183258022451229863e+01
9.121260397788432783e+00
1.322553275317523003e+01
9.830932979270869509e+00
6.862968889324065458e+00
7.005608208164971984e+00
9.298016313977313985e+00
7.994819226053209604e+00
8.254170528644976912e+00
7.153793238404887234e+00
6.013068982640106697e+00
8.116723037674773877e+00
1.262219064150360737e+01
3.258393371552597273e+01
1.119755032665818817e+01
6.929418102972135785e+00
6.468138826579888701e+00
7.277470711453247532e+00
1.341041244609243677e+01
1.376248018948376739e+01
1.469373685728975687e+01
1.766054176246106522e+01
1.606420157259842085e+01
6.753091258599397406e+00
6.865280216962062809e+00
6.122126042857516381e+00
8.370035312230598379e+00
1.033140339516720019e+01
1.429982962348854869e+01
1.385893752867112028e+01
8.105730902317745290e+00
7.624431597505122227e+00
7.866069227654577389e+00
7.146679706657266706e+00
7.122393135378587203e+00
1.378097568799748274e+01
9.643221517685049093e+00
9.312280339686566322e+00
2.924400408913908223e+01
5.322851673919132054e+00
1.394663254807005615e+01
9.173898167492211542e+00
9.579769293091402460e+00
6.409449978053828545e+00
6.824270592993798346e+00
7.212616367619887114e+00
6.650252540651820254e+00
8.755710203246394485e+00
6.304965719975939464e+00
6.946639828688830676e+00
1.647891314455790734e+01
8.078107989681768686e+00
1.810193029424419819e+01
1.502676477667398558e+01
5.836012323002535140e+00
1.238466068458308200e+01
9.945614517007129507e+00
9.813825274037355939e+00
5.732373882744923321e+00
1.499433121557353843e+01
7.841035489629291533e+00
1.469064972961166404e+01
7.697046219678043144e+00
7.234735037045822992e+00
5.461422588722200544e+00
1.027313449311532167e+01
1.061408594359079416e+01
7.669465732929893420e+00
8.441112065116385565e+00
9.068922111749770920e+00
6.145113827733098333e+00
8.453641194445481233e+00
2.123012080545584013e+01
6.255303476876179047e+00
1.450436841636189911e+01
6.442056988462354639e+00
7.631787458008261638e+00
7.777768144508172554e+00
1.138826574090455779e+01
1.173007813817412170e+01
1.591425972063086647e+01
7.951537404917530694e+00
7.100416055925393266e+00
7.539524101147321744e+00
6.134592119662670484e+00
8.243734005781334417e+00
1.108160183901225082e+01
1.179226769191870972e+01
1.282103234580563367e+01
6.247026119094016394e+00
9.221431417303733724e+00
7.899100212672806265e+00
7.420828198568756306e+00
8.793447270405863492e+00
6.292840948728212425e+00
1.720357075932633961e+01
1.071915431001798424e+01
7.968619855325073331e+00
9.003650228117100696e+00
6.821323212496853472e+00
1.187365772909269523e+01
6.867631029510356200e+00
6.497756754708873927e+00
1.445241023171667649e+01
6.986379090424492233e+00
2.152331762796322323e+01
6.698139040130300259e+00
1.300400207222081406e+01
8.292701693452372069e+00
8.015582373466841659e+00
7.647900172879843694e+00
1.442980989263833180e+01
1.472721025145690987e+01
6.559006256759829512e+00
1.009934094802738969e+01
6.203092891339338166e+00
1.017893250779971481e+01
7.127943351281402329e+00
1.070186793388435831e+01
1.264541712849728583e+01
9.467969071201252973e+00
7.832256931602216810e+00
6.754811791472491223e+00
6.146515636067363175e+00
6.597266013538046536e+00
6.014921051049441303e+00
1.041338631896240940e+01
6.672710146234408057e+00
1.249777722546423320e+01
1.037274784958549390e+01
9.890722382113892763e+00
1.843410012284385857e+01
1.062680772302030618e+01
7.019799263430343217e+00
1.050670785163322307e+01
2.439563541575626004e+01
7.302505968833941097e+00
5.185916977318868248e+00
9.255265825137598767e+00
1.216181237674629756e+01
1.822490984587369667e+01
1.011022888704820843e+01
7.811230449494701134e+00
7.949858652457351127e+00
9.033274901639686050e+00
8.673352210100745197e+00
1.820253814497550593e+01
8.063703444419502375e+00
3.650386729467595615e+01
6.582469404968946947e+00
5.700935431985044488e+00
7.533396379033433732e+00
1.248278075144889954e+01
8.459651999221136975e+00
7.173168311806989550e+00
6.150574865927751489e+00
1.339459228351154252e+01
1.132929675316404428e+01
5.642979621539211621e+00
8.216316061426709894e+00
8.786823163844701412e+00
6.011801460775132000e+00
7.431771480167640220e+00
9.087806546542196884e+00
9.790715498299505271e+00
6.229424605812255322e+00
8.260727499975473620e+00
9.104100589548806965e+00
1.733091019309233616e+01
8.041120069102248635e+00
8.907980562413513326e+00
1.036031761794458816e+01
7.258393349461243815e+00
1.231485398332279146e+01
1.046963927192598476e+01
6.370073673401975611e+00
1.251815092902162974e+01
1.268562657690417339e+01
5.923512686589361920e+00
1.592584326710130682e+01
9.859937333372364776e+00
6.513200098087082779e+00
6.885422945256749472e+00
6.119119699466367024e+00
1.580823398075976627e+01
9.163988319321148879e+00
6.484926410089130400e+00
6.299891353473469735e+00
1.041242693313787981e+01
7.488808722989546141e+00
5.745384108255507272e+00
1.006332715952396484e+01
1.006023035746929395e+01
6.500267519404872019e+00
1.011924675091430004e+01
7.082772902307141294e+00
7.388105445411326855e+00
9.370483648900375329e+00
1.213751378257194347e+01
6.053261388046081493e+00
1.517820858457523059e+01
6.310203597766246730e+00
1.336653209846517143e+01
5.908213257325598988e+00
1.560177129642534055e+01
8.268784865509019255e+00
6.827627293928401286e+00
1.674465690376734983e+01
1.319358457983088329e+01
8.011711301011416708e+00
6.125051299188669418e+00
6.300593527166597596e+00
8.459066331280268969e+00
1.244142729125411506e+01
6.577616568097198524e+00
1.265991707365088814e+01
1.008793383935960719e+01
7.015948887057504635e+00
6.676645692949250588e+00
6.638330847307315707e+00
9.081941822547321408e+00
6.302081725768005072e+00
8.233672422208996977e+00
1.277063032307984258e+01
1.057618038559081697e+01
6.438151816610400147e+00
1.523483908115002805e+01
8.691717125153900270e+00
1.122347236409007110e+01
8.104819949299383097e+00
1.268570849856621408e+01
5.689802486951975879e+00
1.095937419031679383e+01
1.491774221095545272e+01
9.594032599896422653e+00
1.104643603232261739e+01
6.640367490969538267e+00
6.428156391727270602e+00
1.052030013045680334e+01
6.117169106341634688e+00
8.289486583851157775e+00
7.195969314027593100e+00
1.342254508032965532e+01
1.513063079981009196e+01
8.248533923588638572e+00
2.286881551145484082e+01
6.520174921031184567e+00
1.284676314122737040e+01
5.557993407308003952e+00
2.880563335613464915e+01
1.550341142342904277e+01
1.844503059207829665e+01
5.518698262872021587e+00
7.695634567778483870e+00
1.328146954590575035e+01
1.088716605423238803e+01
1.128348436770347263e+01
7.279900535300576792e+00
1.138127262168674747e+01
1.375259472116762538e+01
1.530144980626960205e+01
7.116626123452661545e+00
5.240044994571519510e+00
1.823463429301536110e+01
2.116699411560244926e+01
5.406678708528545485e+00
7.593784299346737043e+00
1.842875151942934053e+01
5.297401282939887324e+00
7.714794056594314497e+00
6.562261885903978964e+00
9.068919206848363501e+00
5.562041556895394478e+00
7.819202330207502882e+00
9.706941899237051530e+00
6.037593103129694327e+00
1.358264664199052163e+01
6.294337821920237275e+00
6.088953866032937867e+00
1.414843930983028031e+01
9.350248368301038226e+00
1.388930196144298179e+01
1.188744279763380973e+01
5.697646072195766465e+00
6.841646461260040724e+00
6.204376206595270560e+00
7.807641483477027577e+00
1.922574200784060849e+01
7.031715749407510430e+00
8.011066866408441456e+00
6.532533094823861575e+00
5.621306192826523329e+00
7.682611348835848730e+00
1.227339589340556358e+01
1.295681513877121915e+01
1.286337522883405882e+01
8.425325393299772259e+00
7.775112988705529915e+00
1.005963771040831034e+01
9.726163015213785457e+00
5.738005433993635052e+00
7.686484862223437631e+00
2.095032980465231276e+01
9.771097707211879424e+00
2.256630506239491751e+01
5.868167441620244063e+00
5.832559764157849713e+00
6.393097298056886757e+00
2.043143621968704338e+01
2.204284002594386038e+01
9.713525054086403543e+00
5.813170123904797038e+00
5.900343101282942371e+00
7.643631703235769237e+00
2.188029788050880597e+01
8.460997852219065862e+00
5.698494797709258819e+00
7.289669757309070519e+00
8.730075224225060992e+00
5.881719424784478178e+00
6.465735862438236836e+00
1.315323113853855830e+01
5.456888227702393124e+00
9.696123663383900748e+00
1.028605790222661653e+01
5.814333627646647074e+00
6.787923389420939202e+00
7.358054844957905516e+00
6.662506174979284879e+00
5.517962029287787118e+00
1.353445454448399232e+01
1.945473094136980308e+01
1.060806039709028070e+01
6.335469348385263544e+00
7.675511484052716327e+00
8.329109363214527662e+00
6.348087307556035341e+00
9.721774881442186711e+00
6.886511818940391549e+00
2.018069000041184324e+01
2.415270950940650607e+01
1.601493763029134243e+01
2.231675395863129552e+01
9.484410426069189270e+00
1.635613410147226432e+01
7.224386461302799489e+00
1.348332645216405012e+01
5.873189256386410761e+00
1.143947278714759364e+01
9.915213739473927035e+00
9.126500218986876689e+00
6.178014874264164291e+00
7.255634395124985758e+00
1.527233829695376244e+01
9.163837886803662514e+00
1.626980712252060357e+01
7.112875930736663577e+00
7.924704326674827826e+00
7.071664325476888280e+00
7.374229163652728403e+00
9.750133721905115181e+00
1.057440330802370454e+01
7.215083727351839116e+00
9.059867618979751569e+00
6.669560601243802012e+00
6.487685950012519243e+00
6.586967839449187068e+00
6.163780814811673281e+00
7.240983800938579407e+00
7.206517790684642932e+00
6.753033051650390917e+00
1.791336734650957396e+01
1.008137899821650763e+01
6.246424992771153484e+00
6.642086785152969242e+00
6.280733982720960284e+00
9.886173661131238077e+00
7.563922210731618634e+00
9.497653289898721596e+00
7.496848529986550602e+00
9.025538668010256060e+00
1.525709517009590854e+01
7.839611817837067065e+00
9.954993046641902765e+00
2.144756593270665235e+01
7.120345784924893451e+00
6.480175588063161740e+00
7.206570694973720492e+00
2.015022791913690980e+01
1.601922492199275894e+01
7.518476272525617787e+00
6.801793871479162590e+00
8.450745653718172434e+00
1.228065949378765254e+01
6.483081235987242508e+00
1.314925064206306615e+01
1.440893673617631521e+01
8.538624482459113096e+00
6.241562278215837978e+00
1.216684940726827335e+01
1.500199816809720232e+01
9.117373620535659029e+00
7.543489108350172501e+00
1.466273222510835694e+01
6.620023570608054797e+00
9.289530942378746659e+00
9.220106590138357205e+00
6.631341818742157557e+00
6.757893125604482520e+00
1.010761051523583021e+01
1.352253936934575407e+01
1.000294494103435738e+01
1.002271258255024833e+01
1.358607988546075518e+01
6.174612163122958464e+00
7.226111261766675398e+00
6.992430809632296018e+00
6.510454499285629026e+00
1.265360926401741892e+01
6.886083360654623675e+00
1.709275195166794958e+01
1.593988886222965107e+01
9.382447749067296172e+00
6.772640580814510258e+00
6.132756112284027949e+00
1.178036584944823062e+01
1.258812595239405141e+01
7.132089347130147416e+00
7.732399585612995452e+00
1.315178443953925580e+01
1.124637398197322113e+01
1.370707805496775222e+01
1.868354560233561301e+01
1.028518753015379161e+01
6.861916557556298812e+00
6.257737937985439203e+00
1.403763163361929855e+01
7.967569211903537507e+00
8.760953797614490668e+00
1.014502157934686011e+01
6.138117527990630151e+00
1.264659512848328404e+01
1.328705125320664138e+01
5.376944760698279424e+00
6.862202644093940762e+00
9.608208491197558487e+00
5.685153088460992876e+00
6.852748994621208567e+00
9.467031174290525541e+00
8.210315522783730557e+00
1.858105668856495640e+01
8.954143413318547573e+00
7.424111182019714761e+00
1.611536477445218907e+01
8.671875788078637015e+00
8.618146713300632200e+00
7.323341678606084315e+00
7.751305135383290690e+00
3.273672207028727144e+01
8.754428727901085949e+00
7.121642449471096370e+00
8.222774530319270525e+00
1.217720479418471768e+01
7.642904025894608822e+00
7.074822616573555933e+00
9.463700739911587334e+00
5.995861088368087621e+00
6.993990690702844404e+00
9.031836029041983238e+00
7.962762531645012132e+00
1.421320825781526764e+01
6.974312642352742841e+00
7.397789517787032310e+00
1.093070812619509979e+01
1.299136038504582302e+01
1.143853520711206784e+01
8.869842243379707725e+00
6.713288340261328813e+00
1.504458348794321410e+01
7.871818155089840729e+00
8.577316465400258494e+00
6.646526674202505092e+00
8.448470030985276935e+00
1.815324668996652235e+01
6.836445571143713096e+00
8.142250376781703380e+00
8.782625569577703573e+00
