time	position	state	ATP_bound
1.000000000000000000e+00 1.174162533897317839e+00 0.000000000000000000e+00 0.000000000000000000e+00
2.000000000000000000e+00 6.632876939027645413e-01 0.000000000000000000e+00 0.000000000000000000e+00
3.000000000000000000e+00 2.425663683205114385e+00 0.000000000000000000e+00 0.000000000000000000e+00
4.000000000000000000e+00 3.899677025711327794e+00 1.000000000000000000e+00 0.000000000000000000e+00
5.000000000000000000e+00 4.309714984133519167e+00 0.000000000000000000e+00 0.000000000000000000e+00
6.000000000000000000e+00 4.747754449563416301e+00 0.000000000000000000e+00 0.000000000000000000e+00
7.000000000000000000e+00 6.212581359535644943e+00 0.000000000000000000e+00 0.000000000000000000e+00
8.000000000000000000e+00 7.402329528876040676e+00 0.000000000000000000e+00 0.000000000000000000e+00
9.000000000000000000e+00 7.235847682812257098e+00 0.000000000000000000e+00 0.000000000000000000e+00
1.000000000000000000e+01 9.675054190792753417e+00 0.000000000000000000e+00 0.000000000000000000e+00
1.100000000000000000e+01 1.056550495749425700e+01 0.000000000000000000e+00 0.000000000000000000e+00
1.200000000000000000e+01 1.093013737300074162e+01 0.000000000000000000e+00 0.000000000000000000e+00
1.300000000000000000e+01 1.202193488055522863e+01 0.000000000000000000e+00 0.000000000000000000e+00
1.400000000000000000e+01 1.284226346855848711e+01 0.000000000000000000e+00 0.000000000000000000e+00
1.500000000000000000e+01 1.458960627494923656e+01 0.000000000000000000e+00 0.000000000000000000e+00
1.600000000000000000e+01 1.498208722675919091e+01 0.000000000000000000e+00 0.000000000000000000e+00
1.700000000000000000e+01 1.581930450973343483e+01 0.000000000000000000e+00 0.000000000000000000e+00
1.800000000000000000e+01 1.669859886937025806e+01 0.000000000000000000e+00 0.000000000000000000e+00
1.900000000000000000e+01 1.580906929038232889e+01 2.000000000000000000e+00 0.000000000000000000e+00
2.000000000000000000e+01 1.719913533557651064e+01 0.000000000000000000e+00 0.000000000000000000e+00
2.100000000000000000e+01 1.785855734864838240e+01 0.000000000000000000e+00 0.000000000000000000e+00
2.200000000000000000e+01 1.936821547180228009e+01 0.000000000000000000e+00 0.000000000000000000e+00
2.300000000000000000e+01 1.819405450540914515e+01 2.000000000000000000e+00 0.000000000000000000e+00
2.400000000000000000e+01 1.662726793853052598e+01 2.000000000000000000e+00 0.000000000000000000e+00
2.500000000000000000e+01 1.568133680951848064e+01 2.000000000000000000e+00 0.000000000000000000e+00
2.600000000000000000e+01 1.523889807532654217e+01 2.000000000000000000e+00 0.000000000000000000e+00
2.700000000000000000e+01 1.348056743471549623e+01 2.000000000000000000e+00 0.000000000000000000e+00
2.800000000000000000e+01 1.622766468845649612e+01 0.000000000000000000e+00 0.000000000000000000e+00
2.900000000000000000e+01 1.615982731911428516e+01 0.000000000000000000e+00 0.000000000000000000e+00
3.000000000000000000e+01 1.624198434705035865e+01 0.000000000000000000e+00 0.000000000000000000e+00
3.100000000000000000e+01 1.794529375738243360e+01 0.000000000000000000e+00 0.000000000000000000e+00
3.200000000000000000e+01 2.028449861463894877e+01 0.000000000000000000e+00 0.000000000000000000e+00
3.300000000000000000e+01 1.920658803012353744e+01 0.000000000000000000e+00 0.000000000000000000e+00
3.400000000000000000e+01 2.115638909263885381e+01 0.000000000000000000e+00 0.000000000000000000e+00
3.500000000000000000e+01 2.163172106184675414e+01 0.000000000000000000e+00 0.000000000000000000e+00
3.600000000000000000e+01 2.403513145046767363e+01 0.000000000000000000e+00 0.000000000000000000e+00
3.700000000000000000e+01 2.402633025984777504e+01 0.000000000000000000e+00 0.000000000000000000e+00
3.800000000000000000e+01 2.504578855417961591e+01 0.000000000000000000e+00 0.000000000000000000e+00
3.900000000000000000e+01 2.518839318388567250e+01 0.000000000000000000e+00 0.000000000000000000e+00
4.000000000000000000e+01 2.738806814717199245e+01 0.000000000000000000e+00 0.000000000000000000e+00
4.100000000000000000e+01 2.828623064569129397e+01 0.000000000000000000e+00 0.000000000000000000e+00
4.200000000000000000e+01 2.908291562832479471e+01 0.000000000000000000e+00 0.000000000000000000e+00
4.300000000000000000e+01 3.053696915843446291e+01 0.000000000000000000e+00 0.000000000000000000e+00
4.400000000000000000e+01 3.177551210965548734e+01 0.000000000000000000e+00 0.000000000000000000e+00
4.500000000000000000e+01 3.234728574384560318e+01 0.000000000000000000e+00 0.000000000000000000e+00
4.600000000000000000e+01 3.250622919043433967e+01 0.000000000000000000e+00 0.000000000000000000e+00
4.700000000000000000e+01 3.319153554288474339e+01 0.000000000000000000e+00 0.000000000000000000e+00
4.800000000000000000e+01 3.457400032364374454e+01 0.000000000000000000e+00 0.000000000000000000e+00
4.900000000000000000e+01 3.627102878629698779e+01 0.000000000000000000e+00 0.000000000000000000e+00
5.000000000000000000e+01 3.675226640085265473e+01 0.000000000000000000e+00 0.000000000000000000e+00
5.100000000000000000e+01 3.846943262028732136e+01 0.000000000000000000e+00 0.000000000000000000e+00
5.200000000000000000e+01 3.874499641846094988e+01 0.000000000000000000e+00 0.000000000000000000e+00
5.300000000000000000e+01 4.018432116969881207e+01 0.000000000000000000e+00 0.000000000000000000e+00
5.400000000000000000e+01 3.868487184348592933e+01 2.000000000000000000e+00 0.000000000000000000e+00
5.500000000000000000e+01 3.883767641974069562e+01 1.000000000000000000e+00 0.000000000000000000e+00
5.600000000000000000e+01 3.991654007790860703e+01 0.000000000000000000e+00 0.000000000000000000e+00
5.700000000000000000e+01 4.120010963968963580e+01 0.000000000000000000e+00 0.000000000000000000e+00
5.800000000000000000e+01 4.162774877721592759e+01 0.000000000000000000e+00 0.000000000000000000e+00
5.900000000000000000e+01 4.270928062964768657e+01 0.000000000000000000e+00 0.000000000000000000e+00
6.000000000000000000e+01 4.449415072007239758e+01 0.000000000000000000e+00 0.000000000000000000e+00
6.100000000000000000e+01 4.559741670347876408e+01 0.000000000000000000e+00 0.000000000000000000e+00
6.200000000000000000e+01 4.473386395274373939e+01 1.000000000000000000e+00 0.000000000000000000e+00
6.300000000000000000e+01 4.561929887345904433e+01 1.000000000000000000e+00 0.000000000000000000e+00
6.400000000000000000e+01 4.605120168681489901e+01 0.000000000000000000e+00 0.000000000000000000e+00
6.500000000000000000e+01 4.696309559660448940e+01 0.000000000000000000e+00 0.000000000000000000e+00
6.600000000000000000e+01 4.651335913081339868e+01 2.000000000000000000e+00 0.000000000000000000e+00
6.700000000000000000e+01 4.614818330876956054e+01 0.000000000000000000e+00 0.000000000000000000e+00
6.800000000000000000e+01 4.873147671508059631e+01 0.000000000000000000e+00 0.000000000000000000e+00
6.900000000000000000e+01 4.996554590167947651e+01 0.000000000000000000e+00 0.000000000000000000e+00
7.000000000000000000e+01 4.908169249517001731e+01 1.000000000000000000e+00 0.000000000000000000e+00
7.100000000000000000e+01 4.992770953648315668e+01 1.000000000000000000e+00 0.000000000000000000e+00
7.200000000000000000e+01 5.060707626744860477e+01 0.000000000000000000e+00 0.000000000000000000e+00
7.300000000000000000e+01 5.061506581454676024e+01 0.000000000000000000e+00 0.000000000000000000e+00
7.400000000000000000e+01 4.951231922859133761e+01 2.000000000000000000e+00 0.000000000000000000e+00
7.500000000000000000e+01 5.152621046413309358e+01 0.000000000000000000e+00 0.000000000000000000e+00
7.600000000000000000e+01 5.208556515452679747e+01 0.000000000000000000e+00 0.000000000000000000e+00
7.700000000000000000e+01 5.319103299862601375e+01 0.000000000000000000e+00 0.000000000000000000e+00
7.800000000000000000e+01 5.403310534828185752e+01 0.000000000000000000e+00 0.000000000000000000e+00
7.900000000000000000e+01 5.519501015786401865e+01 0.000000000000000000e+00 0.000000000000000000e+00
8.000000000000000000e+01 5.556959849438153043e+01 0.000000000000000000e+00 0.000000000000000000e+00
8.100000000000000000e+01 5.775578493198420915e+01 0.000000000000000000e+00 0.000000000000000000e+00
8.200000000000000000e+01 5.838528167590533258e+01 0.000000000000000000e+00 0.000000000000000000e+00
8.300000000000000000e+01 5.981550197378807354e+01 0.000000000000000000e+00 0.000000000000000000e+00
8.400000000000000000e+01 5.767879792129267713e+01 1.000000000000000000e+00 0.000000000000000000e+00
8.500000000000000000e+01 5.687238369070919219e+01 2.000000000000000000e+00 0.000000000000000000e+00
8.600000000000000000e+01 5.950128364392574554e+01 0.000000000000000000e+00 0.000000000000000000e+00
8.700000000000000000e+01 5.901118386455556930e+01 0.000000000000000000e+00 0.000000000000000000e+00
8.800000000000000000e+01 6.132027271354857589e+01 0.000000000000000000e+00 0.000000000000000000e+00
8.900000000000000000e+01 5.993144496996915649e+01 2.000000000000000000e+00 0.000000000000000000e+00
9.000000000000000000e+01 6.125000213206308786e+01 0.000000000000000000e+00 0.000000000000000000e+00
9.100000000000000000e+01 6.171159721565825862e+01 0.000000000000000000e+00 0.000000000000000000e+00
9.200000000000000000e+01 6.412337781241738810e+01 0.000000000000000000e+00 0.000000000000000000e+00
9.300000000000000000e+01 6.456420501558233127e+01 0.000000000000000000e+00 0.000000000000000000e+00
9.400000000000000000e+01 6.291331945326257369e+01 2.000000000000000000e+00 0.000000000000000000e+00
9.500000000000000000e+01 6.391959910765131525e+01 0.000000000000000000e+00 0.000000000000000000e+00
9.600000000000000000e+01 6.579412259616410097e+01 0.000000000000000000e+00 0.000000000000000000e+00
9.700000000000000000e+01 6.685013779374315845e+01 0.000000000000000000e+00 0.000000000000000000e+00
9.800000000000000000e+01 6.470725758997399168e+01 2.000000000000000000e+00 0.000000000000000000e+00
9.900000000000000000e+01 6.385382422318059525e+01 2.000000000000000000e+00 0.000000000000000000e+00
1.000000000000000000e+02 6.551154929017626216e+01 0.000000000000000000e+00 0.000000000000000000e+00
1.010000000000000000e+02 6.537581964951223767e+01 0.000000000000000000e+00 0.000000000000000000e+00
1.020000000000000000e+02 6.668532135475146561e+01 0.000000000000000000e+00 0.000000000000000000e+00
1.030000000000000000e+02 6.838407280929106946e+01 0.000000000000000000e+00 0.000000000000000000e+00
1.040000000000000000e+02 6.828446527890427831e+01 0.000000000000000000e+00 0.000000000000000000e+00
1.050000000000000000e+02 7.004501634639929364e+01 0.000000000000000000e+00 0.000000000000000000e+00
1.060000000000000000e+02 7.064911192308876764e+01 0.000000000000000000e+00 0.000000000000000000e+00
1.070000000000000000e+02 7.308686104385169813e+01 0.000000000000000000e+00 0.000000000000000000e+00
1.080000000000000000e+02 7.398284848400980707e+01 0.000000000000000000e+00 0.000000000000000000e+00
1.090000000000000000e+02 7.387007680790976849e+01 0.000000000000000000e+00 0.000000000000000000e+00
1.100000000000000000e+02 7.524247261832020683e+01 0.000000000000000000e+00 0.000000000000000000e+00
1.110000000000000000e+02 7.600465725761681313e+01 0.000000000000000000e+00 0.000000000000000000e+00
1.120000000000000000e+02 7.614676555947443148e+01 0.000000000000000000e+00 0.000000000000000000e+00
1.130000000000000000e+02 7.801194054426152036e+01 0.000000000000000000e+00 0.000000000000000000e+00
1.140000000000000000e+02 7.895542262273998801e+01 0.000000000000000000e+00 0.000000000000000000e+00
1.150000000000000000e+02 7.983405200113867295e+01 0.000000000000000000e+00 0.000000000000000000e+00
1.160000000000000000e+02 8.141885444403234828e+01 0.000000000000000000e+00 0.000000000000000000e+00
1.170000000000000000e+02 8.247815148956077280e+01 0.000000000000000000e+00 0.000000000000000000e+00
1.180000000000000000e+02 8.323586169368621768e+01 0.000000000000000000e+00 0.000000000000000000e+00
1.190000000000000000e+02 8.414188346955664599e+01 0.000000000000000000e+00 0.000000000000000000e+00
1.200000000000000000e+02 8.463976296752561268e+01 0.000000000000000000e+00 0.000000000000000000e+00
1.210000000000000000e+02 8.579724191504314490e+01 0.000000000000000000e+00 0.000000000000000000e+00
1.220000000000000000e+02 8.791720070713672897e+01 0.000000000000000000e+00 0.000000000000000000e+00
1.230000000000000000e+02 8.754654173952087604e+01 0.000000000000000000e+00 0.000000000000000000e+00
1.240000000000000000e+02 8.869598296077190014e+01 0.000000000000000000e+00 0.000000000000000000e+00
1.250000000000000000e+02 8.947741688691687045e+01 0.000000000000000000e+00 0.000000000000000000e+00
1.260000000000000000e+02 9.116543786284013606e+01 0.000000000000000000e+00 0.000000000000000000e+00
1.270000000000000000e+02 9.165308103123535943e+01 0.000000000000000000e+00 0.000000000000000000e+00
1.280000000000000000e+02 9.123172944829970277e+01 2.000000000000000000e+00 0.000000000000000000e+00
1.290000000000000000e+02 9.240803950456225380e+01 0.000000000000000000e+00 0.000000000000000000e+00
1.300000000000000000e+02 9.302930378210497508e+01 0.000000000000000000e+00 0.000000000000000000e+00
1.310000000000000000e+02 9.460456445354884636e+01 0.000000000000000000e+00 0.000000000000000000e+00
1.320000000000000000e+02 9.457615607184725093e+01 0.000000000000000000e+00 0.000000000000000000e+00
1.330000000000000000e+02 9.663280595462448730e+01 0.000000000000000000e+00 0.000000000000000000e+00
1.340000000000000000e+02 9.754326163392344995e+01 0.000000000000000000e+00 0.000000000000000000e+00
1.350000000000000000e+02 9.756461637775562679e+01 0.000000000000000000e+00 0.000000000000000000e+00
1.360000000000000000e+02 9.869288457654272406e+01 0.000000000000000000e+00 0.000000000000000000e+00
1.370000000000000000e+02 9.947736810701262300e+01 0.000000000000000000e+00 0.000000000000000000e+00
1.380000000000000000e+02 1.015791764360752438e+02 0.000000000000000000e+00 0.000000000000000000e+00
1.390000000000000000e+02 1.018637719736737210e+02 0.000000000000000000e+00 0.000000000000000000e+00
1.400000000000000000e+02 1.042570216475161828e+02 0.000000000000000000e+00 0.000000000000000000e+00
1.410000000000000000e+02 1.034189996626944605e+02 0.000000000000000000e+00 0.000000000000000000e+00
1.420000000000000000e+02 1.047061622057333636e+02 0.000000000000000000e+00 0.000000000000000000e+00
1.430000000000000000e+02 1.066387910941775772e+02 0.000000000000000000e+00 0.000000000000000000e+00
1.440000000000000000e+02 1.068477157055419582e+02 0.000000000000000000e+00 0.000000000000000000e+00
1.450000000000000000e+02 1.082499754487039496e+02 0.000000000000000000e+00 0.000000000000000000e+00
1.460000000000000000e+02 1.092773288758862833e+02 0.000000000000000000e+00 0.000000000000000000e+00
1.470000000000000000e+02 1.098459335436267850e+02 0.000000000000000000e+00 0.000000000000000000e+00
1.480000000000000000e+02 1.107585167202204985e+02 0.000000000000000000e+00 0.000000000000000000e+00
1.490000000000000000e+02 1.120892720839424328e+02 0.000000000000000000e+00 0.000000000000000000e+00
1.500000000000000000e+02 1.134284922631143360e+02 0.000000000000000000e+00 0.000000000000000000e+00
1.510000000000000000e+02 1.126876431566093970e+02 1.000000000000000000e+00 0.000000000000000000e+00
1.520000000000000000e+02 1.134960145035291390e+02 0.000000000000000000e+00 0.000000000000000000e+00
1.530000000000000000e+02 1.144254524801390431e+02 0.000000000000000000e+00 0.000000000000000000e+00
1.540000000000000000e+02 1.153453044674128023e+02 0.000000000000000000e+00 0.000000000000000000e+00
1.550000000000000000e+02 1.165056173457870017e+02 0.000000000000000000e+00 0.000000000000000000e+00
1.560000000000000000e+02 1.185156776626326831e+02 0.000000000000000000e+00 0.000000000000000000e+00
1.570000000000000000e+02 1.202323425776759791e+02 0.000000000000000000e+00 0.000000000000000000e+00
1.580000000000000000e+02 1.184545362750750570e+02 1.000000000000000000e+00 0.000000000000000000e+00
1.590000000000000000e+02 1.191134845922741903e+02 0.000000000000000000e+00 0.000000000000000000e+00
1.600000000000000000e+02 1.202574103111500250e+02 0.000000000000000000e+00 0.000000000000000000e+00
1.610000000000000000e+02 1.217527712634532691e+02 0.000000000000000000e+00 0.000000000000000000e+00
1.620000000000000000e+02 1.225502594448877431e+02 1.000000000000000000e+00 0.000000000000000000e+00
1.630000000000000000e+02 1.215180054427361398e+02 1.000000000000000000e+00 0.000000000000000000e+00
1.640000000000000000e+02 1.224671638245910259e+02 0.000000000000000000e+00 0.000000000000000000e+00
1.650000000000000000e+02 1.240580938010887309e+02 0.000000000000000000e+00 0.000000000000000000e+00
1.660000000000000000e+02 1.249554076112706582e+02 0.000000000000000000e+00 0.000000000000000000e+00
1.670000000000000000e+02 1.259337939143749878e+02 0.000000000000000000e+00 0.000000000000000000e+00
1.680000000000000000e+02 1.266691168280623998e+02 0.000000000000000000e+00 0.000000000000000000e+00
1.690000000000000000e+02 1.279763784868687253e+02 0.000000000000000000e+00 0.000000000000000000e+00
1.700000000000000000e+02 1.292889330280728473e+02 0.000000000000000000e+00 0.000000000000000000e+00
1.710000000000000000e+02 1.290299375728082509e+02 1.000000000000000000e+00 0.000000000000000000e+00
1.720000000000000000e+02 1.306691568622727289e+02 0.000000000000000000e+00 0.000000000000000000e+00
1.730000000000000000e+02 1.308205483496824115e+02 0.000000000000000000e+00 0.000000000000000000e+00
1.740000000000000000e+02 1.309946157237510818e+02 1.000000000000000000e+00 0.000000000000000000e+00
1.750000000000000000e+02 1.319324299394044999e+02 0.000000000000000000e+00 0.000000000000000000e+00
1.760000000000000000e+02 1.326489456046596160e+02 0.000000000000000000e+00 0.000000000000000000e+00
1.770000000000000000e+02 1.343891737222653262e+02 0.000000000000000000e+00 0.000000000000000000e+00
1.780000000000000000e+02 1.355713177181260107e+02 0.000000000000000000e+00 0.000000000000000000e+00
1.790000000000000000e+02 1.357052681130592759e+02 0.000000000000000000e+00 0.000000000000000000e+00
1.800000000000000000e+02 1.367489128547896371e+02 0.000000000000000000e+00 0.000000000000000000e+00
1.810000000000000000e+02 1.378657982687506376e+02 0.000000000000000000e+00 0.000000000000000000e+00
1.820000000000000000e+02 1.380413131446345858e+02 0.000000000000000000e+00 0.000000000000000000e+00
1.830000000000000000e+02 1.391982024831165745e+02 0.000000000000000000e+00 0.000000000000000000e+00
1.840000000000000000e+02 1.397675249472558221e+02 1.000000000000000000e+00 0.000000000000000000e+00
1.850000000000000000e+02 1.420050428704048784e+02 0.000000000000000000e+00 0.000000000000000000e+00
1.860000000000000000e+02 1.421227995604755847e+02 0.000000000000000000e+00 0.000000000000000000e+00
1.870000000000000000e+02 1.430444228030869738e+02 0.000000000000000000e+00 0.000000000000000000e+00
1.880000000000000000e+02 1.443141185584951813e+02 0.000000000000000000e+00 0.000000000000000000e+00
1.890000000000000000e+02 1.450429459663459397e+02 0.000000000000000000e+00 0.000000000000000000e+00
1.900000000000000000e+02 1.469177711348603168e+02 0.000000000000000000e+00 0.000000000000000000e+00
1.910000000000000000e+02 1.467397409536316104e+02 0.000000000000000000e+00 0.000000000000000000e+00
1.920000000000000000e+02 1.485980396009198614e+02 0.000000000000000000e+00 0.000000000000000000e+00
1.930000000000000000e+02 1.484533212742397552e+02 0.000000000000000000e+00 0.000000000000000000e+00
1.940000000000000000e+02 1.494880163515564107e+02 0.000000000000000000e+00 0.000000000000000000e+00
1.950000000000000000e+02 1.494333623861681986e+02 0.000000000000000000e+00 0.000000000000000000e+00
1.960000000000000000e+02 1.520987497836831039e+02 0.000000000000000000e+00 0.000000000000000000e+00
1.970000000000000000e+02 1.515085997733561385e+02 2.000000000000000000e+00 0.000000000000000000e+00
1.980000000000000000e+02 1.502980980837802178e+02 1.000000000000000000e+00 0.000000000000000000e+00
1.990000000000000000e+02 1.510321854160411874e+02 0.000000000000000000e+00 0.000000000000000000e+00
2.000000000000000000e+02 1.521210292771483239e+02 0.000000000000000000e+00 0.000000000000000000e+00
2.010000000000000000e+02 1.540057169877789818e+02 0.000000000000000000e+00 0.000000000000000000e+00
2.020000000000000000e+02 1.549639558180086567e+02 0.000000000000000000e+00 0.000000000000000000e+00
2.030000000000000000e+02 1.561938365685232384e+02 0.000000000000000000e+00 0.000000000000000000e+00
2.040000000000000000e+02 1.579096282661612349e+02 0.000000000000000000e+00 0.000000000000000000e+00
2.050000000000000000e+02 1.575791448097564285e+02 0.000000000000000000e+00 0.000000000000000000e+00
2.060000000000000000e+02 1.593479273615249951e+02 0.000000000000000000e+00 0.000000000000000000e+00
2.070000000000000000e+02 1.578766223242249396e+02 2.000000000000000000e+00 0.000000000000000000e+00
2.080000000000000000e+02 1.569015098593408197e+02 2.000000000000000000e+00 0.000000000000000000e+00
2.090000000000000000e+02 1.558207588315353007e+02 2.000000000000000000e+00 0.000000000000000000e+00
2.100000000000000000e+02 1.577424278589376740e+02 0.000000000000000000e+00 0.000000000000000000e+00
2.110000000000000000e+02 1.578509794555274084e+02 0.000000000000000000e+00 0.000000000000000000e+00
2.120000000000000000e+02 1.591751024611802450e+02 0.000000000000000000e+00 0.000000000000000000e+00
2.130000000000000000e+02 1.595962439683513878e+02 0.000000000000000000e+00 0.000000000000000000e+00
2.140000000000000000e+02 1.608719772505077970e+02 0.000000000000000000e+00 0.000000000000000000e+00
2.150000000000000000e+02 1.625717579574559011e+02 0.000000000000000000e+00 0.000000000000000000e+00
2.160000000000000000e+02 1.616457468414355105e+02 2.000000000000000000e+00 0.000000000000000000e+00
2.170000000000000000e+02 1.605012279215538626e+02 2.000000000000000000e+00 0.000000000000000000e+00
2.180000000000000000e+02 1.614560732192175010e+02 0.000000000000000000e+00 0.000000000000000000e+00
2.190000000000000000e+02 1.615969981035233616e+02 0.000000000000000000e+00 0.000000000000000000e+00
2.200000000000000000e+02 1.615726361995122886e+02 1.000000000000000000e+00 0.000000000000000000e+00
2.210000000000000000e+02 1.632959638740571506e+02 0.000000000000000000e+00 0.000000000000000000e+00
2.220000000000000000e+02 1.638507019500978004e+02 0.000000000000000000e+00 0.000000000000000000e+00
2.230000000000000000e+02 1.650692976955429856e+02 0.000000000000000000e+00 0.000000000000000000e+00
2.240000000000000000e+02 1.652333343578648339e+02 0.000000000000000000e+00 0.000000000000000000e+00
2.250000000000000000e+02 1.668939521287813363e+02 0.000000000000000000e+00 0.000000000000000000e+00
2.260000000000000000e+02 1.690093361653832176e+02 0.000000000000000000e+00 0.000000000000000000e+00
2.270000000000000000e+02 1.693181322797871076e+02 0.000000000000000000e+00 0.000000000000000000e+00
2.280000000000000000e+02 1.700414027017947092e+02 0.000000000000000000e+00 0.000000000000000000e+00
2.290000000000000000e+02 1.712121492439437134e+02 0.000000000000000000e+00 0.000000000000000000e+00
2.300000000000000000e+02 1.724695824210029969e+02 0.000000000000000000e+00 0.000000000000000000e+00
2.310000000000000000e+02 1.708883291743138955e+02 2.000000000000000000e+00 0.000000000000000000e+00
2.320000000000000000e+02 1.716670173507223467e+02 0.000000000000000000e+00 0.000000000000000000e+00
2.330000000000000000e+02 1.728344258303963557e+02 0.000000000000000000e+00 0.000000000000000000e+00
2.340000000000000000e+02 1.718471903775595422e+02 2.000000000000000000e+00 0.000000000000000000e+00
2.350000000000000000e+02 1.729045586519117705e+02 0.000000000000000000e+00 0.000000000000000000e+00
2.360000000000000000e+02 1.740119476383615336e+02 0.000000000000000000e+00 0.000000000000000000e+00
2.370000000000000000e+02 1.752892477041639268e+02 0.000000000000000000e+00 0.000000000000000000e+00
2.380000000000000000e+02 1.764729922093591199e+02 0.000000000000000000e+00 0.000000000000000000e+00
2.390000000000000000e+02 1.768546953019555303e+02 0.000000000000000000e+00 0.000000000000000000e+00
2.400000000000000000e+02 1.778760863186010681e+02 0.000000000000000000e+00 0.000000000000000000e+00
2.410000000000000000e+02 1.792164152578991434e+02 0.000000000000000000e+00 0.000000000000000000e+00
2.420000000000000000e+02 1.793440621201795295e+02 0.000000000000000000e+00 0.000000000000000000e+00
2.430000000000000000e+02 1.815594576394619253e+02 0.000000000000000000e+00 0.000000000000000000e+00
2.440000000000000000e+02 1.818383522052492367e+02 0.000000000000000000e+00 0.000000000000000000e+00
2.450000000000000000e+02 1.835419295136976530e+02 0.000000000000000000e+00 0.000000000000000000e+00
2.460000000000000000e+02 1.819114891655810879e+02 2.000000000000000000e+00 0.000000000000000000e+00
2.470000000000000000e+02 1.823684975020887009e+02 0.000000000000000000e+00 0.000000000000000000e+00
2.480000000000000000e+02 1.829929722554623481e+02 0.000000000000000000e+00 0.000000000000000000e+00
2.490000000000000000e+02 1.841829030408912899e+02 0.000000000000000000e+00 0.000000000000000000e+00
2.500000000000000000e+02 1.854211869777716117e+02 0.000000000000000000e+00 0.000000000000000000e+00
2.510000000000000000e+02 1.867714059860998645e+02 0.000000000000000000e+00 0.000000000000000000e+00
2.520000000000000000e+02 1.882464084197871159e+02 0.000000000000000000e+00 0.000000000000000000e+00
2.530000000000000000e+02 1.891381952340053374e+02 0.000000000000000000e+00 0.000000000000000000e+00
2.540000000000000000e+02 1.893903744274547591e+02 0.000000000000000000e+00 0.000000000000000000e+00
2.550000000000000000e+02 1.909823154602983379e+02 0.000000000000000000e+00 0.000000000000000000e+00
2.560000000000000000e+02 1.919462281712472986e+02 0.000000000000000000e+00 0.000000000000000000e+00
2.570000000000000000e+02 1.934624343929096710e+02 0.000000000000000000e+00 0.000000000000000000e+00
2.580000000000000000e+02 1.947213676821108095e+02 0.000000000000000000e+00 0.000000000000000000e+00
2.590000000000000000e+02 1.952669813390415356e+02 0.000000000000000000e+00 0.000000000000000000e+00
2.600000000000000000e+02 1.954588950715994713e+02 0.000000000000000000e+00 0.000000000000000000e+00
2.610000000000000000e+02 1.972760508402434425e+02 0.000000000000000000e+00 0.000000000000000000e+00
2.620000000000000000e+02 1.976522579121409251e+02 0.000000000000000000e+00 0.000000000000000000e+00
2.630000000000000000e+02 1.995775802356610029e+02 0.000000000000000000e+00 0.000000000000000000e+00
2.640000000000000000e+02 1.999566857615505739e+02 0.000000000000000000e+00 0.000000000000000000e+00
2.650000000000000000e+02 2.021800545776680735e+02 0.000000000000000000e+00 0.000000000000000000e+00
2.660000000000000000e+02 2.015720558578143198e+02 0.000000000000000000e+00 0.000000000000000000e+00
2.670000000000000000e+02 2.030623551891596605e+02 0.000000000000000000e+00 0.000000000000000000e+00
2.680000000000000000e+02 2.048110905334725942e+02 0.000000000000000000e+00 0.000000000000000000e+00
2.690000000000000000e+02 2.046307416383633040e+02 0.000000000000000000e+00 0.000000000000000000e+00
2.700000000000000000e+02 2.067765003169442650e+02 0.000000000000000000e+00 0.000000000000000000e+00
2.710000000000000000e+02 2.064269804160528281e+02 0.000000000000000000e+00 0.000000000000000000e+00
2.720000000000000000e+02 2.080836649635759272e+02 0.000000000000000000e+00 0.000000000000000000e+00
2.730000000000000000e+02 2.096595801607494138e+02 0.000000000000000000e+00 0.000000000000000000e+00
2.740000000000000000e+02 2.104535365819403694e+02 0.000000000000000000e+00 0.000000000000000000e+00
2.750000000000000000e+02 2.103623089898595140e+02 0.000000000000000000e+00 0.000000000000000000e+00
2.760000000000000000e+02 2.127037403841360685e+02 0.000000000000000000e+00 0.000000000000000000e+00
2.770000000000000000e+02 2.128026967476660332e+02 0.000000000000000000e+00 0.000000000000000000e+00
2.780000000000000000e+02 2.137702370718478733e+02 0.000000000000000000e+00 0.000000000000000000e+00
2.790000000000000000e+02 2.153613489599184163e+02 0.000000000000000000e+00 0.000000000000000000e+00
2.800000000000000000e+02 2.167146995813347417e+02 0.000000000000000000e+00 0.000000000000000000e+00
2.810000000000000000e+02 2.173191449122805921e+02 0.000000000000000000e+00 0.000000000000000000e+00
2.820000000000000000e+02 2.180700599765355889e+02 0.000000000000000000e+00 0.000000000000000000e+00
2.830000000000000000e+02 2.183743570507412244e+02 0.000000000000000000e+00 0.000000000000000000e+00
2.840000000000000000e+02 2.199190233176038305e+02 0.000000000000000000e+00 0.000000000000000000e+00
2.850000000000000000e+02 2.212369693267824005e+02 0.000000000000000000e+00 0.000000000000000000e+00
2.860000000000000000e+02 2.223456459340027891e+02 0.000000000000000000e+00 0.000000000000000000e+00
2.870000000000000000e+02 2.231512929891428314e+02 0.000000000000000000e+00 0.000000000000000000e+00
2.880000000000000000e+02 2.246623047492499836e+02 0.000000000000000000e+00 0.000000000000000000e+00
2.890000000000000000e+02 2.245828830518389339e+02 0.000000000000000000e+00 0.000000000000000000e+00
2.900000000000000000e+02 2.259687968723994231e+02 0.000000000000000000e+00 0.000000000000000000e+00
2.910000000000000000e+02 2.265199877376791449e+02 0.000000000000000000e+00 0.000000000000000000e+00
2.920000000000000000e+02 2.280264355594148640e+02 0.000000000000000000e+00 0.000000000000000000e+00
2.930000000000000000e+02 2.281397038375812656e+02 0.000000000000000000e+00 0.000000000000000000e+00
2.940000000000000000e+02 2.300536421898209198e+02 0.000000000000000000e+00 0.000000000000000000e+00
2.950000000000000000e+02 2.306243660443400358e+02 0.000000000000000000e+00 0.000000000000000000e+00
2.960000000000000000e+02 2.325266382048955336e+02 0.000000000000000000e+00 0.000000000000000000e+00
2.970000000000000000e+02 2.325655364593379488e+02 0.000000000000000000e+00 0.000000000000000000e+00
2.980000000000000000e+02 2.324333388581305258e+02 1.000000000000000000e+00 0.000000000000000000e+00
2.990000000000000000e+02 2.343083312653897679e+02 0.000000000000000000e+00 0.000000000000000000e+00
3.000000000000000000e+02 2.355935927781104340e+02 0.000000000000000000e+00 0.000000000000000000e+00
3.010000000000000000e+02 2.356677919595956894e+02 0.000000000000000000e+00 0.000000000000000000e+00
3.020000000000000000e+02 2.366416763166534452e+02 0.000000000000000000e+00 0.000000000000000000e+00
3.030000000000000000e+02 2.378003946274064333e+02 0.000000000000000000e+00 0.000000000000000000e+00
3.040000000000000000e+02 2.387599753852930746e+02 0.000000000000000000e+00 0.000000000000000000e+00
3.050000000000000000e+02 2.400546404558718905e+02 0.000000000000000000e+00 0.000000000000000000e+00
3.060000000000000000e+02 2.402930066426201279e+02 0.000000000000000000e+00 0.000000000000000000e+00
3.070000000000000000e+02 2.420649427125883903e+02 0.000000000000000000e+00 0.000000000000000000e+00
3.080000000000000000e+02 2.424233732451747301e+02 0.000000000000000000e+00 0.000000000000000000e+00
3.090000000000000000e+02 2.438311341793850602e+02 0.000000000000000000e+00 0.000000000000000000e+00
3.100000000000000000e+02 2.454689203056828148e+02 0.000000000000000000e+00 0.000000000000000000e+00
3.110000000000000000e+02 2.459719597615301154e+02 0.000000000000000000e+00 0.000000000000000000e+00
3.120000000000000000e+02 2.466619563399281105e+02 0.000000000000000000e+00 0.000000000000000000e+00
3.130000000000000000e+02 2.473687304604023041e+02 0.000000000000000000e+00 0.000000000000000000e+00
3.140000000000000000e+02 2.494226290622010254e+02 0.000000000000000000e+00 0.000000000000000000e+00
3.150000000000000000e+02 2.506217702828026574e+02 0.000000000000000000e+00 0.000000000000000000e+00
3.160000000000000000e+02 2.505996953163683543e+02 0.000000000000000000e+00 0.000000000000000000e+00
3.170000000000000000e+02 2.498936805696283159e+02 2.000000000000000000e+00 0.000000000000000000e+00
3.180000000000000000e+02 2.509797696946482120e+02 0.000000000000000000e+00 0.000000000000000000e+00
3.190000000000000000e+02 2.527418236395216695e+02 0.000000000000000000e+00 0.000000000000000000e+00
3.200000000000000000e+02 2.536159895465600869e+02 0.000000000000000000e+00 0.000000000000000000e+00
3.210000000000000000e+02 2.541940385016726225e+02 0.000000000000000000e+00 0.000000000000000000e+00
3.220000000000000000e+02 2.544622553484468312e+02 0.000000000000000000e+00 0.000000000000000000e+00
3.230000000000000000e+02 2.562422715918679046e+02 0.000000000000000000e+00 0.000000000000000000e+00
3.240000000000000000e+02 2.562076610677457893e+02 0.000000000000000000e+00 0.000000000000000000e+00
3.250000000000000000e+02 2.586709350639672493e+02 0.000000000000000000e+00 0.000000000000000000e+00
3.260000000000000000e+02 2.593820161678440286e+02 0.000000000000000000e+00 0.000000000000000000e+00
3.270000000000000000e+02 2.598342956253273996e+02 0.000000000000000000e+00 0.000000000000000000e+00
3.280000000000000000e+02 2.619810138045702956e+02 0.000000000000000000e+00 0.000000000000000000e+00
3.290000000000000000e+02 2.617082721601502158e+02 0.000000000000000000e+00 0.000000000000000000e+00
3.300000000000000000e+02 2.634859320571316630e+02 0.000000000000000000e+00 0.000000000000000000e+00
3.310000000000000000e+02 2.644587587264792887e+02 0.000000000000000000e+00 0.000000000000000000e+00
3.320000000000000000e+02 2.655774942980920628e+02 0.000000000000000000e+00 0.000000000000000000e+00
3.330000000000000000e+02 2.661427952089653672e+02 0.000000000000000000e+00 0.000000000000000000e+00
3.340000000000000000e+02 2.671268632453445093e+02 0.000000000000000000e+00 0.000000000000000000e+00
3.350000000000000000e+02 2.685146791194445655e+02 0.000000000000000000e+00 0.000000000000000000e+00
3.360000000000000000e+02 2.673679255112504620e+02 1.000000000000000000e+00 0.000000000000000000e+00
3.370000000000000000e+02 2.680983563664809708e+02 2.000000000000000000e+00 0.000000000000000000e+00
3.380000000000000000e+02 2.689828600387872370e+02 0.000000000000000000e+00 0.000000000000000000e+00
3.390000000000000000e+02 2.688572262902832222e+02 0.000000000000000000e+00 0.000000000000000000e+00
3.400000000000000000e+02 2.694824274424647115e+02 0.000000000000000000e+00 0.000000000000000000e+00
3.410000000000000000e+02 2.715958209056279884e+02 0.000000000000000000e+00 0.000000000000000000e+00
3.420000000000000000e+02 2.719145241407607614e+02 0.000000000000000000e+00 0.000000000000000000e+00
3.430000000000000000e+02 2.728114714027159380e+02 0.000000000000000000e+00 0.000000000000000000e+00
3.440000000000000000e+02 2.733368200619210597e+02 0.000000000000000000e+00 0.000000000000000000e+00
3.450000000000000000e+02 2.731102743311014365e+02 1.000000000000000000e+00 0.000000000000000000e+00
3.460000000000000000e+02 2.740585897419296657e+02 1.000000000000000000e+00 0.000000000000000000e+00
3.470000000000000000e+02 2.748746071764427370e+02 0.000000000000000000e+00 0.000000000000000000e+00
3.480000000000000000e+02 2.754869448824435381e+02 0.000000000000000000e+00 0.000000000000000000e+00
3.490000000000000000e+02 2.770502425286190373e+02 0.000000000000000000e+00 0.000000000000000000e+00
3.500000000000000000e+02 2.782175043072434732e+02 0.000000000000000000e+00 0.000000000000000000e+00
3.510000000000000000e+02 2.788160424717439128e+02 0.000000000000000000e+00 0.000000000000000000e+00
3.520000000000000000e+02 2.797707885783985944e+02 0.000000000000000000e+00 0.000000000000000000e+00
3.530000000000000000e+02 2.812352228451213136e+02 0.000000000000000000e+00 0.000000000000000000e+00
3.540000000000000000e+02 2.819076944208269424e+02 0.000000000000000000e+00 0.000000000000000000e+00
3.550000000000000000e+02 2.834404688545899944e+02 0.000000000000000000e+00 0.000000000000000000e+00
3.560000000000000000e+02 2.838680663665651309e+02 0.000000000000000000e+00 0.000000000000000000e+00
3.570000000000000000e+02 2.860100600157521740e+02 0.000000000000000000e+00 0.000000000000000000e+00
3.580000000000000000e+02 2.861370522177919042e+02 0.000000000000000000e+00 0.000000000000000000e+00
3.590000000000000000e+02 2.872411060611819948e+02 0.000000000000000000e+00 0.000000000000000000e+00
3.600000000000000000e+02 2.857994603731406187e+02 2.000000000000000000e+00 0.000000000000000000e+00
3.610000000000000000e+02 2.853090153604532588e+02 2.000000000000000000e+00 0.000000000000000000e+00
3.620000000000000000e+02 2.861694626400887387e+02 0.000000000000000000e+00 0.000000000000000000e+00
3.630000000000000000e+02 2.862305331302442255e+02 1.000000000000000000e+00 0.000000000000000000e+00
3.640000000000000000e+02 2.877183408500405335e+02 0.000000000000000000e+00 0.000000000000000000e+00
3.650000000000000000e+02 2.877016905342376845e+02 0.000000000000000000e+00 0.000000000000000000e+00
3.660000000000000000e+02 2.890438737656355670e+02 0.000000000000000000e+00 0.000000000000000000e+00
3.670000000000000000e+02 2.907297327634711905e+02 0.000000000000000000e+00 0.000000000000000000e+00
3.680000000000000000e+02 2.902565870589571091e+02 0.000000000000000000e+00 0.000000000000000000e+00
3.690000000000000000e+02 2.899385570227469771e+02 2.000000000000000000e+00 0.000000000000000000e+00
3.700000000000000000e+02 2.892777215504801234e+02 1.000000000000000000e+00 0.000000000000000000e+00
3.710000000000000000e+02 2.891534750839955450e+02 2.000000000000000000e+00 0.000000000000000000e+00
3.720000000000000000e+02 2.879681445123415529e+02 2.000000000000000000e+00 0.000000000000000000e+00
3.730000000000000000e+02 2.874335094348687676e+02 2.000000000000000000e+00 0.000000000000000000e+00
3.740000000000000000e+02 2.884370070636790047e+02 0.000000000000000000e+00 0.000000000000000000e+00
3.750000000000000000e+02 2.906982510244264404e+02 0.000000000000000000e+00 0.000000000000000000e+00
3.760000000000000000e+02 2.902960020764808178e+02 0.000000000000000000e+00 0.000000000000000000e+00
3.770000000000000000e+02 2.894560661560388439e+02 1.000000000000000000e+00 0.000000000000000000e+00
3.780000000000000000e+02 2.924477905667508821e+02 0.000000000000000000e+00 0.000000000000000000e+00
3.790000000000000000e+02 2.925512610475984729e+02 0.000000000000000000e+00 0.000000000000000000e+00
3.800000000000000000e+02 2.925767538018652090e+02 0.000000000000000000e+00 0.000000000000000000e+00
3.810000000000000000e+02 2.938467241184559953e+02 0.000000000000000000e+00 0.000000000000000000e+00
3.820000000000000000e+02 2.952196701706481576e+02 0.000000000000000000e+00 0.000000000000000000e+00
3.830000000000000000e+02 2.954943003269661403e+02 0.000000000000000000e+00 0.000000000000000000e+00
3.840000000000000000e+02 2.974504498228146758e+02 0.000000000000000000e+00 0.000000000000000000e+00
3.850000000000000000e+02 2.983911546142621205e+02 0.000000000000000000e+00 0.000000000000000000e+00
3.860000000000000000e+02 3.002879957846410548e+02 0.000000000000000000e+00 0.000000000000000000e+00
3.870000000000000000e+02 2.996559764922075146e+02 0.000000000000000000e+00 0.000000000000000000e+00
3.880000000000000000e+02 2.997252216449581397e+02 0.000000000000000000e+00 0.000000000000000000e+00
3.890000000000000000e+02 3.019325042449451644e+02 0.000000000000000000e+00 0.000000000000000000e+00
3.900000000000000000e+02 3.020998817550525359e+02 0.000000000000000000e+00 0.000000000000000000e+00
3.910000000000000000e+02 3.037361962937559383e+02 0.000000000000000000e+00 0.000000000000000000e+00
3.920000000000000000e+02 3.054144684652601995e+02 0.000000000000000000e+00 0.000000000000000000e+00
3.930000000000000000e+02 3.058598783018787231e+02 0.000000000000000000e+00 0.000000000000000000e+00
3.940000000000000000e+02 3.071005098059703755e+02 0.000000000000000000e+00 0.000000000000000000e+00
3.950000000000000000e+02 3.079070897456008424e+02 0.000000000000000000e+00 0.000000000000000000e+00
3.960000000000000000e+02 3.092676597031820052e+02 0.000000000000000000e+00 0.000000000000000000e+00
3.970000000000000000e+02 3.104170200625848679e+02 0.000000000000000000e+00 0.000000000000000000e+00
3.980000000000000000e+02 3.122089573445123847e+02 0.000000000000000000e+00 0.000000000000000000e+00
3.990000000000000000e+02 3.126193633252328254e+02 0.000000000000000000e+00 0.000000000000000000e+00
4.000000000000000000e+02 3.127587958845693379e+02 0.000000000000000000e+00 0.000000000000000000e+00
4.010000000000000000e+02 3.142927164167905971e+02 0.000000000000000000e+00 0.000000000000000000e+00
4.020000000000000000e+02 3.144442163108935233e+02 0.000000000000000000e+00 0.000000000000000000e+00
4.030000000000000000e+02 3.152675497358752637e+02 0.000000000000000000e+00 0.000000000000000000e+00
4.040000000000000000e+02 3.172554202775037879e+02 0.000000000000000000e+00 0.000000000000000000e+00
4.050000000000000000e+02 3.185703765630088355e+02 0.000000000000000000e+00 0.000000000000000000e+00
4.060000000000000000e+02 3.186958034821856245e+02 0.000000000000000000e+00 0.000000000000000000e+00
4.070000000000000000e+02 3.202931325160444658e+02 0.000000000000000000e+00 0.000000000000000000e+00
4.080000000000000000e+02 3.200709500332943094e+02 2.000000000000000000e+00 0.000000000000000000e+00
4.090000000000000000e+02 3.201151661606068046e+02 0.000000000000000000e+00 0.000000000000000000e+00
4.100000000000000000e+02 3.208416816395231308e+02 0.000000000000000000e+00 0.000000000000000000e+00
4.110000000000000000e+02 3.207079365971395646e+02 1.000000000000000000e+00 0.000000000000000000e+00
4.120000000000000000e+02 3.220408905835197402e+02 0.000000000000000000e+00 0.000000000000000000e+00
4.130000000000000000e+02 3.230553328269887743e+02 0.000000000000000000e+00 0.000000000000000000e+00
4.140000000000000000e+02 3.228292660787325872e+02 0.000000000000000000e+00 0.000000000000000000e+00
4.150000000000000000e+02 3.241565417407480822e+02 1.000000000000000000e+00 0.000000000000000000e+00
4.160000000000000000e+02 3.252501452612515322e+02 0.000000000000000000e+00 0.000000000000000000e+00
4.170000000000000000e+02 3.250989771013463496e+02 0.000000000000000000e+00 0.000000000000000000e+00
4.180000000000000000e+02 3.267036472010244665e+02 0.000000000000000000e+00 0.000000000000000000e+00
4.190000000000000000e+02 3.278115234597582344e+02 0.000000000000000000e+00 0.000000000000000000e+00
4.200000000000000000e+02 3.294735481092463942e+02 0.000000000000000000e+00 0.000000000000000000e+00
4.210000000000000000e+02 3.297936768899950835e+02 0.000000000000000000e+00 0.000000000000000000e+00
4.220000000000000000e+02 3.301785646707559181e+02 0.000000000000000000e+00 0.000000000000000000e+00
4.230000000000000000e+02 3.303391914008544745e+02 2.000000000000000000e+00 0.000000000000000000e+00
4.240000000000000000e+02 3.303481095077636951e+02 1.000000000000000000e+00 0.000000000000000000e+00
4.250000000000000000e+02 3.311631629243715338e+02 0.000000000000000000e+00 0.000000000000000000e+00
4.260000000000000000e+02 3.330828834912775278e+02 0.000000000000000000e+00 0.000000000000000000e+00
4.270000000000000000e+02 3.330486985737551322e+02 0.000000000000000000e+00 0.000000000000000000e+00
4.280000000000000000e+02 3.347807212762057247e+02 0.000000000000000000e+00 0.000000000000000000e+00
4.290000000000000000e+02 3.351685663527272823e+02 0.000000000000000000e+00 0.000000000000000000e+00
4.300000000000000000e+02 3.363302196714279262e+02 0.000000000000000000e+00 0.000000000000000000e+00
4.310000000000000000e+02 3.369471330130279512e+02 0.000000000000000000e+00 0.000000000000000000e+00
4.320000000000000000e+02 3.375262322516393283e+02 0.000000000000000000e+00 0.000000000000000000e+00
4.330000000000000000e+02 3.387849165048671125e+02 0.000000000000000000e+00 0.000000000000000000e+00
4.340000000000000000e+02 3.398365288971758105e+02 0.000000000000000000e+00 0.000000000000000000e+00
4.350000000000000000e+02 3.409679836501629211e+02 0.000000000000000000e+00 0.000000000000000000e+00
4.360000000000000000e+02 3.412795911063040535e+02 0.000000000000000000e+00 0.000000000000000000e+00
4.370000000000000000e+02 3.432236479110320033e+02 0.000000000000000000e+00 0.000000000000000000e+00
4.380000000000000000e+02 3.440392140709035971e+02 0.000000000000000000e+00 0.000000000000000000e+00
4.390000000000000000e+02 3.457861060428199380e+02 0.000000000000000000e+00 0.000000000000000000e+00
4.400000000000000000e+02 3.462061611162945951e+02 0.000000000000000000e+00 0.000000000000000000e+00
4.410000000000000000e+02 3.469193315032424607e+02 0.000000000000000000e+00 0.000000000000000000e+00
4.420000000000000000e+02 3.483479461529987589e+02 0.000000000000000000e+00 0.000000000000000000e+00
4.430000000000000000e+02 3.488492704966633937e+02 0.000000000000000000e+00 0.000000000000000000e+00
4.440000000000000000e+02 3.498362344621288003e+02 0.000000000000000000e+00 0.000000000000000000e+00
4.450000000000000000e+02 3.508498077032057267e+02 0.000000000000000000e+00 0.000000000000000000e+00
4.460000000000000000e+02 3.516649501155619646e+02 0.000000000000000000e+00 0.000000000000000000e+00
4.470000000000000000e+02 3.525598149430103376e+02 0.000000000000000000e+00 0.000000000000000000e+00
4.480000000000000000e+02 3.538956119775211278e+02 0.000000000000000000e+00 0.000000000000000000e+00
4.490000000000000000e+02 3.551632470458896478e+02 0.000000000000000000e+00 0.000000000000000000e+00
4.500000000000000000e+02 3.565847232731396161e+02 0.000000000000000000e+00 0.000000000000000000e+00
4.510000000000000000e+02 3.576431409678390310e+02 0.000000000000000000e+00 0.000000000000000000e+00
4.520000000000000000e+02 3.582150728705830716e+02 0.000000000000000000e+00 0.000000000000000000e+00
4.530000000000000000e+02 3.583991472858952534e+02 0.000000000000000000e+00 0.000000000000000000e+00
4.540000000000000000e+02 3.601535301819099573e+02 0.000000000000000000e+00 0.000000000000000000e+00
4.550000000000000000e+02 3.617283252920637437e+02 0.000000000000000000e+00 0.000000000000000000e+00
4.560000000000000000e+02 3.622140432482359529e+02 0.000000000000000000e+00 0.000000000000000000e+00
4.570000000000000000e+02 3.634225298229034706e+02 0.000000000000000000e+00 0.000000000000000000e+00
4.580000000000000000e+02 3.649531947529824834e+02 0.000000000000000000e+00 0.000000000000000000e+00
4.590000000000000000e+02 3.647384425727023540e+02 0.000000000000000000e+00 0.000000000000000000e+00
4.600000000000000000e+02 3.663349714452029957e+02 0.000000000000000000e+00 0.000000000000000000e+00
4.610000000000000000e+02 3.678806017334831040e+02 0.000000000000000000e+00 0.000000000000000000e+00
4.620000000000000000e+02 3.675437620813183912e+02 0.000000000000000000e+00 0.000000000000000000e+00
4.630000000000000000e+02 3.697501220717908268e+02 0.000000000000000000e+00 0.000000000000000000e+00
4.640000000000000000e+02 3.707503640848439090e+02 0.000000000000000000e+00 0.000000000000000000e+00
4.650000000000000000e+02 3.712177811355256267e+02 0.000000000000000000e+00 0.000000000000000000e+00
4.660000000000000000e+02 3.723970889744797432e+02 0.000000000000000000e+00 0.000000000000000000e+00
4.670000000000000000e+02 3.727744026177984438e+02 0.000000000000000000e+00 0.000000000000000000e+00
4.680000000000000000e+02 3.727089701425721273e+02 1.000000000000000000e+00 0.000000000000000000e+00
4.690000000000000000e+02 3.738745494265353955e+02 0.000000000000000000e+00 0.000000000000000000e+00
4.700000000000000000e+02 3.752706547503617571e+02 0.000000000000000000e+00 0.000000000000000000e+00
4.710000000000000000e+02 3.753489577208693504e+02 0.000000000000000000e+00 0.000000000000000000e+00
4.720000000000000000e+02 3.765627665533418735e+02 0.000000000000000000e+00 0.000000000000000000e+00
4.730000000000000000e+02 3.782598595745641887e+02 0.000000000000000000e+00 0.000000000000000000e+00
4.740000000000000000e+02 3.791048609485103498e+02 0.000000000000000000e+00 0.000000000000000000e+00
4.750000000000000000e+02 3.800901808405531028e+02 0.000000000000000000e+00 0.000000000000000000e+00
4.760000000000000000e+02 3.801768785369539501e+02 0.000000000000000000e+00 0.000000000000000000e+00
4.770000000000000000e+02 3.820421148414433219e+02 0.000000000000000000e+00 0.000000000000000000e+00
4.780000000000000000e+02 3.822266250718605534e+02 0.000000000000000000e+00 0.000000000000000000e+00
4.790000000000000000e+02 3.845837061170858533e+02 0.000000000000000000e+00 0.000000000000000000e+00
4.800000000000000000e+02 3.852126498807497228e+02 0.000000000000000000e+00 0.000000000000000000e+00
4.810000000000000000e+02 3.860159062399808363e+02 0.000000000000000000e+00 0.000000000000000000e+00
4.820000000000000000e+02 3.869535508991521624e+02 0.000000000000000000e+00 0.000000000000000000e+00
4.830000000000000000e+02 3.876374890806713438e+02 0.000000000000000000e+00 0.000000000000000000e+00
4.840000000000000000e+02 3.894895790559568240e+02 0.000000000000000000e+00 0.000000000000000000e+00
4.850000000000000000e+02 3.901660000924381393e+02 0.000000000000000000e+00 0.000000000000000000e+00
4.860000000000000000e+02 3.898961687625355239e+02 1.000000000000000000e+00 0.000000000000000000e+00
4.870000000000000000e+02 3.907109119286424175e+02 0.000000000000000000e+00 0.000000000000000000e+00
4.880000000000000000e+02 3.927020315071507639e+02 0.000000000000000000e+00 0.000000000000000000e+00
4.890000000000000000e+02 3.926778448550049347e+02 0.000000000000000000e+00 0.000000000000000000e+00
4.900000000000000000e+02 3.937871468225400804e+02 0.000000000000000000e+00 0.000000000000000000e+00
4.910000000000000000e+02 3.945679496628143852e+02 0.000000000000000000e+00 0.000000000000000000e+00
4.920000000000000000e+02 3.964892076526500659e+02 0.000000000000000000e+00 0.000000000000000000e+00
4.930000000000000000e+02 3.970186274259249899e+02 0.000000000000000000e+00 0.000000000000000000e+00
4.940000000000000000e+02 3.976035347438565282e+02 0.000000000000000000e+00 0.000000000000000000e+00
4.950000000000000000e+02 3.984849578034772435e+02 0.000000000000000000e+00 0.000000000000000000e+00
4.960000000000000000e+02 3.994010374319977359e+02 0.000000000000000000e+00 0.000000000000000000e+00
4.970000000000000000e+02 4.005913206018618098e+02 0.000000000000000000e+00 0.000000000000000000e+00
4.980000000000000000e+02 4.024585262273922694e+02 0.000000000000000000e+00 0.000000000000000000e+00
4.990000000000000000e+02 4.035999552351573243e+02 0.000000000000000000e+00 0.000000000000000000e+00
5.000000000000000000e+02 4.040344042020105348e+02 0.000000000000000000e+00 0.000000000000000000e+00
5.010000000000000000e+02 4.049786044678181725e+02 0.000000000000000000e+00 0.000000000000000000e+00
5.020000000000000000e+02 4.055553709912467752e+02 0.000000000000000000e+00 0.000000000000000000e+00
5.030000000000000000e+02 4.067304600109345074e+02 0.000000000000000000e+00 0.000000000000000000e+00
5.040000000000000000e+02 4.076119543317759053e+02 0.000000000000000000e+00 0.000000000000000000e+00
5.050000000000000000e+02 4.089262527321620269e+02 0.000000000000000000e+00 0.000000000000000000e+00
5.060000000000000000e+02 4.105243170734955811e+02 0.000000000000000000e+00 0.000000000000000000e+00
5.070000000000000000e+02 4.094691596562979043e+02 1.000000000000000000e+00 0.000000000000000000e+00
5.080000000000000000e+02 4.095606510274944299e+02 1.000000000000000000e+00 0.000000000000000000e+00
5.090000000000000000e+02 4.093911402294717732e+02 1.000000000000000000e+00 0.000000000000000000e+00
5.100000000000000000e+02 4.107634772978672117e+02 0.000000000000000000e+00 0.000000000000000000e+00
5.110000000000000000e+02 4.121098033022258278e+02 0.000000000000000000e+00 0.000000000000000000e+00
5.120000000000000000e+02 4.125179571039899429e+02 0.000000000000000000e+00 0.000000000000000000e+00
5.130000000000000000e+02 4.141591328102796865e+02 0.000000000000000000e+00 0.000000000000000000e+00
5.140000000000000000e+02 4.152839925343559457e+02 0.000000000000000000e+00 0.000000000000000000e+00
5.150000000000000000e+02 4.160824925374942040e+02 0.000000000000000000e+00 0.000000000000000000e+00
5.160000000000000000e+02 4.157831949712297046e+02 1.000000000000000000e+00 0.000000000000000000e+00
5.170000000000000000e+02 4.174500643250683538e+02 0.000000000000000000e+00 0.000000000000000000e+00
5.180000000000000000e+02 4.178180570596076109e+02 0.000000000000000000e+00 0.000000000000000000e+00
5.190000000000000000e+02 4.185331125714311611e+02 0.000000000000000000e+00 0.000000000000000000e+00
5.200000000000000000e+02 4.203919397699076512e+02 0.000000000000000000e+00 0.000000000000000000e+00
5.210000000000000000e+02 4.209145081092297005e+02 0.000000000000000000e+00 0.000000000000000000e+00
5.220000000000000000e+02 4.216917733992370358e+02 0.000000000000000000e+00 0.000000000000000000e+00
5.230000000000000000e+02 4.235314171479780612e+02 0.000000000000000000e+00 0.000000000000000000e+00
5.240000000000000000e+02 4.232669324381337219e+02 0.000000000000000000e+00 0.000000000000000000e+00
5.250000000000000000e+02 4.241717473090110957e+02 0.000000000000000000e+00 0.000000000000000000e+00
5.260000000000000000e+02 4.266673033647259103e+02 0.000000000000000000e+00 0.000000000000000000e+00
5.270000000000000000e+02 4.265817330370343825e+02 0.000000000000000000e+00 0.000000000000000000e+00
5.280000000000000000e+02 4.273709554343441823e+02 0.000000000000000000e+00 0.000000000000000000e+00
5.290000000000000000e+02 4.294196685735180949e+02 0.000000000000000000e+00 0.000000000000000000e+00
5.300000000000000000e+02 4.299016497617708410e+02 0.000000000000000000e+00 0.000000000000000000e+00
5.310000000000000000e+02 4.312514586860173154e+02 0.000000000000000000e+00 0.000000000000000000e+00
5.320000000000000000e+02 4.302212361636314313e+02 1.000000000000000000e+00 0.000000000000000000e+00
5.330000000000000000e+02 4.316933526880169438e+02 0.000000000000000000e+00 0.000000000000000000e+00
5.340000000000000000e+02 4.327261607308617499e+02 0.000000000000000000e+00 0.000000000000000000e+00
5.350000000000000000e+02 4.325095183844227904e+02 1.000000000000000000e+00 0.000000000000000000e+00
5.360000000000000000e+02 4.341821879318422930e+02 0.000000000000000000e+00 0.000000000000000000e+00
5.370000000000000000e+02 4.353596861906136155e+02 0.000000000000000000e+00 0.000000000000000000e+00
5.380000000000000000e+02 4.351371974968272980e+02 1.000000000000000000e+00 0.000000000000000000e+00
5.390000000000000000e+02 4.359805847406593671e+02 0.000000000000000000e+00 0.000000000000000000e+00
5.400000000000000000e+02 4.374257967521572823e+02 0.000000000000000000e+00 0.000000000000000000e+00
5.410000000000000000e+02 4.380242230539151365e+02 0.000000000000000000e+00 0.000000000000000000e+00
5.420000000000000000e+02 4.385659359552244041e+02 0.000000000000000000e+00 0.000000000000000000e+00
5.430000000000000000e+02 4.393179609843343201e+02 0.000000000000000000e+00 0.000000000000000000e+00
5.440000000000000000e+02 4.409383126011246077e+02 0.000000000000000000e+00 0.000000000000000000e+00
5.450000000000000000e+02 4.421502738947183957e+02 0.000000000000000000e+00 0.000000000000000000e+00
5.460000000000000000e+02 4.428701553626501095e+02 0.000000000000000000e+00 0.000000000000000000e+00
5.470000000000000000e+02 4.440224531043058960e+02 0.000000000000000000e+00 0.000000000000000000e+00
5.480000000000000000e+02 4.445000302524660469e+02 0.000000000000000000e+00 0.000000000000000000e+00
5.490000000000000000e+02 4.449663547004929569e+02 0.000000000000000000e+00 0.000000000000000000e+00
5.500000000000000000e+02 4.470994889265884353e+02 0.000000000000000000e+00 0.000000000000000000e+00
5.510000000000000000e+02 4.482142394702656247e+02 0.000000000000000000e+00 0.000000000000000000e+00
5.520000000000000000e+02 4.465581917966815695e+02 2.000000000000000000e+00 0.000000000000000000e+00
5.530000000000000000e+02 4.453755192271590886e+02 2.000000000000000000e+00 0.000000000000000000e+00
5.540000000000000000e+02 4.451895320253421460e+02 1.000000000000000000e+00 0.000000000000000000e+00
5.550000000000000000e+02 4.450108658055468709e+02 1.000000000000000000e+00 0.000000000000000000e+00
5.560000000000000000e+02 4.451795546495005738e+02 1.000000000000000000e+00 0.000000000000000000e+00
5.570000000000000000e+02 4.446293877624124207e+02 2.000000000000000000e+00 0.000000000000000000e+00
5.580000000000000000e+02 4.456703965482805643e+02 1.000000000000000000e+00 0.000000000000000000e+00
5.590000000000000000e+02 4.456546035422583145e+02 0.000000000000000000e+00 0.000000000000000000e+00
5.600000000000000000e+02 4.472863821094264836e+02 0.000000000000000000e+00 0.000000000000000000e+00
5.610000000000000000e+02 4.476176382062927814e+02 0.000000000000000000e+00 0.000000000000000000e+00
5.620000000000000000e+02 4.477773072658964111e+02 0.000000000000000000e+00 0.000000000000000000e+00
5.630000000000000000e+02 4.496119715753164883e+02 0.000000000000000000e+00 0.000000000000000000e+00
5.640000000000000000e+02 4.506028998108073438e+02 0.000000000000000000e+00 0.000000000000000000e+00
5.650000000000000000e+02 4.516740163179846377e+02 0.000000000000000000e+00 0.000000000000000000e+00
5.660000000000000000e+02 4.523784553201780909e+02 0.000000000000000000e+00 0.000000000000000000e+00
5.670000000000000000e+02 4.544853957302278218e+02 0.000000000000000000e+00 0.000000000000000000e+00
5.680000000000000000e+02 4.549912108539429596e+02 0.000000000000000000e+00 0.000000000000000000e+00
5.690000000000000000e+02 4.562517064285353285e+02 0.000000000000000000e+00 0.000000000000000000e+00
5.700000000000000000e+02 4.571898743419536686e+02 0.000000000000000000e+00 0.000000000000000000e+00
5.710000000000000000e+02 4.578752984605667393e+02 0.000000000000000000e+00 0.000000000000000000e+00
5.720000000000000000e+02 4.588557443723473170e+02 0.000000000000000000e+00 0.000000000000000000e+00
5.730000000000000000e+02 4.603804688445164857e+02 0.000000000000000000e+00 0.000000000000000000e+00
5.740000000000000000e+02 4.615224938965372985e+02 0.000000000000000000e+00 0.000000000000000000e+00
5.750000000000000000e+02 4.622333529144500517e+02 0.000000000000000000e+00 0.000000000000000000e+00
5.760000000000000000e+02 4.617707001517599110e+02 1.000000000000000000e+00 0.000000000000000000e+00
5.770000000000000000e+02 4.627645147558664007e+02 0.000000000000000000e+00 0.000000000000000000e+00
5.780000000000000000e+02 4.641879647893908327e+02 0.000000000000000000e+00 0.000000000000000000e+00
5.790000000000000000e+02 4.653842111592110200e+02 0.000000000000000000e+00 0.000000000000000000e+00
5.800000000000000000e+02 4.650202541402117618e+02 0.000000000000000000e+00 0.000000000000000000e+00
5.810000000000000000e+02 4.665488987577182343e+02 0.000000000000000000e+00 0.000000000000000000e+00
5.820000000000000000e+02 4.687047390770605375e+02 0.000000000000000000e+00 0.000000000000000000e+00
5.830000000000000000e+02 4.695344983320380265e+02 0.000000000000000000e+00 0.000000000000000000e+00
5.840000000000000000e+02 4.701667944017470973e+02 0.000000000000000000e+00 0.000000000000000000e+00
5.850000000000000000e+02 4.710216691625434464e+02 0.000000000000000000e+00 0.000000000000000000e+00
5.860000000000000000e+02 4.725445123033821915e+02 0.000000000000000000e+00 0.000000000000000000e+00
5.870000000000000000e+02 4.706057119061096614e+02 2.000000000000000000e+00 0.000000000000000000e+00
5.880000000000000000e+02 4.692012694863264528e+02 2.000000000000000000e+00 0.000000000000000000e+00
5.890000000000000000e+02 4.710276413746423714e+02 0.000000000000000000e+00 0.000000000000000000e+00
5.900000000000000000e+02 4.713074991721957190e+02 0.000000000000000000e+00 0.000000000000000000e+00
5.910000000000000000e+02 4.730367311232685097e+02 0.000000000000000000e+00 0.000000000000000000e+00
5.920000000000000000e+02 4.732831995724289982e+02 1.000000000000000000e+00 0.000000000000000000e+00
5.930000000000000000e+02 4.736953008730694705e+02 0.000000000000000000e+00 0.000000000000000000e+00
5.940000000000000000e+02 4.757653644920644069e+02 0.000000000000000000e+00 0.000000000000000000e+00
5.950000000000000000e+02 4.761933473767028886e+02 0.000000000000000000e+00 0.000000000000000000e+00
5.960000000000000000e+02 4.763519721889464904e+02 0.000000000000000000e+00 0.000000000000000000e+00
5.970000000000000000e+02 4.770317293255737923e+02 0.000000000000000000e+00 0.000000000000000000e+00
5.980000000000000000e+02 4.789257148656899403e+02 0.000000000000000000e+00 0.000000000000000000e+00
5.990000000000000000e+02 4.795553316225225444e+02 0.000000000000000000e+00 0.000000000000000000e+00
6.000000000000000000e+02 4.801069704950033383e+02 0.000000000000000000e+00 0.000000000000000000e+00
6.010000000000000000e+02 4.821203725049151672e+02 0.000000000000000000e+00 0.000000000000000000e+00
6.020000000000000000e+02 4.832002695896359796e+02 0.000000000000000000e+00 0.000000000000000000e+00
6.030000000000000000e+02 4.849633233206901650e+02 0.000000000000000000e+00 0.000000000000000000e+00
6.040000000000000000e+02 4.853388386113660999e+02 0.000000000000000000e+00 0.000000000000000000e+00
6.050000000000000000e+02 4.839722729365434475e+02 2.000000000000000000e+00 0.000000000000000000e+00
6.060000000000000000e+02 4.823924785023334607e+02 2.000000000000000000e+00 0.000000000000000000e+00
6.070000000000000000e+02 4.816468696157585896e+02 2.000000000000000000e+00 0.000000000000000000e+00
6.080000000000000000e+02 4.824807222919778837e+02 1.000000000000000000e+00 0.000000000000000000e+00
6.090000000000000000e+02 4.830145877057785242e+02 0.000000000000000000e+00 0.000000000000000000e+00
6.100000000000000000e+02 4.843584050035169071e+02 0.000000000000000000e+00 0.000000000000000000e+00
6.110000000000000000e+02 4.852769292470466098e+02 0.000000000000000000e+00 0.000000000000000000e+00
6.120000000000000000e+02 4.860974423376104028e+02 0.000000000000000000e+00 0.000000000000000000e+00
6.130000000000000000e+02 4.860474450622261315e+02 0.000000000000000000e+00 0.000000000000000000e+00
6.140000000000000000e+02 4.868948357402279612e+02 1.000000000000000000e+00 0.000000000000000000e+00
6.150000000000000000e+02 4.869792168954110707e+02 1.000000000000000000e+00 0.000000000000000000e+00
6.160000000000000000e+02 4.884143946916927916e+02 0.000000000000000000e+00 0.000000000000000000e+00
6.170000000000000000e+02 4.876246173451812069e+02 1.000000000000000000e+00 0.000000000000000000e+00
6.180000000000000000e+02 4.890598397952724667e+02 0.000000000000000000e+00 0.000000000000000000e+00
6.190000000000000000e+02 4.903148168113168595e+02 0.000000000000000000e+00 0.000000000000000000e+00
6.200000000000000000e+02 4.911201512618976608e+02 0.000000000000000000e+00 0.000000000000000000e+00
6.210000000000000000e+02 4.919381041364026146e+02 0.000000000000000000e+00 0.000000000000000000e+00
6.220000000000000000e+02 4.919863841037185352e+02 2.000000000000000000e+00 0.000000000000000000e+00
6.230000000000000000e+02 4.911965115279701877e+02 2.000000000000000000e+00 0.000000000000000000e+00
6.240000000000000000e+02 4.903888196162639588e+02 2.000000000000000000e+00 0.000000000000000000e+00
6.250000000000000000e+02 4.897780584108634798e+02 0.000000000000000000e+00 0.000000000000000000e+00
6.260000000000000000e+02 4.908554925181609860e+02 0.000000000000000000e+00 0.000000000000000000e+00
6.270000000000000000e+02 4.917753496289118971e+02 0.000000000000000000e+00 0.000000000000000000e+00
6.280000000000000000e+02 4.922478413166197129e+02 0.000000000000000000e+00 0.000000000000000000e+00
6.290000000000000000e+02 4.928618255764571359e+02 0.000000000000000000e+00 0.000000000000000000e+00
6.300000000000000000e+02 4.952523727834185934e+02 0.000000000000000000e+00 0.000000000000000000e+00
6.310000000000000000e+02 4.960691157726267875e+02 0.000000000000000000e+00 0.000000000000000000e+00
6.320000000000000000e+02 4.977270166483566527e+02 0.000000000000000000e+00 0.000000000000000000e+00
6.330000000000000000e+02 4.984254337638952279e+02 0.000000000000000000e+00 0.000000000000000000e+00
6.340000000000000000e+02 4.992854732679890049e+02 0.000000000000000000e+00 0.000000000000000000e+00
6.350000000000000000e+02 4.995672545727379088e+02 0.000000000000000000e+00 0.000000000000000000e+00
6.360000000000000000e+02 5.009899784136082985e+02 0.000000000000000000e+00 0.000000000000000000e+00
6.370000000000000000e+02 5.021846912863807688e+02 0.000000000000000000e+00 0.000000000000000000e+00
6.380000000000000000e+02 5.035398953983101364e+02 0.000000000000000000e+00 0.000000000000000000e+00
6.390000000000000000e+02 5.035737142433801523e+02 0.000000000000000000e+00 0.000000000000000000e+00
6.400000000000000000e+02 5.044658642217692091e+02 0.000000000000000000e+00 0.000000000000000000e+00
6.410000000000000000e+02 5.063316521057928981e+02 0.000000000000000000e+00 0.000000000000000000e+00
6.420000000000000000e+02 5.066293475386679006e+02 0.000000000000000000e+00 0.000000000000000000e+00
6.430000000000000000e+02 5.078810894846682231e+02 0.000000000000000000e+00 0.000000000000000000e+00
6.440000000000000000e+02 5.086207257746610821e+02 0.000000000000000000e+00 0.000000000000000000e+00
6.450000000000000000e+02 5.085805589728390714e+02 0.000000000000000000e+00 0.000000000000000000e+00
6.460000000000000000e+02 5.105469398212377428e+02 0.000000000000000000e+00 0.000000000000000000e+00
6.470000000000000000e+02 5.120206301534472004e+02 0.000000000000000000e+00 0.000000000000000000e+00
6.480000000000000000e+02 5.120354369801209486e+02 0.000000000000000000e+00 0.000000000000000000e+00
6.490000000000000000e+02 5.148338143903158652e+02 0.000000000000000000e+00 0.000000000000000000e+00
6.500000000000000000e+02 5.134990323653101996e+02 2.000000000000000000e+00 0.000000000000000000e+00
6.510000000000000000e+02 5.140409326514627537e+02 0.000000000000000000e+00 0.000000000000000000e+00
6.520000000000000000e+02 5.158326705784126034e+02 0.000000000000000000e+00 0.000000000000000000e+00
6.530000000000000000e+02 5.152455086337962484e+02 0.000000000000000000e+00 0.000000000000000000e+00
6.540000000000000000e+02 5.165840833963715113e+02 0.000000000000000000e+00 0.000000000000000000e+00
6.550000000000000000e+02 5.163995934893259800e+02 1.000000000000000000e+00 0.000000000000000000e+00
6.560000000000000000e+02 5.183120323277305488e+02 0.000000000000000000e+00 0.000000000000000000e+00
6.570000000000000000e+02 5.188693589469185099e+02 0.000000000000000000e+00 0.000000000000000000e+00
6.580000000000000000e+02 5.200101652242439059e+02 0.000000000000000000e+00 0.000000000000000000e+00
6.590000000000000000e+02 5.202874581254244504e+02 0.000000000000000000e+00 0.000000000000000000e+00
6.600000000000000000e+02 5.214215056858167827e+02 0.000000000000000000e+00 0.000000000000000000e+00
6.610000000000000000e+02 5.224146474614276485e+02 0.000000000000000000e+00 0.000000000000000000e+00
6.620000000000000000e+02 5.243884568767970222e+02 0.000000000000000000e+00 0.000000000000000000e+00
6.630000000000000000e+02 5.247454072542560652e+02 0.000000000000000000e+00 0.000000000000000000e+00
6.640000000000000000e+02 5.252222869576992252e+02 0.000000000000000000e+00 0.000000000000000000e+00
6.650000000000000000e+02 5.266998004090746690e+02 0.000000000000000000e+00 0.000000000000000000e+00
6.660000000000000000e+02 5.276614662942275800e+02 0.000000000000000000e+00 0.000000000000000000e+00
6.670000000000000000e+02 5.281071304634166381e+02 0.000000000000000000e+00 0.000000000000000000e+00
6.680000000000000000e+02 5.303306402513384228e+02 0.000000000000000000e+00 0.000000000000000000e+00
6.690000000000000000e+02 5.307842514273677352e+02 0.000000000000000000e+00 0.000000000000000000e+00
6.700000000000000000e+02 5.313487343656926214e+02 0.000000000000000000e+00 0.000000000000000000e+00
6.710000000000000000e+02 5.327118190093599424e+02 0.000000000000000000e+00 0.000000000000000000e+00
6.720000000000000000e+02 5.337391088552683414e+02 0.000000000000000000e+00 0.000000000000000000e+00
6.730000000000000000e+02 5.350779032586335688e+02 0.000000000000000000e+00 0.000000000000000000e+00
6.740000000000000000e+02 5.360783629979782745e+02 0.000000000000000000e+00 0.000000000000000000e+00
6.750000000000000000e+02 5.379512280227967267e+02 0.000000000000000000e+00 0.000000000000000000e+00
6.760000000000000000e+02 5.383818187240794941e+02 0.000000000000000000e+00 0.000000000000000000e+00
6.770000000000000000e+02 5.391961452914738402e+02 0.000000000000000000e+00 0.000000000000000000e+00
6.780000000000000000e+02 5.394287796650091877e+02 0.000000000000000000e+00 0.000000000000000000e+00
6.790000000000000000e+02 5.413953920067987156e+02 1.000000000000000000e+00 0.000000000000000000e+00
6.800000000000000000e+02 5.399680415952718704e+02 1.000000000000000000e+00 0.000000000000000000e+00
6.810000000000000000e+02 5.394056882903804535e+02 1.000000000000000000e+00 0.000000000000000000e+00
6.820000000000000000e+02 5.409885813661749125e+02 0.000000000000000000e+00 0.000000000000000000e+00
6.830000000000000000e+02 5.410289779436842537e+02 0.000000000000000000e+00 0.000000000000000000e+00
6.840000000000000000e+02 5.433209663772402109e+02 0.000000000000000000e+00 0.000000000000000000e+00
6.850000000000000000e+02 5.437409894362378964e+02 0.000000000000000000e+00 0.000000000000000000e+00
6.860000000000000000e+02 5.456488471594116163e+02 0.000000000000000000e+00 0.000000000000000000e+00
6.870000000000000000e+02 5.461280298022461466e+02 0.000000000000000000e+00 0.000000000000000000e+00
6.880000000000000000e+02 5.464348903937645900e+02 0.000000000000000000e+00 0.000000000000000000e+00
6.890000000000000000e+02 5.491533713054584496e+02 0.000000000000000000e+00 0.000000000000000000e+00
6.900000000000000000e+02 5.491047303294109270e+02 0.000000000000000000e+00 0.000000000000000000e+00
6.910000000000000000e+02 5.504466276056530205e+02 0.000000000000000000e+00 0.000000000000000000e+00
6.920000000000000000e+02 5.508182853820221681e+02 0.000000000000000000e+00 0.000000000000000000e+00
6.930000000000000000e+02 5.522610592317133751e+02 0.000000000000000000e+00 0.000000000000000000e+00
6.940000000000000000e+02 5.521550550582594497e+02 0.000000000000000000e+00 0.000000000000000000e+00
6.950000000000000000e+02 5.537124543060826909e+02 0.000000000000000000e+00 0.000000000000000000e+00
6.960000000000000000e+02 5.550098102297106379e+02 0.000000000000000000e+00 0.000000000000000000e+00
6.970000000000000000e+02 5.552667006674181494e+02 0.000000000000000000e+00 0.000000000000000000e+00
6.980000000000000000e+02 5.570182489177987009e+02 0.000000000000000000e+00 0.000000000000000000e+00
6.990000000000000000e+02 5.569453087760118706e+02 0.000000000000000000e+00 0.000000000000000000e+00
7.000000000000000000e+02 5.589891018642064182e+02 0.000000000000000000e+00 0.000000000000000000e+00
7.010000000000000000e+02 5.609830485276881973e+02 0.000000000000000000e+00 0.000000000000000000e+00
7.020000000000000000e+02 5.616902580263446225e+02 0.000000000000000000e+00 0.000000000000000000e+00
7.030000000000000000e+02 5.627673531741859279e+02 0.000000000000000000e+00 0.000000000000000000e+00
7.040000000000000000e+02 5.632533386135640967e+02 0.000000000000000000e+00 0.000000000000000000e+00
7.050000000000000000e+02 5.645460244229678892e+02 0.000000000000000000e+00 0.000000000000000000e+00
7.060000000000000000e+02 5.654087256822649579e+02 0.000000000000000000e+00 0.000000000000000000e+00
7.070000000000000000e+02 5.660160749758445036e+02 0.000000000000000000e+00 0.000000000000000000e+00
7.080000000000000000e+02 5.670692322649165362e+02 0.000000000000000000e+00 0.000000000000000000e+00
7.090000000000000000e+02 5.685836211212348417e+02 0.000000000000000000e+00 0.000000000000000000e+00
7.100000000000000000e+02 5.685061371226457823e+02 0.000000000000000000e+00 0.000000000000000000e+00
7.110000000000000000e+02 5.700795103765012755e+02 0.000000000000000000e+00 0.000000000000000000e+00
7.120000000000000000e+02 5.687134264778712804e+02 2.000000000000000000e+00 0.000000000000000000e+00
7.130000000000000000e+02 5.696805990191837736e+02 0.000000000000000000e+00 0.000000000000000000e+00
7.140000000000000000e+02 5.709167943681492261e+02 0.000000000000000000e+00 0.000000000000000000e+00
7.150000000000000000e+02 5.717155718943246256e+02 0.000000000000000000e+00 0.000000000000000000e+00
7.160000000000000000e+02 5.726802906414487779e+02 0.000000000000000000e+00 0.000000000000000000e+00
7.170000000000000000e+02 5.740685752397289434e+02 0.000000000000000000e+00 0.000000000000000000e+00
7.180000000000000000e+02 5.749915062863894946e+02 0.000000000000000000e+00 0.000000000000000000e+00
7.190000000000000000e+02 5.757743169466089057e+02 0.000000000000000000e+00 0.000000000000000000e+00
7.200000000000000000e+02 5.772133852704399715e+02 0.000000000000000000e+00 0.000000000000000000e+00
7.210000000000000000e+02 5.786324435155910351e+02 0.000000000000000000e+00 0.000000000000000000e+00
7.220000000000000000e+02 5.788460856585608099e+02 0.000000000000000000e+00 0.000000000000000000e+00
7.230000000000000000e+02 5.801178813070521301e+02 0.000000000000000000e+00 0.000000000000000000e+00
7.240000000000000000e+02 5.803756281532486128e+02 0.000000000000000000e+00 0.000000000000000000e+00
7.250000000000000000e+02 5.820628408131867673e+02 0.000000000000000000e+00 0.000000000000000000e+00
7.260000000000000000e+02 5.830498211228808714e+02 0.000000000000000000e+00 0.000000000000000000e+00
7.270000000000000000e+02 5.841417440264111747e+02 0.000000000000000000e+00 0.000000000000000000e+00
7.280000000000000000e+02 5.851765690095232912e+02 0.000000000000000000e+00 0.000000000000000000e+00
7.290000000000000000e+02 5.862390573875186419e+02 0.000000000000000000e+00 0.000000000000000000e+00
7.300000000000000000e+02 5.875446131782405246e+02 0.000000000000000000e+00 0.000000000000000000e+00
7.310000000000000000e+02 5.883897643171941354e+02 0.000000000000000000e+00 0.000000000000000000e+00
7.320000000000000000e+02 5.892695473428964306e+02 0.000000000000000000e+00 0.000000000000000000e+00
7.330000000000000000e+02 5.894099077133357696e+02 0.000000000000000000e+00 0.000000000000000000e+00
7.340000000000000000e+02 5.909303885445266360e+02 0.000000000000000000e+00 0.000000000000000000e+00
7.350000000000000000e+02 5.912805299385728404e+02 0.000000000000000000e+00 0.000000000000000000e+00
7.360000000000000000e+02 5.928553398175804432e+02 0.000000000000000000e+00 0.000000000000000000e+00
7.370000000000000000e+02 5.940761052789462155e+02 0.000000000000000000e+00 0.000000000000000000e+00
7.380000000000000000e+02 5.944562824368134670e+02 1.000000000000000000e+00 0.000000000000000000e+00
7.390000000000000000e+02 5.928157258874808804e+02 2.000000000000000000e+00 0.000000000000000000e+00
7.400000000000000000e+02 5.941976401595464949e+02 0.000000000000000000e+00 0.000000000000000000e+00
7.410000000000000000e+02 5.961100827973733658e+02 0.000000000000000000e+00 0.000000000000000000e+00
7.420000000000000000e+02 5.964673654836367405e+02 0.000000000000000000e+00 0.000000000000000000e+00
7.430000000000000000e+02 5.979566184169196958e+02 0.000000000000000000e+00 0.000000000000000000e+00
7.440000000000000000e+02 5.985309059467820134e+02 0.000000000000000000e+00 0.000000000000000000e+00
7.450000000000000000e+02 5.996277359554355826e+02 0.000000000000000000e+00 0.000000000000000000e+00
7.460000000000000000e+02 6.012370856220136375e+02 0.000000000000000000e+00 0.000000000000000000e+00
7.470000000000000000e+02 5.991268747840501874e+02 2.000000000000000000e+00 0.000000000000000000e+00
7.480000000000000000e+02 5.998388825107973616e+02 0.000000000000000000e+00 0.000000000000000000e+00
7.490000000000000000e+02 6.013295753903790910e+02 0.000000000000000000e+00 0.000000000000000000e+00
7.500000000000000000e+02 6.015394205615198189e+02 0.000000000000000000e+00 0.000000000000000000e+00
7.510000000000000000e+02 6.014746385150731385e+02 1.000000000000000000e+00 0.000000000000000000e+00
7.520000000000000000e+02 6.019202471089494111e+02 0.000000000000000000e+00 0.000000000000000000e+00
7.530000000000000000e+02 6.039425876385141692e+02 0.000000000000000000e+00 0.000000000000000000e+00
7.540000000000000000e+02 6.048974004557237549e+02 0.000000000000000000e+00 0.000000000000000000e+00
7.550000000000000000e+02 6.062931608370968206e+02 0.000000000000000000e+00 0.000000000000000000e+00
7.560000000000000000e+02 6.065081234536804686e+02 0.000000000000000000e+00 0.000000000000000000e+00
7.570000000000000000e+02 6.092734688987544587e+02 0.000000000000000000e+00 0.000000000000000000e+00
7.580000000000000000e+02 6.098626076771128055e+02 0.000000000000000000e+00 0.000000000000000000e+00
7.590000000000000000e+02 6.096606218390523964e+02 0.000000000000000000e+00 0.000000000000000000e+00
7.600000000000000000e+02 6.113435841405116662e+02 0.000000000000000000e+00 0.000000000000000000e+00
7.610000000000000000e+02 6.117181425406938615e+02 0.000000000000000000e+00 0.000000000000000000e+00
7.620000000000000000e+02 6.128158229084491495e+02 0.000000000000000000e+00 0.000000000000000000e+00
7.630000000000000000e+02 6.139868121540445145e+02 0.000000000000000000e+00 0.000000000000000000e+00
7.640000000000000000e+02 6.144879186287507764e+02 1.000000000000000000e+00 0.000000000000000000e+00
7.650000000000000000e+02 6.133426585202116712e+02 2.000000000000000000e+00 0.000000000000000000e+00
7.660000000000000000e+02 6.129563353833964356e+02 1.000000000000000000e+00 0.000000000000000000e+00
7.670000000000000000e+02 6.133087051189079375e+02 1.000000000000000000e+00 0.000000000000000000e+00
7.680000000000000000e+02 6.138780569016862501e+02 0.000000000000000000e+00 0.000000000000000000e+00
7.690000000000000000e+02 6.152015836742683632e+02 0.000000000000000000e+00 0.000000000000000000e+00
7.700000000000000000e+02 6.150690900572914188e+02 0.000000000000000000e+00 0.000000000000000000e+00
7.710000000000000000e+02 6.167295240596702115e+02 0.000000000000000000e+00 0.000000000000000000e+00
7.720000000000000000e+02 6.172984292247866733e+02 0.000000000000000000e+00 0.000000000000000000e+00
7.730000000000000000e+02 6.195130157504888757e+02 0.000000000000000000e+00 0.000000000000000000e+00
7.740000000000000000e+02 6.197950004710402254e+02 0.000000000000000000e+00 0.000000000000000000e+00
7.750000000000000000e+02 6.211231199719587721e+02 0.000000000000000000e+00 0.000000000000000000e+00
7.760000000000000000e+02 6.216758058116744223e+02 0.000000000000000000e+00 0.000000000000000000e+00
7.770000000000000000e+02 6.220568930770507450e+02 1.000000000000000000e+00 0.000000000000000000e+00
7.780000000000000000e+02 6.233528936040814870e+02 0.000000000000000000e+00 0.000000000000000000e+00
7.790000000000000000e+02 6.240195076877871543e+02 0.000000000000000000e+00 0.000000000000000000e+00
7.800000000000000000e+02 6.249966109227191282e+02 0.000000000000000000e+00 0.000000000000000000e+00
7.810000000000000000e+02 6.259504544693361368e+02 0.000000000000000000e+00 0.000000000000000000e+00
7.820000000000000000e+02 6.273995757817826870e+02 0.000000000000000000e+00 0.000000000000000000e+00
7.830000000000000000e+02 6.276485277299899508e+02 0.000000000000000000e+00 0.000000000000000000e+00
7.840000000000000000e+02 6.285418908993465266e+02 0.000000000000000000e+00 0.000000000000000000e+00
7.850000000000000000e+02 6.304647327632266069e+02 0.000000000000000000e+00 0.000000000000000000e+00
7.860000000000000000e+02 6.310439151654103398e+02 0.000000000000000000e+00 0.000000000000000000e+00
7.870000000000000000e+02 6.318571926144586541e+02 0.000000000000000000e+00 0.000000000000000000e+00
7.880000000000000000e+02 6.336049622357650151e+02 0.000000000000000000e+00 0.000000000000000000e+00
7.890000000000000000e+02 6.345780137178560381e+02 0.000000000000000000e+00 0.000000000000000000e+00
7.900000000000000000e+02 6.352012306619276387e+02 0.000000000000000000e+00 0.000000000000000000e+00
7.910000000000000000e+02 6.359005566247151364e+02 0.000000000000000000e+00 0.000000000000000000e+00
7.920000000000000000e+02 6.350043030954104779e+02 2.000000000000000000e+00 0.000000000000000000e+00
7.930000000000000000e+02 6.338320750078722767e+02 2.000000000000000000e+00 0.000000000000000000e+00
7.940000000000000000e+02 6.353444774263705312e+02 0.000000000000000000e+00 0.000000000000000000e+00
7.950000000000000000e+02 6.346139657580366702e+02 2.000000000000000000e+00 0.000000000000000000e+00
7.960000000000000000e+02 6.356502699356794892e+02 0.000000000000000000e+00 0.000000000000000000e+00
7.970000000000000000e+02 6.358539236454646471e+02 0.000000000000000000e+00 0.000000000000000000e+00
7.980000000000000000e+02 6.373021611764484078e+02 0.000000000000000000e+00 0.000000000000000000e+00
7.990000000000000000e+02 6.381086855739084740e+02 0.000000000000000000e+00 0.000000000000000000e+00
8.000000000000000000e+02 6.392874253371778650e+02 0.000000000000000000e+00 0.000000000000000000e+00
