time	position	state	ATP_bound
1.000000000000000000e+00 8.426899647784639180e-01 0.000000000000000000e+00 0.000000000000000000e+00
2.000000000000000000e+00 1.997554639640338303e+00 0.000000000000000000e+00 0.000000000000000000e+00
3.000000000000000000e+00 3.042420453444479644e+00 0.000000000000000000e+00 0.000000000000000000e+00
4.000000000000000000e+00 3.420474882527205551e+00 0.000000000000000000e+00 0.000000000000000000e+00
5.000000000000000000e+00 5.482791034485810400e+00 0.000000000000000000e+00 0.000000000000000000e+00
6.000000000000000000e+00 5.716049891046503184e+00 0.000000000000000000e+00 0.000000000000000000e+00
7.000000000000000000e+00 6.213793863198149303e+00 1.000000000000000000e+00 0.000000000000000000e+00
8.000000000000000000e+00 5.401012982410873242e+00 2.000000000000000000e+00 0.000000000000000000e+00
9.000000000000000000e+00 5.021965894948843712e+00 1.000000000000000000e+00 0.000000000000000000e+00
1.000000000000000000e+01 5.132124814669231760e+00 1.000000000000000000e+00 0.000000000000000000e+00
1.100000000000000000e+01 5.919415546695267594e+00 0.000000000000000000e+00 0.000000000000000000e+00
1.200000000000000000e+01 7.360451856393829040e+00 0.000000000000000000e+00 0.000000000000000000e+00
1.300000000000000000e+01 7.869296143091175644e+00 0.000000000000000000e+00 0.000000000000000000e+00
1.400000000000000000e+01 8.834007880386398170e+00 0.000000000000000000e+00 0.000000000000000000e+00
1.500000000000000000e+01 9.749490919464719241e+00 0.000000000000000000e+00 0.000000000000000000e+00
1.600000000000000000e+01 1.087891239790338993e+01 0.000000000000000000e+00 0.000000000000000000e+00
1.700000000000000000e+01 1.151481377892000602e+01 0.000000000000000000e+00 0.000000000000000000e+00
1.800000000000000000e+01 1.201472780675872620e+01 0.000000000000000000e+00 0.000000000000000000e+00
1.900000000000000000e+01 1.494342058086683522e+01 0.000000000000000000e+00 0.000000000000000000e+00
2.000000000000000000e+01 1.471482982341861145e+01 0.000000000000000000e+00 0.000000000000000000e+00
2.100000000000000000e+01 1.497554975776803943e+01 0.000000000000000000e+00 0.000000000000000000e+00
2.200000000000000000e+01 1.753400174280853108e+01 0.000000000000000000e+00 0.000000000000000000e+00
2.300000000000000000e+01 1.825067087339145289e+01 0.000000000000000000e+00 0.000000000000000000e+00
2.400000000000000000e+01 1.879475231859112938e+01 0.000000000000000000e+00 0.000000000000000000e+00
2.500000000000000000e+01 2.016487719690096014e+01 0.000000000000000000e+00 0.000000000000000000e+00
2.600000000000000000e+01 2.146903917921459026e+01 0.000000000000000000e+00 0.000000000000000000e+00
2.700000000000000000e+01 2.188085238838088387e+01 0.000000000000000000e+00 0.000000000000000000e+00
2.800000000000000000e+01 2.377039950513819377e+01 0.000000000000000000e+00 0.000000000000000000e+00
2.900000000000000000e+01 2.450802009628799993e+01 0.000000000000000000e+00 0.000000000000000000e+00
3.000000000000000000e+01 2.407011663050442962e+01 0.000000000000000000e+00 0.000000000000000000e+00
3.100000000000000000e+01 2.583279048223701579e+01 0.000000000000000000e+00 0.000000000000000000e+00
3.200000000000000000e+01 2.709755726281954935e+01 0.000000000000000000e+00 0.000000000000000000e+00
3.300000000000000000e+01 2.767293029494963719e+01 0.000000000000000000e+00 0.000000000000000000e+00
3.400000000000000000e+01 2.950250748401849421e+01 0.000000000000000000e+00 0.000000000000000000e+00
3.500000000000000000e+01 2.990075696283646067e+01 0.000000000000000000e+00 0.000000000000000000e+00
3.600000000000000000e+01 3.043115667283607451e+01 0.000000000000000000e+00 0.000000000000000000e+00
3.700000000000000000e+01 3.206132013566876537e+01 0.000000000000000000e+00 0.000000000000000000e+00
3.800000000000000000e+01 3.315786582136686178e+01 0.000000000000000000e+00 0.000000000000000000e+00
3.900000000000000000e+01 3.451624647917002164e+01 0.000000000000000000e+00 0.000000000000000000e+00
4.000000000000000000e+01 3.403355173296745306e+01 0.000000000000000000e+00 0.000000000000000000e+00
4.100000000000000000e+01 3.580211633882527877e+01 0.000000000000000000e+00 0.000000000000000000e+00
4.200000000000000000e+01 3.682581578022274016e+01 0.000000000000000000e+00 0.000000000000000000e+00
4.300000000000000000e+01 3.797310382100445736e+01 0.000000000000000000e+00 0.000000000000000000e+00
4.400000000000000000e+01 3.938536828630086717e+01 0.000000000000000000e+00 0.000000000000000000e+00
4.500000000000000000e+01 3.959275822279998636e+01 0.000000000000000000e+00 0.000000000000000000e+00
4.600000000000000000e+01 4.063551149038060828e+01 0.000000000000000000e+00 0.000000000000000000e+00
4.700000000000000000e+01 4.248462196857794027e+01 0.000000000000000000e+00 0.000000000000000000e+00
4.800000000000000000e+01 4.259176223090433666e+01 0.000000000000000000e+00 0.000000000000000000e+00
4.900000000000000000e+01 4.446227141421720574e+01 0.000000000000000000e+00 0.000000000000000000e+00
5.000000000000000000e+01 4.481151787649668705e+01 0.000000000000000000e+00 0.000000000000000000e+00
5.100000000000000000e+01 4.560170220577141720e+01 0.000000000000000000e+00 0.000000000000000000e+00
5.200000000000000000e+01 4.665753705452566180e+01 0.000000000000000000e+00 0.000000000000000000e+00
5.300000000000000000e+01 4.894248172153825749e+01 0.000000000000000000e+00 0.000000000000000000e+00
5.400000000000000000e+01 4.882325026239287524e+01 0.000000000000000000e+00 0.000000000000000000e+00
5.500000000000000000e+01 4.988855210869429868e+01 0.000000000000000000e+00 0.000000000000000000e+00
5.600000000000000000e+01 5.146021910694977208e+01 0.000000000000000000e+00 0.000000000000000000e+00
5.700000000000000000e+01 5.088330066466173918e+01 0.000000000000000000e+00 0.000000000000000000e+00
5.800000000000000000e+01 5.362193771049227564e+01 0.000000000000000000e+00 0.000000000000000000e+00
5.900000000000000000e+01 5.341155455500771865e+01 0.000000000000000000e+00 0.000000000000000000e+00
6.000000000000000000e+01 5.521625126769310299e+01 0.000000000000000000e+00 0.000000000000000000e+00
6.100000000000000000e+01 5.665962806244296956e+01 0.000000000000000000e+00 0.000000000000000000e+00
6.200000000000000000e+01 5.743921140399852021e+01 0.000000000000000000e+00 0.000000000000000000e+00
6.300000000000000000e+01 5.771033065543112173e+01 0.000000000000000000e+00 0.000000000000000000e+00
6.400000000000000000e+01 5.929150370214054533e+01 0.000000000000000000e+00 0.000000000000000000e+00
6.500000000000000000e+01 5.991914776043738300e+01 0.000000000000000000e+00 0.000000000000000000e+00
6.600000000000000000e+01 6.131243955362502618e+01 0.000000000000000000e+00 0.000000000000000000e+00
6.700000000000000000e+01 6.156704202242764978e+01 0.000000000000000000e+00 0.000000000000000000e+00
6.800000000000000000e+01 6.271741065148930971e+01 1.000000000000000000e+00 0.000000000000000000e+00
6.900000000000000000e+01 6.363111122071850900e+01 0.000000000000000000e+00 0.000000000000000000e+00
7.000000000000000000e+01 6.329374461101919280e+01 1.000000000000000000e+00 0.000000000000000000e+00
7.100000000000000000e+01 6.283856357655746905e+01 1.000000000000000000e+00 0.000000000000000000e+00
7.200000000000000000e+01 6.447023178278095656e+01 0.000000000000000000e+00 0.000000000000000000e+00
7.300000000000000000e+01 6.540554873258146529e+01 0.000000000000000000e+00 0.000000000000000000e+00
7.400000000000000000e+01 6.561058373737877503e+01 0.000000000000000000e+00 0.000000000000000000e+00
7.500000000000000000e+01 6.658815157182795019e+01 0.000000000000000000e+00 0.000000000000000000e+00
7.600000000000000000e+01 6.758517565487397860e+01 0.000000000000000000e+00 0.000000000000000000e+00
7.700000000000000000e+01 6.868168725788025597e+01 0.000000000000000000e+00 0.000000000000000000e+00
7.800000000000000000e+01 7.018783004212298238e+01 0.000000000000000000e+00 0.000000000000000000e+00
7.900000000000000000e+01 6.886885784116022080e+01 2.000000000000000000e+00 0.000000000000000000e+00
8.000000000000000000e+01 7.050036921576264604e+01 0.000000000000000000e+00 0.000000000000000000e+00
8.100000000000000000e+01 7.063594098321904369e+01 0.000000000000000000e+00 0.000000000000000000e+00
8.200000000000000000e+01 7.281522397675230707e+01 0.000000000000000000e+00 0.000000000000000000e+00
8.300000000000000000e+01 7.302001934692360408e+01 0.000000000000000000e+00 0.000000000000000000e+00
8.400000000000000000e+01 7.402097366772677844e+01 0.000000000000000000e+00 0.000000000000000000e+00
8.500000000000000000e+01 7.553268499394967250e+01 0.000000000000000000e+00 0.000000000000000000e+00
8.600000000000000000e+01 7.611049555499616304e+01 0.000000000000000000e+00 0.000000000000000000e+00
8.700000000000000000e+01 7.722087952343979111e+01 0.000000000000000000e+00 0.000000000000000000e+00
8.800000000000000000e+01 7.834327814239524912e+01 0.000000000000000000e+00 0.000000000000000000e+00
8.900000000000000000e+01 7.908028073703034977e+01 0.000000000000000000e+00 0.000000000000000000e+00
9.000000000000000000e+01 7.957663096602340147e+01 0.000000000000000000e+00 0.000000000000000000e+00
9.100000000000000000e+01 8.130932586619687186e+01 0.000000000000000000e+00 0.000000000000000000e+00
9.200000000000000000e+01 8.235311682155420954e+01 0.000000000000000000e+00 0.000000000000000000e+00
9.300000000000000000e+01 8.303546803092091011e+01 0.000000000000000000e+00 0.000000000000000000e+00
9.400000000000000000e+01 8.354511049662602318e+01 1.000000000000000000e+00 0.000000000000000000e+00
9.500000000000000000e+01 8.483714237050907059e+01 0.000000000000000000e+00 0.000000000000000000e+00
9.600000000000000000e+01 8.532030378136835225e+01 0.000000000000000000e+00 0.000000000000000000e+00
9.700000000000000000e+01 8.604499741495948228e+01 0.000000000000000000e+00 0.000000000000000000e+00
9.800000000000000000e+01 8.752704048938446135e+01 0.000000000000000000e+00 0.000000000000000000e+00
9.900000000000000000e+01 8.873213512079054510e+01 0.000000000000000000e+00 0.000000000000000000e+00
1.000000000000000000e+02 8.891662839897212223e+01 0.000000000000000000e+00 0.000000000000000000e+00
1.010000000000000000e+02 9.058550886401999946e+01 0.000000000000000000e+00 0.000000000000000000e+00
1.020000000000000000e+02 9.008188524093763760e+01 0.000000000000000000e+00 0.000000000000000000e+00
1.030000000000000000e+02 9.240606353583616794e+01 0.000000000000000000e+00 0.000000000000000000e+00
1.040000000000000000e+02 9.319577300587010882e+01 0.000000000000000000e+00 0.000000000000000000e+00
1.050000000000000000e+02 9.366885152739358489e+01 0.000000000000000000e+00 0.000000000000000000e+00
1.060000000000000000e+02 9.551161035833622748e+01 0.000000000000000000e+00 0.000000000000000000e+00
1.070000000000000000e+02 9.582408293865690041e+01 0.000000000000000000e+00 0.000000000000000000e+00
1.080000000000000000e+02 9.451442695955299200e+01 2.000000000000000000e+00 0.000000000000000000e+00
1.090000000000000000e+02 9.581635146425087157e+01 0.000000000000000000e+00 0.000000000000000000e+00
1.100000000000000000e+02 9.677178800318749552e+01 0.000000000000000000e+00 0.000000000000000000e+00
1.110000000000000000e+02 9.807544266019876034e+01 0.000000000000000000e+00 0.000000000000000000e+00
1.120000000000000000e+02 9.887046692340283016e+01 0.000000000000000000e+00 0.000000000000000000e+00
1.130000000000000000e+02 9.974827696839209068e+01 0.000000000000000000e+00 0.000000000000000000e+00
1.140000000000000000e+02 1.010775410697259247e+02 0.000000000000000000e+00 0.000000000000000000e+00
1.150000000000000000e+02 1.012576170081545399e+02 0.000000000000000000e+00 0.000000000000000000e+00
1.160000000000000000e+02 1.023737733781633779e+02 0.000000000000000000e+00 0.000000000000000000e+00
1.170000000000000000e+02 1.043805879827859542e+02 0.000000000000000000e+00 0.000000000000000000e+00
1.180000000000000000e+02 1.049650131098395462e+02 0.000000000000000000e+00 0.000000000000000000e+00
1.190000000000000000e+02 1.059644503460748837e+02 0.000000000000000000e+00 0.000000000000000000e+00
1.200000000000000000e+02 1.064256369118375858e+02 0.000000000000000000e+00 0.000000000000000000e+00
1.210000000000000000e+02 1.079494096925187989e+02 0.000000000000000000e+00 0.000000000000000000e+00
1.220000000000000000e+02 1.066573431386133421e+02 2.000000000000000000e+00 0.000000000000000000e+00
1.230000000000000000e+02 1.056648170918593621e+02 2.000000000000000000e+00 0.000000000000000000e+00
1.240000000000000000e+02 1.059993493733534535e+02 1.000000000000000000e+00 0.000000000000000000e+00
1.250000000000000000e+02 1.073171059169157076e+02 0.000000000000000000e+00 0.000000000000000000e+00
1.260000000000000000e+02 1.082342787361497898e+02 0.000000000000000000e+00 0.000000000000000000e+00
1.270000000000000000e+02 1.097271194473516829e+02 0.000000000000000000e+00 0.000000000000000000e+00
1.280000000000000000e+02 1.099556381630064692e+02 0.000000000000000000e+00 0.000000000000000000e+00
1.290000000000000000e+02 1.109943859820578496e+02 0.000000000000000000e+00 0.000000000000000000e+00
1.300000000000000000e+02 1.113950719714878801e+02 0.000000000000000000e+00 0.000000000000000000e+00
1.310000000000000000e+02 1.123513605405374278e+02 0.000000000000000000e+00 0.000000000000000000e+00
1.320000000000000000e+02 1.140017947899972626e+02 0.000000000000000000e+00 0.000000000000000000e+00
1.330000000000000000e+02 1.160740650717882545e+02 0.000000000000000000e+00 0.000000000000000000e+00
1.340000000000000000e+02 1.160097562463090100e+02 0.000000000000000000e+00 0.000000000000000000e+00
1.350000000000000000e+02 1.163105466646275516e+02 0.000000000000000000e+00 0.000000000000000000e+00
1.360000000000000000e+02 1.163604799879805967e+02 2.000000000000000000e+00 0.000000000000000000e+00
1.370000000000000000e+02 1.166079951522265503e+02 0.000000000000000000e+00 0.000000000000000000e+00
1.380000000000000000e+02 1.183507129457113081e+02 0.000000000000000000e+00 0.000000000000000000e+00
1.390000000000000000e+02 1.191313162286945726e+02 0.000000000000000000e+00 0.000000000000000000e+00
1.400000000000000000e+02 1.192543396945115859e+02 0.000000000000000000e+00 0.000000000000000000e+00
1.410000000000000000e+02 1.199953728079637045e+02 0.000000000000000000e+00 0.000000000000000000e+00
1.420000000000000000e+02 1.218995497403553259e+02 0.000000000000000000e+00 0.000000000000000000e+00
1.430000000000000000e+02 1.233536770786765118e+02 0.000000000000000000e+00 0.000000000000000000e+00
1.440000000000000000e+02 1.242250308518739388e+02 0.000000000000000000e+00 0.000000000000000000e+00
1.450000000000000000e+02 1.244309350190252275e+02 0.000000000000000000e+00 0.000000000000000000e+00
1.460000000000000000e+02 1.261034310963356972e+02 0.000000000000000000e+00 0.000000000000000000e+00
1.470000000000000000e+02 1.261934232115592067e+02 0.000000000000000000e+00 0.000000000000000000e+00
1.480000000000000000e+02 1.276951164079261360e+02 0.000000000000000000e+00 0.000000000000000000e+00
1.490000000000000000e+02 1.302502406652574507e+02 0.000000000000000000e+00 0.000000000000000000e+00
1.500000000000000000e+02 1.296638185293476795e+02 0.000000000000000000e+00 0.000000000000000000e+00
1.510000000000000000e+02 1.309027005423751007e+02 0.000000000000000000e+00 0.000000000000000000e+00
1.520000000000000000e+02 1.320290839695599345e+02 0.000000000000000000e+00 0.000000000000000000e+00
1.530000000000000000e+02 1.327081778900298161e+02 0.000000000000000000e+00 0.000000000000000000e+00
1.540000000000000000e+02 1.339443536983197305e+02 0.000000000000000000e+00 0.000000000000000000e+00
1.550000000000000000e+02 1.340343867565428582e+02 0.000000000000000000e+00 0.000000000000000000e+00
1.560000000000000000e+02 1.357355845002452384e+02 0.000000000000000000e+00 0.000000000000000000e+00
1.570000000000000000e+02 1.364027261344039630e+02 0.000000000000000000e+00 0.000000000000000000e+00
1.580000000000000000e+02 1.372122678903314466e+02 1.000000000000000000e+00 0.000000000000000000e+00
1.590000000000000000e+02 1.376063382682260112e+02 1.000000000000000000e+00 0.000000000000000000e+00
1.600000000000000000e+02 1.373632723166541894e+02 1.000000000000000000e+00 0.000000000000000000e+00
1.610000000000000000e+02 1.373092697011496170e+02 0.000000000000000000e+00 0.000000000000000000e+00
1.620000000000000000e+02 1.384477179231972173e+02 0.000000000000000000e+00 0.000000000000000000e+00
1.630000000000000000e+02 1.401147248102912783e+02 0.000000000000000000e+00 0.000000000000000000e+00
1.640000000000000000e+02 1.385935072347670030e+02 2.000000000000000000e+00 0.000000000000000000e+00
1.650000000000000000e+02 1.396718690152999898e+02 0.000000000000000000e+00 0.000000000000000000e+00
1.660000000000000000e+02 1.415065522318247417e+02 0.000000000000000000e+00 0.000000000000000000e+00
1.670000000000000000e+02 1.422921546482015174e+02 0.000000000000000000e+00 0.000000000000000000e+00
1.680000000000000000e+02 1.435503431609389224e+02 0.000000000000000000e+00 0.000000000000000000e+00
1.690000000000000000e+02 1.446748916783714378e+02 0.000000000000000000e+00 0.000000000000000000e+00
1.700000000000000000e+02 1.452387325655259076e+02 0.000000000000000000e+00 0.000000000000000000e+00
1.710000000000000000e+02 1.461106109433449660e+02 0.000000000000000000e+00 0.000000000000000000e+00
1.720000000000000000e+02 1.466178752451968421e+02 0.000000000000000000e+00 0.000000000000000000e+00
1.730000000000000000e+02 1.480815175779506490e+02 0.000000000000000000e+00 0.000000000000000000e+00
1.740000000000000000e+02 1.490896421185017005e+02 0.000000000000000000e+00 0.000000000000000000e+00
1.750000000000000000e+02 1.502378965423596355e+02 0.000000000000000000e+00 0.000000000000000000e+00
1.760000000000000000e+02 1.521488013619622848e+02 0.000000000000000000e+00 0.000000000000000000e+00
1.770000000000000000e+02 1.511094996844637990e+02 0.000000000000000000e+00 0.000000000000000000e+00
1.780000000000000000e+02 1.538354619768277018e+02 0.000000000000000000e+00 0.000000000000000000e+00
1.790000000000000000e+02 1.542368973442616493e+02 0.000000000000000000e+00 0.000000000000000000e+00
1.800000000000000000e+02 1.554490072240868699e+02 0.000000000000000000e+00 0.000000000000000000e+00
1.810000000000000000e+02 1.565806582703959009e+02 0.000000000000000000e+00 0.000000000000000000e+00
1.820000000000000000e+02 1.566929495691101408e+02 0.000000000000000000e+00 0.000000000000000000e+00
1.830000000000000000e+02 1.570377851891967111e+02 0.000000000000000000e+00 0.000000000000000000e+00
1.840000000000000000e+02 1.581580755512701444e+02 0.000000000000000000e+00 0.000000000000000000e+00
1.850000000000000000e+02 1.602610147397990659e+02 0.000000000000000000e+00 0.000000000000000000e+00
1.860000000000000000e+02 1.620494476035160858e+02 0.000000000000000000e+00 0.000000000000000000e+00
1.870000000000000000e+02 1.616112608918229228e+02 0.000000000000000000e+00 0.000000000000000000e+00
1.880000000000000000e+02 1.631388708219728301e+02 0.000000000000000000e+00 0.000000000000000000e+00
1.890000000000000000e+02 1.635635199845561374e+02 0.000000000000000000e+00 0.000000000000000000e+00
1.900000000000000000e+02 1.649107300149762523e+02 0.000000000000000000e+00 0.000000000000000000e+00
1.910000000000000000e+02 1.664824145766222330e+02 0.000000000000000000e+00 0.000000000000000000e+00
1.920000000000000000e+02 1.665499824133783022e+02 0.000000000000000000e+00 0.000000000000000000e+00
1.930000000000000000e+02 1.676056668779807239e+02 0.000000000000000000e+00 0.000000000000000000e+00
1.940000000000000000e+02 1.685687324208209930e+02 0.000000000000000000e+00 0.000000000000000000e+00
1.950000000000000000e+02 1.701258808401533713e+02 0.000000000000000000e+00 0.000000000000000000e+00
1.960000000000000000e+02 1.707011631098992268e+02 0.000000000000000000e+00 0.000000000000000000e+00
1.970000000000000000e+02 1.715689199194948458e+02 1.000000000000000000e+00 0.000000000000000000e+00
1.980000000000000000e+02 1.725944089796085450e+02 0.000000000000000000e+00 0.000000000000000000e+00
1.990000000000000000e+02 1.725559423101036884e+02 0.000000000000000000e+00 0.000000000000000000e+00
2.000000000000000000e+02 1.747359335852902404e+02 0.000000000000000000e+00 0.000000000000000000e+00
2.010000000000000000e+02 1.754067396293768013e+02 0.000000000000000000e+00 0.000000000000000000e+00
2.020000000000000000e+02 1.759838722943734410e+02 0.000000000000000000e+00 0.000000000000000000e+00
2.030000000000000000e+02 1.770530479206553025e+02 0.000000000000000000e+00 0.000000000000000000e+00
2.040000000000000000e+02 1.777767602350301672e+02 0.000000000000000000e+00 0.000000000000000000e+00
2.050000000000000000e+02 1.788081428180141188e+02 0.000000000000000000e+00 0.000000000000000000e+00
2.060000000000000000e+02 1.796147508034879365e+02 0.000000000000000000e+00 0.000000000000000000e+00
2.070000000000000000e+02 1.813983805084457970e+02 0.000000000000000000e+00 0.000000000000000000e+00
2.080000000000000000e+02 1.824774978040787232e+02 0.000000000000000000e+00 0.000000000000000000e+00
2.090000000000000000e+02 1.829601607672807972e+02 0.000000000000000000e+00 0.000000000000000000e+00
2.100000000000000000e+02 1.837476758243648760e+02 0.000000000000000000e+00 0.000000000000000000e+00
2.110000000000000000e+02 1.852230308433894947e+02 0.000000000000000000e+00 0.000000000000000000e+00
2.120000000000000000e+02 1.840499359466588203e+02 2.000000000000000000e+00 0.000000000000000000e+00
2.130000000000000000e+02 1.826562843423896538e+02 2.000000000000000000e+00 0.000000000000000000e+00
2.140000000000000000e+02 1.835507945158415453e+02 0.000000000000000000e+00 0.000000000000000000e+00
2.150000000000000000e+02 1.849680036071455618e+02 0.000000000000000000e+00 0.000000000000000000e+00
2.160000000000000000e+02 1.860912777974441781e+02 0.000000000000000000e+00 0.000000000000000000e+00
2.170000000000000000e+02 1.872233245404780462e+02 0.000000000000000000e+00 0.000000000000000000e+00
2.180000000000000000e+02 1.884266574450638814e+02 0.000000000000000000e+00 0.000000000000000000e+00
2.190000000000000000e+02 1.874368718527967133e+02 2.000000000000000000e+00 0.000000000000000000e+00
2.200000000000000000e+02 1.869015440631180240e+02 2.000000000000000000e+00 0.000000000000000000e+00
2.210000000000000000e+02 1.861254182575254390e+02 1.000000000000000000e+00 0.000000000000000000e+00
2.220000000000000000e+02 1.862121967009131254e+02 1.000000000000000000e+00 0.000000000000000000e+00
2.230000000000000000e+02 1.870763810225488157e+02 0.000000000000000000e+00 0.000000000000000000e+00
2.240000000000000000e+02 1.880761170373872062e+02 0.000000000000000000e+00 0.000000000000000000e+00
2.250000000000000000e+02 1.899566158539107903e+02 0.000000000000000000e+00 0.000000000000000000e+00
2.260000000000000000e+02 1.899299759546604207e+02 0.000000000000000000e+00 0.000000000000000000e+00
2.270000000000000000e+02 1.894797806998705028e+02 2.000000000000000000e+00 0.000000000000000000e+00
2.280000000000000000e+02 1.880135092561718295e+02 2.000000000000000000e+00 0.000000000000000000e+00
2.290000000000000000e+02 1.886559811863244533e+02 0.000000000000000000e+00 0.000000000000000000e+00
2.300000000000000000e+02 1.896812527590905404e+02 0.000000000000000000e+00 0.000000000000000000e+00
2.310000000000000000e+02 1.910952777553504234e+02 0.000000000000000000e+00 0.000000000000000000e+00
2.320000000000000000e+02 1.922691405724926597e+02 0.000000000000000000e+00 0.000000000000000000e+00
2.330000000000000000e+02 1.940998292608788063e+02 0.000000000000000000e+00 0.000000000000000000e+00
2.340000000000000000e+02 1.949397509052763837e+02 0.000000000000000000e+00 0.000000000000000000e+00
2.350000000000000000e+02 1.947118765530460678e+02 0.000000000000000000e+00 0.000000000000000000e+00
2.360000000000000000e+02 1.948982199178108772e+02 1.000000000000000000e+00 0.000000000000000000e+00
2.370000000000000000e+02 1.934483623692541414e+02 2.000000000000000000e+00 0.000000000000000000e+00
2.380000000000000000e+02 1.944695833799413265e+02 0.000000000000000000e+00 0.000000000000000000e+00
2.390000000000000000e+02 1.965915162566214747e+02 0.000000000000000000e+00 0.000000000000000000e+00
2.400000000000000000e+02 1.969725401701639953e+02 0.000000000000000000e+00 0.000000000000000000e+00
2.410000000000000000e+02 1.982280764607833419e+02 0.000000000000000000e+00 0.000000000000000000e+00
2.420000000000000000e+02 1.989091662141228767e+02 0.000000000000000000e+00 0.000000000000000000e+00
2.430000000000000000e+02 2.006115328014476802e+02 0.000000000000000000e+00 0.000000000000000000e+00
2.440000000000000000e+02 2.006770035642564665e+02 0.000000000000000000e+00 0.000000000000000000e+00
2.450000000000000000e+02 2.023348028265090193e+02 0.000000000000000000e+00 0.000000000000000000e+00
2.460000000000000000e+02 2.002194907345381978e+02 2.000000000000000000e+00 0.000000000000000000e+00
2.470000000000000000e+02 1.998395736543439511e+02 2.000000000000000000e+00 0.000000000000000000e+00
2.480000000000000000e+02 2.009107313782711515e+02 0.000000000000000000e+00 0.000000000000000000e+00
2.490000000000000000e+02 2.020487929366758237e+02 0.000000000000000000e+00 0.000000000000000000e+00
2.500000000000000000e+02 2.033239494781676910e+02 0.000000000000000000e+00 0.000000000000000000e+00
2.510000000000000000e+02 2.046438004559527712e+02 0.000000000000000000e+00 0.000000000000000000e+00
2.520000000000000000e+02 2.037566168897778880e+02 1.000000000000000000e+00 0.000000000000000000e+00
2.530000000000000000e+02 2.052149797155085480e+02 0.000000000000000000e+00 0.000000000000000000e+00
2.540000000000000000e+02 2.057145342183781054e+02 0.000000000000000000e+00 0.000000000000000000e+00
2.550000000000000000e+02 2.070142779911863045e+02 0.000000000000000000e+00 0.000000000000000000e+00
2.560000000000000000e+02 2.082601729917873570e+02 0.000000000000000000e+00 0.000000000000000000e+00
2.570000000000000000e+02 2.092742946724973763e+02 0.000000000000000000e+00 0.000000000000000000e+00
2.580000000000000000e+02 2.100381195565142889e+02 0.000000000000000000e+00 0.000000000000000000e+00
2.590000000000000000e+02 2.111359142564568856e+02 0.000000000000000000e+00 0.000000000000000000e+00
2.600000000000000000e+02 2.123225589158919888e+02 0.000000000000000000e+00 0.000000000000000000e+00
2.610000000000000000e+02 2.133028405082249321e+02 0.000000000000000000e+00 0.000000000000000000e+00
2.620000000000000000e+02 2.136229250093369672e+02 0.000000000000000000e+00 0.000000000000000000e+00
2.630000000000000000e+02 2.153108796863021723e+02 0.000000000000000000e+00 0.000000000000000000e+00
2.640000000000000000e+02 2.159796394807062256e+02 0.000000000000000000e+00 0.000000000000000000e+00
2.650000000000000000e+02 2.174831220637597369e+02 0.000000000000000000e+00 0.000000000000000000e+00
2.660000000000000000e+02 2.185791755874660396e+02 0.000000000000000000e+00 0.000000000000000000e+00
2.670000000000000000e+02 2.184121466742696214e+02 0.000000000000000000e+00 0.000000000000000000e+00
2.680000000000000000e+02 2.197012052884204252e+02 0.000000000000000000e+00 0.000000000000000000e+00
2.690000000000000000e+02 2.209631476405090496e+02 0.000000000000000000e+00 0.000000000000000000e+00
2.700000000000000000e+02 2.222597825318684386e+02 0.000000000000000000e+00 0.000000000000000000e+00
2.710000000000000000e+02 2.226511416656049676e+02 0.000000000000000000e+00 0.000000000000000000e+00
2.720000000000000000e+02 2.240107112283136530e+02 0.000000000000000000e+00 0.000000000000000000e+00
2.730000000000000000e+02 2.260126870968434787e+02 0.000000000000000000e+00 0.000000000000000000e+00
2.740000000000000000e+02 2.253280743504190582e+02 0.000000000000000000e+00 0.000000000000000000e+00
2.750000000000000000e+02 2.267975716648878119e+02 0.000000000000000000e+00 0.000000000000000000e+00
2.760000000000000000e+02 2.281916751800450243e+02 0.000000000000000000e+00 0.000000000000000000e+00
2.770000000000000000e+02 2.288798903216669487e+02 0.000000000000000000e+00 0.000000000000000000e+00
2.780000000000000000e+02 2.303665081690719489e+02 0.000000000000000000e+00 0.000000000000000000e+00
2.790000000000000000e+02 2.309903703050693764e+02 0.000000000000000000e+00 0.000000000000000000e+00
2.800000000000000000e+02 2.306756572200000903e+02 2.000000000000000000e+00 0.000000000000000000e+00
2.810000000000000000e+02 2.308497504680766781e+02 0.000000000000000000e+00 0.000000000000000000e+00
2.820000000000000000e+02 2.322394626595352065e+02 0.000000000000000000e+00 0.000000000000000000e+00
2.830000000000000000e+02 2.325024586818263401e+02 0.000000000000000000e+00 0.000000000000000000e+00
2.840000000000000000e+02 2.339558967864538488e+02 0.000000000000000000e+00 0.000000000000000000e+00
2.850000000000000000e+02 2.348247284207051564e+02 0.000000000000000000e+00 0.000000000000000000e+00
2.860000000000000000e+02 2.365273279612791839e+02 0.000000000000000000e+00 0.000000000000000000e+00
2.870000000000000000e+02 2.374030936003154295e+02 0.000000000000000000e+00 0.000000000000000000e+00
2.880000000000000000e+02 2.370865452913906779e+02 1.000000000000000000e+00 0.000000000000000000e+00
2.890000000000000000e+02 2.382935179822342775e+02 0.000000000000000000e+00 0.000000000000000000e+00
2.900000000000000000e+02 2.386265589376271237e+02 0.000000000000000000e+00 0.000000000000000000e+00
2.910000000000000000e+02 2.408458970572176554e+02 0.000000000000000000e+00 0.000000000000000000e+00
2.920000000000000000e+02 2.407973553938629721e+02 0.000000000000000000e+00 0.000000000000000000e+00
2.930000000000000000e+02 2.421366857583694241e+02 0.000000000000000000e+00 0.000000000000000000e+00
2.940000000000000000e+02 2.429660129924418754e+02 0.000000000000000000e+00 0.000000000000000000e+00
2.950000000000000000e+02 2.434686262906902812e+02 0.000000000000000000e+00 0.000000000000000000e+00
2.960000000000000000e+02 2.450694828741351614e+02 0.000000000000000000e+00 0.000000000000000000e+00
2.970000000000000000e+02 2.461357491718135861e+02 0.000000000000000000e+00 0.000000000000000000e+00
2.980000000000000000e+02 2.473324940246780557e+02 0.000000000000000000e+00 0.000000000000000000e+00
2.990000000000000000e+02 2.470228119530882793e+02 0.000000000000000000e+00 0.000000000000000000e+00
3.000000000000000000e+02 2.498640612221519461e+02 0.000000000000000000e+00 0.000000000000000000e+00
3.010000000000000000e+02 2.496134524069397003e+02 0.000000000000000000e+00 0.000000000000000000e+00
3.020000000000000000e+02 2.511818672939184012e+02 0.000000000000000000e+00 0.000000000000000000e+00
3.030000000000000000e+02 2.522919975145609044e+02 0.000000000000000000e+00 0.000000000000000000e+00
3.040000000000000000e+02 2.517233426809691252e+02 0.000000000000000000e+00 0.000000000000000000e+00
3.050000000000000000e+02 2.539481834483563318e+02 0.000000000000000000e+00 0.000000000000000000e+00
3.060000000000000000e+02 2.555342207973941413e+02 0.000000000000000000e+00 0.000000000000000000e+00
3.070000000000000000e+02 2.567634344207548338e+02 0.000000000000000000e+00 0.000000000000000000e+00
3.080000000000000000e+02 2.574658240850723132e+02 0.000000000000000000e+00 0.000000000000000000e+00
3.090000000000000000e+02 2.580546653368612056e+02 0.000000000000000000e+00 0.000000000000000000e+00
3.100000000000000000e+02 2.598488790766568854e+02 0.000000000000000000e+00 0.000000000000000000e+00
3.110000000000000000e+02 2.595046959584692559e+02 0.000000000000000000e+00 0.000000000000000000e+00
3.120000000000000000e+02 2.612631205639416976e+02 0.000000000000000000e+00 0.000000000000000000e+00
3.130000000000000000e+02 2.617303124332212292e+02 0.000000000000000000e+00 0.000000000000000000e+00
3.140000000000000000e+02 2.621567430326347221e+02 1.000000000000000000e+00 0.000000000000000000e+00
3.150000000000000000e+02 2.623424481018165011e+02 1.000000000000000000e+00 0.000000000000000000e+00
3.160000000000000000e+02 2.625396441586632932e+02 0.000000000000000000e+00 0.000000000000000000e+00
3.170000000000000000e+02 2.634240459544855639e+02 0.000000000000000000e+00 0.000000000000000000e+00
3.180000000000000000e+02 2.654917653230227756e+02 0.000000000000000000e+00 0.000000000000000000e+00
3.190000000000000000e+02 2.657513010458480380e+02 0.000000000000000000e+00 0.000000000000000000e+00
3.200000000000000000e+02 2.670502453819376569e+02 0.000000000000000000e+00 0.000000000000000000e+00
3.210000000000000000e+02 2.676841790417632865e+02 0.000000000000000000e+00 0.000000000000000000e+00
3.220000000000000000e+02 2.689164967319557604e+02 0.000000000000000000e+00 0.000000000000000000e+00
3.230000000000000000e+02 2.677652910183968515e+02 2.000000000000000000e+00 0.000000000000000000e+00
3.240000000000000000e+02 2.678803922130150568e+02 1.000000000000000000e+00 0.000000000000000000e+00
3.250000000000000000e+02 2.690203982096516029e+02 0.000000000000000000e+00 0.000000000000000000e+00
3.260000000000000000e+02 2.696082149361109828e+02 1.000000000000000000e+00 0.000000000000000000e+00
3.270000000000000000e+02 2.703090765336648928e+02 0.000000000000000000e+00 0.000000000000000000e+00
3.280000000000000000e+02 2.703871284682839473e+02 0.000000000000000000e+00 0.000000000000000000e+00
3.290000000000000000e+02 2.727574856586943497e+02 0.000000000000000000e+00 0.000000000000000000e+00
3.300000000000000000e+02 2.729529401213947040e+02 0.000000000000000000e+00 0.000000000000000000e+00
3.310000000000000000e+02 2.735356689406186774e+02 0.000000000000000000e+00 0.000000000000000000e+00
3.320000000000000000e+02 2.749015125338310668e+02 0.000000000000000000e+00 0.000000000000000000e+00
3.330000000000000000e+02 2.772821725807441453e+02 0.000000000000000000e+00 0.000000000000000000e+00
3.340000000000000000e+02 2.773019900887069866e+02 0.000000000000000000e+00 0.000000000000000000e+00
3.350000000000000000e+02 2.786500867262006977e+02 0.000000000000000000e+00 0.000000000000000000e+00
3.360000000000000000e+02 2.781612838576063496e+02 0.000000000000000000e+00 0.000000000000000000e+00
3.370000000000000000e+02 2.794318812510222187e+02 0.000000000000000000e+00 0.000000000000000000e+00
3.380000000000000000e+02 2.810648835205082605e+02 0.000000000000000000e+00 0.000000000000000000e+00
3.390000000000000000e+02 2.821155921752039717e+02 0.000000000000000000e+00 0.000000000000000000e+00
3.400000000000000000e+02 2.819936982442199565e+02 0.000000000000000000e+00 0.000000000000000000e+00
3.410000000000000000e+02 2.840998320736350706e+02 0.000000000000000000e+00 0.000000000000000000e+00
3.420000000000000000e+02 2.833635689172839989e+02 2.000000000000000000e+00 0.000000000000000000e+00
3.430000000000000000e+02 2.841582673376065600e+02 0.000000000000000000e+00 0.000000000000000000e+00
3.440000000000000000e+02 2.847757123398776571e+02 0.000000000000000000e+00 0.000000000000000000e+00
3.450000000000000000e+02 2.863489080807790970e+02 0.000000000000000000e+00 0.000000000000000000e+00
3.460000000000000000e+02 2.874372221263384972e+02 0.000000000000000000e+00 0.000000000000000000e+00
3.470000000000000000e+02 2.877399848280872448e+02 0.000000000000000000e+00 0.000000000000000000e+00
3.480000000000000000e+02 2.887086955990310457e+02 0.000000000000000000e+00 0.000000000000000000e+00
3.490000000000000000e+02 2.910088028462964758e+02 0.000000000000000000e+00 0.000000000000000000e+00
3.500000000000000000e+02 2.911291761544384826e+02 0.000000000000000000e+00 0.000000000000000000e+00
3.510000000000000000e+02 2.928424898566623256e+02 0.000000000000000000e+00 0.000000000000000000e+00
3.520000000000000000e+02 2.929885548848254757e+02 0.000000000000000000e+00 0.000000000000000000e+00
3.530000000000000000e+02 2.938695803520670893e+02 0.000000000000000000e+00 0.000000000000000000e+00
3.540000000000000000e+02 2.946095331317963542e+02 0.000000000000000000e+00 0.000000000000000000e+00
3.550000000000000000e+02 2.958714878621972275e+02 0.000000000000000000e+00 0.000000000000000000e+00
3.560000000000000000e+02 2.969590801692746140e+02 0.000000000000000000e+00 0.000000000000000000e+00
3.570000000000000000e+02 2.978639692719373784e+02 0.000000000000000000e+00 0.000000000000000000e+00
3.580000000000000000e+02 2.989359898011321661e+02 0.000000000000000000e+00 0.000000000000000000e+00
3.590000000000000000e+02 2.994067731521326436e+02 0.000000000000000000e+00 0.000000000000000000e+00
3.600000000000000000e+02 3.001366486217195870e+02 0.000000000000000000e+00 0.000000000000000000e+00
3.610000000000000000e+02 3.012258701774574661e+02 0.000000000000000000e+00 0.000000000000000000e+00
3.620000000000000000e+02 3.012945986497508102e+02 2.000000000000000000e+00 0.000000000000000000e+00
3.630000000000000000e+02 3.006257041530188303e+02 2.000000000000000000e+00 0.000000000000000000e+00
3.640000000000000000e+02 2.996684547015473186e+02 1.000000000000000000e+00 0.000000000000000000e+00
3.650000000000000000e+02 3.010168780562030406e+02 0.000000000000000000e+00 0.000000000000000000e+00
3.660000000000000000e+02 3.028095508993096132e+02 0.000000000000000000e+00 0.000000000000000000e+00
3.670000000000000000e+02 3.032798926021739589e+02 0.000000000000000000e+00 0.000000000000000000e+00
3.680000000000000000e+02 3.045886232896839942e+02 0.000000000000000000e+00 0.000000000000000000e+00
3.690000000000000000e+02 3.045925965331952625e+02 0.000000000000000000e+00 0.000000000000000000e+00
3.700000000000000000e+02 3.052033456502848594e+02 0.000000000000000000e+00 0.000000000000000000e+00
3.710000000000000000e+02 3.068476260694180837e+02 0.000000000000000000e+00 0.000000000000000000e+00
3.720000000000000000e+02 3.076432795306230901e+02 0.000000000000000000e+00 0.000000000000000000e+00
3.730000000000000000e+02 3.091250249948907936e+02 0.000000000000000000e+00 0.000000000000000000e+00
3.740000000000000000e+02 3.106198373338125975e+02 0.000000000000000000e+00 0.000000000000000000e+00
3.750000000000000000e+02 3.117961238127198840e+02 0.000000000000000000e+00 0.000000000000000000e+00
3.760000000000000000e+02 3.115219882055697553e+02 0.000000000000000000e+00 0.000000000000000000e+00
3.770000000000000000e+02 3.118380891712834000e+02 0.000000000000000000e+00 0.000000000000000000e+00
3.780000000000000000e+02 3.141649795126746199e+02 0.000000000000000000e+00 0.000000000000000000e+00
3.790000000000000000e+02 3.144211111036600528e+02 0.000000000000000000e+00 0.000000000000000000e+00
3.800000000000000000e+02 3.162811583136218587e+02 0.000000000000000000e+00 0.000000000000000000e+00
3.810000000000000000e+02 3.175355081701976587e+02 0.000000000000000000e+00 0.000000000000000000e+00
3.820000000000000000e+02 3.161208303634598451e+02 2.000000000000000000e+00 0.000000000000000000e+00
3.830000000000000000e+02 3.173762051638639718e+02 0.000000000000000000e+00 0.000000000000000000e+00
3.840000000000000000e+02 3.156642874644526842e+02 2.000000000000000000e+00 0.000000000000000000e+00
3.850000000000000000e+02 3.166312036434401307e+02 0.000000000000000000e+00 0.000000000000000000e+00
3.860000000000000000e+02 3.183211056305891589e+02 0.000000000000000000e+00 0.000000000000000000e+00
3.870000000000000000e+02 3.195853855360606985e+02 0.000000000000000000e+00 0.000000000000000000e+00
3.880000000000000000e+02 3.194332939124560085e+02 0.000000000000000000e+00 0.000000000000000000e+00
3.890000000000000000e+02 3.220333422272135522e+02 0.000000000000000000e+00 0.000000000000000000e+00
3.900000000000000000e+02 3.220916229178518506e+02 0.000000000000000000e+00 0.000000000000000000e+00
3.910000000000000000e+02 3.232402774111291137e+02 0.000000000000000000e+00 0.000000000000000000e+00
3.920000000000000000e+02 3.242481924030004166e+02 0.000000000000000000e+00 0.000000000000000000e+00
3.930000000000000000e+02 3.243631300902495695e+02 0.000000000000000000e+00 0.000000000000000000e+00
3.940000000000000000e+02 3.257102529600375078e+02 0.000000000000000000e+00 0.000000000000000000e+00
3.950000000000000000e+02 3.274356673086321052e+02 0.000000000000000000e+00 0.000000000000000000e+00
3.960000000000000000e+02 3.283460004665998895e+02 0.000000000000000000e+00 0.000000000000000000e+00
3.970000000000000000e+02 3.282397338761794572e+02 0.000000000000000000e+00 0.000000000000000000e+00
3.980000000000000000e+02 3.302000034809317981e+02 0.000000000000000000e+00 0.000000000000000000e+00
3.990000000000000000e+02 3.312314538640013097e+02 0.000000000000000000e+00 0.000000000000000000e+00
4.000000000000000000e+02 3.326771878514193190e+02 0.000000000000000000e+00 0.000000000000000000e+00
4.010000000000000000e+02 3.324780296679135176e+02 0.000000000000000000e+00 0.000000000000000000e+00
4.020000000000000000e+02 3.341024224945543324e+02 0.000000000000000000e+00 0.000000000000000000e+00
4.030000000000000000e+02 3.347175625837883217e+02 0.000000000000000000e+00 0.000000000000000000e+00
4.040000000000000000e+02 3.358019945256730807e+02 0.000000000000000000e+00 0.000000000000000000e+00
4.050000000000000000e+02 3.341164067824710173e+02 2.000000000000000000e+00 0.000000000000000000e+00
4.060000000000000000e+02 3.350486589325910813e+02 1.000000000000000000e+00 0.000000000000000000e+00
4.070000000000000000e+02 3.368416303427216576e+02 0.000000000000000000e+00 0.000000000000000000e+00
4.080000000000000000e+02 3.372036282014432231e+02 0.000000000000000000e+00 0.000000000000000000e+00
4.090000000000000000e+02 3.359216146074359699e+02 2.000000000000000000e+00 0.000000000000000000e+00
4.100000000000000000e+02 3.359284881622636476e+02 1.000000000000000000e+00 0.000000000000000000e+00
4.110000000000000000e+02 3.377404051335280428e+02 0.000000000000000000e+00 0.000000000000000000e+00
4.120000000000000000e+02 3.381281591572266620e+02 0.000000000000000000e+00 0.000000000000000000e+00
4.130000000000000000e+02 3.368086878929987620e+02 2.000000000000000000e+00 0.000000000000000000e+00
4.140000000000000000e+02 3.369136029935989995e+02 1.000000000000000000e+00 0.000000000000000000e+00
4.150000000000000000e+02 3.363367542177407472e+02 2.000000000000000000e+00 0.000000000000000000e+00
4.160000000000000000e+02 3.363182882778245357e+02 0.000000000000000000e+00 0.000000000000000000e+00
4.170000000000000000e+02 3.381731898979786024e+02 0.000000000000000000e+00 0.000000000000000000e+00
4.180000000000000000e+02 3.382577275769248786e+02 0.000000000000000000e+00 0.000000000000000000e+00
4.190000000000000000e+02 3.398130503997738856e+02 0.000000000000000000e+00 0.000000000000000000e+00
4.200000000000000000e+02 3.409956777695941241e+02 0.000000000000000000e+00 0.000000000000000000e+00
4.210000000000000000e+02 3.425666756105180752e+02 0.000000000000000000e+00 0.000000000000000000e+00
4.220000000000000000e+02 3.425355275017245162e+02 0.000000000000000000e+00 0.000000000000000000e+00
4.230000000000000000e+02 3.435990550097949949e+02 0.000000000000000000e+00 0.000000000000000000e+00
4.240000000000000000e+02 3.443442436028291240e+02 0.000000000000000000e+00 0.000000000000000000e+00
4.250000000000000000e+02 3.454614793855328685e+02 0.000000000000000000e+00 0.000000000000000000e+00
4.260000000000000000e+02 3.466774296854681552e+02 0.000000000000000000e+00 0.000000000000000000e+00
4.270000000000000000e+02 3.477708228982970127e+02 0.000000000000000000e+00 0.000000000000000000e+00
4.280000000000000000e+02 3.488728985137288419e+02 0.000000000000000000e+00 0.000000000000000000e+00
4.290000000000000000e+02 3.500868622429931065e+02 0.000000000000000000e+00 0.000000000000000000e+00
4.300000000000000000e+02 3.507720889441744134e+02 0.000000000000000000e+00 0.000000000000000000e+00
4.310000000000000000e+02 3.522057445929470418e+02 0.000000000000000000e+00 0.000000000000000000e+00
4.320000000000000000e+02 3.523646841689630378e+02 0.000000000000000000e+00 0.000000000000000000e+00
4.330000000000000000e+02 3.541507200739616223e+02 0.000000000000000000e+00 0.000000000000000000e+00
4.340000000000000000e+02 3.542674122444182672e+02 0.000000000000000000e+00 0.000000000000000000e+00
4.350000000000000000e+02 3.549730820000066274e+02 0.000000000000000000e+00 0.000000000000000000e+00
4.360000000000000000e+02 3.571841471670576880e+02 0.000000000000000000e+00 0.000000000000000000e+00
4.370000000000000000e+02 3.581691628922499717e+02 0.000000000000000000e+00 0.000000000000000000e+00
4.380000000000000000e+02 3.584466846510879918e+02 0.000000000000000000e+00 0.000000000000000000e+00
4.390000000000000000e+02 3.596504498629907403e+02 0.000000000000000000e+00 0.000000000000000000e+00
4.400000000000000000e+02 3.613415052035317672e+02 0.000000000000000000e+00 0.000000000000000000e+00
4.410000000000000000e+02 3.621425148431855519e+02 0.000000000000000000e+00 0.000000000000000000e+00
4.420000000000000000e+02 3.621971397856640920e+02 0.000000000000000000e+00 0.000000000000000000e+00
4.430000000000000000e+02 3.641495088317346358e+02 0.000000000000000000e+00 0.000000000000000000e+00
4.440000000000000000e+02 3.653329672312181060e+02 0.000000000000000000e+00 0.000000000000000000e+00
4.450000000000000000e+02 3.651233517402223470e+02 0.000000000000000000e+00 0.000000000000000000e+00
4.460000000000000000e+02 3.659937460235019557e+02 0.000000000000000000e+00 0.000000000000000000e+00
4.470000000000000000e+02 3.661137421240509866e+02 2.000000000000000000e+00 0.000000000000000000e+00
4.480000000000000000e+02 3.681939625996447489e+02 0.000000000000000000e+00 0.000000000000000000e+00
4.490000000000000000e+02 3.675301293238233598e+02 0.000000000000000000e+00 0.000000000000000000e+00
4.500000000000000000e+02 3.681148225905171785e+02 1.000000000000000000e+00 0.000000000000000000e+00
4.510000000000000000e+02 3.695714354176299707e+02 0.000000000000000000e+00 0.000000000000000000e+00
4.520000000000000000e+02 3.696677995112135022e+02 0.000000000000000000e+00 0.000000000000000000e+00
4.530000000000000000e+02 3.701432539516902693e+02 0.000000000000000000e+00 0.000000000000000000e+00
4.540000000000000000e+02 3.717290891374068451e+02 0.000000000000000000e+00 0.000000000000000000e+00
4.550000000000000000e+02 3.732370644042184722e+02 0.000000000000000000e+00 0.000000000000000000e+00
4.560000000000000000e+02 3.743262908347220446e+02 0.000000000000000000e+00 0.000000000000000000e+00
4.570000000000000000e+02 3.759717432844874452e+02 0.000000000000000000e+00 0.000000000000000000e+00
4.580000000000000000e+02 3.757412249944649716e+02 0.000000000000000000e+00 0.000000000000000000e+00
4.590000000000000000e+02 3.757445921455935718e+02 1.000000000000000000e+00 0.000000000000000000e+00
4.600000000000000000e+02 3.763743440608276387e+02 1.000000000000000000e+00 0.000000000000000000e+00
4.610000000000000000e+02 3.765799987204706554e+02 0.000000000000000000e+00 0.000000000000000000e+00
4.620000000000000000e+02 3.781009806404027245e+02 0.000000000000000000e+00 0.000000000000000000e+00
4.630000000000000000e+02 3.784954430178790972e+02 0.000000000000000000e+00 0.000000000000000000e+00
4.640000000000000000e+02 3.790654415880424040e+02 0.000000000000000000e+00 0.000000000000000000e+00
4.650000000000000000e+02 3.812173697578584779e+02 0.000000000000000000e+00 0.000000000000000000e+00
4.660000000000000000e+02 3.815801712504709826e+02 0.000000000000000000e+00 0.000000000000000000e+00
4.670000000000000000e+02 3.832072425714942483e+02 0.000000000000000000e+00 0.000000000000000000e+00
4.680000000000000000e+02 3.836818639537275430e+02 0.000000000000000000e+00 0.000000000000000000e+00
4.690000000000000000e+02 3.844621573448568483e+02 0.000000000000000000e+00 0.000000000000000000e+00
4.700000000000000000e+02 3.867842713403626931e+02 0.000000000000000000e+00 0.000000000000000000e+00
4.710000000000000000e+02 3.868890520080381634e+02 0.000000000000000000e+00 0.000000000000000000e+00
4.720000000000000000e+02 3.879100275215786837e+02 0.000000000000000000e+00 0.000000000000000000e+00
4.730000000000000000e+02 3.898596361640632608e+02 0.000000000000000000e+00 0.000000000000000000e+00
4.740000000000000000e+02 3.899706776692859762e+02 0.000000000000000000e+00 0.000000000000000000e+00
4.750000000000000000e+02 3.911164068333973205e+02 0.000000000000000000e+00 0.000000000000000000e+00
4.760000000000000000e+02 3.907752027410423921e+02 1.000000000000000000e+00 0.000000000000000000e+00
4.770000000000000000e+02 3.905022102754961111e+02 1.000000000000000000e+00 0.000000000000000000e+00
4.780000000000000000e+02 3.920038392646836201e+02 0.000000000000000000e+00 0.000000000000000000e+00
4.790000000000000000e+02 3.932914872575535128e+02 0.000000000000000000e+00 0.000000000000000000e+00
4.800000000000000000e+02 3.942979293712612048e+02 0.000000000000000000e+00 0.000000000000000000e+00
4.810000000000000000e+02 3.952827572397357017e+02 0.000000000000000000e+00 0.000000000000000000e+00
4.820000000000000000e+02 3.979877907724544457e+02 0.000000000000000000e+00 0.000000000000000000e+00
4.830000000000000000e+02 3.974063744886538529e+02 0.000000000000000000e+00 0.000000000000000000e+00
4.840000000000000000e+02 3.979108206061369515e+02 0.000000000000000000e+00 0.000000000000000000e+00
4.850000000000000000e+02 3.986663749702973405e+02 0.000000000000000000e+00 0.000000000000000000e+00
4.860000000000000000e+02 4.003679079136943528e+02 0.000000000000000000e+00 0.000000000000000000e+00
4.870000000000000000e+02 4.010629278319599393e+02 0.000000000000000000e+00 0.000000000000000000e+00
4.880000000000000000e+02 4.009907679392387649e+02 1.000000000000000000e+00 0.000000000000000000e+00
4.890000000000000000e+02 4.012146671872231423e+02 0.000000000000000000e+00 0.000000000000000000e+00
4.900000000000000000e+02 4.028242494448633693e+02 0.000000000000000000e+00 0.000000000000000000e+00
4.910000000000000000e+02 4.042088028740937489e+02 0.000000000000000000e+00 0.000000000000000000e+00
4.920000000000000000e+02 4.058693008676382306e+02 0.000000000000000000e+00 0.000000000000000000e+00
4.930000000000000000e+02 4.057245246265466108e+02 0.000000000000000000e+00 0.000000000000000000e+00
4.940000000000000000e+02 4.067016497221720783e+02 0.000000000000000000e+00 0.000000000000000000e+00
4.950000000000000000e+02 4.065487974657022505e+02 2.000000000000000000e+00 0.000000000000000000e+00
4.960000000000000000e+02 4.066379660133887910e+02 0.000000000000000000e+00 0.000000000000000000e+00
4.970000000000000000e+02 4.073366977849408386e+02 0.000000000000000000e+00 0.000000000000000000e+00
4.980000000000000000e+02 4.090528321928769060e+02 0.000000000000000000e+00 0.000000000000000000e+00
4.990000000000000000e+02 4.106182048780406717e+02 0.000000000000000000e+00 0.000000000000000000e+00
5.000000000000000000e+02 4.109025540525669840e+02 0.000000000000000000e+00 0.000000000000000000e+00
5.010000000000000000e+02 4.121696137792637273e+02 0.000000000000000000e+00 0.000000000000000000e+00
5.020000000000000000e+02 4.130987213365046387e+02 0.000000000000000000e+00 0.000000000000000000e+00
5.030000000000000000e+02 4.139719438773177558e+02 0.000000000000000000e+00 0.000000000000000000e+00
5.040000000000000000e+02 4.157093526888209567e+02 0.000000000000000000e+00 0.000000000000000000e+00
5.050000000000000000e+02 4.166223081395294798e+02 0.000000000000000000e+00 0.000000000000000000e+00
5.060000000000000000e+02 4.179079569795528641e+02 0.000000000000000000e+00 0.000000000000000000e+00
5.070000000000000000e+02 4.155961201446027644e+02 2.000000000000000000e+00 0.000000000000000000e+00
5.080000000000000000e+02 4.176347004149451436e+02 0.000000000000000000e+00 0.000000000000000000e+00
5.090000000000000000e+02 4.175823567325804220e+02 0.000000000000000000e+00 0.000000000000000000e+00
5.100000000000000000e+02 4.191598713741433357e+02 0.000000000000000000e+00 0.000000000000000000e+00
5.110000000000000000e+02 4.194997951933409581e+02 0.000000000000000000e+00 0.000000000000000000e+00
5.120000000000000000e+02 4.207601975222868305e+02 0.000000000000000000e+00 0.000000000000000000e+00
5.130000000000000000e+02 4.210598583970578375e+02 0.000000000000000000e+00 0.000000000000000000e+00
5.140000000000000000e+02 4.230210828070487423e+02 0.000000000000000000e+00 0.000000000000000000e+00
5.150000000000000000e+02 4.243087887797395297e+02 0.000000000000000000e+00 0.000000000000000000e+00
5.160000000000000000e+02 4.252826466926362059e+02 0.000000000000000000e+00 0.000000000000000000e+00
5.170000000000000000e+02 4.243804127872364802e+02 2.000000000000000000e+00 0.000000000000000000e+00
5.180000000000000000e+02 4.227434827154495451e+02 2.000000000000000000e+00 0.000000000000000000e+00
5.190000000000000000e+02 4.217380805978698959e+02 2.000000000000000000e+00 0.000000000000000000e+00
5.200000000000000000e+02 4.210180328609376943e+02 2.000000000000000000e+00 0.000000000000000000e+00
5.210000000000000000e+02 4.203110333881298857e+02 1.000000000000000000e+00 0.000000000000000000e+00
5.220000000000000000e+02 4.213068242247078956e+02 1.000000000000000000e+00 0.000000000000000000e+00
5.230000000000000000e+02 4.211215829281556466e+02 0.000000000000000000e+00 0.000000000000000000e+00
5.240000000000000000e+02 4.223824726149180719e+02 0.000000000000000000e+00 0.000000000000000000e+00
5.250000000000000000e+02 4.234584171351099258e+02 0.000000000000000000e+00 0.000000000000000000e+00
5.260000000000000000e+02 4.249749720009374414e+02 0.000000000000000000e+00 0.000000000000000000e+00
5.270000000000000000e+02 4.254874824615612852e+02 0.000000000000000000e+00 0.000000000000000000e+00
5.280000000000000000e+02 4.263851233584698548e+02 0.000000000000000000e+00 0.000000000000000000e+00
5.290000000000000000e+02 4.287246152406661963e+02 0.000000000000000000e+00 0.000000000000000000e+00
5.300000000000000000e+02 4.292483872266077469e+02 0.000000000000000000e+00 0.000000000000000000e+00
5.310000000000000000e+02 4.302252588697378428e+02 0.000000000000000000e+00 0.000000000000000000e+00
5.320000000000000000e+02 4.309695129805059537e+02 0.000000000000000000e+00 0.000000000000000000e+00
5.330000000000000000e+02 4.325097257097725674e+02 0.000000000000000000e+00 0.000000000000000000e+00
5.340000000000000000e+02 4.327894565686356145e+02 0.000000000000000000e+00 0.000000000000000000e+00
5.350000000000000000e+02 4.339833909370324250e+02 0.000000000000000000e+00 0.000000000000000000e+00
5.360000000000000000e+02 4.355632480713023824e+02 0.000000000000000000e+00 0.000000000000000000e+00
5.370000000000000000e+02 4.365762939916916139e+02 0.000000000000000000e+00 0.000000000000000000e+00
5.380000000000000000e+02 4.362971695127156977e+02 0.000000000000000000e+00 0.000000000000000000e+00
5.390000000000000000e+02 4.369365816569259664e+02 0.000000000000000000e+00 0.000000000000000000e+00
5.400000000000000000e+02 4.394832068985040792e+02 0.000000000000000000e+00 0.000000000000000000e+00
5.410000000000000000e+02 4.392800621220084736e+02 0.000000000000000000e+00 0.000000000000000000e+00
5.420000000000000000e+02 4.420285775063401275e+02 0.000000000000000000e+00 0.000000000000000000e+00
5.430000000000000000e+02 4.420266771366206058e+02 0.000000000000000000e+00 0.000000000000000000e+00
5.440000000000000000e+02 4.424083310285801645e+02 0.000000000000000000e+00 0.000000000000000000e+00
5.450000000000000000e+02 4.442811673318822727e+02 0.000000000000000000e+00 0.000000000000000000e+00
5.460000000000000000e+02 4.454224907054596088e+02 0.000000000000000000e+00 0.000000000000000000e+00
5.470000000000000000e+02 4.460173750915030269e+02 0.000000000000000000e+00 0.000000000000000000e+00
5.480000000000000000e+02 4.464363471717448988e+02 0.000000000000000000e+00 0.000000000000000000e+00
5.490000000000000000e+02 4.481661923292788288e+02 0.000000000000000000e+00 0.000000000000000000e+00
5.500000000000000000e+02 4.489490126449605327e+02 0.000000000000000000e+00 0.000000000000000000e+00
5.510000000000000000e+02 4.496130745573771605e+02 0.000000000000000000e+00 0.000000000000000000e+00
5.520000000000000000e+02 4.511424220580109363e+02 0.000000000000000000e+00 0.000000000000000000e+00
5.530000000000000000e+02 4.512210791862477777e+02 0.000000000000000000e+00 0.000000000000000000e+00
5.540000000000000000e+02 4.531052527782952666e+02 0.000000000000000000e+00 0.000000000000000000e+00
5.550000000000000000e+02 4.530182454905800569e+02 1.000000000000000000e+00 0.000000000000000000e+00
5.560000000000000000e+02 4.531307647210458640e+02 0.000000000000000000e+00 0.000000000000000000e+00
5.570000000000000000e+02 4.552040397151283742e+02 0.000000000000000000e+00 0.000000000000000000e+00
5.580000000000000000e+02 4.555157516713802011e+02 0.000000000000000000e+00 0.000000000000000000e+00
5.590000000000000000e+02 4.566025627397969515e+02 1.000000000000000000e+00 0.000000000000000000e+00
5.600000000000000000e+02 4.554944154273379695e+02 1.000000000000000000e+00 0.000000000000000000e+00
5.610000000000000000e+02 4.557916997683589102e+02 0.000000000000000000e+00 0.000000000000000000e+00
5.620000000000000000e+02 4.578566664322314068e+02 0.000000000000000000e+00 0.000000000000000000e+00
5.630000000000000000e+02 4.590778482058805707e+02 0.000000000000000000e+00 0.000000000000000000e+00
5.640000000000000000e+02 4.599445727202906937e+02 0.000000000000000000e+00 0.000000000000000000e+00
5.650000000000000000e+02 4.610282860463087786e+02 0.000000000000000000e+00 0.000000000000000000e+00
5.660000000000000000e+02 4.616854564831625112e+02 0.000000000000000000e+00 0.000000000000000000e+00
5.670000000000000000e+02 4.630144781157849252e+02 0.000000000000000000e+00 0.000000000000000000e+00
5.680000000000000000e+02 4.644707177316161051e+02 0.000000000000000000e+00 0.000000000000000000e+00
5.690000000000000000e+02 4.653629979800400633e+02 0.000000000000000000e+00 0.000000000000000000e+00
5.700000000000000000e+02 4.662179944615349996e+02 0.000000000000000000e+00 0.000000000000000000e+00
5.710000000000000000e+02 4.671709739415240392e+02 0.000000000000000000e+00 0.000000000000000000e+00
5.720000000000000000e+02 4.677248354271759467e+02 0.000000000000000000e+00 0.000000000000000000e+00
5.730000000000000000e+02 4.681670668977834566e+02 0.000000000000000000e+00 0.000000000000000000e+00
5.740000000000000000e+02 4.695782244142490072e+02 0.000000000000000000e+00 0.000000000000000000e+00
5.750000000000000000e+02 4.709989381773256127e+02 0.000000000000000000e+00 0.000000000000000000e+00
5.760000000000000000e+02 4.704099422376027064e+02 1.000000000000000000e+00 0.000000000000000000e+00
5.770000000000000000e+02 4.708977420231468614e+02 1.000000000000000000e+00 0.000000000000000000e+00
5.780000000000000000e+02 4.724491284770869584e+02 0.000000000000000000e+00 0.000000000000000000e+00
5.790000000000000000e+02 4.733219145656826186e+02 0.000000000000000000e+00 0.000000000000000000e+00
5.800000000000000000e+02 4.736314457980505495e+02 0.000000000000000000e+00 0.000000000000000000e+00
5.810000000000000000e+02 4.744408221814042008e+02 0.000000000000000000e+00 0.000000000000000000e+00
5.820000000000000000e+02 4.756212457546766359e+02 0.000000000000000000e+00 0.000000000000000000e+00
5.830000000000000000e+02 4.762502399394011263e+02 0.000000000000000000e+00 0.000000000000000000e+00
5.840000000000000000e+02 4.769729792702897271e+02 0.000000000000000000e+00 0.000000000000000000e+00
5.850000000000000000e+02 4.794940312179173247e+02 0.000000000000000000e+00 0.000000000000000000e+00
5.860000000000000000e+02 4.775582320958922082e+02 2.000000000000000000e+00 0.000000000000000000e+00
5.870000000000000000e+02 4.785480221527321874e+02 1.000000000000000000e+00 0.000000000000000000e+00
5.880000000000000000e+02 4.775874105113372252e+02 1.000000000000000000e+00 0.000000000000000000e+00
5.890000000000000000e+02 4.779031333090513272e+02 1.000000000000000000e+00 0.000000000000000000e+00
5.900000000000000000e+02 4.780342577715422294e+02 0.000000000000000000e+00 0.000000000000000000e+00
5.910000000000000000e+02 4.806007419280622912e+02 0.000000000000000000e+00 0.000000000000000000e+00
5.920000000000000000e+02 4.809254910812397839e+02 0.000000000000000000e+00 0.000000000000000000e+00
5.930000000000000000e+02 4.797324644805676144e+02 2.000000000000000000e+00 0.000000000000000000e+00
5.940000000000000000e+02 4.813779519435622660e+02 0.000000000000000000e+00 0.000000000000000000e+00
5.950000000000000000e+02 4.817581367749104970e+02 0.000000000000000000e+00 0.000000000000000000e+00
5.960000000000000000e+02 4.815670645129020500e+02 1.000000000000000000e+00 0.000000000000000000e+00
5.970000000000000000e+02 4.827575155018719784e+02 1.000000000000000000e+00 0.000000000000000000e+00
5.980000000000000000e+02 4.823844931139302048e+02 0.000000000000000000e+00 0.000000000000000000e+00
5.990000000000000000e+02 4.845962398410530909e+02 0.000000000000000000e+00 0.000000000000000000e+00
6.000000000000000000e+02 4.852259435834553756e+02 0.000000000000000000e+00 0.000000000000000000e+00
6.010000000000000000e+02 4.868657588642097949e+02 0.000000000000000000e+00 0.000000000000000000e+00
6.020000000000000000e+02 4.862382349425813572e+02 0.000000000000000000e+00 0.000000000000000000e+00
6.030000000000000000e+02 4.878754092135317251e+02 0.000000000000000000e+00 0.000000000000000000e+00
6.040000000000000000e+02 4.883996186354551696e+02 0.000000000000000000e+00 0.000000000000000000e+00
6.050000000000000000e+02 4.907541065362083827e+02 0.000000000000000000e+00 0.000000000000000000e+00
6.060000000000000000e+02 4.914881310023314995e+02 0.000000000000000000e+00 0.000000000000000000e+00
6.070000000000000000e+02 4.921334459102210417e+02 0.000000000000000000e+00 0.000000000000000000e+00
6.080000000000000000e+02 4.933304493347915809e+02 0.000000000000000000e+00 0.000000000000000000e+00
6.090000000000000000e+02 4.942111903367224954e+02 0.000000000000000000e+00 0.000000000000000000e+00
6.100000000000000000e+02 4.940723601028823282e+02 0.000000000000000000e+00 0.000000000000000000e+00
6.110000000000000000e+02 4.955924101400854056e+02 0.000000000000000000e+00 0.000000000000000000e+00
6.120000000000000000e+02 4.970218193002228873e+02 0.000000000000000000e+00 0.000000000000000000e+00
6.130000000000000000e+02 4.983355718518841400e+02 0.000000000000000000e+00 0.000000000000000000e+00
6.140000000000000000e+02 4.982948967660283301e+02 0.000000000000000000e+00 0.000000000000000000e+00
6.150000000000000000e+02 5.002957477092548970e+02 0.000000000000000000e+00 0.000000000000000000e+00
6.160000000000000000e+02 5.009433379062382983e+02 0.000000000000000000e+00 0.000000000000000000e+00
6.170000000000000000e+02 5.025593454241293330e+02 0.000000000000000000e+00 0.000000000000000000e+00
6.180000000000000000e+02 5.030095331154753353e+02 0.000000000000000000e+00 0.000000000000000000e+00
6.190000000000000000e+02 5.039817501172496463e+02 0.000000000000000000e+00 0.000000000000000000e+00
6.200000000000000000e+02 5.050409398474889144e+02 0.000000000000000000e+00 0.000000000000000000e+00
6.210000000000000000e+02 5.040012028655461336e+02 2.000000000000000000e+00 0.000000000000000000e+00
6.220000000000000000e+02 5.046936413619096697e+02 1.000000000000000000e+00 0.000000000000000000e+00
6.230000000000000000e+02 5.055101969743482755e+02 0.000000000000000000e+00 0.000000000000000000e+00
6.240000000000000000e+02 5.067370652794591024e+02 0.000000000000000000e+00 0.000000000000000000e+00
6.250000000000000000e+02 5.054667408705531670e+02 1.000000000000000000e+00 0.000000000000000000e+00
6.260000000000000000e+02 5.045760895994080215e+02 2.000000000000000000e+00 0.000000000000000000e+00
6.270000000000000000e+02 5.049437789168613904e+02 1.000000000000000000e+00 0.000000000000000000e+00
6.280000000000000000e+02 5.046564391355183261e+02 2.000000000000000000e+00 0.000000000000000000e+00
6.290000000000000000e+02 5.052568829456897674e+02 0.000000000000000000e+00 0.000000000000000000e+00
6.300000000000000000e+02 5.059309963165374597e+02 0.000000000000000000e+00 0.000000000000000000e+00
6.310000000000000000e+02 5.066685799493260447e+02 0.000000000000000000e+00 0.000000000000000000e+00
6.320000000000000000e+02 5.082319795935248408e+02 0.000000000000000000e+00 0.000000000000000000e+00
6.330000000000000000e+02 5.076503622482870810e+02 1.000000000000000000e+00 0.000000000000000000e+00
6.340000000000000000e+02 5.091525199419627938e+02 0.000000000000000000e+00 0.000000000000000000e+00
6.350000000000000000e+02 5.096676997413989056e+02 0.000000000000000000e+00 0.000000000000000000e+00
6.360000000000000000e+02 5.115733123702412968e+02 0.000000000000000000e+00 0.000000000000000000e+00
6.370000000000000000e+02 5.117156854783522704e+02 0.000000000000000000e+00 0.000000000000000000e+00
6.380000000000000000e+02 5.130924859965956557e+02 0.000000000000000000e+00 0.000000000000000000e+00
6.390000000000000000e+02 5.138830524126190085e+02 0.000000000000000000e+00 0.000000000000000000e+00
6.400000000000000000e+02 5.148461143175194366e+02 0.000000000000000000e+00 0.000000000000000000e+00
6.410000000000000000e+02 5.153576283942398959e+02 0.000000000000000000e+00 0.000000000000000000e+00
6.420000000000000000e+02 5.178832026053424897e+02 0.000000000000000000e+00 0.000000000000000000e+00
6.430000000000000000e+02 5.173360943337627305e+02 1.000000000000000000e+00 0.000000000000000000e+00
6.440000000000000000e+02 5.172898084534933787e+02 0.000000000000000000e+00 0.000000000000000000e+00
6.450000000000000000e+02 5.188193476062103855e+02 0.000000000000000000e+00 0.000000000000000000e+00
6.460000000000000000e+02 5.178903882629304007e+02 2.000000000000000000e+00 0.000000000000000000e+00
6.470000000000000000e+02 5.170034607472656489e+02 2.000000000000000000e+00 0.000000000000000000e+00
6.480000000000000000e+02 5.151474014927053986e+02 2.000000000000000000e+00 0.000000000000000000e+00
6.490000000000000000e+02 5.170093267572634659e+02 0.000000000000000000e+00 0.000000000000000000e+00
6.500000000000000000e+02 5.184830588747348656e+02 0.000000000000000000e+00 0.000000000000000000e+00
6.510000000000000000e+02 5.184758093451412151e+02 0.000000000000000000e+00 0.000000000000000000e+00
6.520000000000000000e+02 5.195572372383419406e+02 0.000000000000000000e+00 0.000000000000000000e+00
6.530000000000000000e+02 5.213951204320203487e+02 0.000000000000000000e+00 0.000000000000000000e+00
6.540000000000000000e+02 5.214899571585189051e+02 0.000000000000000000e+00 0.000000000000000000e+00
6.550000000000000000e+02 5.232898738121022006e+02 0.000000000000000000e+00 0.000000000000000000e+00
6.560000000000000000e+02 5.232978588770305350e+02 1.000000000000000000e+00 0.000000000000000000e+00
6.570000000000000000e+02 5.222102492225951664e+02 2.000000000000000000e+00 0.000000000000000000e+00
6.580000000000000000e+02 5.200534325108083067e+02 2.000000000000000000e+00 0.000000000000000000e+00
6.590000000000000000e+02 5.199051030276618803e+02 2.000000000000000000e+00 0.000000000000000000e+00
6.600000000000000000e+02 5.196365569995768965e+02 2.000000000000000000e+00 0.000000000000000000e+00
6.610000000000000000e+02 5.190961703189186665e+02 0.000000000000000000e+00 0.000000000000000000e+00
6.620000000000000000e+02 5.204776639814818964e+02 1.000000000000000000e+00 0.000000000000000000e+00
6.630000000000000000e+02 5.209756649419279029e+02 0.000000000000000000e+00 0.000000000000000000e+00
6.640000000000000000e+02 5.220241131674309827e+02 0.000000000000000000e+00 0.000000000000000000e+00
6.650000000000000000e+02 5.226812724902447371e+02 0.000000000000000000e+00 0.000000000000000000e+00
6.660000000000000000e+02 5.241991852165571117e+02 0.000000000000000000e+00 0.000000000000000000e+00
6.670000000000000000e+02 5.248092305745698241e+02 0.000000000000000000e+00 0.000000000000000000e+00
6.680000000000000000e+02 5.257578795423019073e+02 0.000000000000000000e+00 0.000000000000000000e+00
6.690000000000000000e+02 5.274739324345509885e+02 0.000000000000000000e+00 0.000000000000000000e+00
6.700000000000000000e+02 5.275543521905899524e+02 0.000000000000000000e+00 0.000000000000000000e+00
6.710000000000000000e+02 5.289435858631873089e+02 0.000000000000000000e+00 0.000000000000000000e+00
6.720000000000000000e+02 5.293037554734256673e+02 1.000000000000000000e+00 0.000000000000000000e+00
6.730000000000000000e+02 5.297759586058250534e+02 0.000000000000000000e+00 0.000000000000000000e+00
6.740000000000000000e+02 5.301363734521132756e+02 0.000000000000000000e+00 0.000000000000000000e+00
6.750000000000000000e+02 5.323088734619076376e+02 0.000000000000000000e+00 0.000000000000000000e+00
6.760000000000000000e+02 5.334520442830742013e+02 0.000000000000000000e+00 0.000000000000000000e+00
6.770000000000000000e+02 5.344496810287954531e+02 0.000000000000000000e+00 0.000000000000000000e+00
6.780000000000000000e+02 5.345994442322676150e+02 0.000000000000000000e+00 0.000000000000000000e+00
6.790000000000000000e+02 5.359083198595537851e+02 0.000000000000000000e+00 0.000000000000000000e+00
6.800000000000000000e+02 5.371969823383300309e+02 0.000000000000000000e+00 0.000000000000000000e+00
6.810000000000000000e+02 5.378881120993623881e+02 0.000000000000000000e+00 0.000000000000000000e+00
6.820000000000000000e+02 5.398866401395947605e+02 0.000000000000000000e+00 0.000000000000000000e+00
6.830000000000000000e+02 5.403306026360100986e+02 0.000000000000000000e+00 0.000000000000000000e+00
6.840000000000000000e+02 5.415721123782327595e+02 0.000000000000000000e+00 0.000000000000000000e+00
6.850000000000000000e+02 5.419928959309680749e+02 0.000000000000000000e+00 0.000000000000000000e+00
6.860000000000000000e+02 5.436355802502388315e+02 0.000000000000000000e+00 0.000000000000000000e+00
6.870000000000000000e+02 5.439026066663711845e+02 0.000000000000000000e+00 0.000000000000000000e+00
6.880000000000000000e+02 5.442518768074708078e+02 0.000000000000000000e+00 0.000000000000000000e+00
6.890000000000000000e+02 5.457121033555712302e+02 0.000000000000000000e+00 0.000000000000000000e+00
6.900000000000000000e+02 5.473061963746544052e+02 0.000000000000000000e+00 0.000000000000000000e+00
6.910000000000000000e+02 5.475665668560405948e+02 0.000000000000000000e+00 0.000000000000000000e+00
6.920000000000000000e+02 5.474762198665381447e+02 2.000000000000000000e+00 0.000000000000000000e+00
6.930000000000000000e+02 5.488247842434602717e+02 0.000000000000000000e+00 0.000000000000000000e+00
6.940000000000000000e+02 5.492472684799532772e+02 0.000000000000000000e+00 0.000000000000000000e+00
6.950000000000000000e+02 5.503186690149804008e+02 0.000000000000000000e+00 0.000000000000000000e+00
6.960000000000000000e+02 5.498784439030155227e+02 0.000000000000000000e+00 0.000000000000000000e+00
6.970000000000000000e+02 5.512424658615293538e+02 1.000000000000000000e+00 0.000000000000000000e+00
6.980000000000000000e+02 5.520601285049294802e+02 0.000000000000000000e+00 0.000000000000000000e+00
6.990000000000000000e+02 5.534795453662724185e+02 0.000000000000000000e+00 0.000000000000000000e+00
7.000000000000000000e+02 5.538845660189905402e+02 0.000000000000000000e+00 0.000000000000000000e+00
7.010000000000000000e+02 5.540378741423370457e+02 0.000000000000000000e+00 0.000000000000000000e+00
7.020000000000000000e+02 5.548779788716487928e+02 0.000000000000000000e+00 0.000000000000000000e+00
7.030000000000000000e+02 5.572040425573788980e+02 0.000000000000000000e+00 0.000000000000000000e+00
7.040000000000000000e+02 5.554240832263750463e+02 2.000000000000000000e+00 0.000000000000000000e+00
7.050000000000000000e+02 5.564216256703374484e+02 0.000000000000000000e+00 0.000000000000000000e+00
7.060000000000000000e+02 5.573685064873296824e+02 0.000000000000000000e+00 0.000000000000000000e+00
7.070000000000000000e+02 5.573491484136508234e+02 2.000000000000000000e+00 0.000000000000000000e+00
7.080000000000000000e+02 5.553595011993895696e+02 2.000000000000000000e+00 0.000000000000000000e+00
7.090000000000000000e+02 5.552881262486984042e+02 2.000000000000000000e+00 0.000000000000000000e+00
7.100000000000000000e+02 5.559968998160552474e+02 0.000000000000000000e+00 0.000000000000000000e+00
7.110000000000000000e+02 5.569761021274176755e+02 0.000000000000000000e+00 0.000000000000000000e+00
7.120000000000000000e+02 5.574799500750240213e+02 1.000000000000000000e+00 0.000000000000000000e+00
7.130000000000000000e+02 5.582490983079723037e+02 0.000000000000000000e+00 0.000000000000000000e+00
7.140000000000000000e+02 5.567280128391273593e+02 2.000000000000000000e+00 0.000000000000000000e+00
7.150000000000000000e+02 5.560011228690767666e+02 2.000000000000000000e+00 0.000000000000000000e+00
7.160000000000000000e+02 5.563231116111953725e+02 0.000000000000000000e+00 0.000000000000000000e+00
7.170000000000000000e+02 5.580902748070402595e+02 0.000000000000000000e+00 0.000000000000000000e+00
7.180000000000000000e+02 5.597642584407595905e+02 0.000000000000000000e+00 0.000000000000000000e+00
7.190000000000000000e+02 5.597100256301263244e+02 0.000000000000000000e+00 0.000000000000000000e+00
7.200000000000000000e+02 5.605199531487018021e+02 0.000000000000000000e+00 0.000000000000000000e+00
7.210000000000000000e+02 5.622667533869835097e+02 0.000000000000000000e+00 0.000000000000000000e+00
7.220000000000000000e+02 5.635333320029836841e+02 0.000000000000000000e+00 0.000000000000000000e+00
7.230000000000000000e+02 5.629596837656927164e+02 0.000000000000000000e+00 0.000000000000000000e+00
7.240000000000000000e+02 5.652838815539880670e+02 0.000000000000000000e+00 0.000000000000000000e+00
7.250000000000000000e+02 5.654496600405310573e+02 0.000000000000000000e+00 0.000000000000000000e+00
7.260000000000000000e+02 5.669398726878816888e+02 0.000000000000000000e+00 0.000000000000000000e+00
7.270000000000000000e+02 5.680659166283616059e+02 0.000000000000000000e+00 0.000000000000000000e+00
7.280000000000000000e+02 5.690106241396032374e+02 0.000000000000000000e+00 0.000000000000000000e+00
7.290000000000000000e+02 5.680763071351987037e+02 2.000000000000000000e+00 0.000000000000000000e+00
7.300000000000000000e+02 5.683778639623444633e+02 1.000000000000000000e+00 0.000000000000000000e+00
7.310000000000000000e+02 5.691122283485451590e+02 0.000000000000000000e+00 0.000000000000000000e+00
7.320000000000000000e+02 5.700777289079579759e+02 0.000000000000000000e+00 0.000000000000000000e+00
7.330000000000000000e+02 5.711167180532786460e+02 0.000000000000000000e+00 0.000000000000000000e+00
7.340000000000000000e+02 5.713538809428298464e+02 0.000000000000000000e+00 0.000000000000000000e+00
7.350000000000000000e+02 5.734122343402987099e+02 0.000000000000000000e+00 0.000000000000000000e+00
7.360000000000000000e+02 5.741937833540614520e+02 0.000000000000000000e+00 0.000000000000000000e+00
7.370000000000000000e+02 5.752940720949883371e+02 0.000000000000000000e+00 0.000000000000000000e+00
7.380000000000000000e+02 5.752809382683329886e+02 0.000000000000000000e+00 0.000000000000000000e+00
7.390000000000000000e+02 5.773111005967690517e+02 0.000000000000000000e+00 0.000000000000000000e+00
7.400000000000000000e+02 5.783944888297139642e+02 0.000000000000000000e+00 0.000000000000000000e+00
7.410000000000000000e+02 5.799054363195292581e+02 0.000000000000000000e+00 0.000000000000000000e+00
7.420000000000000000e+02 5.804689168906866144e+02 0.000000000000000000e+00 0.000000000000000000e+00
7.430000000000000000e+02 5.810752927390786908e+02 0.000000000000000000e+00 0.000000000000000000e+00
7.440000000000000000e+02 5.820447312024452913e+02 0.000000000000000000e+00 0.000000000000000000e+00
7.450000000000000000e+02 5.828040924080310106e+02 0.000000000000000000e+00 0.000000000000000000e+00
7.460000000000000000e+02 5.844778472150596826e+02 0.000000000000000000e+00 0.000000000000000000e+00
7.470000000000000000e+02 5.850041333183595498e+02 0.000000000000000000e+00 0.000000000000000000e+00
7.480000000000000000e+02 5.854828322944558749e+02 0.000000000000000000e+00 0.000000000000000000e+00
7.490000000000000000e+02 5.873231360896551223e+02 0.000000000000000000e+00 0.000000000000000000e+00
7.500000000000000000e+02 5.881908645599244210e+02 0.000000000000000000e+00 0.000000000000000000e+00
7.510000000000000000e+02 5.895995703384502349e+02 0.000000000000000000e+00 0.000000000000000000e+00
7.520000000000000000e+02 5.902441607072958050e+02 0.000000000000000000e+00 0.000000000000000000e+00
7.530000000000000000e+02 5.916141976654600967e+02 0.000000000000000000e+00 0.000000000000000000e+00
7.540000000000000000e+02 5.914420570016469583e+02 0.000000000000000000e+00 0.000000000000000000e+00
7.550000000000000000e+02 5.919999485713543663e+02 0.000000000000000000e+00 0.000000000000000000e+00
7.560000000000000000e+02 5.932646375575540105e+02 0.000000000000000000e+00 0.000000000000000000e+00
7.570000000000000000e+02 5.951982294525830639e+02 0.000000000000000000e+00 0.000000000000000000e+00
7.580000000000000000e+02 5.956740426457632793e+02 0.000000000000000000e+00 0.000000000000000000e+00
7.590000000000000000e+02 5.972647404048678936e+02 0.000000000000000000e+00 0.000000000000000000e+00
7.600000000000000000e+02 5.980461497760037446e+02 0.000000000000000000e+00 0.000000000000000000e+00
7.610000000000000000e+02 5.996631265379045317e+02 0.000000000000000000e+00 0.000000000000000000e+00
7.620000000000000000e+02 6.003357441353788317e+02 0.000000000000000000e+00 0.000000000000000000e+00
7.630000000000000000e+02 5.988128686795724889e+02 2.000000000000000000e+00 0.000000000000000000e+00
7.640000000000000000e+02 6.009198209072343388e+02 0.000000000000000000e+00 0.000000000000000000e+00
7.650000000000000000e+02 5.989487972283297950e+02 1.000000000000000000e+00 0.000000000000000000e+00
7.660000000000000000e+02 6.011382182120216839e+02 0.000000000000000000e+00 0.000000000000000000e+00
7.670000000000000000e+02 6.012077476528629632e+02 0.000000000000000000e+00 0.000000000000000000e+00
7.680000000000000000e+02 6.039030772676904917e+02 0.000000000000000000e+00 0.000000000000000000e+00
7.690000000000000000e+02 6.034716986281212030e+02 0.000000000000000000e+00 0.000000000000000000e+00
7.700000000000000000e+02 6.047525762450021602e+02 0.000000000000000000e+00 0.000000000000000000e+00
7.710000000000000000e+02 6.042579980531493220e+02 2.000000000000000000e+00 0.000000000000000000e+00
7.720000000000000000e+02 6.058969759676944022e+02 0.000000000000000000e+00 0.000000000000000000e+00
7.730000000000000000e+02 6.059665542750387885e+02 0.000000000000000000e+00 0.000000000000000000e+00
7.740000000000000000e+02 6.076435221096751320e+02 0.000000000000000000e+00 0.000000000000000000e+00
7.750000000000000000e+02 6.083034015924222331e+02 0.000000000000000000e+00 0.000000000000000000e+00
7.760000000000000000e+02 6.088402565867160092e+02 0.000000000000000000e+00 0.000000000000000000e+00
7.770000000000000000e+02 6.097755125417717181e+02 0.000000000000000000e+00 0.000000000000000000e+00
7.780000000000000000e+02 6.111258198311528531e+02 0.000000000000000000e+00 0.000000000000000000e+00
7.790000000000000000e+02 6.117306004671639812e+02 0.000000000000000000e+00 0.000000000000000000e+00
7.800000000000000000e+02 6.127339758141786206e+02 0.000000000000000000e+00 0.000000000000000000e+00
7.810000000000000000e+02 6.135115725208067943e+02 0.000000000000000000e+00 0.000000000000000000e+00
7.820000000000000000e+02 6.154298118890549176e+02 0.000000000000000000e+00 0.000000000000000000e+00
7.830000000000000000e+02 6.154763534234548388e+02 0.000000000000000000e+00 0.000000000000000000e+00
7.840000000000000000e+02 6.177757330919171181e+02 0.000000000000000000e+00 0.000000000000000000e+00
7.850000000000000000e+02 6.179032359372396286e+02 0.000000000000000000e+00 0.000000000000000000e+00
7.860000000000000000e+02 6.189540098253364704e+02 0.000000000000000000e+00 0.000000000000000000e+00
7.870000000000000000e+02 6.194320501939969290e+02 0.000000000000000000e+00 0.000000000000000000e+00
7.880000000000000000e+02 6.213210892722053131e+02 0.000000000000000000e+00 0.000000000000000000e+00
7.890000000000000000e+02 6.216927906632359964e+02 0.000000000000000000e+00 0.000000000000000000e+00
7.900000000000000000e+02 6.227916802413774349e+02 0.000000000000000000e+00 0.000000000000000000e+00
7.910000000000000000e+02 6.240033256426464732e+02 0.000000000000000000e+00 0.000000000000000000e+00
7.920000000000000000e+02 6.242302973623557136e+02 0.000000000000000000e+00 0.000000000000000000e+00
7.930000000000000000e+02 6.269348810951549922e+02 0.000000000000000000e+00 0.000000000000000000e+00
7.940000000000000000e+02 6.265528982753969558e+02 0.000000000000000000e+00 0.000000000000000000e+00
7.950000000000000000e+02 6.275106772712236989e+02 0.000000000000000000e+00 0.000000000000000000e+00
7.960000000000000000e+02 6.291605448954230724e+02 0.000000000000000000e+00 0.000000000000000000e+00
7.970000000000000000e+02 6.300056860764925659e+02 0.000000000000000000e+00 0.000000000000000000e+00
7.980000000000000000e+02 6.307401340287079847e+02 0.000000000000000000e+00 0.000000000000000000e+00
7.990000000000000000e+02 6.325428334557659582e+02 0.000000000000000000e+00 0.000000000000000000e+00
8.000000000000000000e+02 6.329240113262561636e+02 0.000000000000000000e+00 0.000000000000000000e+00
