time	position	state	ATP_bound
1.000000000000000000e+00 2.089695467015814323e+00 0.000000000000000000e+00 0.000000000000000000e+00
2.000000000000000000e+00 3.068737287491328125e+00 0.000000000000000000e+00 0.000000000000000000e+00
3.000000000000000000e+00 3.492871218599197913e+00 0.000000000000000000e+00 0.000000000000000000e+00
4.000000000000000000e+00 4.306720396819154750e+00 0.000000000000000000e+00 0.000000000000000000e+00
5.000000000000000000e+00 5.433243584706525020e+00 0.000000000000000000e+00 0.000000000000000000e+00
6.000000000000000000e+00 5.070812255571500948e+00 0.000000000000000000e+00 0.000000000000000000e+00
7.000000000000000000e+00 7.069012458236543672e+00 0.000000000000000000e+00 0.000000000000000000e+00
8.000000000000000000e+00 5.625055493511912807e+00 2.000000000000000000e+00 0.000000000000000000e+00
9.000000000000000000e+00 5.091164690362667500e+00 2.000000000000000000e+00 0.000000000000000000e+00
1.000000000000000000e+01 6.258663397918592608e+00 0.000000000000000000e+00 0.000000000000000000e+00
1.100000000000000000e+01 7.543158545984998575e+00 0.000000000000000000e+00 0.000000000000000000e+00
1.200000000000000000e+01 8.356598305669564297e+00 0.000000000000000000e+00 0.000000000000000000e+00
1.300000000000000000e+01 9.019032477373302825e+00 0.000000000000000000e+00 0.000000000000000000e+00
1.400000000000000000e+01 9.490021971839102122e+00 1.000000000000000000e+00 0.000000000000000000e+00
1.500000000000000000e+01 9.848853356131318293e+00 0.000000000000000000e+00 0.000000000000000000e+00
1.600000000000000000e+01 1.210722157194069482e+01 0.000000000000000000e+00 0.000000000000000000e+00
1.700000000000000000e+01 1.141302030706217252e+01 0.000000000000000000e+00 0.000000000000000000e+00
1.800000000000000000e+01 1.329506698202262704e+01 0.000000000000000000e+00 0.000000000000000000e+00
1.900000000000000000e+01 1.405645893742513408e+01 0.000000000000000000e+00 0.000000000000000000e+00
2.000000000000000000e+01 1.556885788562581396e+01 0.000000000000000000e+00 0.000000000000000000e+00
2.100000000000000000e+01 1.536158813551048752e+01 0.000000000000000000e+00 0.000000000000000000e+00
2.200000000000000000e+01 1.726396333191013355e+01 0.000000000000000000e+00 0.000000000000000000e+00
2.300000000000000000e+01 1.756528771240106934e+01 1.000000000000000000e+00 0.000000000000000000e+00
2.400000000000000000e+01 1.630669860445694042e+01 2.000000000000000000e+00 0.000000000000000000e+00
2.500000000000000000e+01 1.630266981694083483e+01 0.000000000000000000e+00 0.000000000000000000e+00
2.600000000000000000e+01 1.745881023630062145e+01 0.000000000000000000e+00 0.000000000000000000e+00
2.700000000000000000e+01 1.972204109545988260e+01 0.000000000000000000e+00 0.000000000000000000e+00
2.800000000000000000e+01 2.024494890122236868e+01 0.000000000000000000e+00 0.000000000000000000e+00
2.900000000000000000e+01 2.087131975020433927e+01 0.000000000000000000e+00 0.000000000000000000e+00
3.000000000000000000e+01 2.180931126944809151e+01 0.000000000000000000e+00 0.000000000000000000e+00
3.100000000000000000e+01 2.218965649107957105e+01 0.000000000000000000e+00 0.000000000000000000e+00
3.200000000000000000e+01 2.476159714467386763e+01 0.000000000000000000e+00 0.000000000000000000e+00
3.300000000000000000e+01 2.567336788145491511e+01 0.000000000000000000e+00 0.000000000000000000e+00
3.400000000000000000e+01 2.657361679014487876e+01 0.000000000000000000e+00 0.000000000000000000e+00
3.500000000000000000e+01 2.705265752770896626e+01 0.000000000000000000e+00 0.000000000000000000e+00
3.600000000000000000e+01 2.872951830809395091e+01 0.000000000000000000e+00 0.000000000000000000e+00
3.700000000000000000e+01 2.962160162233636740e+01 0.000000000000000000e+00 0.000000000000000000e+00
3.800000000000000000e+01 2.947973818359345444e+01 0.000000000000000000e+00 0.000000000000000000e+00
3.900000000000000000e+01 3.044925685013280869e+01 0.000000000000000000e+00 0.000000000000000000e+00
4.000000000000000000e+01 3.179349896724956892e+01 0.000000000000000000e+00 0.000000000000000000e+00
4.100000000000000000e+01 3.264484741101733078e+01 0.000000000000000000e+00 0.000000000000000000e+00
4.200000000000000000e+01 3.503032629251939056e+01 0.000000000000000000e+00 0.000000000000000000e+00
4.300000000000000000e+01 3.474616471390425687e+01 0.000000000000000000e+00 0.000000000000000000e+00
4.400000000000000000e+01 3.600876587994782341e+01 0.000000000000000000e+00 0.000000000000000000e+00
4.500000000000000000e+01 3.683133684978564304e+01 0.000000000000000000e+00 0.000000000000000000e+00
4.600000000000000000e+01 3.983510776275851839e+01 0.000000000000000000e+00 0.000000000000000000e+00
4.700000000000000000e+01 3.946343129333085642e+01 0.000000000000000000e+00 0.000000000000000000e+00
4.800000000000000000e+01 4.071746188524186749e+01 0.000000000000000000e+00 0.000000000000000000e+00
4.900000000000000000e+01 4.033371667538154526e+01 1.000000000000000000e+00 0.000000000000000000e+00
5.000000000000000000e+01 4.081202005461113913e+01 0.000000000000000000e+00 0.000000000000000000e+00
5.100000000000000000e+01 4.254506928311158021e+01 0.000000000000000000e+00 0.000000000000000000e+00
5.200000000000000000e+01 4.350614534573112735e+01 0.000000000000000000e+00 0.000000000000000000e+00
5.300000000000000000e+01 4.412949861679300056e+01 0.000000000000000000e+00 0.000000000000000000e+00
5.400000000000000000e+01 4.398301745542760699e+01 0.000000000000000000e+00 0.000000000000000000e+00
5.500000000000000000e+01 4.564414378416511653e+01 0.000000000000000000e+00 0.000000000000000000e+00
5.600000000000000000e+01 4.709247547194676287e+01 0.000000000000000000e+00 0.000000000000000000e+00
5.700000000000000000e+01 4.781834406150105821e+01 0.000000000000000000e+00 0.000000000000000000e+00
5.800000000000000000e+01 4.837601181565233333e+01 1.000000000000000000e+00 0.000000000000000000e+00
5.900000000000000000e+01 4.915011562104221809e+01 0.000000000000000000e+00 0.000000000000000000e+00
6.000000000000000000e+01 5.000935650066725202e+01 0.000000000000000000e+00 0.000000000000000000e+00
6.100000000000000000e+01 4.974904511624651349e+01 1.000000000000000000e+00 0.000000000000000000e+00
6.200000000000000000e+01 5.030280745623601035e+01 1.000000000000000000e+00 0.000000000000000000e+00
6.300000000000000000e+01 5.091508118470662225e+01 0.000000000000000000e+00 0.000000000000000000e+00
6.400000000000000000e+01 5.245557607392084520e+01 0.000000000000000000e+00 0.000000000000000000e+00
6.500000000000000000e+01 5.273986436718959681e+01 0.000000000000000000e+00 0.000000000000000000e+00
6.600000000000000000e+01 5.366769489499056789e+01 0.000000000000000000e+00 0.000000000000000000e+00
6.700000000000000000e+01 5.532554725547939256e+01 0.000000000000000000e+00 0.000000000000000000e+00
6.800000000000000000e+01 5.595040430124906550e+01 0.000000000000000000e+00 0.000000000000000000e+00
6.900000000000000000e+01 5.747079991446889125e+01 0.000000000000000000e+00 0.000000000000000000e+00
7.000000000000000000e+01 5.657725905606694994e+01 2.000000000000000000e+00 0.000000000000000000e+00
7.100000000000000000e+01 5.666110947543230481e+01 0.000000000000000000e+00 0.000000000000000000e+00
7.200000000000000000e+01 5.710408055401107674e+01 0.000000000000000000e+00 0.000000000000000000e+00
7.300000000000000000e+01 5.894006513559823901e+01 0.000000000000000000e+00 0.000000000000000000e+00
7.400000000000000000e+01 6.020989016134559790e+01 0.000000000000000000e+00 0.000000000000000000e+00
7.500000000000000000e+01 6.103776488070099759e+01 0.000000000000000000e+00 0.000000000000000000e+00
7.600000000000000000e+01 6.246648827728532893e+01 0.000000000000000000e+00 0.000000000000000000e+00
7.700000000000000000e+01 6.177291532979349142e+01 1.000000000000000000e+00 0.000000000000000000e+00
7.800000000000000000e+01 6.193115053196526532e+01 0.000000000000000000e+00 0.000000000000000000e+00
7.900000000000000000e+01 6.428466354427204976e+01 0.000000000000000000e+00 0.000000000000000000e+00
8.000000000000000000e+01 6.485085110640635264e+01 0.000000000000000000e+00 0.000000000000000000e+00
8.100000000000000000e+01 6.573853669492406482e+01 0.000000000000000000e+00 0.000000000000000000e+00
8.200000000000000000e+01 6.646386194731539376e+01 0.000000000000000000e+00 0.000000000000000000e+00
8.300000000000000000e+01 6.758599360232173581e+01 0.000000000000000000e+00 0.000000000000000000e+00
8.400000000000000000e+01 6.956029979985264333e+01 0.000000000000000000e+00 0.000000000000000000e+00
8.500000000000000000e+01 7.033890336674518551e+01 0.000000000000000000e+00 0.000000000000000000e+00
8.600000000000000000e+01 7.135025696023286912e+01 0.000000000000000000e+00 0.000000000000000000e+00
8.700000000000000000e+01 7.207094579234291132e+01 0.000000000000000000e+00 0.000000000000000000e+00
8.800000000000000000e+01 7.291084529021520666e+01 0.000000000000000000e+00 0.000000000000000000e+00
8.900000000000000000e+01 7.400370388278750511e+01 0.000000000000000000e+00 0.000000000000000000e+00
9.000000000000000000e+01 7.435657509708477164e+01 0.000000000000000000e+00 0.000000000000000000e+00
9.100000000000000000e+01 7.569507104904869266e+01 0.000000000000000000e+00 0.000000000000000000e+00
9.200000000000000000e+01 7.624986553252702493e+01 0.000000000000000000e+00 0.000000000000000000e+00
9.300000000000000000e+01 7.827462088873822665e+01 0.000000000000000000e+00 0.000000000000000000e+00
9.400000000000000000e+01 7.966546204299774558e+01 0.000000000000000000e+00 0.000000000000000000e+00
9.500000000000000000e+01 7.980869596963165691e+01 0.000000000000000000e+00 0.000000000000000000e+00
9.600000000000000000e+01 8.051700362761583563e+01 0.000000000000000000e+00 0.000000000000000000e+00
9.700000000000000000e+01 8.116053427467271320e+01 0.000000000000000000e+00 0.000000000000000000e+00
9.800000000000000000e+01 8.320667350562109732e+01 0.000000000000000000e+00 0.000000000000000000e+00
9.900000000000000000e+01 8.296897692057525830e+01 0.000000000000000000e+00 0.000000000000000000e+00
1.000000000000000000e+02 8.409709742440966806e+01 0.000000000000000000e+00 0.000000000000000000e+00
1.010000000000000000e+02 8.445197101403624629e+01 1.000000000000000000e+00 0.000000000000000000e+00
1.020000000000000000e+02 8.582579893703342577e+01 0.000000000000000000e+00 0.000000000000000000e+00
1.030000000000000000e+02 8.647176318223874603e+01 0.000000000000000000e+00 0.000000000000000000e+00
1.040000000000000000e+02 8.651768118487953529e+01 2.000000000000000000e+00 0.000000000000000000e+00
1.050000000000000000e+02 8.540137268189587871e+01 2.000000000000000000e+00 0.000000000000000000e+00
1.060000000000000000e+02 8.387147656472446045e+01 2.000000000000000000e+00 0.000000000000000000e+00
1.070000000000000000e+02 8.511289911931049801e+01 0.000000000000000000e+00 0.000000000000000000e+00
1.080000000000000000e+02 8.581934289789884929e+01 0.000000000000000000e+00 0.000000000000000000e+00
1.090000000000000000e+02 8.655727326567550506e+01 0.000000000000000000e+00 0.000000000000000000e+00
1.100000000000000000e+02 8.800706057281051642e+01 0.000000000000000000e+00 0.000000000000000000e+00
1.110000000000000000e+02 8.911408386147972749e+01 0.000000000000000000e+00 0.000000000000000000e+00
1.120000000000000000e+02 9.075530675619377519e+01 0.000000000000000000e+00 0.000000000000000000e+00
1.130000000000000000e+02 9.113585455650574829e+01 0.000000000000000000e+00 0.000000000000000000e+00
1.140000000000000000e+02 9.171010924211266513e+01 0.000000000000000000e+00 0.000000000000000000e+00
1.150000000000000000e+02 9.405144167227007301e+01 0.000000000000000000e+00 0.000000000000000000e+00
1.160000000000000000e+02 9.149696511128092880e+01 2.000000000000000000e+00 0.000000000000000000e+00
1.170000000000000000e+02 9.120022990953191311e+01 2.000000000000000000e+00 0.000000000000000000e+00
1.180000000000000000e+02 9.179691175289710259e+01 0.000000000000000000e+00 0.000000000000000000e+00
1.190000000000000000e+02 9.200046529342496626e+01 0.000000000000000000e+00 0.000000000000000000e+00
1.200000000000000000e+02 9.360652641415806841e+01 0.000000000000000000e+00 0.000000000000000000e+00
1.210000000000000000e+02 9.457515115106511416e+01 0.000000000000000000e+00 0.000000000000000000e+00
1.220000000000000000e+02 9.530627893974433107e+01 0.000000000000000000e+00 0.000000000000000000e+00
1.230000000000000000e+02 9.616522498917852602e+01 0.000000000000000000e+00 0.000000000000000000e+00
1.240000000000000000e+02 9.808662205211831520e+01 0.000000000000000000e+00 0.000000000000000000e+00
1.250000000000000000e+02 9.959173659016757085e+01 0.000000000000000000e+00 0.000000000000000000e+00
1.260000000000000000e+02 9.990793617023243200e+01 0.000000000000000000e+00 0.000000000000000000e+00
1.270000000000000000e+02 1.007189027841968567e+02 0.000000000000000000e+00 0.000000000000000000e+00
1.280000000000000000e+02 1.033147317629618840e+02 0.000000000000000000e+00 0.000000000000000000e+00
1.290000000000000000e+02 1.031543884813821137e+02 0.000000000000000000e+00 0.000000000000000000e+00
1.300000000000000000e+02 1.049676205178010946e+02 0.000000000000000000e+00 0.000000000000000000e+00
1.310000000000000000e+02 1.055954051112939567e+02 0.000000000000000000e+00 0.000000000000000000e+00
1.320000000000000000e+02 1.061887484950932503e+02 0.000000000000000000e+00 0.000000000000000000e+00
1.330000000000000000e+02 1.066829499567209325e+02 0.000000000000000000e+00 0.000000000000000000e+00
1.340000000000000000e+02 1.084792797834409015e+02 0.000000000000000000e+00 0.000000000000000000e+00
1.350000000000000000e+02 1.092289328015772440e+02 0.000000000000000000e+00 0.000000000000000000e+00
1.360000000000000000e+02 1.099122248063375622e+02 0.000000000000000000e+00 0.000000000000000000e+00
1.370000000000000000e+02 1.099702205271223932e+02 2.000000000000000000e+00 0.000000000000000000e+00
1.380000000000000000e+02 1.086504057147626412e+02 2.000000000000000000e+00 0.000000000000000000e+00
1.390000000000000000e+02 1.075385599144015174e+02 2.000000000000000000e+00 0.000000000000000000e+00
1.400000000000000000e+02 1.069772194562669938e+02 1.000000000000000000e+00 0.000000000000000000e+00
1.410000000000000000e+02 1.085480372736086281e+02 0.000000000000000000e+00 0.000000000000000000e+00
1.420000000000000000e+02 1.081669022881407614e+02 0.000000000000000000e+00 0.000000000000000000e+00
1.430000000000000000e+02 1.082321688162222273e+02 2.000000000000000000e+00 0.000000000000000000e+00
1.440000000000000000e+02 1.087972609221226463e+02 0.000000000000000000e+00 0.000000000000000000e+00
1.450000000000000000e+02 1.096247745085021279e+02 0.000000000000000000e+00 0.000000000000000000e+00
1.460000000000000000e+02 1.102705612458364044e+02 0.000000000000000000e+00 0.000000000000000000e+00
1.470000000000000000e+02 1.105392960989939581e+02 2.000000000000000000e+00 0.000000000000000000e+00
1.480000000000000000e+02 1.108457751092722674e+02 0.000000000000000000e+00 0.000000000000000000e+00
1.490000000000000000e+02 1.109101298878889423e+02 1.000000000000000000e+00 0.000000000000000000e+00
1.500000000000000000e+02 1.120186047470813833e+02 0.000000000000000000e+00 0.000000000000000000e+00
1.510000000000000000e+02 1.134369537923372775e+02 0.000000000000000000e+00 0.000000000000000000e+00
1.520000000000000000e+02 1.135945129345312949e+02 0.000000000000000000e+00 0.000000000000000000e+00
1.530000000000000000e+02 1.150213705944006080e+02 0.000000000000000000e+00 0.000000000000000000e+00
1.540000000000000000e+02 1.152916368915878991e+02 0.000000000000000000e+00 0.000000000000000000e+00
1.550000000000000000e+02 1.173982431341451047e+02 0.000000000000000000e+00 0.000000000000000000e+00
1.560000000000000000e+02 1.174409301823694136e+02 0.000000000000000000e+00 0.000000000000000000e+00
1.570000000000000000e+02 1.192218705763874169e+02 0.000000000000000000e+00 0.000000000000000000e+00
1.580000000000000000e+02 1.201212994391624704e+02 0.000000000000000000e+00 0.000000000000000000e+00
1.590000000000000000e+02 1.215243836707820009e+02 0.000000000000000000e+00 0.000000000000000000e+00
1.600000000000000000e+02 1.212592023906068874e+02 1.000000000000000000e+00 0.000000000000000000e+00
1.610000000000000000e+02 1.215765781949937718e+02 0.000000000000000000e+00 0.000000000000000000e+00
1.620000000000000000e+02 1.236908525337029374e+02 0.000000000000000000e+00 0.000000000000000000e+00
1.630000000000000000e+02 1.237055498660498642e+02 0.000000000000000000e+00 0.000000000000000000e+00
1.640000000000000000e+02 1.246954584035523652e+02 0.000000000000000000e+00 0.000000000000000000e+00
1.650000000000000000e+02 1.259410455638765711e+02 0.000000000000000000e+00 0.000000000000000000e+00
1.660000000000000000e+02 1.270080297124302291e+02 0.000000000000000000e+00 0.000000000000000000e+00
1.670000000000000000e+02 1.281778715861291005e+02 0.000000000000000000e+00 0.000000000000000000e+00
1.680000000000000000e+02 1.288889788616862404e+02 0.000000000000000000e+00 0.000000000000000000e+00
1.690000000000000000e+02 1.289235032778237269e+02 0.000000000000000000e+00 0.000000000000000000e+00
1.700000000000000000e+02 1.305564271915305028e+02 0.000000000000000000e+00 0.000000000000000000e+00
1.710000000000000000e+02 1.323071370019203528e+02 0.000000000000000000e+00 0.000000000000000000e+00
1.720000000000000000e+02 1.331610862591520856e+02 0.000000000000000000e+00 0.000000000000000000e+00
1.730000000000000000e+02 1.339155812910419172e+02 0.000000000000000000e+00 0.000000000000000000e+00
1.740000000000000000e+02 1.343681299973608532e+02 0.000000000000000000e+00 0.000000000000000000e+00
1.750000000000000000e+02 1.358090356023698462e+02 0.000000000000000000e+00 0.000000000000000000e+00
1.760000000000000000e+02 1.373628261508342518e+02 0.000000000000000000e+00 0.000000000000000000e+00
1.770000000000000000e+02 1.381253258116551592e+02 0.000000000000000000e+00 0.000000000000000000e+00
1.780000000000000000e+02 1.382504568864153782e+02 0.000000000000000000e+00 0.000000000000000000e+00
1.790000000000000000e+02 1.393908596767881249e+02 0.000000000000000000e+00 0.000000000000000000e+00
1.800000000000000000e+02 1.419543642531797616e+02 0.000000000000000000e+00 0.000000000000000000e+00
1.810000000000000000e+02 1.419970827868856702e+02 0.000000000000000000e+00 0.000000000000000000e+00
1.820000000000000000e+02 1.432993255957280780e+02 0.000000000000000000e+00 0.000000000000000000e+00
1.830000000000000000e+02 1.441206332643361065e+02 0.000000000000000000e+00 0.000000000000000000e+00
1.840000000000000000e+02 1.430455192370711757e+02 1.000000000000000000e+00 0.000000000000000000e+00
1.850000000000000000e+02 1.442500442333711135e+02 0.000000000000000000e+00 0.000000000000000000e+00
1.860000000000000000e+02 1.457465272909543899e+02 0.000000000000000000e+00 0.000000000000000000e+00
1.870000000000000000e+02 1.482060004945734022e+02 0.000000000000000000e+00 0.000000000000000000e+00
1.880000000000000000e+02 1.475531756813596473e+02 0.000000000000000000e+00 0.000000000000000000e+00
1.890000000000000000e+02 1.480625467136440250e+02 0.000000000000000000e+00 0.000000000000000000e+00
1.900000000000000000e+02 1.491407593265595040e+02 0.000000000000000000e+00 0.000000000000000000e+00
1.910000000000000000e+02 1.521282799340469012e+02 0.000000000000000000e+00 0.000000000000000000e+00
1.920000000000000000e+02 1.518255213951105986e+02 0.000000000000000000e+00 0.000000000000000000e+00
1.930000000000000000e+02 1.541217546886839500e+02 0.000000000000000000e+00 0.000000000000000000e+00
1.940000000000000000e+02 1.542522725046632672e+02 0.000000000000000000e+00 0.000000000000000000e+00
1.950000000000000000e+02 1.550033708407211179e+02 0.000000000000000000e+00 0.000000000000000000e+00
1.960000000000000000e+02 1.562834984324141772e+02 0.000000000000000000e+00 0.000000000000000000e+00
1.970000000000000000e+02 1.552948379635524532e+02 2.000000000000000000e+00 0.000000000000000000e+00
1.980000000000000000e+02 1.543209597279781065e+02 1.000000000000000000e+00 0.000000000000000000e+00
1.990000000000000000e+02 1.547932645172624859e+02 1.000000000000000000e+00 0.000000000000000000e+00
2.000000000000000000e+02 1.546786449103427685e+02 1.000000000000000000e+00 0.000000000000000000e+00
2.010000000000000000e+02 1.557122222632747253e+02 0.000000000000000000e+00 0.000000000000000000e+00
2.020000000000000000e+02 1.569807672667672875e+02 0.000000000000000000e+00 0.000000000000000000e+00
2.030000000000000000e+02 1.576987038761794793e+02 0.000000000000000000e+00 0.000000000000000000e+00
2.040000000000000000e+02 1.590820785516092712e+02 0.000000000000000000e+00 0.000000000000000000e+00
2.050000000000000000e+02 1.606558825426728845e+02 0.000000000000000000e+00 0.000000000000000000e+00
2.060000000000000000e+02 1.622077598574156525e+02 0.000000000000000000e+00 0.000000000000000000e+00
2.070000000000000000e+02 1.626447098264510487e+02 0.000000000000000000e+00 0.000000000000000000e+00
2.080000000000000000e+02 1.627362514297906841e+02 0.000000000000000000e+00 0.000000000000000000e+00
2.090000000000000000e+02 1.638904153132770318e+02 0.000000000000000000e+00 0.000000000000000000e+00
2.100000000000000000e+02 1.648685425716957411e+02 1.000000000000000000e+00 0.000000000000000000e+00
2.110000000000000000e+02 1.637725016252773287e+02 1.000000000000000000e+00 0.000000000000000000e+00
2.120000000000000000e+02 1.642126383733662180e+02 1.000000000000000000e+00 0.000000000000000000e+00
2.130000000000000000e+02 1.650439607078283473e+02 0.000000000000000000e+00 0.000000000000000000e+00
2.140000000000000000e+02 1.655098691395062360e+02 0.000000000000000000e+00 0.000000000000000000e+00
2.150000000000000000e+02 1.653030979561904701e+02 2.000000000000000000e+00 0.000000000000000000e+00
2.160000000000000000e+02 1.644179677633997017e+02 1.000000000000000000e+00 0.000000000000000000e+00
2.170000000000000000e+02 1.659812596270351719e+02 0.000000000000000000e+00 0.000000000000000000e+00
2.180000000000000000e+02 1.673428110536860061e+02 0.000000000000000000e+00 0.000000000000000000e+00
2.190000000000000000e+02 1.685462970213556559e+02 0.000000000000000000e+00 0.000000000000000000e+00
2.200000000000000000e+02 1.673604297106856791e+02 1.000000000000000000e+00 0.000000000000000000e+00
2.210000000000000000e+02 1.679084565996728315e+02 1.000000000000000000e+00 0.000000000000000000e+00
2.220000000000000000e+02 1.676288365035707386e+02 1.000000000000000000e+00 0.000000000000000000e+00
2.230000000000000000e+02 1.678719184708456567e+02 0.000000000000000000e+00 0.000000000000000000e+00
2.240000000000000000e+02 1.694122387950383199e+02 0.000000000000000000e+00 0.000000000000000000e+00
2.250000000000000000e+02 1.713697766145146772e+02 0.000000000000000000e+00 0.000000000000000000e+00
2.260000000000000000e+02 1.719600766528903080e+02 0.000000000000000000e+00 0.000000000000000000e+00
2.270000000000000000e+02 1.728050025426227307e+02 0.000000000000000000e+00 0.000000000000000000e+00
2.280000000000000000e+02 1.742636007020417708e+02 0.000000000000000000e+00 0.000000000000000000e+00
2.290000000000000000e+02 1.743452450472506996e+02 0.000000000000000000e+00 0.000000000000000000e+00
2.300000000000000000e+02 1.761594820115892333e+02 0.000000000000000000e+00 0.000000000000000000e+00
2.310000000000000000e+02 1.765867816363125939e+02 1.000000000000000000e+00 0.000000000000000000e+00
2.320000000000000000e+02 1.764737599655441898e+02 1.000000000000000000e+00 0.000000000000000000e+00
2.330000000000000000e+02 1.766294295698202177e+02 0.000000000000000000e+00 0.000000000000000000e+00
2.340000000000000000e+02 1.770270656485799918e+02 1.000000000000000000e+00 0.000000000000000000e+00
2.350000000000000000e+02 1.777794914140315541e+02 0.000000000000000000e+00 0.000000000000000000e+00
2.360000000000000000e+02 1.788151572982224877e+02 0.000000000000000000e+00 0.000000000000000000e+00
2.370000000000000000e+02 1.805219403092453945e+02 0.000000000000000000e+00 0.000000000000000000e+00
2.380000000000000000e+02 1.806011954473570711e+02 0.000000000000000000e+00 0.000000000000000000e+00
2.390000000000000000e+02 1.821674915223250935e+02 0.000000000000000000e+00 0.000000000000000000e+00
2.400000000000000000e+02 1.818401967841319049e+02 1.000000000000000000e+00 0.000000000000000000e+00
2.410000000000000000e+02 1.827724038137411924e+02 0.000000000000000000e+00 0.000000000000000000e+00
2.420000000000000000e+02 1.833904872712190581e+02 0.000000000000000000e+00 0.000000000000000000e+00
2.430000000000000000e+02 1.847201332570060117e+02 0.000000000000000000e+00 0.000000000000000000e+00
2.440000000000000000e+02 1.857309919775093476e+02 0.000000000000000000e+00 0.000000000000000000e+00
2.450000000000000000e+02 1.872972641581458220e+02 0.000000000000000000e+00 0.000000000000000000e+00
2.460000000000000000e+02 1.875726884801883898e+02 0.000000000000000000e+00 0.000000000000000000e+00
2.470000000000000000e+02 1.894432433362054837e+02 0.000000000000000000e+00 0.000000000000000000e+00
2.480000000000000000e+02 1.908370296435781199e+02 0.000000000000000000e+00 0.000000000000000000e+00
2.490000000000000000e+02 1.905892125620007960e+02 0.000000000000000000e+00 0.000000000000000000e+00
2.500000000000000000e+02 1.919134708845983823e+02 0.000000000000000000e+00 0.000000000000000000e+00
2.510000000000000000e+02 1.928868740988608295e+02 0.000000000000000000e+00 0.000000000000000000e+00
2.520000000000000000e+02 1.947776836143813455e+02 0.000000000000000000e+00 0.000000000000000000e+00
2.530000000000000000e+02 1.938908160701172676e+02 1.000000000000000000e+00 0.000000000000000000e+00
2.540000000000000000e+02 1.953416479046815937e+02 0.000000000000000000e+00 0.000000000000000000e+00
2.550000000000000000e+02 1.956966975492084657e+02 0.000000000000000000e+00 0.000000000000000000e+00
2.560000000000000000e+02 1.967974511520726537e+02 0.000000000000000000e+00 0.000000000000000000e+00
2.570000000000000000e+02 1.973207118796057387e+02 0.000000000000000000e+00 0.000000000000000000e+00
2.580000000000000000e+02 1.998161434768215088e+02 0.000000000000000000e+00 0.000000000000000000e+00
2.590000000000000000e+02 1.989177187935131599e+02 0.000000000000000000e+00 0.000000000000000000e+00
2.600000000000000000e+02 2.014764841085453497e+02 0.000000000000000000e+00 0.000000000000000000e+00
2.610000000000000000e+02 2.035682886016898863e+02 0.000000000000000000e+00 0.000000000000000000e+00
2.620000000000000000e+02 2.034370873729199047e+02 0.000000000000000000e+00 0.000000000000000000e+00
2.630000000000000000e+02 2.038493895420097601e+02 0.000000000000000000e+00 0.000000000000000000e+00
2.640000000000000000e+02 2.053690946028050348e+02 0.000000000000000000e+00 0.000000000000000000e+00
2.650000000000000000e+02 2.066139923906442277e+02 0.000000000000000000e+00 0.000000000000000000e+00
2.660000000000000000e+02 2.077719562379911622e+02 0.000000000000000000e+00 0.000000000000000000e+00
2.670000000000000000e+02 2.077735953188190194e+02 0.000000000000000000e+00 0.000000000000000000e+00
2.680000000000000000e+02 2.087896597037170352e+02 0.000000000000000000e+00 0.000000000000000000e+00
2.690000000000000000e+02 2.100152412704292146e+02 0.000000000000000000e+00 0.000000000000000000e+00
2.700000000000000000e+02 2.116550850981581675e+02 0.000000000000000000e+00 0.000000000000000000e+00
2.710000000000000000e+02 2.115799077601223246e+02 0.000000000000000000e+00 0.000000000000000000e+00
2.720000000000000000e+02 2.128816965116653250e+02 0.000000000000000000e+00 0.000000000000000000e+00
2.730000000000000000e+02 2.139861587008131494e+02 0.000000000000000000e+00 0.000000000000000000e+00
2.740000000000000000e+02 2.152203641948675283e+02 0.000000000000000000e+00 0.000000000000000000e+00
2.750000000000000000e+02 2.138493577097855791e+02 2.000000000000000000e+00 0.000000000000000000e+00
2.760000000000000000e+02 2.130128492133944462e+02 2.000000000000000000e+00 0.000000000000000000e+00
2.770000000000000000e+02 2.120108909186160702e+02 1.000000000000000000e+00 0.000000000000000000e+00
2.780000000000000000e+02 2.133430804742368707e+02 1.000000000000000000e+00 0.000000000000000000e+00
2.790000000000000000e+02 2.143099075063435066e+02 0.000000000000000000e+00 0.000000000000000000e+00
2.800000000000000000e+02 2.150001456239206732e+02 0.000000000000000000e+00 0.000000000000000000e+00
2.810000000000000000e+02 2.160716021078244466e+02 0.000000000000000000e+00 0.000000000000000000e+00
2.820000000000000000e+02 2.175975745327573065e+02 0.000000000000000000e+00 0.000000000000000000e+00
2.830000000000000000e+02 2.170504876710803899e+02 1.000000000000000000e+00 0.000000000000000000e+00
2.840000000000000000e+02 2.171375298108179663e+02 1.000000000000000000e+00 0.000000000000000000e+00
2.850000000000000000e+02 2.166925842199323711e+02 1.000000000000000000e+00 0.000000000000000000e+00
2.860000000000000000e+02 2.186405282536536561e+02 0.000000000000000000e+00 0.000000000000000000e+00
2.870000000000000000e+02 2.184985817840406241e+02 0.000000000000000000e+00 0.000000000000000000e+00
2.880000000000000000e+02 2.204930380408967778e+02 0.000000000000000000e+00 0.000000000000000000e+00
2.890000000000000000e+02 2.219716372810184168e+02 0.000000000000000000e+00 0.000000000000000000e+00
2.900000000000000000e+02 2.221374197928714977e+02 0.000000000000000000e+00 0.000000000000000000e+00
2.910000000000000000e+02 2.230394833829811603e+02 0.000000000000000000e+00 0.000000000000000000e+00
2.920000000000000000e+02 2.238155003670063081e+02 0.000000000000000000e+00 0.000000000000000000e+00
2.930000000000000000e+02 2.249545398778424783e+02 0.000000000000000000e+00 0.000000000000000000e+00
2.940000000000000000e+02 2.249323648762099026e+02 1.000000000000000000e+00 0.000000000000000000e+00
2.950000000000000000e+02 2.246217050745258916e+02 1.000000000000000000e+00 0.000000000000000000e+00
2.960000000000000000e+02 2.263935487459977765e+02 0.000000000000000000e+00 0.000000000000000000e+00
2.970000000000000000e+02 2.271045795820329545e+02 0.000000000000000000e+00 0.000000000000000000e+00
2.980000000000000000e+02 2.280681322308041956e+02 0.000000000000000000e+00 0.000000000000000000e+00
2.990000000000000000e+02 2.288014819389546233e+02 0.000000000000000000e+00 0.000000000000000000e+00
3.000000000000000000e+02 2.294678420939896739e+02 0.000000000000000000e+00 0.000000000000000000e+00
3.010000000000000000e+02 2.298065457385041839e+02 2.000000000000000000e+00 0.000000000000000000e+00
3.020000000000000000e+02 2.297147734770266254e+02 0.000000000000000000e+00 0.000000000000000000e+00
3.030000000000000000e+02 2.309451729501277555e+02 0.000000000000000000e+00 0.000000000000000000e+00
3.040000000000000000e+02 2.311854330655830836e+02 0.000000000000000000e+00 0.000000000000000000e+00
3.050000000000000000e+02 2.340791435900981412e+02 0.000000000000000000e+00 0.000000000000000000e+00
3.060000000000000000e+02 2.313435091497917426e+02 2.000000000000000000e+00 0.000000000000000000e+00
3.070000000000000000e+02 2.340449550949220452e+02 0.000000000000000000e+00 0.000000000000000000e+00
3.080000000000000000e+02 2.337195954619284635e+02 0.000000000000000000e+00 0.000000000000000000e+00
3.090000000000000000e+02 2.348131929263125528e+02 0.000000000000000000e+00 0.000000000000000000e+00
3.100000000000000000e+02 2.357845773973968733e+02 0.000000000000000000e+00 0.000000000000000000e+00
3.110000000000000000e+02 2.365671028107087750e+02 0.000000000000000000e+00 0.000000000000000000e+00
3.120000000000000000e+02 2.386781669231152136e+02 0.000000000000000000e+00 0.000000000000000000e+00
3.130000000000000000e+02 2.391200032303016769e+02 0.000000000000000000e+00 0.000000000000000000e+00
3.140000000000000000e+02 2.401503227623678640e+02 0.000000000000000000e+00 0.000000000000000000e+00
3.150000000000000000e+02 2.409939655364595978e+02 0.000000000000000000e+00 0.000000000000000000e+00
3.160000000000000000e+02 2.420150002894779391e+02 0.000000000000000000e+00 0.000000000000000000e+00
3.170000000000000000e+02 2.428519266605682674e+02 0.000000000000000000e+00 0.000000000000000000e+00
3.180000000000000000e+02 2.429260560933210513e+02 1.000000000000000000e+00 0.000000000000000000e+00
3.190000000000000000e+02 2.442834717832041633e+02 0.000000000000000000e+00 0.000000000000000000e+00
3.200000000000000000e+02 2.455675207707549532e+02 0.000000000000000000e+00 0.000000000000000000e+00
3.210000000000000000e+02 2.453279861529219090e+02 0.000000000000000000e+00 0.000000000000000000e+00
3.220000000000000000e+02 2.465357582601428419e+02 0.000000000000000000e+00 0.000000000000000000e+00
3.230000000000000000e+02 2.476878319859142437e+02 0.000000000000000000e+00 0.000000000000000000e+00
3.240000000000000000e+02 2.489255176835391694e+02 0.000000000000000000e+00 0.000000000000000000e+00
3.250000000000000000e+02 2.501127384369933679e+02 0.000000000000000000e+00 0.000000000000000000e+00
3.260000000000000000e+02 2.505239744598848119e+02 1.000000000000000000e+00 0.000000000000000000e+00
3.270000000000000000e+02 2.510321491848106916e+02 0.000000000000000000e+00 0.000000000000000000e+00
3.280000000000000000e+02 2.520841575117195248e+02 0.000000000000000000e+00 0.000000000000000000e+00
3.290000000000000000e+02 2.534281970235168444e+02 0.000000000000000000e+00 0.000000000000000000e+00
3.300000000000000000e+02 2.541665722059158270e+02 0.000000000000000000e+00 0.000000000000000000e+00
3.310000000000000000e+02 2.545863383590834417e+02 0.000000000000000000e+00 0.000000000000000000e+00
3.320000000000000000e+02 2.539702356290549403e+02 2.000000000000000000e+00 0.000000000000000000e+00
3.330000000000000000e+02 2.556377383760911925e+02 0.000000000000000000e+00 0.000000000000000000e+00
3.340000000000000000e+02 2.567879916392566315e+02 0.000000000000000000e+00 0.000000000000000000e+00
3.350000000000000000e+02 2.574557853359751221e+02 0.000000000000000000e+00 0.000000000000000000e+00
3.360000000000000000e+02 2.574984940203709698e+02 0.000000000000000000e+00 0.000000000000000000e+00
3.370000000000000000e+02 2.582028833476990144e+02 0.000000000000000000e+00 0.000000000000000000e+00
3.380000000000000000e+02 2.596083097324205937e+02 0.000000000000000000e+00 0.000000000000000000e+00
3.390000000000000000e+02 2.604222016454847335e+02 0.000000000000000000e+00 0.000000000000000000e+00
3.400000000000000000e+02 2.610840941331787235e+02 0.000000000000000000e+00 0.000000000000000000e+00
3.410000000000000000e+02 2.642804527014825453e+02 0.000000000000000000e+00 0.000000000000000000e+00
3.420000000000000000e+02 2.635997242979981365e+02 0.000000000000000000e+00 0.000000000000000000e+00
3.430000000000000000e+02 2.648129556599151329e+02 0.000000000000000000e+00 0.000000000000000000e+00
3.440000000000000000e+02 2.659030697912575647e+02 0.000000000000000000e+00 0.000000000000000000e+00
3.450000000000000000e+02 2.670011473448169568e+02 0.000000000000000000e+00 0.000000000000000000e+00
3.460000000000000000e+02 2.685140568891847010e+02 0.000000000000000000e+00 0.000000000000000000e+00
3.470000000000000000e+02 2.684706668192112033e+02 0.000000000000000000e+00 0.000000000000000000e+00
3.480000000000000000e+02 2.708858075754370702e+02 0.000000000000000000e+00 0.000000000000000000e+00
3.490000000000000000e+02 2.699919641838339999e+02 0.000000000000000000e+00 0.000000000000000000e+00
3.500000000000000000e+02 2.717851404485542730e+02 0.000000000000000000e+00 0.000000000000000000e+00
3.510000000000000000e+02 2.732882183815813733e+02 0.000000000000000000e+00 0.000000000000000000e+00
3.520000000000000000e+02 2.722911282829489892e+02 2.000000000000000000e+00 0.000000000000000000e+00
3.530000000000000000e+02 2.738711847031001412e+02 0.000000000000000000e+00 0.000000000000000000e+00
3.540000000000000000e+02 2.740613752762575928e+02 0.000000000000000000e+00 0.000000000000000000e+00
3.550000000000000000e+02 2.746519475659865179e+02 0.000000000000000000e+00 0.000000000000000000e+00
3.560000000000000000e+02 2.741364881984878821e+02 2.000000000000000000e+00 0.000000000000000000e+00
3.570000000000000000e+02 2.748047152739453054e+02 0.000000000000000000e+00 0.000000000000000000e+00
3.580000000000000000e+02 2.751731604021171620e+02 0.000000000000000000e+00 0.000000000000000000e+00
3.590000000000000000e+02 2.747361979112596373e+02 2.000000000000000000e+00 0.000000000000000000e+00
3.600000000000000000e+02 2.761585347346162393e+02 1.000000000000000000e+00 0.000000000000000000e+00
3.610000000000000000e+02 2.765548697168055696e+02 0.000000000000000000e+00 0.000000000000000000e+00
3.620000000000000000e+02 2.763527523160705641e+02 0.000000000000000000e+00 0.000000000000000000e+00
3.630000000000000000e+02 2.776065355848008949e+02 1.000000000000000000e+00 0.000000000000000000e+00
3.640000000000000000e+02 2.770984795135232730e+02 0.000000000000000000e+00 0.000000000000000000e+00
3.650000000000000000e+02 2.786655544642466680e+02 0.000000000000000000e+00 0.000000000000000000e+00
3.660000000000000000e+02 2.804623945256492448e+02 0.000000000000000000e+00 0.000000000000000000e+00
3.670000000000000000e+02 2.809908688175443672e+02 0.000000000000000000e+00 0.000000000000000000e+00
3.680000000000000000e+02 2.817290434635102088e+02 0.000000000000000000e+00 0.000000000000000000e+00
3.690000000000000000e+02 2.831464806782947790e+02 0.000000000000000000e+00 0.000000000000000000e+00
3.700000000000000000e+02 2.839885757595986320e+02 0.000000000000000000e+00 0.000000000000000000e+00
3.710000000000000000e+02 2.843873939353666742e+02 0.000000000000000000e+00 0.000000000000000000e+00
3.720000000000000000e+02 2.868669594258086022e+02 0.000000000000000000e+00 0.000000000000000000e+00
3.730000000000000000e+02 2.863101028885309347e+02 0.000000000000000000e+00 0.000000000000000000e+00
3.740000000000000000e+02 2.876028398772153878e+02 0.000000000000000000e+00 0.000000000000000000e+00
3.750000000000000000e+02 2.890352623395100409e+02 0.000000000000000000e+00 0.000000000000000000e+00
3.760000000000000000e+02 2.899995174110305243e+02 0.000000000000000000e+00 0.000000000000000000e+00
3.770000000000000000e+02 2.916766298035932437e+02 0.000000000000000000e+00 0.000000000000000000e+00
3.780000000000000000e+02 2.905024182574620681e+02 2.000000000000000000e+00 0.000000000000000000e+00
3.790000000000000000e+02 2.916524781402368376e+02 0.000000000000000000e+00 0.000000000000000000e+00
3.800000000000000000e+02 2.919836518333861477e+02 0.000000000000000000e+00 0.000000000000000000e+00
3.810000000000000000e+02 2.924368093392328092e+02 0.000000000000000000e+00 0.000000000000000000e+00
3.820000000000000000e+02 2.931122320672058095e+02 0.000000000000000000e+00 0.000000000000000000e+00
3.830000000000000000e+02 2.948498141495206255e+02 0.000000000000000000e+00 0.000000000000000000e+00
3.840000000000000000e+02 2.962482979865775974e+02 0.000000000000000000e+00 0.000000000000000000e+00
3.850000000000000000e+02 2.970296611767717536e+02 0.000000000000000000e+00 0.000000000000000000e+00
3.860000000000000000e+02 2.968237970116721840e+02 0.000000000000000000e+00 0.000000000000000000e+00
3.870000000000000000e+02 2.985253504338477342e+02 0.000000000000000000e+00 0.000000000000000000e+00
3.880000000000000000e+02 3.002944998012992528e+02 0.000000000000000000e+00 0.000000000000000000e+00
3.890000000000000000e+02 3.011714126855399627e+02 0.000000000000000000e+00 0.000000000000000000e+00
3.900000000000000000e+02 3.013044632325776320e+02 0.000000000000000000e+00 0.000000000000000000e+00
3.910000000000000000e+02 3.028729051289628273e+02 0.000000000000000000e+00 0.000000000000000000e+00
3.920000000000000000e+02 3.039151837744990416e+02 0.000000000000000000e+00 0.000000000000000000e+00
3.930000000000000000e+02 3.051172782779752879e+02 0.000000000000000000e+00 0.000000000000000000e+00
3.940000000000000000e+02 3.062120252843023422e+02 0.000000000000000000e+00 0.000000000000000000e+00
3.950000000000000000e+02 3.056278104756167409e+02 2.000000000000000000e+00 0.000000000000000000e+00
3.960000000000000000e+02 3.061501335720240604e+02 1.000000000000000000e+00 0.000000000000000000e+00
3.970000000000000000e+02 3.051734663111847681e+02 1.000000000000000000e+00 0.000000000000000000e+00
3.980000000000000000e+02 3.036586747550074392e+02 2.000000000000000000e+00 0.000000000000000000e+00
3.990000000000000000e+02 3.053199260916657636e+02 0.000000000000000000e+00 0.000000000000000000e+00
4.000000000000000000e+02 3.064853276791316148e+02 0.000000000000000000e+00 0.000000000000000000e+00
4.010000000000000000e+02 3.075769791358928842e+02 0.000000000000000000e+00 0.000000000000000000e+00
4.020000000000000000e+02 3.081332358287176021e+02 0.000000000000000000e+00 0.000000000000000000e+00
4.030000000000000000e+02 3.089881425542561715e+02 0.000000000000000000e+00 0.000000000000000000e+00
4.040000000000000000e+02 3.099173345999173534e+02 0.000000000000000000e+00 0.000000000000000000e+00
4.050000000000000000e+02 3.109201589330082811e+02 0.000000000000000000e+00 0.000000000000000000e+00
4.060000000000000000e+02 3.124053690946449819e+02 0.000000000000000000e+00 0.000000000000000000e+00
4.070000000000000000e+02 3.129354914645033432e+02 0.000000000000000000e+00 0.000000000000000000e+00
4.080000000000000000e+02 3.136707088479025174e+02 0.000000000000000000e+00 0.000000000000000000e+00
4.090000000000000000e+02 3.141583168860780688e+02 0.000000000000000000e+00 0.000000000000000000e+00
4.100000000000000000e+02 3.164710969477089293e+02 0.000000000000000000e+00 0.000000000000000000e+00
4.110000000000000000e+02 3.163997153959950310e+02 0.000000000000000000e+00 0.000000000000000000e+00
4.120000000000000000e+02 3.178159421058725229e+02 0.000000000000000000e+00 0.000000000000000000e+00
4.130000000000000000e+02 3.192826445023521273e+02 0.000000000000000000e+00 0.000000000000000000e+00
4.140000000000000000e+02 3.198504905543819632e+02 0.000000000000000000e+00 0.000000000000000000e+00
4.150000000000000000e+02 3.211105551111604086e+02 0.000000000000000000e+00 0.000000000000000000e+00
4.160000000000000000e+02 3.225271687428615337e+02 0.000000000000000000e+00 0.000000000000000000e+00
4.170000000000000000e+02 3.235014121557923659e+02 0.000000000000000000e+00 0.000000000000000000e+00
4.180000000000000000e+02 3.238631344912281520e+02 0.000000000000000000e+00 0.000000000000000000e+00
4.190000000000000000e+02 3.242725950274617048e+02 0.000000000000000000e+00 0.000000000000000000e+00
4.200000000000000000e+02 3.263860343900113321e+02 0.000000000000000000e+00 0.000000000000000000e+00
4.210000000000000000e+02 3.265929086261342604e+02 0.000000000000000000e+00 0.000000000000000000e+00
4.220000000000000000e+02 3.280120716082026888e+02 0.000000000000000000e+00 0.000000000000000000e+00
4.230000000000000000e+02 3.277606690771663693e+02 1.000000000000000000e+00 0.000000000000000000e+00
4.240000000000000000e+02 3.285321772451993638e+02 1.000000000000000000e+00 0.000000000000000000e+00
4.250000000000000000e+02 3.303287318600811773e+02 0.000000000000000000e+00 0.000000000000000000e+00
4.260000000000000000e+02 3.286151394344331038e+02 2.000000000000000000e+00 0.000000000000000000e+00
4.270000000000000000e+02 3.277268369369962215e+02 1.000000000000000000e+00 0.000000000000000000e+00
4.280000000000000000e+02 3.284237035732041932e+02 0.000000000000000000e+00 0.000000000000000000e+00
4.290000000000000000e+02 3.296418707333896805e+02 0.000000000000000000e+00 0.000000000000000000e+00
4.300000000000000000e+02 3.296602485622169638e+02 1.000000000000000000e+00 0.000000000000000000e+00
4.310000000000000000e+02 3.313683532809080248e+02 1.000000000000000000e+00 0.000000000000000000e+00
4.320000000000000000e+02 3.296363293729147586e+02 1.000000000000000000e+00 0.000000000000000000e+00
4.330000000000000000e+02 3.312343473435370811e+02 0.000000000000000000e+00 0.000000000000000000e+00
4.340000000000000000e+02 3.309447664730125211e+02 0.000000000000000000e+00 0.000000000000000000e+00
4.350000000000000000e+02 3.323371736733449779e+02 0.000000000000000000e+00 0.000000000000000000e+00
4.360000000000000000e+02 3.339965210493276686e+02 0.000000000000000000e+00 0.000000000000000000e+00
4.370000000000000000e+02 3.350195743173666756e+02 0.000000000000000000e+00 0.000000000000000000e+00
4.380000000000000000e+02 3.363882151702601959e+02 0.000000000000000000e+00 0.000000000000000000e+00
4.390000000000000000e+02 3.351184247877370694e+02 1.000000000000000000e+00 0.000000000000000000e+00
4.400000000000000000e+02 3.371691176122715206e+02 0.000000000000000000e+00 0.000000000000000000e+00
4.410000000000000000e+02 3.372988945684596729e+02 1.000000000000000000e+00 0.000000000000000000e+00
4.420000000000000000e+02 3.374238398966767818e+02 0.000000000000000000e+00 0.000000000000000000e+00
4.430000000000000000e+02 3.397048145611792620e+02 0.000000000000000000e+00 0.000000000000000000e+00
4.440000000000000000e+02 3.401094752217298947e+02 0.000000000000000000e+00 0.000000000000000000e+00
4.450000000000000000e+02 3.413138377646272374e+02 0.000000000000000000e+00 0.000000000000000000e+00
4.460000000000000000e+02 3.421851087942222307e+02 0.000000000000000000e+00 0.000000000000000000e+00
4.470000000000000000e+02 3.430733073688340369e+02 0.000000000000000000e+00 0.000000000000000000e+00
4.480000000000000000e+02 3.436949097911684703e+02 0.000000000000000000e+00 0.000000000000000000e+00
4.490000000000000000e+02 3.448669905227996537e+02 0.000000000000000000e+00 0.000000000000000000e+00
4.500000000000000000e+02 3.464899816403457180e+02 0.000000000000000000e+00 0.000000000000000000e+00
4.510000000000000000e+02 3.468375914680811434e+02 0.000000000000000000e+00 0.000000000000000000e+00
4.520000000000000000e+02 3.485733452950606193e+02 0.000000000000000000e+00 0.000000000000000000e+00
4.530000000000000000e+02 3.489881011209554345e+02 0.000000000000000000e+00 0.000000000000000000e+00
4.540000000000000000e+02 3.504893308239335283e+02 0.000000000000000000e+00 0.000000000000000000e+00
4.550000000000000000e+02 3.507977304123896829e+02 0.000000000000000000e+00 0.000000000000000000e+00
4.560000000000000000e+02 3.526116431006265657e+02 0.000000000000000000e+00 0.000000000000000000e+00
4.570000000000000000e+02 3.527647740146183537e+02 1.000000000000000000e+00 0.000000000000000000e+00
4.580000000000000000e+02 3.529228093393883796e+02 0.000000000000000000e+00 0.000000000000000000e+00
4.590000000000000000e+02 3.542503175997515541e+02 0.000000000000000000e+00 0.000000000000000000e+00
4.600000000000000000e+02 3.546268554942286073e+02 0.000000000000000000e+00 0.000000000000000000e+00
4.610000000000000000e+02 3.553522513219325560e+02 0.000000000000000000e+00 0.000000000000000000e+00
4.620000000000000000e+02 3.572147343901271483e+02 0.000000000000000000e+00 0.000000000000000000e+00
4.630000000000000000e+02 3.583975313908965177e+02 0.000000000000000000e+00 0.000000000000000000e+00
4.640000000000000000e+02 3.590064206205178721e+02 0.000000000000000000e+00 0.000000000000000000e+00
4.650000000000000000e+02 3.599400267151934258e+02 1.000000000000000000e+00 0.000000000000000000e+00
4.660000000000000000e+02 3.601570281424702671e+02 0.000000000000000000e+00 0.000000000000000000e+00
4.670000000000000000e+02 3.610843654253592376e+02 0.000000000000000000e+00 0.000000000000000000e+00
4.680000000000000000e+02 3.623528988227503191e+02 0.000000000000000000e+00 0.000000000000000000e+00
4.690000000000000000e+02 3.637558974148317930e+02 0.000000000000000000e+00 0.000000000000000000e+00
4.700000000000000000e+02 3.639644111668452524e+02 0.000000000000000000e+00 0.000000000000000000e+00
4.710000000000000000e+02 3.637777012231895810e+02 2.000000000000000000e+00 0.000000000000000000e+00
4.720000000000000000e+02 3.620042819365714877e+02 2.000000000000000000e+00 0.000000000000000000e+00
4.730000000000000000e+02 3.608001308838086629e+02 2.000000000000000000e+00 0.000000000000000000e+00
4.740000000000000000e+02 3.627736684950185690e+02 0.000000000000000000e+00 0.000000000000000000e+00
4.750000000000000000e+02 3.632050345629802450e+02 0.000000000000000000e+00 0.000000000000000000e+00
4.760000000000000000e+02 3.639619254635946959e+02 0.000000000000000000e+00 0.000000000000000000e+00
4.770000000000000000e+02 3.651441677182579042e+02 0.000000000000000000e+00 0.000000000000000000e+00
4.780000000000000000e+02 3.659905368461523381e+02 0.000000000000000000e+00 0.000000000000000000e+00
4.790000000000000000e+02 3.672287199433183105e+02 0.000000000000000000e+00 0.000000000000000000e+00
4.800000000000000000e+02 3.683745423561828147e+02 0.000000000000000000e+00 0.000000000000000000e+00
4.810000000000000000e+02 3.692541892726615060e+02 0.000000000000000000e+00 0.000000000000000000e+00
4.820000000000000000e+02 3.703969164466664665e+02 0.000000000000000000e+00 0.000000000000000000e+00
4.830000000000000000e+02 3.708026492288913687e+02 0.000000000000000000e+00 0.000000000000000000e+00
4.840000000000000000e+02 3.711190420046831377e+02 1.000000000000000000e+00 0.000000000000000000e+00
4.850000000000000000e+02 3.723298614104347735e+02 0.000000000000000000e+00 0.000000000000000000e+00
4.860000000000000000e+02 3.726579066495494885e+02 0.000000000000000000e+00 0.000000000000000000e+00
4.870000000000000000e+02 3.743295516419715341e+02 0.000000000000000000e+00 0.000000000000000000e+00
4.880000000000000000e+02 3.750327333238435017e+02 0.000000000000000000e+00 0.000000000000000000e+00
4.890000000000000000e+02 3.763446224558970243e+02 0.000000000000000000e+00 0.000000000000000000e+00
4.900000000000000000e+02 3.754427120497663282e+02 1.000000000000000000e+00 0.000000000000000000e+00
4.910000000000000000e+02 3.759903520836891744e+02 1.000000000000000000e+00 0.000000000000000000e+00
4.920000000000000000e+02 3.771272206174647863e+02 0.000000000000000000e+00 0.000000000000000000e+00
4.930000000000000000e+02 3.786574079418142560e+02 0.000000000000000000e+00 0.000000000000000000e+00
4.940000000000000000e+02 3.791346029049256572e+02 0.000000000000000000e+00 0.000000000000000000e+00
4.950000000000000000e+02 3.795145254897465747e+02 0.000000000000000000e+00 0.000000000000000000e+00
4.960000000000000000e+02 3.804750014905688431e+02 0.000000000000000000e+00 0.000000000000000000e+00
4.970000000000000000e+02 3.816400668900809023e+02 0.000000000000000000e+00 0.000000000000000000e+00
4.980000000000000000e+02 3.823337533932190695e+02 0.000000000000000000e+00 0.000000000000000000e+00
4.990000000000000000e+02 3.834585619577355828e+02 0.000000000000000000e+00 0.000000000000000000e+00
5.000000000000000000e+02 3.846207434227648037e+02 0.000000000000000000e+00 0.000000000000000000e+00
5.010000000000000000e+02 3.862298811252212545e+02 0.000000000000000000e+00 0.000000000000000000e+00
5.020000000000000000e+02 3.867248724880648183e+02 0.000000000000000000e+00 0.000000000000000000e+00
5.030000000000000000e+02 3.882009785857559905e+02 0.000000000000000000e+00 0.000000000000000000e+00
5.040000000000000000e+02 3.893223999917889273e+02 0.000000000000000000e+00 0.000000000000000000e+00
5.050000000000000000e+02 3.890212760419523761e+02 0.000000000000000000e+00 0.000000000000000000e+00
5.060000000000000000e+02 3.908605826459307195e+02 0.000000000000000000e+00 0.000000000000000000e+00
5.070000000000000000e+02 3.916909231094384154e+02 0.000000000000000000e+00 0.000000000000000000e+00
5.080000000000000000e+02 3.915063415891672207e+02 1.000000000000000000e+00 0.000000000000000000e+00
5.090000000000000000e+02 3.932328121186633894e+02 0.000000000000000000e+00 0.000000000000000000e+00
5.100000000000000000e+02 3.931310262669759936e+02 0.000000000000000000e+00 0.000000000000000000e+00
5.110000000000000000e+02 3.948174167375685784e+02 0.000000000000000000e+00 0.000000000000000000e+00
5.120000000000000000e+02 3.954616065384968806e+02 0.000000000000000000e+00 0.000000000000000000e+00
5.130000000000000000e+02 3.969520954026035042e+02 0.000000000000000000e+00 0.000000000000000000e+00
5.140000000000000000e+02 3.990354021897511529e+02 0.000000000000000000e+00 0.000000000000000000e+00
5.150000000000000000e+02 3.998064780995011347e+02 0.000000000000000000e+00 0.000000000000000000e+00
5.160000000000000000e+02 4.004120968148653787e+02 0.000000000000000000e+00 0.000000000000000000e+00
5.170000000000000000e+02 4.002988408916371554e+02 0.000000000000000000e+00 0.000000000000000000e+00
5.180000000000000000e+02 4.020800304473127085e+02 0.000000000000000000e+00 0.000000000000000000e+00
5.190000000000000000e+02 4.029784696101847317e+02 0.000000000000000000e+00 0.000000000000000000e+00
5.200000000000000000e+02 4.046904114514687194e+02 0.000000000000000000e+00 0.000000000000000000e+00
5.210000000000000000e+02 4.062253130146583544e+02 0.000000000000000000e+00 0.000000000000000000e+00
5.220000000000000000e+02 4.062075267915089967e+02 0.000000000000000000e+00 0.000000000000000000e+00
5.230000000000000000e+02 4.055567959546705765e+02 1.000000000000000000e+00 0.000000000000000000e+00
5.240000000000000000e+02 4.060651359861789160e+02 1.000000000000000000e+00 0.000000000000000000e+00
5.250000000000000000e+02 4.073664412880834789e+02 0.000000000000000000e+00 0.000000000000000000e+00
5.260000000000000000e+02 4.083837807449053230e+02 0.000000000000000000e+00 0.000000000000000000e+00
5.270000000000000000e+02 4.086952622666738648e+02 0.000000000000000000e+00 0.000000000000000000e+00
5.280000000000000000e+02 4.101191849448228481e+02 0.000000000000000000e+00 0.000000000000000000e+00
5.290000000000000000e+02 4.110628956304384474e+02 0.000000000000000000e+00 0.000000000000000000e+00
5.300000000000000000e+02 4.120714859989873844e+02 0.000000000000000000e+00 0.000000000000000000e+00
5.310000000000000000e+02 4.120119261321876252e+02 0.000000000000000000e+00 0.000000000000000000e+00
5.320000000000000000e+02 4.126984457026105133e+02 2.000000000000000000e+00 0.000000000000000000e+00
5.330000000000000000e+02 4.135157025686997372e+02 0.000000000000000000e+00 0.000000000000000000e+00
5.340000000000000000e+02 4.139503920164870010e+02 0.000000000000000000e+00 0.000000000000000000e+00
5.350000000000000000e+02 4.152517561830781005e+02 0.000000000000000000e+00 0.000000000000000000e+00
5.360000000000000000e+02 4.157436620773582945e+02 0.000000000000000000e+00 0.000000000000000000e+00
5.370000000000000000e+02 4.166340696317076322e+02 0.000000000000000000e+00 0.000000000000000000e+00
5.380000000000000000e+02 4.173321618037342091e+02 0.000000000000000000e+00 0.000000000000000000e+00
5.390000000000000000e+02 4.184889165248922609e+02 0.000000000000000000e+00 0.000000000000000000e+00
5.400000000000000000e+02 4.202473902824947345e+02 0.000000000000000000e+00 0.000000000000000000e+00
5.410000000000000000e+02 4.209948236215340103e+02 0.000000000000000000e+00 0.000000000000000000e+00
5.420000000000000000e+02 4.215730194214748394e+02 0.000000000000000000e+00 0.000000000000000000e+00
5.430000000000000000e+02 4.233520716167071214e+02 0.000000000000000000e+00 0.000000000000000000e+00
5.440000000000000000e+02 4.224310492474193097e+02 2.000000000000000000e+00 0.000000000000000000e+00
5.450000000000000000e+02 4.228458737611737206e+02 0.000000000000000000e+00 0.000000000000000000e+00
5.460000000000000000e+02 4.248910653402099911e+02 0.000000000000000000e+00 0.000000000000000000e+00
5.470000000000000000e+02 4.257740926153001624e+02 0.000000000000000000e+00 0.000000000000000000e+00
5.480000000000000000e+02 4.262287253606685340e+02 0.000000000000000000e+00 0.000000000000000000e+00
5.490000000000000000e+02 4.263634994390681072e+02 0.000000000000000000e+00 0.000000000000000000e+00
5.500000000000000000e+02 4.273773292030688822e+02 0.000000000000000000e+00 0.000000000000000000e+00
5.510000000000000000e+02 4.270257773345078363e+02 2.000000000000000000e+00 0.000000000000000000e+00
5.520000000000000000e+02 4.283343683783791107e+02 0.000000000000000000e+00 0.000000000000000000e+00
5.530000000000000000e+02 4.282437041311806070e+02 1.000000000000000000e+00 0.000000000000000000e+00
5.540000000000000000e+02 4.281671309642141523e+02 0.000000000000000000e+00 0.000000000000000000e+00
5.550000000000000000e+02 4.305810668478083585e+02 0.000000000000000000e+00 0.000000000000000000e+00
5.560000000000000000e+02 4.304164388731455801e+02 0.000000000000000000e+00 0.000000000000000000e+00
5.570000000000000000e+02 4.290362538699632751e+02 2.000000000000000000e+00 0.000000000000000000e+00
5.580000000000000000e+02 4.310112677179268417e+02 0.000000000000000000e+00 0.000000000000000000e+00
5.590000000000000000e+02 4.315621699106044389e+02 0.000000000000000000e+00 0.000000000000000000e+00
5.600000000000000000e+02 4.324721361095821521e+02 0.000000000000000000e+00 0.000000000000000000e+00
5.610000000000000000e+02 4.337125415203178704e+02 0.000000000000000000e+00 0.000000000000000000e+00
5.620000000000000000e+02 4.347284967698707305e+02 0.000000000000000000e+00 0.000000000000000000e+00
5.630000000000000000e+02 4.361351330405911995e+02 0.000000000000000000e+00 0.000000000000000000e+00
5.640000000000000000e+02 4.378397893176670550e+02 0.000000000000000000e+00 0.000000000000000000e+00
5.650000000000000000e+02 4.371951761541804444e+02 0.000000000000000000e+00 0.000000000000000000e+00
5.660000000000000000e+02 4.368932793743683192e+02 2.000000000000000000e+00 0.000000000000000000e+00
5.670000000000000000e+02 4.374795522854232672e+02 1.000000000000000000e+00 0.000000000000000000e+00
5.680000000000000000e+02 4.378188729995960102e+02 0.000000000000000000e+00 0.000000000000000000e+00
5.690000000000000000e+02 4.385288695300372979e+02 0.000000000000000000e+00 0.000000000000000000e+00
5.700000000000000000e+02 4.402134424042460523e+02 0.000000000000000000e+00 0.000000000000000000e+00
5.710000000000000000e+02 4.413751083161644715e+02 0.000000000000000000e+00 0.000000000000000000e+00
5.720000000000000000e+02 4.419465630605855608e+02 0.000000000000000000e+00 0.000000000000000000e+00
5.730000000000000000e+02 4.431026405375214949e+02 0.000000000000000000e+00 0.000000000000000000e+00
5.740000000000000000e+02 4.434204127386565233e+02 0.000000000000000000e+00 0.000000000000000000e+00
5.750000000000000000e+02 4.448871391596500757e+02 0.000000000000000000e+00 0.000000000000000000e+00
5.760000000000000000e+02 4.461483858278429580e+02 0.000000000000000000e+00 0.000000000000000000e+00
5.770000000000000000e+02 4.479363265647135108e+02 0.000000000000000000e+00 0.000000000000000000e+00
5.780000000000000000e+02 4.489205377591588899e+02 0.000000000000000000e+00 0.000000000000000000e+00
5.790000000000000000e+02 4.492067931567824530e+02 0.000000000000000000e+00 0.000000000000000000e+00
5.800000000000000000e+02 4.474565500776377007e+02 2.000000000000000000e+00 0.000000000000000000e+00
5.810000000000000000e+02 4.459171498239174980e+02 2.000000000000000000e+00 0.000000000000000000e+00
5.820000000000000000e+02 4.466840377746854074e+02 0.000000000000000000e+00 0.000000000000000000e+00
5.830000000000000000e+02 4.481743972117423596e+02 0.000000000000000000e+00 0.000000000000000000e+00
5.840000000000000000e+02 4.503777326752002637e+02 0.000000000000000000e+00 0.000000000000000000e+00
5.850000000000000000e+02 4.505696623212136842e+02 0.000000000000000000e+00 0.000000000000000000e+00
5.860000000000000000e+02 4.521534492544145110e+02 0.000000000000000000e+00 0.000000000000000000e+00
5.870000000000000000e+02 4.512478341311346526e+02 2.000000000000000000e+00 0.000000000000000000e+00
5.880000000000000000e+02 4.506778472615239366e+02 1.000000000000000000e+00 0.000000000000000000e+00
5.890000000000000000e+02 4.515493647511344761e+02 0.000000000000000000e+00 0.000000000000000000e+00
5.900000000000000000e+02 4.538902147432082756e+02 0.000000000000000000e+00 0.000000000000000000e+00
5.910000000000000000e+02 4.538130112381678032e+02 0.000000000000000000e+00 0.000000000000000000e+00
5.920000000000000000e+02 4.553263474296423965e+02 0.000000000000000000e+00 0.000000000000000000e+00
5.930000000000000000e+02 4.572103396194161746e+02 0.000000000000000000e+00 0.000000000000000000e+00
5.940000000000000000e+02 4.561119109700052263e+02 0.000000000000000000e+00 0.000000000000000000e+00
5.950000000000000000e+02 4.571294663883099361e+02 0.000000000000000000e+00 0.000000000000000000e+00
5.960000000000000000e+02 4.591214722284402683e+02 0.000000000000000000e+00 0.000000000000000000e+00
5.970000000000000000e+02 4.596418916069987404e+02 0.000000000000000000e+00 0.000000000000000000e+00
5.980000000000000000e+02 4.611254388417949599e+02 0.000000000000000000e+00 0.000000000000000000e+00
5.990000000000000000e+02 4.619247008027878678e+02 0.000000000000000000e+00 0.000000000000000000e+00
6.000000000000000000e+02 4.634502622690815770e+02 0.000000000000000000e+00 0.000000000000000000e+00
6.010000000000000000e+02 4.638089083332974951e+02 0.000000000000000000e+00 0.000000000000000000e+00
6.020000000000000000e+02 4.652593294888056903e+02 0.000000000000000000e+00 0.000000000000000000e+00
6.030000000000000000e+02 4.637584819502549749e+02 2.000000000000000000e+00 0.000000000000000000e+00
6.040000000000000000e+02 4.625443276986290471e+02 2.000000000000000000e+00 0.000000000000000000e+00
6.050000000000000000e+02 4.613675538469604476e+02 2.000000000000000000e+00 0.000000000000000000e+00
6.060000000000000000e+02 4.604078291390099480e+02 2.000000000000000000e+00 0.000000000000000000e+00
6.070000000000000000e+02 4.608407408740617939e+02 1.000000000000000000e+00 0.000000000000000000e+00
6.080000000000000000e+02 4.599014545817793760e+02 2.000000000000000000e+00 0.000000000000000000e+00
6.090000000000000000e+02 4.603644312626378792e+02 0.000000000000000000e+00 0.000000000000000000e+00
6.100000000000000000e+02 4.623272298515681200e+02 0.000000000000000000e+00 0.000000000000000000e+00
6.110000000000000000e+02 4.628805363186642126e+02 0.000000000000000000e+00 0.000000000000000000e+00
6.120000000000000000e+02 4.642168100875007895e+02 0.000000000000000000e+00 0.000000000000000000e+00
6.130000000000000000e+02 4.657145686566810241e+02 0.000000000000000000e+00 0.000000000000000000e+00
6.140000000000000000e+02 4.640796807362156642e+02 1.000000000000000000e+00 0.000000000000000000e+00
6.150000000000000000e+02 4.674041917094285736e+02 0.000000000000000000e+00 0.000000000000000000e+00
6.160000000000000000e+02 4.673550751716467175e+02 0.000000000000000000e+00 0.000000000000000000e+00
6.170000000000000000e+02 4.684723357437954974e+02 0.000000000000000000e+00 0.000000000000000000e+00
6.180000000000000000e+02 4.689736071721169992e+02 0.000000000000000000e+00 0.000000000000000000e+00
6.190000000000000000e+02 4.697213726561910221e+02 0.000000000000000000e+00 0.000000000000000000e+00
6.200000000000000000e+02 4.708552670709714789e+02 0.000000000000000000e+00 0.000000000000000000e+00
6.210000000000000000e+02 4.728173022231429172e+02 0.000000000000000000e+00 0.000000000000000000e+00
6.220000000000000000e+02 4.741139806627018061e+02 0.000000000000000000e+00 0.000000000000000000e+00
6.230000000000000000e+02 4.740087481403750758e+02 0.000000000000000000e+00 0.000000000000000000e+00
6.240000000000000000e+02 4.747107852916485626e+02 0.000000000000000000e+00 0.000000000000000000e+00
6.250000000000000000e+02 4.766071274489987672e+02 0.000000000000000000e+00 0.000000000000000000e+00
6.260000000000000000e+02 4.782055028853295084e+02 0.000000000000000000e+00 0.000000000000000000e+00
6.270000000000000000e+02 4.777470893517942159e+02 0.000000000000000000e+00 0.000000000000000000e+00
6.280000000000000000e+02 4.790002880430180312e+02 0.000000000000000000e+00 0.000000000000000000e+00
6.290000000000000000e+02 4.788875632683178196e+02 2.000000000000000000e+00 0.000000000000000000e+00
6.300000000000000000e+02 4.768081602038507185e+02 2.000000000000000000e+00 0.000000000000000000e+00
6.310000000000000000e+02 4.786273527427566137e+02 0.000000000000000000e+00 0.000000000000000000e+00
6.320000000000000000e+02 4.793272100166506675e+02 0.000000000000000000e+00 0.000000000000000000e+00
6.330000000000000000e+02 4.798037872341795946e+02 0.000000000000000000e+00 0.000000000000000000e+00
6.340000000000000000e+02 4.811012779650597508e+02 0.000000000000000000e+00 0.000000000000000000e+00
6.350000000000000000e+02 4.825294357819202560e+02 0.000000000000000000e+00 0.000000000000000000e+00
6.360000000000000000e+02 4.830156100578626024e+02 0.000000000000000000e+00 0.000000000000000000e+00
6.370000000000000000e+02 4.847560076948054189e+02 0.000000000000000000e+00 0.000000000000000000e+00
6.380000000000000000e+02 4.851270541184346712e+02 0.000000000000000000e+00 0.000000000000000000e+00
6.390000000000000000e+02 4.857051739702231430e+02 0.000000000000000000e+00 0.000000000000000000e+00
6.400000000000000000e+02 4.854418407613792965e+02 2.000000000000000000e+00 0.000000000000000000e+00
6.410000000000000000e+02 4.845189139026280145e+02 1.000000000000000000e+00 0.000000000000000000e+00
6.420000000000000000e+02 4.863408974436699168e+02 0.000000000000000000e+00 0.000000000000000000e+00
6.430000000000000000e+02 4.865624431012236641e+02 0.000000000000000000e+00 0.000000000000000000e+00
6.440000000000000000e+02 4.879387472802566776e+02 0.000000000000000000e+00 0.000000000000000000e+00
6.450000000000000000e+02 4.883842131437872354e+02 0.000000000000000000e+00 0.000000000000000000e+00
6.460000000000000000e+02 4.897526810317368700e+02 0.000000000000000000e+00 0.000000000000000000e+00
6.470000000000000000e+02 4.903305663827854346e+02 0.000000000000000000e+00 0.000000000000000000e+00
6.480000000000000000e+02 4.903317653022588729e+02 2.000000000000000000e+00 0.000000000000000000e+00
6.490000000000000000e+02 4.900507262224780902e+02 2.000000000000000000e+00 0.000000000000000000e+00
6.500000000000000000e+02 4.880641187122862448e+02 2.000000000000000000e+00 0.000000000000000000e+00
6.510000000000000000e+02 4.878535335860400437e+02 1.000000000000000000e+00 0.000000000000000000e+00
6.520000000000000000e+02 4.868623261434602796e+02 2.000000000000000000e+00 0.000000000000000000e+00
6.530000000000000000e+02 4.880592332806838840e+02 0.000000000000000000e+00 0.000000000000000000e+00
6.540000000000000000e+02 4.891643308151732299e+02 0.000000000000000000e+00 0.000000000000000000e+00
6.550000000000000000e+02 4.907318699948264111e+02 0.000000000000000000e+00 0.000000000000000000e+00
6.560000000000000000e+02 4.917051114570150503e+02 0.000000000000000000e+00 0.000000000000000000e+00
6.570000000000000000e+02 4.923651598857032354e+02 0.000000000000000000e+00 0.000000000000000000e+00
6.580000000000000000e+02 4.931472154377784136e+02 0.000000000000000000e+00 0.000000000000000000e+00
6.590000000000000000e+02 4.934604367905515119e+02 0.000000000000000000e+00 0.000000000000000000e+00
6.600000000000000000e+02 4.945176731109219190e+02 0.000000000000000000e+00 0.000000000000000000e+00
6.610000000000000000e+02 4.962335646994277454e+02 0.000000000000000000e+00 0.000000000000000000e+00
6.620000000000000000e+02 4.955320309685264988e+02 0.000000000000000000e+00 0.000000000000000000e+00
6.630000000000000000e+02 4.990520211025108779e+02 0.000000000000000000e+00 0.000000000000000000e+00
6.640000000000000000e+02 4.988414802186190968e+02 0.000000000000000000e+00 0.000000000000000000e+00
6.650000000000000000e+02 4.999241387192902835e+02 0.000000000000000000e+00 0.000000000000000000e+00
6.660000000000000000e+02 5.006583405941777301e+02 0.000000000000000000e+00 0.000000000000000000e+00
6.670000000000000000e+02 5.011351360237709400e+02 0.000000000000000000e+00 0.000000000000000000e+00
6.680000000000000000e+02 5.030070919167182524e+02 0.000000000000000000e+00 0.000000000000000000e+00
6.690000000000000000e+02 5.037092149260835754e+02 0.000000000000000000e+00 0.000000000000000000e+00
6.700000000000000000e+02 5.050874106591437567e+02 0.000000000000000000e+00 0.000000000000000000e+00
6.710000000000000000e+02 5.061748618734441152e+02 0.000000000000000000e+00 0.000000000000000000e+00
6.720000000000000000e+02 5.067250109422005835e+02 0.000000000000000000e+00 0.000000000000000000e+00
6.730000000000000000e+02 5.079968578542661248e+02 0.000000000000000000e+00 0.000000000000000000e+00
6.740000000000000000e+02 5.092361447711067513e+02 0.000000000000000000e+00 0.000000000000000000e+00
6.750000000000000000e+02 5.100775287668815281e+02 0.000000000000000000e+00 0.000000000000000000e+00
6.760000000000000000e+02 5.109871027960400625e+02 0.000000000000000000e+00 0.000000000000000000e+00
6.770000000000000000e+02 5.130997323990748100e+02 0.000000000000000000e+00 0.000000000000000000e+00
6.780000000000000000e+02 5.128816810854465302e+02 0.000000000000000000e+00 0.000000000000000000e+00
6.790000000000000000e+02 5.145172226063730250e+02 0.000000000000000000e+00 0.000000000000000000e+00
6.800000000000000000e+02 5.123688549434986044e+02 2.000000000000000000e+00 0.000000000000000000e+00
6.810000000000000000e+02 5.132390054836586160e+02 0.000000000000000000e+00 0.000000000000000000e+00
6.820000000000000000e+02 5.148222424204813024e+02 0.000000000000000000e+00 0.000000000000000000e+00
6.830000000000000000e+02 5.161007713665284200e+02 0.000000000000000000e+00 0.000000000000000000e+00
6.840000000000000000e+02 5.164029252246778015e+02 0.000000000000000000e+00 0.000000000000000000e+00
6.850000000000000000e+02 5.186464533517928430e+02 0.000000000000000000e+00 0.000000000000000000e+00
6.860000000000000000e+02 5.194236717587340308e+02 0.000000000000000000e+00 0.000000000000000000e+00
6.870000000000000000e+02 5.200103970338569752e+02 0.000000000000000000e+00 0.000000000000000000e+00
6.880000000000000000e+02 5.211318185962795724e+02 0.000000000000000000e+00 0.000000000000000000e+00
6.890000000000000000e+02 5.230716095928720506e+02 0.000000000000000000e+00 0.000000000000000000e+00
6.900000000000000000e+02 5.232608661218060888e+02 0.000000000000000000e+00 0.000000000000000000e+00
6.910000000000000000e+02 5.241573509188366415e+02 0.000000000000000000e+00 0.000000000000000000e+00
6.920000000000000000e+02 5.247413849325656656e+02 0.000000000000000000e+00 0.000000000000000000e+00
6.930000000000000000e+02 5.264087492606314527e+02 0.000000000000000000e+00 0.000000000000000000e+00
6.940000000000000000e+02 5.276175823250961230e+02 0.000000000000000000e+00 0.000000000000000000e+00
6.950000000000000000e+02 5.279834696802389544e+02 0.000000000000000000e+00 0.000000000000000000e+00
6.960000000000000000e+02 5.285872129664016938e+02 0.000000000000000000e+00 0.000000000000000000e+00
6.970000000000000000e+02 5.280447183893070360e+02 2.000000000000000000e+00 0.000000000000000000e+00
6.980000000000000000e+02 5.285165528334690634e+02 0.000000000000000000e+00 0.000000000000000000e+00
6.990000000000000000e+02 5.297739398394451200e+02 0.000000000000000000e+00 0.000000000000000000e+00
7.000000000000000000e+02 5.294411841886388856e+02 2.000000000000000000e+00 0.000000000000000000e+00
7.010000000000000000e+02 5.277621164384628401e+02 2.000000000000000000e+00 0.000000000000000000e+00
7.020000000000000000e+02 5.273522816883086080e+02 1.000000000000000000e+00 0.000000000000000000e+00
7.030000000000000000e+02 5.285953106675023037e+02 0.000000000000000000e+00 0.000000000000000000e+00
7.040000000000000000e+02 5.296235523997424934e+02 0.000000000000000000e+00 0.000000000000000000e+00
7.050000000000000000e+02 5.307437084104813039e+02 0.000000000000000000e+00 0.000000000000000000e+00
7.060000000000000000e+02 5.319207183738813001e+02 0.000000000000000000e+00 0.000000000000000000e+00
7.070000000000000000e+02 5.327248899222519185e+02 0.000000000000000000e+00 0.000000000000000000e+00
7.080000000000000000e+02 5.319731652869364780e+02 2.000000000000000000e+00 0.000000000000000000e+00
7.090000000000000000e+02 5.330995527688769471e+02 0.000000000000000000e+00 0.000000000000000000e+00
7.100000000000000000e+02 5.346035794876368072e+02 0.000000000000000000e+00 0.000000000000000000e+00
7.110000000000000000e+02 5.353127416686709239e+02 0.000000000000000000e+00 0.000000000000000000e+00
7.120000000000000000e+02 5.361420004989660129e+02 0.000000000000000000e+00 0.000000000000000000e+00
7.130000000000000000e+02 5.371941880435492749e+02 0.000000000000000000e+00 0.000000000000000000e+00
7.140000000000000000e+02 5.377320244959510092e+02 0.000000000000000000e+00 0.000000000000000000e+00
7.150000000000000000e+02 5.386630931808281275e+02 0.000000000000000000e+00 0.000000000000000000e+00
7.160000000000000000e+02 5.393006972075095291e+02 0.000000000000000000e+00 0.000000000000000000e+00
7.170000000000000000e+02 5.408116619810159591e+02 0.000000000000000000e+00 0.000000000000000000e+00
7.180000000000000000e+02 5.419297832301824656e+02 0.000000000000000000e+00 0.000000000000000000e+00
7.190000000000000000e+02 5.427734112699502020e+02 0.000000000000000000e+00 0.000000000000000000e+00
7.200000000000000000e+02 5.446756196681525353e+02 0.000000000000000000e+00 0.000000000000000000e+00
7.210000000000000000e+02 5.422986553472276228e+02 2.000000000000000000e+00 0.000000000000000000e+00
7.220000000000000000e+02 5.415189418234766663e+02 2.000000000000000000e+00 0.000000000000000000e+00
7.230000000000000000e+02 5.436881852322020450e+02 0.000000000000000000e+00 0.000000000000000000e+00
7.240000000000000000e+02 5.435461435090821851e+02 0.000000000000000000e+00 0.000000000000000000e+00
7.250000000000000000e+02 5.440695830375619835e+02 0.000000000000000000e+00 0.000000000000000000e+00
7.260000000000000000e+02 5.468398091831683132e+02 0.000000000000000000e+00 0.000000000000000000e+00
7.270000000000000000e+02 5.475123911248931563e+02 0.000000000000000000e+00 0.000000000000000000e+00
7.280000000000000000e+02 5.483433548842775735e+02 0.000000000000000000e+00 0.000000000000000000e+00
7.290000000000000000e+02 5.489281749647085462e+02 0.000000000000000000e+00 0.000000000000000000e+00
7.300000000000000000e+02 5.495173090709216694e+02 0.000000000000000000e+00 0.000000000000000000e+00
7.310000000000000000e+02 5.517318993960916487e+02 0.000000000000000000e+00 0.000000000000000000e+00
7.320000000000000000e+02 5.511130316675637459e+02 0.000000000000000000e+00 0.000000000000000000e+00
7.330000000000000000e+02 5.532601904657955174e+02 0.000000000000000000e+00 0.000000000000000000e+00
7.340000000000000000e+02 5.538266780994063083e+02 0.000000000000000000e+00 0.000000000000000000e+00
7.350000000000000000e+02 5.547239925009793069e+02 0.000000000000000000e+00 0.000000000000000000e+00
7.360000000000000000e+02 5.561797163909077426e+02 0.000000000000000000e+00 0.000000000000000000e+00
7.370000000000000000e+02 5.571018184597101026e+02 0.000000000000000000e+00 0.000000000000000000e+00
7.380000000000000000e+02 5.579391583984051977e+02 0.000000000000000000e+00 0.000000000000000000e+00
7.390000000000000000e+02 5.595093252447094301e+02 0.000000000000000000e+00 0.000000000000000000e+00
7.400000000000000000e+02 5.603618521174995522e+02 0.000000000000000000e+00 0.000000000000000000e+00
7.410000000000000000e+02 5.609184207331705920e+02 0.000000000000000000e+00 0.000000000000000000e+00
7.420000000000000000e+02 5.629580603752917796e+02 0.000000000000000000e+00 0.000000000000000000e+00
7.430000000000000000e+02 5.637956575081891515e+02 0.000000000000000000e+00 0.000000000000000000e+00
7.440000000000000000e+02 5.641858845496655022e+02 0.000000000000000000e+00 0.000000000000000000e+00
7.450000000000000000e+02 5.648727038025189131e+02 0.000000000000000000e+00 0.000000000000000000e+00
7.460000000000000000e+02 5.655794735795146835e+02 0.000000000000000000e+00 0.000000000000000000e+00
7.470000000000000000e+02 5.669546627152188876e+02 0.000000000000000000e+00 0.000000000000000000e+00
7.480000000000000000e+02 5.680149028770082396e+02 0.000000000000000000e+00 0.000000000000000000e+00
7.490000000000000000e+02 5.693489986971021608e+02 0.000000000000000000e+00 0.000000000000000000e+00
7.500000000000000000e+02 5.699533313016275997e+02 0.000000000000000000e+00 0.000000000000000000e+00
7.510000000000000000e+02 5.710932270653734122e+02 0.000000000000000000e+00 0.000000000000000000e+00
7.520000000000000000e+02 5.717010771285491728e+02 0.000000000000000000e+00 0.000000000000000000e+00
7.530000000000000000e+02 5.726822164512819882e+02 0.000000000000000000e+00 0.000000000000000000e+00
7.540000000000000000e+02 5.723622592538800973e+02 2.000000000000000000e+00 0.000000000000000000e+00
7.550000000000000000e+02 5.728994926352186212e+02 0.000000000000000000e+00 0.000000000000000000e+00
7.560000000000000000e+02 5.736398394644207883e+02 0.000000000000000000e+00 0.000000000000000000e+00
7.570000000000000000e+02 5.757369798272419530e+02 0.000000000000000000e+00 0.000000000000000000e+00
7.580000000000000000e+02 5.760321399494863499e+02 0.000000000000000000e+00 0.000000000000000000e+00
7.590000000000000000e+02 5.768050953340979277e+02 0.000000000000000000e+00 0.000000000000000000e+00
7.600000000000000000e+02 5.774806193719989551e+02 0.000000000000000000e+00 0.000000000000000000e+00
7.610000000000000000e+02 5.784730378708464968e+02 0.000000000000000000e+00 0.000000000000000000e+00
7.620000000000000000e+02 5.796161184564543873e+02 0.000000000000000000e+00 0.000000000000000000e+00
7.630000000000000000e+02 5.802685484630594601e+02 0.000000000000000000e+00 0.000000000000000000e+00
7.640000000000000000e+02 5.803890004569725534e+02 0.000000000000000000e+00 0.000000000000000000e+00
7.650000000000000000e+02 5.820099983696549089e+02 0.000000000000000000e+00 0.000000000000000000e+00
7.660000000000000000e+02 5.840551441920584921e+02 0.000000000000000000e+00 0.000000000000000000e+00
7.670000000000000000e+02 5.845411618577282979e+02 0.000000000000000000e+00 0.000000000000000000e+00
7.680000000000000000e+02 5.849315732865433120e+02 1.000000000000000000e+00 0.000000000000000000e+00
7.690000000000000000e+02 5.847136111555855678e+02 1.000000000000000000e+00 0.000000000000000000e+00
7.700000000000000000e+02 5.848439774481688573e+02 1.000000000000000000e+00 0.000000000000000000e+00
7.710000000000000000e+02 5.856525794060543149e+02 0.000000000000000000e+00 0.000000000000000000e+00
7.720000000000000000e+02 5.864463319483656960e+02 0.000000000000000000e+00 0.000000000000000000e+00
7.730000000000000000e+02 5.885977966389637004e+02 0.000000000000000000e+00 0.000000000000000000e+00
7.740000000000000000e+02 5.889099306636080655e+02 0.000000000000000000e+00 0.000000000000000000e+00
7.750000000000000000e+02 5.901145692433813110e+02 0.000000000000000000e+00 0.000000000000000000e+00
7.760000000000000000e+02 5.910741676594612954e+02 0.000000000000000000e+00 0.000000000000000000e+00
7.770000000000000000e+02 5.919220833040498064e+02 0.000000000000000000e+00 0.000000000000000000e+00
7.780000000000000000e+02 5.927853267510776050e+02 0.000000000000000000e+00 0.000000000000000000e+00
7.790000000000000000e+02 5.947056714851224797e+02 0.000000000000000000e+00 0.000000000000000000e+00
7.800000000000000000e+02 5.947747573596096800e+02 0.000000000000000000e+00 0.000000000000000000e+00
7.810000000000000000e+02 5.963444787067269317e+02 0.000000000000000000e+00 0.000000000000000000e+00
7.820000000000000000e+02 5.974365299769921194e+02 0.000000000000000000e+00 0.000000000000000000e+00
7.830000000000000000e+02 5.974720678881523099e+02 0.000000000000000000e+00 0.000000000000000000e+00
7.840000000000000000e+02 5.990239093218456219e+02 0.000000000000000000e+00 0.000000000000000000e+00
7.850000000000000000e+02 5.994386915341511894e+02 0.000000000000000000e+00 0.000000000000000000e+00
7.860000000000000000e+02 6.003351182095589138e+02 0.000000000000000000e+00 0.000000000000000000e+00
7.870000000000000000e+02 6.005972343596860128e+02 0.000000000000000000e+00 0.000000000000000000e+00
7.880000000000000000e+02 6.036119635469297009e+02 0.000000000000000000e+00 0.000000000000000000e+00
7.890000000000000000e+02 6.037910265148410645e+02 0.000000000000000000e+00 0.000000000000000000e+00
7.900000000000000000e+02 6.043051845379237648e+02 0.000000000000000000e+00 0.000000000000000000e+00
7.910000000000000000e+02 6.058708712747501295e+02 0.000000000000000000e+00 0.000000000000000000e+00
7.920000000000000000e+02 6.068496939998010475e+02 0.000000000000000000e+00 0.000000000000000000e+00
7.930000000000000000e+02 6.081600624706806002e+02 0.000000000000000000e+00 0.000000000000000000e+00
7.940000000000000000e+02 6.084953564057526592e+02 0.000000000000000000e+00 0.000000000000000000e+00
7.950000000000000000e+02 6.098495180777917994e+02 0.000000000000000000e+00 0.000000000000000000e+00
7.960000000000000000e+02 6.109189389737646252e+02 0.000000000000000000e+00 0.000000000000000000e+00
7.970000000000000000e+02 6.118187522010613293e+02 0.000000000000000000e+00 0.000000000000000000e+00
7.980000000000000000e+02 6.136137092909925741e+02 0.000000000000000000e+00 0.000000000000000000e+00
7.990000000000000000e+02 6.144336598140457681e+02 0.000000000000000000e+00 0.000000000000000000e+00
8.000000000000000000e+02 6.154454052640776354e+02 0.000000000000000000e+00 0.000000000000000000e+00
