time	position	state	ATP_bound
1.000000000000000000e+00 0.000000000000000000e+00 2.000000000000000000e+00 0.000000000000000000e+00
2.000000000000000000e+00 0.000000000000000000e+00 2.000000000000000000e+00 0.000000000000000000e+00
3.000000000000000000e+00 2.764555353316149322e-01 2.000000000000000000e+00 0.000000000000000000e+00
4.000000000000000000e+00 1.016859173408934058e+00 0.000000000000000000e+00 0.000000000000000000e+00
5.000000000000000000e+00 2.872253626527800030e+00 0.000000000000000000e+00 0.000000000000000000e+00
6.000000000000000000e+00 2.681951590725109469e+00 0.000000000000000000e+00 0.000000000000000000e+00
7.000000000000000000e+00 4.163526366062797912e+00 0.000000000000000000e+00 0.000000000000000000e+00
8.000000000000000000e+00 5.023252352989854508e+00 0.000000000000000000e+00 0.000000000000000000e+00
9.000000000000000000e+00 6.477434507946047582e+00 0.000000000000000000e+00 0.000000000000000000e+00
1.000000000000000000e+01 5.904788779702401236e+00 2.000000000000000000e+00 0.000000000000000000e+00
1.100000000000000000e+01 5.096119732226126686e+00 1.000000000000000000e+00 0.000000000000000000e+00
1.200000000000000000e+01 4.935472297885288739e+00 1.000000000000000000e+00 0.000000000000000000e+00
1.300000000000000000e+01 5.765987118323230298e+00 0.000000000000000000e+00 0.000000000000000000e+00
1.400000000000000000e+01 7.006340875760646014e+00 0.000000000000000000e+00 0.000000000000000000e+00
1.500000000000000000e+01 8.425373270280029914e+00 0.000000000000000000e+00 0.000000000000000000e+00
1.600000000000000000e+01 8.356250991445344667e+00 0.000000000000000000e+00 0.000000000000000000e+00
1.700000000000000000e+01 1.065421126981887667e+01 0.000000000000000000e+00 0.000000000000000000e+00
1.800000000000000000e+01 9.058003025269167452e+00 1.000000000000000000e+00 0.000000000000000000e+00
1.900000000000000000e+01 1.061968784706090574e+01 0.000000000000000000e+00 0.000000000000000000e+00
2.000000000000000000e+01 1.128188295299217891e+01 0.000000000000000000e+00 0.000000000000000000e+00
2.100000000000000000e+01 1.297626112756877426e+01 0.000000000000000000e+00 0.000000000000000000e+00
2.200000000000000000e+01 1.410307318688457912e+01 0.000000000000000000e+00 0.000000000000000000e+00
2.300000000000000000e+01 1.394866250024550780e+01 0.000000000000000000e+00 0.000000000000000000e+00
2.400000000000000000e+01 1.626432063910954184e+01 0.000000000000000000e+00 0.000000000000000000e+00
2.500000000000000000e+01 1.638603401037351404e+01 0.000000000000000000e+00 0.000000000000000000e+00
2.600000000000000000e+01 1.752555854179191641e+01 0.000000000000000000e+00 0.000000000000000000e+00
2.700000000000000000e+01 1.895181442079893941e+01 0.000000000000000000e+00 0.000000000000000000e+00
2.800000000000000000e+01 1.994234557765062021e+01 0.000000000000000000e+00 0.000000000000000000e+00
2.900000000000000000e+01 2.085194824453538587e+01 0.000000000000000000e+00 0.000000000000000000e+00
3.000000000000000000e+01 2.290702205558892146e+01 0.000000000000000000e+00 0.000000000000000000e+00
3.100000000000000000e+01 2.326161591893041702e+01 0.000000000000000000e+00 0.000000000000000000e+00
3.200000000000000000e+01 2.440339287390492728e+01 0.000000000000000000e+00 0.000000000000000000e+00
3.300000000000000000e+01 2.481552154913805097e+01 0.000000000000000000e+00 0.000000000000000000e+00
3.400000000000000000e+01 2.619679419718872637e+01 0.000000000000000000e+00 0.000000000000000000e+00
3.500000000000000000e+01 2.637608855018534726e+01 0.000000000000000000e+00 0.000000000000000000e+00
3.600000000000000000e+01 2.774691318570433651e+01 0.000000000000000000e+00 0.000000000000000000e+00
3.700000000000000000e+01 2.859647413967341123e+01 0.000000000000000000e+00 0.000000000000000000e+00
3.800000000000000000e+01 3.072613901374780099e+01 0.000000000000000000e+00 0.000000000000000000e+00
3.900000000000000000e+01 3.120688652543407215e+01 0.000000000000000000e+00 0.000000000000000000e+00
4.000000000000000000e+01 3.210014423480091494e+01 0.000000000000000000e+00 0.000000000000000000e+00
4.100000000000000000e+01 3.225788004442123480e+01 0.000000000000000000e+00 0.000000000000000000e+00
4.200000000000000000e+01 3.432827494814427638e+01 0.000000000000000000e+00 0.000000000000000000e+00
4.300000000000000000e+01 3.529594312229031061e+01 0.000000000000000000e+00 0.000000000000000000e+00
4.400000000000000000e+01 3.527290914668653699e+01 0.000000000000000000e+00 0.000000000000000000e+00
4.500000000000000000e+01 3.774156035840476164e+01 0.000000000000000000e+00 0.000000000000000000e+00
4.600000000000000000e+01 3.574060652976841368e+01 2.000000000000000000e+00 0.000000000000000000e+00
4.700000000000000000e+01 3.560511035481610520e+01 2.000000000000000000e+00 0.000000000000000000e+00
4.800000000000000000e+01 3.588025242111894642e+01 0.000000000000000000e+00 0.000000000000000000e+00
4.900000000000000000e+01 3.779373295280250034e+01 0.000000000000000000e+00 0.000000000000000000e+00
5.000000000000000000e+01 3.926158840894514412e+01 0.000000000000000000e+00 0.000000000000000000e+00
5.100000000000000000e+01 3.809844354872770822e+01 1.000000000000000000e+00 0.000000000000000000e+00
5.200000000000000000e+01 3.873293025538489331e+01 0.000000000000000000e+00 0.000000000000000000e+00
5.300000000000000000e+01 4.099109661121971016e+01 0.000000000000000000e+00 0.000000000000000000e+00
5.400000000000000000e+01 4.099396180955132252e+01 0.000000000000000000e+00 0.000000000000000000e+00
5.500000000000000000e+01 4.219014336298772605e+01 0.000000000000000000e+00 0.000000000000000000e+00
5.600000000000000000e+01 4.337519982884823122e+01 0.000000000000000000e+00 0.000000000000000000e+00
5.700000000000000000e+01 4.426105559288291857e+01 0.000000000000000000e+00 0.000000000000000000e+00
5.800000000000000000e+01 4.493502353128062055e+01 0.000000000000000000e+00 0.000000000000000000e+00
5.900000000000000000e+01 4.640652251084961932e+01 0.000000000000000000e+00 0.000000000000000000e+00
6.000000000000000000e+01 4.691909468995809362e+01 0.000000000000000000e+00 0.000000000000000000e+00
6.100000000000000000e+01 4.804707644150601453e+01 0.000000000000000000e+00 0.000000000000000000e+00
6.200000000000000000e+01 4.943798086717251294e+01 0.000000000000000000e+00 0.000000000000000000e+00
6.300000000000000000e+01 5.076848610442849719e+01 0.000000000000000000e+00 0.000000000000000000e+00
6.400000000000000000e+01 5.021846205078967529e+01 0.000000000000000000e+00 0.000000000000000000e+00
6.500000000000000000e+01 5.227016111436820722e+01 0.000000000000000000e+00 0.000000000000000000e+00
6.600000000000000000e+01 5.327992430246404609e+01 0.000000000000000000e+00 0.000000000000000000e+00
6.700000000000000000e+01 5.326596694965867584e+01 0.000000000000000000e+00 0.000000000000000000e+00
6.800000000000000000e+01 5.441420144585324437e+01 0.000000000000000000e+00 0.000000000000000000e+00
6.900000000000000000e+01 5.744175152695557074e+01 0.000000000000000000e+00 0.000000000000000000e+00
7.000000000000000000e+01 5.645360257651813640e+01 0.000000000000000000e+00 0.000000000000000000e+00
7.100000000000000000e+01 5.829825008697265787e+01 0.000000000000000000e+00 0.000000000000000000e+00
7.200000000000000000e+01 5.815098569573557086e+01 0.000000000000000000e+00 0.000000000000000000e+00
7.300000000000000000e+01 6.117452216981229185e+01 0.000000000000000000e+00 0.000000000000000000e+00
7.400000000000000000e+01 6.033826234487751350e+01 0.000000000000000000e+00 0.000000000000000000e+00
7.500000000000000000e+01 6.143104735231202795e+01 0.000000000000000000e+00 0.000000000000000000e+00
7.600000000000000000e+01 6.390582779366864941e+01 0.000000000000000000e+00 0.000000000000000000e+00
7.700000000000000000e+01 6.384184915575850283e+01 0.000000000000000000e+00 0.000000000000000000e+00
7.800000000000000000e+01 6.499142485536523850e+01 0.000000000000000000e+00 0.000000000000000000e+00
7.900000000000000000e+01 6.572484452830191515e+01 0.000000000000000000e+00 0.000000000000000000e+00
8.000000000000000000e+01 6.651697334999023781e+01 0.000000000000000000e+00 0.000000000000000000e+00
8.100000000000000000e+01 6.829627070892210838e+01 0.000000000000000000e+00 0.000000000000000000e+00
8.200000000000000000e+01 6.800909827432501231e+01 0.000000000000000000e+00 0.000000000000000000e+00
8.300000000000000000e+01 6.922168131522865053e+01 0.000000000000000000e+00 0.000000000000000000e+00
8.400000000000000000e+01 7.148140744971507843e+01 0.000000000000000000e+00 0.000000000000000000e+00
8.500000000000000000e+01 7.194959527592527593e+01 0.000000000000000000e+00 0.000000000000000000e+00
8.600000000000000000e+01 7.307581787314109079e+01 0.000000000000000000e+00 0.000000000000000000e+00
8.700000000000000000e+01 7.434538294692310956e+01 0.000000000000000000e+00 0.000000000000000000e+00
8.800000000000000000e+01 7.485954839126425497e+01 0.000000000000000000e+00 0.000000000000000000e+00
8.900000000000000000e+01 7.638978556262094344e+01 0.000000000000000000e+00 0.000000000000000000e+00
9.000000000000000000e+01 7.687785903867445825e+01 0.000000000000000000e+00 0.000000000000000000e+00
9.100000000000000000e+01 7.807657287511347022e+01 0.000000000000000000e+00 0.000000000000000000e+00
9.200000000000000000e+01 7.952589971204645281e+01 0.000000000000000000e+00 0.000000000000000000e+00
9.300000000000000000e+01 8.011986598971677154e+01 0.000000000000000000e+00 0.000000000000000000e+00
9.400000000000000000e+01 8.064868341450987543e+01 0.000000000000000000e+00 0.000000000000000000e+00
9.500000000000000000e+01 8.175597033138366498e+01 0.000000000000000000e+00 0.000000000000000000e+00
9.600000000000000000e+01 8.289415532335557657e+01 0.000000000000000000e+00 0.000000000000000000e+00
9.700000000000000000e+01 8.119463145609950061e+01 2.000000000000000000e+00 0.000000000000000000e+00
9.800000000000000000e+01 8.066974729295301927e+01 2.000000000000000000e+00 0.000000000000000000e+00
9.900000000000000000e+01 8.255459926239215918e+01 0.000000000000000000e+00 0.000000000000000000e+00
1.000000000000000000e+02 8.312883300706356238e+01 0.000000000000000000e+00 0.000000000000000000e+00
1.010000000000000000e+02 8.313368736346325250e+01 0.000000000000000000e+00 0.000000000000000000e+00
1.020000000000000000e+02 8.480038637223796627e+01 0.000000000000000000e+00 0.000000000000000000e+00
1.030000000000000000e+02 8.571436604138322934e+01 0.000000000000000000e+00 0.000000000000000000e+00
1.040000000000000000e+02 8.770882554952959254e+01 0.000000000000000000e+00 0.000000000000000000e+00
1.050000000000000000e+02 8.681403182319695588e+01 0.000000000000000000e+00 0.000000000000000000e+00
1.060000000000000000e+02 8.928153875397792660e+01 0.000000000000000000e+00 0.000000000000000000e+00
1.070000000000000000e+02 9.055645293481114777e+01 0.000000000000000000e+00 0.000000000000000000e+00
1.080000000000000000e+02 9.094756532228819879e+01 0.000000000000000000e+00 0.000000000000000000e+00
1.090000000000000000e+02 9.181351074679615465e+01 0.000000000000000000e+00 0.000000000000000000e+00
1.100000000000000000e+02 9.326165332774323247e+01 0.000000000000000000e+00 0.000000000000000000e+00
1.110000000000000000e+02 9.435454513310904190e+01 0.000000000000000000e+00 0.000000000000000000e+00
1.120000000000000000e+02 9.503226693447173545e+01 0.000000000000000000e+00 0.000000000000000000e+00
1.130000000000000000e+02 9.578067251269428084e+01 0.000000000000000000e+00 0.000000000000000000e+00
1.140000000000000000e+02 9.700895478540040529e+01 0.000000000000000000e+00 0.000000000000000000e+00
1.150000000000000000e+02 9.853672351721135669e+01 0.000000000000000000e+00 0.000000000000000000e+00
1.160000000000000000e+02 9.870858583559132171e+01 0.000000000000000000e+00 0.000000000000000000e+00
1.170000000000000000e+02 1.001226430808698495e+02 0.000000000000000000e+00 0.000000000000000000e+00
1.180000000000000000e+02 1.011376055893338872e+02 0.000000000000000000e+00 0.000000000000000000e+00
1.190000000000000000e+02 1.024530642879771705e+02 0.000000000000000000e+00 0.000000000000000000e+00
1.200000000000000000e+02 1.037777115937053054e+02 0.000000000000000000e+00 0.000000000000000000e+00
1.210000000000000000e+02 1.034232858729527749e+02 0.000000000000000000e+00 0.000000000000000000e+00
1.220000000000000000e+02 1.032071959821070379e+02 2.000000000000000000e+00 0.000000000000000000e+00
1.230000000000000000e+02 1.039170268925656870e+02 0.000000000000000000e+00 0.000000000000000000e+00
1.240000000000000000e+02 1.048032264687546160e+02 0.000000000000000000e+00 0.000000000000000000e+00
1.250000000000000000e+02 1.056659640974031191e+02 0.000000000000000000e+00 0.000000000000000000e+00
1.260000000000000000e+02 1.067667316143311496e+02 0.000000000000000000e+00 0.000000000000000000e+00
1.270000000000000000e+02 1.074188148015282565e+02 0.000000000000000000e+00 0.000000000000000000e+00
1.280000000000000000e+02 1.069294188942332653e+02 2.000000000000000000e+00 0.000000000000000000e+00
1.290000000000000000e+02 1.062042797390876814e+02 2.000000000000000000e+00 0.000000000000000000e+00
1.300000000000000000e+02 1.071141782932529765e+02 0.000000000000000000e+00 0.000000000000000000e+00
1.310000000000000000e+02 1.080768551260224655e+02 0.000000000000000000e+00 0.000000000000000000e+00
1.320000000000000000e+02 1.088725942740339150e+02 0.000000000000000000e+00 0.000000000000000000e+00
1.330000000000000000e+02 1.093638988877604135e+02 0.000000000000000000e+00 0.000000000000000000e+00
1.340000000000000000e+02 1.115754745567554522e+02 0.000000000000000000e+00 0.000000000000000000e+00
1.350000000000000000e+02 1.100476231814664203e+02 2.000000000000000000e+00 0.000000000000000000e+00
1.360000000000000000e+02 1.089385436960230464e+02 2.000000000000000000e+00 0.000000000000000000e+00
1.370000000000000000e+02 1.076070612014404588e+02 2.000000000000000000e+00 0.000000000000000000e+00
1.380000000000000000e+02 1.096289387895936756e+02 0.000000000000000000e+00 0.000000000000000000e+00
1.390000000000000000e+02 1.100310540506411741e+02 0.000000000000000000e+00 0.000000000000000000e+00
1.400000000000000000e+02 1.110455378786810456e+02 0.000000000000000000e+00 0.000000000000000000e+00
1.410000000000000000e+02 1.117388712394052988e+02 0.000000000000000000e+00 0.000000000000000000e+00
1.420000000000000000e+02 1.133104497302607001e+02 0.000000000000000000e+00 0.000000000000000000e+00
1.430000000000000000e+02 1.134376435419330420e+02 0.000000000000000000e+00 0.000000000000000000e+00
1.440000000000000000e+02 1.148834953656906492e+02 0.000000000000000000e+00 0.000000000000000000e+00
1.450000000000000000e+02 1.158898115697382707e+02 0.000000000000000000e+00 0.000000000000000000e+00
1.460000000000000000e+02 1.170948460363055830e+02 0.000000000000000000e+00 0.000000000000000000e+00
1.470000000000000000e+02 1.175497514993112844e+02 0.000000000000000000e+00 0.000000000000000000e+00
1.480000000000000000e+02 1.183920520603972619e+02 0.000000000000000000e+00 0.000000000000000000e+00
1.490000000000000000e+02 1.201530812926335159e+02 0.000000000000000000e+00 0.000000000000000000e+00
1.500000000000000000e+02 1.215072145439522444e+02 0.000000000000000000e+00 0.000000000000000000e+00
1.510000000000000000e+02 1.225810907944245258e+02 0.000000000000000000e+00 0.000000000000000000e+00
1.520000000000000000e+02 1.237109048486602916e+02 0.000000000000000000e+00 0.000000000000000000e+00
1.530000000000000000e+02 1.235432949978358721e+02 0.000000000000000000e+00 0.000000000000000000e+00
1.540000000000000000e+02 1.250883092191177468e+02 0.000000000000000000e+00 0.000000000000000000e+00
1.550000000000000000e+02 1.251445782542484153e+02 1.000000000000000000e+00 0.000000000000000000e+00
1.560000000000000000e+02 1.246462874665754015e+02 1.000000000000000000e+00 0.000000000000000000e+00
1.570000000000000000e+02 1.263291124731247379e+02 0.000000000000000000e+00 0.000000000000000000e+00
1.580000000000000000e+02 1.273286463643885043e+02 0.000000000000000000e+00 0.000000000000000000e+00
1.590000000000000000e+02 1.284246933141371585e+02 0.000000000000000000e+00 0.000000000000000000e+00
1.600000000000000000e+02 1.285188952670576157e+02 0.000000000000000000e+00 0.000000000000000000e+00
1.610000000000000000e+02 1.304478192208629252e+02 0.000000000000000000e+00 0.000000000000000000e+00
1.620000000000000000e+02 1.311011910980436141e+02 0.000000000000000000e+00 0.000000000000000000e+00
1.630000000000000000e+02 1.321749004102583740e+02 0.000000000000000000e+00 0.000000000000000000e+00
1.640000000000000000e+02 1.327929473117831947e+02 0.000000000000000000e+00 0.000000000000000000e+00
1.650000000000000000e+02 1.343038020829027062e+02 0.000000000000000000e+00 0.000000000000000000e+00
1.660000000000000000e+02 1.333877758823860518e+02 2.000000000000000000e+00 0.000000000000000000e+00
1.670000000000000000e+02 1.326442389924549445e+02 2.000000000000000000e+00 0.000000000000000000e+00
1.680000000000000000e+02 1.323994710129584860e+02 0.000000000000000000e+00 0.000000000000000000e+00
1.690000000000000000e+02 1.347266795588522541e+02 0.000000000000000000e+00 0.000000000000000000e+00
1.700000000000000000e+02 1.348330054749824853e+02 0.000000000000000000e+00 0.000000000000000000e+00
1.710000000000000000e+02 1.364328026449670688e+02 0.000000000000000000e+00 0.000000000000000000e+00
1.720000000000000000e+02 1.369510656646612858e+02 0.000000000000000000e+00 0.000000000000000000e+00
1.730000000000000000e+02 1.376454358340154727e+02 0.000000000000000000e+00 0.000000000000000000e+00
1.740000000000000000e+02 1.394215644614205871e+02 0.000000000000000000e+00 0.000000000000000000e+00
1.750000000000000000e+02 1.401156897851987537e+02 0.000000000000000000e+00 0.000000000000000000e+00
1.760000000000000000e+02 1.405685715729331378e+02 0.000000000000000000e+00 0.000000000000000000e+00
1.770000000000000000e+02 1.419325264405581208e+02 0.000000000000000000e+00 0.000000000000000000e+00
1.780000000000000000e+02 1.431753183192306267e+02 0.000000000000000000e+00 0.000000000000000000e+00
1.790000000000000000e+02 1.439471603266626403e+02 0.000000000000000000e+00 0.000000000000000000e+00
1.800000000000000000e+02 1.447958611124382458e+02 0.000000000000000000e+00 0.000000000000000000e+00
1.810000000000000000e+02 1.456397618641779275e+02 0.000000000000000000e+00 0.000000000000000000e+00
1.820000000000000000e+02 1.476385813442526000e+02 0.000000000000000000e+00 0.000000000000000000e+00
1.830000000000000000e+02 1.482080735824960414e+02 0.000000000000000000e+00 0.000000000000000000e+00
1.840000000000000000e+02 1.491898426795601154e+02 0.000000000000000000e+00 0.000000000000000000e+00
1.850000000000000000e+02 1.499733571181717764e+02 0.000000000000000000e+00 0.000000000000000000e+00
1.860000000000000000e+02 1.508295603348451834e+02 0.000000000000000000e+00 0.000000000000000000e+00
1.870000000000000000e+02 1.523583675120994201e+02 0.000000000000000000e+00 0.000000000000000000e+00
1.880000000000000000e+02 1.538636024532565330e+02 0.000000000000000000e+00 0.000000000000000000e+00
1.890000000000000000e+02 1.535686040570680291e+02 0.000000000000000000e+00 0.000000000000000000e+00
1.900000000000000000e+02 1.540489000525263350e+02 0.000000000000000000e+00 0.000000000000000000e+00
1.910000000000000000e+02 1.556679713887992307e+02 0.000000000000000000e+00 0.000000000000000000e+00
1.920000000000000000e+02 1.548500388318848024e+02 2.000000000000000000e+00 0.000000000000000000e+00
1.930000000000000000e+02 1.557141443576610413e+02 0.000000000000000000e+00 0.000000000000000000e+00
1.940000000000000000e+02 1.578153987547171369e+02 0.000000000000000000e+00 0.000000000000000000e+00
1.950000000000000000e+02 1.573746196825206027e+02 0.000000000000000000e+00 0.000000000000000000e+00
1.960000000000000000e+02 1.583764652743226407e+02 0.000000000000000000e+00 0.000000000000000000e+00
1.970000000000000000e+02 1.603941492668178341e+02 0.000000000000000000e+00 0.000000000000000000e+00
1.980000000000000000e+02 1.592466442377329656e+02 2.000000000000000000e+00 0.000000000000000000e+00
1.990000000000000000e+02 1.577724877257827529e+02 2.000000000000000000e+00 0.000000000000000000e+00
2.000000000000000000e+02 1.590121415914984198e+02 0.000000000000000000e+00 0.000000000000000000e+00
2.010000000000000000e+02 1.607976080089941604e+02 0.000000000000000000e+00 0.000000000000000000e+00
2.020000000000000000e+02 1.613218771293432212e+02 0.000000000000000000e+00 0.000000000000000000e+00
2.030000000000000000e+02 1.619837483602057659e+02 0.000000000000000000e+00 0.000000000000000000e+00
2.040000000000000000e+02 1.634084933763903678e+02 0.000000000000000000e+00 0.000000000000000000e+00
2.050000000000000000e+02 1.648717411007071405e+02 0.000000000000000000e+00 0.000000000000000000e+00
2.060000000000000000e+02 1.648119668684929877e+02 0.000000000000000000e+00 0.000000000000000000e+00
2.070000000000000000e+02 1.653475084660552739e+02 0.000000000000000000e+00 0.000000000000000000e+00
2.080000000000000000e+02 1.667104751635066577e+02 0.000000000000000000e+00 0.000000000000000000e+00
2.090000000000000000e+02 1.678697487701881528e+02 0.000000000000000000e+00 0.000000000000000000e+00
2.100000000000000000e+02 1.694715668072023789e+02 0.000000000000000000e+00 0.000000000000000000e+00
2.110000000000000000e+02 1.685622242529144330e+02 2.000000000000000000e+00 0.000000000000000000e+00
2.120000000000000000e+02 1.674245322347773026e+02 2.000000000000000000e+00 0.000000000000000000e+00
2.130000000000000000e+02 1.675106067070549898e+02 0.000000000000000000e+00 0.000000000000000000e+00
2.140000000000000000e+02 1.683098326078255127e+02 0.000000000000000000e+00 0.000000000000000000e+00
2.150000000000000000e+02 1.696961115764207761e+02 0.000000000000000000e+00 0.000000000000000000e+00
2.160000000000000000e+02 1.706354329758466406e+02 0.000000000000000000e+00 0.000000000000000000e+00
2.170000000000000000e+02 1.726643339570133833e+02 0.000000000000000000e+00 0.000000000000000000e+00
2.180000000000000000e+02 1.729695494172342478e+02 0.000000000000000000e+00 0.000000000000000000e+00
2.190000000000000000e+02 1.736121569560206126e+02 0.000000000000000000e+00 0.000000000000000000e+00
2.200000000000000000e+02 1.744450030889500454e+02 0.000000000000000000e+00 0.000000000000000000e+00
2.210000000000000000e+02 1.757578277083278522e+02 0.000000000000000000e+00 0.000000000000000000e+00
2.220000000000000000e+02 1.763870196898932932e+02 0.000000000000000000e+00 0.000000000000000000e+00
2.230000000000000000e+02 1.766958917460656551e+02 0.000000000000000000e+00 0.000000000000000000e+00
2.240000000000000000e+02 1.796148419875551667e+02 0.000000000000000000e+00 0.000000000000000000e+00
2.250000000000000000e+02 1.792575509948661363e+02 0.000000000000000000e+00 0.000000000000000000e+00
2.260000000000000000e+02 1.798945579780523758e+02 0.000000000000000000e+00 0.000000000000000000e+00
2.270000000000000000e+02 1.812330313485860529e+02 0.000000000000000000e+00 0.000000000000000000e+00
2.280000000000000000e+02 1.836051581253786935e+02 0.000000000000000000e+00 0.000000000000000000e+00
2.290000000000000000e+02 1.841624054377658410e+02 0.000000000000000000e+00 0.000000000000000000e+00
2.300000000000000000e+02 1.854234839323144683e+02 0.000000000000000000e+00 0.000000000000000000e+00
2.310000000000000000e+02 1.862903778678076776e+02 0.000000000000000000e+00 0.000000000000000000e+00
2.320000000000000000e+02 1.869644244703138725e+02 0.000000000000000000e+00 0.000000000000000000e+00
2.330000000000000000e+02 1.875096388367437328e+02 0.000000000000000000e+00 0.000000000000000000e+00
2.340000000000000000e+02 1.898400921065170905e+02 0.000000000000000000e+00 0.000000000000000000e+00
2.350000000000000000e+02 1.903395690814656689e+02 0.000000000000000000e+00 0.000000000000000000e+00
2.360000000000000000e+02 1.909895678734580997e+02 0.000000000000000000e+00 0.000000000000000000e+00
2.370000000000000000e+02 1.925407783139092146e+02 0.000000000000000000e+00 0.000000000000000000e+00
2.380000000000000000e+02 1.917950355857617524e+02 1.000000000000000000e+00 0.000000000000000000e+00
2.390000000000000000e+02 1.922737045702320131e+02 1.000000000000000000e+00 0.000000000000000000e+00
2.400000000000000000e+02 1.921118423977381440e+02 1.000000000000000000e+00 0.000000000000000000e+00
2.410000000000000000e+02 1.941194895654542165e+02 0.000000000000000000e+00 0.000000000000000000e+00
2.420000000000000000e+02 1.944437331446905830e+02 0.000000000000000000e+00 0.000000000000000000e+00
2.430000000000000000e+02 1.946657963214332767e+02 0.000000000000000000e+00 0.000000000000000000e+00
2.440000000000000000e+02 1.961241149077771979e+02 0.000000000000000000e+00 0.000000000000000000e+00
2.450000000000000000e+02 1.971568249081710178e+02 0.000000000000000000e+00 0.000000000000000000e+00
2.460000000000000000e+02 1.990749952496818764e+02 0.000000000000000000e+00 0.000000000000000000e+00
2.470000000000000000e+02 1.988133619002061891e+02 0.000000000000000000e+00 0.000000000000000000e+00
2.480000000000000000e+02 1.995667581665450143e+02 0.000000000000000000e+00 0.000000000000000000e+00
2.490000000000000000e+02 2.020176534614362254e+02 0.000000000000000000e+00 0.000000000000000000e+00
2.500000000000000000e+02 2.013675133880598196e+02 0.000000000000000000e+00 0.000000000000000000e+00
2.510000000000000000e+02 2.026116555161740393e+02 0.000000000000000000e+00 0.000000000000000000e+00
2.520000000000000000e+02 2.032927333191807691e+02 0.000000000000000000e+00 0.000000000000000000e+00
2.530000000000000000e+02 2.038327816779552961e+02 1.000000000000000000e+00 0.000000000000000000e+00
2.540000000000000000e+02 2.052798731714719054e+02 0.000000000000000000e+00 0.000000000000000000e+00
2.550000000000000000e+02 2.055717434099522904e+02 0.000000000000000000e+00 0.000000000000000000e+00
2.560000000000000000e+02 2.074942981721935098e+02 0.000000000000000000e+00 0.000000000000000000e+00
2.570000000000000000e+02 2.079720122219175096e+02 0.000000000000000000e+00 0.000000000000000000e+00
2.580000000000000000e+02 2.088390824633158616e+02 0.000000000000000000e+00 0.000000000000000000e+00
2.590000000000000000e+02 2.097026020604303369e+02 0.000000000000000000e+00 0.000000000000000000e+00
2.600000000000000000e+02 2.112818546862731353e+02 0.000000000000000000e+00 0.000000000000000000e+00
2.610000000000000000e+02 2.110664296514688374e+02 1.000000000000000000e+00 0.000000000000000000e+00
2.620000000000000000e+02 2.123597040336273380e+02 0.000000000000000000e+00 0.000000000000000000e+00
2.630000000000000000e+02 2.125311088978050691e+02 0.000000000000000000e+00 0.000000000000000000e+00
2.640000000000000000e+02 2.142389248877055934e+02 0.000000000000000000e+00 0.000000000000000000e+00
2.650000000000000000e+02 2.151693590314959579e+02 0.000000000000000000e+00 0.000000000000000000e+00
2.660000000000000000e+02 2.159181369564705619e+02 0.000000000000000000e+00 0.000000000000000000e+00
2.670000000000000000e+02 2.176015843538931449e+02 0.000000000000000000e+00 0.000000000000000000e+00
2.680000000000000000e+02 2.184145163643551655e+02 0.000000000000000000e+00 0.000000000000000000e+00
2.690000000000000000e+02 2.192619182650469156e+02 0.000000000000000000e+00 0.000000000000000000e+00
2.700000000000000000e+02 2.186834790953329843e+02 1.000000000000000000e+00 0.000000000000000000e+00
2.710000000000000000e+02 2.193451534259156972e+02 1.000000000000000000e+00 0.000000000000000000e+00
2.720000000000000000e+02 2.191602798928673508e+02 0.000000000000000000e+00 0.000000000000000000e+00
2.730000000000000000e+02 2.212542448310158534e+02 0.000000000000000000e+00 0.000000000000000000e+00
2.740000000000000000e+02 2.202363499913564340e+02 1.000000000000000000e+00 0.000000000000000000e+00
2.750000000000000000e+02 2.227284493266632808e+02 0.000000000000000000e+00 0.000000000000000000e+00
2.760000000000000000e+02 2.216009297811626197e+02 1.000000000000000000e+00 0.000000000000000000e+00
2.770000000000000000e+02 2.232088841010597662e+02 0.000000000000000000e+00 0.000000000000000000e+00
2.780000000000000000e+02 2.238064022005954428e+02 0.000000000000000000e+00 0.000000000000000000e+00
2.790000000000000000e+02 2.241124994162640576e+02 0.000000000000000000e+00 0.000000000000000000e+00
2.800000000000000000e+02 2.263132358270566158e+02 0.000000000000000000e+00 0.000000000000000000e+00
2.810000000000000000e+02 2.269472870528617250e+02 0.000000000000000000e+00 0.000000000000000000e+00
2.820000000000000000e+02 2.283462872851328029e+02 0.000000000000000000e+00 0.000000000000000000e+00
2.830000000000000000e+02 2.286628838051261425e+02 0.000000000000000000e+00 0.000000000000000000e+00
2.840000000000000000e+02 2.286736101870768323e+02 1.000000000000000000e+00 0.000000000000000000e+00
2.850000000000000000e+02 2.290143014051932084e+02 0.000000000000000000e+00 0.000000000000000000e+00
2.860000000000000000e+02 2.304146179383399726e+02 0.000000000000000000e+00 0.000000000000000000e+00
2.870000000000000000e+02 2.304539938280879880e+02 1.000000000000000000e+00 0.000000000000000000e+00
2.880000000000000000e+02 2.325754844175407925e+02 0.000000000000000000e+00 0.000000000000000000e+00
2.890000000000000000e+02 2.302233404838105173e+02 2.000000000000000000e+00 0.000000000000000000e+00
2.900000000000000000e+02 2.300352769106152380e+02 2.000000000000000000e+00 0.000000000000000000e+00
2.910000000000000000e+02 2.302595421942717735e+02 1.000000000000000000e+00 0.000000000000000000e+00
2.920000000000000000e+02 2.288150247646922537e+02 2.000000000000000000e+00 0.000000000000000000e+00
2.930000000000000000e+02 2.298501389207256409e+02 0.000000000000000000e+00 0.000000000000000000e+00
2.940000000000000000e+02 2.312504996483741593e+02 0.000000000000000000e+00 0.000000000000000000e+00
2.950000000000000000e+02 2.325248640245892489e+02 0.000000000000000000e+00 0.000000000000000000e+00
2.960000000000000000e+02 2.332996512136378442e+02 0.000000000000000000e+00 0.000000000000000000e+00
2.970000000000000000e+02 2.336292551537888187e+02 0.000000000000000000e+00 0.000000000000000000e+00
2.980000000000000000e+02 2.363144836413616190e+02 0.000000000000000000e+00 0.000000000000000000e+00
2.990000000000000000e+02 2.359497014941596831e+02 0.000000000000000000e+00 0.000000000000000000e+00
3.000000000000000000e+02 2.368388447602097813e+02 0.000000000000000000e+00 0.000000000000000000e+00
3.010000000000000000e+02 2.379591373833838475e+02 0.000000000000000000e+00 0.000000000000000000e+00
3.020000000000000000e+02 2.389976905837332026e+02 0.000000000000000000e+00 0.000000000000000000e+00
3.030000000000000000e+02 2.397609561627709809e+02 0.000000000000000000e+00 0.000000000000000000e+00
3.040000000000000000e+02 2.404891225002934050e+02 0.000000000000000000e+00 0.000000000000000000e+00
3.050000000000000000e+02 2.412899508258847732e+02 2.000000000000000000e+00 0.000000000000000000e+00
3.060000000000000000e+02 2.414404147260645459e+02 0.000000000000000000e+00 0.000000000000000000e+00
3.070000000000000000e+02 2.404104428742091670e+02 2.000000000000000000e+00 0.000000000000000000e+00
3.080000000000000000e+02 2.417477671873903375e+02 0.000000000000000000e+00 0.000000000000000000e+00
3.090000000000000000e+02 2.421313966388480310e+02 0.000000000000000000e+00 0.000000000000000000e+00
3.100000000000000000e+02 2.430984889803695523e+02 0.000000000000000000e+00 0.000000000000000000e+00
3.110000000000000000e+02 2.434272789530102159e+02 0.000000000000000000e+00 0.000000000000000000e+00
3.120000000000000000e+02 2.449098931907896599e+02 0.000000000000000000e+00 0.000000000000000000e+00
3.130000000000000000e+02 2.461954162981701302e+02 0.000000000000000000e+00 0.000000000000000000e+00
3.140000000000000000e+02 2.472103559902736833e+02 0.000000000000000000e+00 0.000000000000000000e+00
3.150000000000000000e+02 2.475024799684366315e+02 0.000000000000000000e+00 0.000000000000000000e+00
3.160000000000000000e+02 2.491766534079631015e+02 0.000000000000000000e+00 0.000000000000000000e+00
3.170000000000000000e+02 2.497882425646331512e+02 0.000000000000000000e+00 0.000000000000000000e+00
3.180000000000000000e+02 2.499569628480174686e+02 0.000000000000000000e+00 0.000000000000000000e+00
3.190000000000000000e+02 2.518387574545556618e+02 0.000000000000000000e+00 0.000000000000000000e+00
3.200000000000000000e+02 2.530871052886556924e+02 0.000000000000000000e+00 0.000000000000000000e+00
3.210000000000000000e+02 2.532622684215600373e+02 0.000000000000000000e+00 0.000000000000000000e+00
3.220000000000000000e+02 2.549941086147305782e+02 0.000000000000000000e+00 0.000000000000000000e+00
3.230000000000000000e+02 2.561044882711271953e+02 0.000000000000000000e+00 0.000000000000000000e+00
3.240000000000000000e+02 2.567028061022976999e+02 0.000000000000000000e+00 0.000000000000000000e+00
3.250000000000000000e+02 2.582885216451986707e+02 0.000000000000000000e+00 0.000000000000000000e+00
3.260000000000000000e+02 2.586341004358948226e+02 0.000000000000000000e+00 0.000000000000000000e+00
3.270000000000000000e+02 2.580888966824488762e+02 2.000000000000000000e+00 0.000000000000000000e+00
3.280000000000000000e+02 2.583887955665226741e+02 2.000000000000000000e+00 0.000000000000000000e+00
3.290000000000000000e+02 2.564990112744787325e+02 2.000000000000000000e+00 0.000000000000000000e+00
3.300000000000000000e+02 2.563677123128249491e+02 0.000000000000000000e+00 0.000000000000000000e+00
3.310000000000000000e+02 2.581777934376295320e+02 0.000000000000000000e+00 0.000000000000000000e+00
3.320000000000000000e+02 2.584326431151804968e+02 0.000000000000000000e+00 0.000000000000000000e+00
3.330000000000000000e+02 2.596686589588534844e+02 0.000000000000000000e+00 0.000000000000000000e+00
3.340000000000000000e+02 2.602719242277048579e+02 0.000000000000000000e+00 0.000000000000000000e+00
3.350000000000000000e+02 2.624485135040978889e+02 0.000000000000000000e+00 0.000000000000000000e+00
3.360000000000000000e+02 2.635187024143071994e+02 0.000000000000000000e+00 0.000000000000000000e+00
3.370000000000000000e+02 2.647416227818539483e+02 0.000000000000000000e+00 0.000000000000000000e+00
3.380000000000000000e+02 2.658232830816279488e+02 0.000000000000000000e+00 0.000000000000000000e+00
3.390000000000000000e+02 2.646834095590169227e+02 2.000000000000000000e+00 0.000000000000000000e+00
3.400000000000000000e+02 2.657005098429063992e+02 0.000000000000000000e+00 0.000000000000000000e+00
3.410000000000000000e+02 2.661854344153151146e+02 0.000000000000000000e+00 0.000000000000000000e+00
3.420000000000000000e+02 2.662581500148997407e+02 1.000000000000000000e+00 0.000000000000000000e+00
3.430000000000000000e+02 2.653124717626528764e+02 2.000000000000000000e+00 0.000000000000000000e+00
3.440000000000000000e+02 2.644676059160931914e+02 1.000000000000000000e+00 0.000000000000000000e+00
3.450000000000000000e+02 2.653229338075562964e+02 1.000000000000000000e+00 0.000000000000000000e+00
3.460000000000000000e+02 2.658993235044778771e+02 0.000000000000000000e+00 0.000000000000000000e+00
3.470000000000000000e+02 2.669807501549653921e+02 0.000000000000000000e+00 0.000000000000000000e+00
3.480000000000000000e+02 2.679436487149823733e+02 0.000000000000000000e+00 0.000000000000000000e+00
3.490000000000000000e+02 2.686781558557038920e+02 0.000000000000000000e+00 0.000000000000000000e+00
3.500000000000000000e+02 2.712683808251166511e+02 0.000000000000000000e+00 0.000000000000000000e+00
3.510000000000000000e+02 2.709818607271730002e+02 0.000000000000000000e+00 0.000000000000000000e+00
3.520000000000000000e+02 2.708690266166458400e+02 0.000000000000000000e+00 0.000000000000000000e+00
3.530000000000000000e+02 2.731856634762048657e+02 0.000000000000000000e+00 0.000000000000000000e+00
3.540000000000000000e+02 2.737311895388272660e+02 0.000000000000000000e+00 0.000000000000000000e+00
3.550000000000000000e+02 2.753001088051168495e+02 0.000000000000000000e+00 0.000000000000000000e+00
3.560000000000000000e+02 2.755317671556688879e+02 0.000000000000000000e+00 0.000000000000000000e+00
3.570000000000000000e+02 2.772651667234702018e+02 0.000000000000000000e+00 0.000000000000000000e+00
3.580000000000000000e+02 2.783347702001321977e+02 0.000000000000000000e+00 0.000000000000000000e+00
3.590000000000000000e+02 2.793481467385237238e+02 0.000000000000000000e+00 0.000000000000000000e+00
3.600000000000000000e+02 2.801922323551593763e+02 0.000000000000000000e+00 0.000000000000000000e+00
3.610000000000000000e+02 2.807980891332084070e+02 0.000000000000000000e+00 0.000000000000000000e+00
3.620000000000000000e+02 2.816816819357400163e+02 0.000000000000000000e+00 0.000000000000000000e+00
3.630000000000000000e+02 2.836244567316738880e+02 0.000000000000000000e+00 0.000000000000000000e+00
3.640000000000000000e+02 2.838851694221817752e+02 0.000000000000000000e+00 0.000000000000000000e+00
3.650000000000000000e+02 2.840487071978211588e+02 0.000000000000000000e+00 0.000000000000000000e+00
3.660000000000000000e+02 2.863542568274758651e+02 0.000000000000000000e+00 0.000000000000000000e+00
3.670000000000000000e+02 2.870903060804498068e+02 0.000000000000000000e+00 0.000000000000000000e+00
3.680000000000000000e+02 2.883564670855367922e+02 0.000000000000000000e+00 0.000000000000000000e+00
3.690000000000000000e+02 2.889903701185579621e+02 0.000000000000000000e+00 0.000000000000000000e+00
3.700000000000000000e+02 2.893446158391749350e+02 0.000000000000000000e+00 0.000000000000000000e+00
3.710000000000000000e+02 2.918333821081811834e+02 0.000000000000000000e+00 0.000000000000000000e+00
3.720000000000000000e+02 2.916573483221429228e+02 0.000000000000000000e+00 0.000000000000000000e+00
3.730000000000000000e+02 2.936771633116756561e+02 0.000000000000000000e+00 0.000000000000000000e+00
3.740000000000000000e+02 2.932113752640254347e+02 0.000000000000000000e+00 0.000000000000000000e+00
3.750000000000000000e+02 2.950544009933809662e+02 0.000000000000000000e+00 0.000000000000000000e+00
3.760000000000000000e+02 2.952571916626208690e+02 0.000000000000000000e+00 0.000000000000000000e+00
3.770000000000000000e+02 2.963401429543333734e+02 0.000000000000000000e+00 0.000000000000000000e+00
3.780000000000000000e+02 2.977713977138118366e+02 0.000000000000000000e+00 0.000000000000000000e+00
3.790000000000000000e+02 2.983424129831796563e+02 0.000000000000000000e+00 0.000000000000000000e+00
3.800000000000000000e+02 2.999049522767023745e+02 0.000000000000000000e+00 0.000000000000000000e+00
3.810000000000000000e+02 3.016092630769766743e+02 0.000000000000000000e+00 0.000000000000000000e+00
3.820000000000000000e+02 3.027092352130986797e+02 0.000000000000000000e+00 0.000000000000000000e+00
3.830000000000000000e+02 3.021086667715683802e+02 0.000000000000000000e+00 0.000000000000000000e+00
3.840000000000000000e+02 3.048795020040956842e+02 0.000000000000000000e+00 0.000000000000000000e+00
3.850000000000000000e+02 3.053147946704822289e+02 0.000000000000000000e+00 0.000000000000000000e+00
3.860000000000000000e+02 3.064141338283773166e+02 0.000000000000000000e+00 0.000000000000000000e+00
3.870000000000000000e+02 3.082352991589328326e+02 0.000000000000000000e+00 0.000000000000000000e+00
3.880000000000000000e+02 3.074321448893373372e+02 0.000000000000000000e+00 0.000000000000000000e+00
3.890000000000000000e+02 3.095394594771640300e+02 0.000000000000000000e+00 0.000000000000000000e+00
3.900000000000000000e+02 3.087959621635988015e+02 0.000000000000000000e+00 0.000000000000000000e+00
3.910000000000000000e+02 3.106003693028451949e+02 0.000000000000000000e+00 0.000000000000000000e+00
3.920000000000000000e+02 3.119448940106727832e+02 0.000000000000000000e+00 0.000000000000000000e+00
3.930000000000000000e+02 3.127857662056991899e+02 0.000000000000000000e+00 0.000000000000000000e+00
3.940000000000000000e+02 3.148934848406116771e+02 0.000000000000000000e+00 0.000000000000000000e+00
3.950000000000000000e+02 3.137287548771413412e+02 2.000000000000000000e+00 0.000000000000000000e+00
3.960000000000000000e+02 3.137802660162345774e+02 0.000000000000000000e+00 0.000000000000000000e+00
3.970000000000000000e+02 3.144505969623352826e+02 0.000000000000000000e+00 0.000000000000000000e+00
3.980000000000000000e+02 3.156801639834376942e+02 0.000000000000000000e+00 0.000000000000000000e+00
3.990000000000000000e+02 3.173444721922534768e+02 0.000000000000000000e+00 0.000000000000000000e+00
4.000000000000000000e+02 3.180147669352704725e+02 0.000000000000000000e+00 0.000000000000000000e+00
4.010000000000000000e+02 3.192537494545464369e+02 0.000000000000000000e+00 0.000000000000000000e+00
4.020000000000000000e+02 3.176764958840709596e+02 2.000000000000000000e+00 0.000000000000000000e+00
4.030000000000000000e+02 3.162728522130514648e+02 2.000000000000000000e+00 0.000000000000000000e+00
4.040000000000000000e+02 3.177750300160442976e+02 0.000000000000000000e+00 0.000000000000000000e+00
4.050000000000000000e+02 3.190349771964962997e+02 0.000000000000000000e+00 0.000000000000000000e+00
4.060000000000000000e+02 3.202997894395321055e+02 0.000000000000000000e+00 0.000000000000000000e+00
4.070000000000000000e+02 3.202061960500274154e+02 0.000000000000000000e+00 0.000000000000000000e+00
4.080000000000000000e+02 3.216390140008437584e+02 0.000000000000000000e+00 0.000000000000000000e+00
4.090000000000000000e+02 3.206758184079727698e+02 1.000000000000000000e+00 0.000000000000000000e+00
4.100000000000000000e+02 3.230976541824778678e+02 0.000000000000000000e+00 0.000000000000000000e+00
4.110000000000000000e+02 3.235989361137788478e+02 0.000000000000000000e+00 0.000000000000000000e+00
4.120000000000000000e+02 3.253633337251650346e+02 0.000000000000000000e+00 0.000000000000000000e+00
4.130000000000000000e+02 3.255786786602452594e+02 0.000000000000000000e+00 0.000000000000000000e+00
4.140000000000000000e+02 3.274345366273901732e+02 0.000000000000000000e+00 0.000000000000000000e+00
4.150000000000000000e+02 3.280914866666660146e+02 0.000000000000000000e+00 0.000000000000000000e+00
4.160000000000000000e+02 3.284122849122982757e+02 0.000000000000000000e+00 0.000000000000000000e+00
4.170000000000000000e+02 3.293328266227917425e+02 0.000000000000000000e+00 0.000000000000000000e+00
4.180000000000000000e+02 3.310421959828660192e+02 0.000000000000000000e+00 0.000000000000000000e+00
4.190000000000000000e+02 3.323918523972483854e+02 0.000000000000000000e+00 0.000000000000000000e+00
4.200000000000000000e+02 3.325532873950035651e+02 0.000000000000000000e+00 0.000000000000000000e+00
4.210000000000000000e+02 3.333264199722367493e+02 0.000000000000000000e+00 0.000000000000000000e+00
4.220000000000000000e+02 3.342635577851070252e+02 0.000000000000000000e+00 0.000000000000000000e+00
4.230000000000000000e+02 3.359879115024968428e+02 0.000000000000000000e+00 0.000000000000000000e+00
4.240000000000000000e+02 3.381641050747262511e+02 0.000000000000000000e+00 0.000000000000000000e+00
4.250000000000000000e+02 3.392559604135240079e+02 0.000000000000000000e+00 0.000000000000000000e+00
4.260000000000000000e+02 3.393424227814869596e+02 0.000000000000000000e+00 0.000000000000000000e+00
4.270000000000000000e+02 3.382664985418155084e+02 2.000000000000000000e+00 0.000000000000000000e+00
4.280000000000000000e+02 3.370859386420107739e+02 1.000000000000000000e+00 0.000000000000000000e+00
4.290000000000000000e+02 3.386754509732331826e+02 0.000000000000000000e+00 0.000000000000000000e+00
4.300000000000000000e+02 3.396270048908353942e+02 1.000000000000000000e+00 0.000000000000000000e+00
4.310000000000000000e+02 3.405482265892056830e+02 0.000000000000000000e+00 0.000000000000000000e+00
4.320000000000000000e+02 3.405820009338357295e+02 0.000000000000000000e+00 0.000000000000000000e+00
4.330000000000000000e+02 3.404454598280726714e+02 2.000000000000000000e+00 0.000000000000000000e+00
4.340000000000000000e+02 3.383100853434164605e+02 2.000000000000000000e+00 0.000000000000000000e+00
4.350000000000000000e+02 3.381473744778975856e+02 2.000000000000000000e+00 0.000000000000000000e+00
4.360000000000000000e+02 3.386006906267845693e+02 0.000000000000000000e+00 0.000000000000000000e+00
4.370000000000000000e+02 3.392719086700786306e+02 0.000000000000000000e+00 0.000000000000000000e+00
4.380000000000000000e+02 3.402404489705468791e+02 1.000000000000000000e+00 0.000000000000000000e+00
4.390000000000000000e+02 3.397638114885381242e+02 1.000000000000000000e+00 0.000000000000000000e+00
4.400000000000000000e+02 3.401343599514355560e+02 0.000000000000000000e+00 0.000000000000000000e+00
4.410000000000000000e+02 3.428636925336639365e+02 0.000000000000000000e+00 0.000000000000000000e+00
4.420000000000000000e+02 3.432431552812741984e+02 0.000000000000000000e+00 0.000000000000000000e+00
4.430000000000000000e+02 3.440626617105110654e+02 0.000000000000000000e+00 0.000000000000000000e+00
4.440000000000000000e+02 3.446415967079207121e+02 0.000000000000000000e+00 0.000000000000000000e+00
4.450000000000000000e+02 3.471947846271615958e+02 0.000000000000000000e+00 0.000000000000000000e+00
4.460000000000000000e+02 3.470325737159181472e+02 0.000000000000000000e+00 0.000000000000000000e+00
4.470000000000000000e+02 3.474054025719420906e+02 0.000000000000000000e+00 0.000000000000000000e+00
4.480000000000000000e+02 3.489942881336754681e+02 0.000000000000000000e+00 0.000000000000000000e+00
4.490000000000000000e+02 3.500023075726703041e+02 0.000000000000000000e+00 0.000000000000000000e+00
4.500000000000000000e+02 3.499164660258276172e+02 0.000000000000000000e+00 0.000000000000000000e+00
4.510000000000000000e+02 3.516470615186429995e+02 0.000000000000000000e+00 0.000000000000000000e+00
4.520000000000000000e+02 3.535893542231231663e+02 0.000000000000000000e+00 0.000000000000000000e+00
4.530000000000000000e+02 3.538569631450239399e+02 0.000000000000000000e+00 0.000000000000000000e+00
4.540000000000000000e+02 3.543684167518704839e+02 0.000000000000000000e+00 0.000000000000000000e+00
4.550000000000000000e+02 3.554603209258098104e+02 0.000000000000000000e+00 0.000000000000000000e+00
4.560000000000000000e+02 3.550292076974306497e+02 2.000000000000000000e+00 0.000000000000000000e+00
4.570000000000000000e+02 3.555544839186713943e+02 1.000000000000000000e+00 0.000000000000000000e+00
4.580000000000000000e+02 3.562471939497568769e+02 0.000000000000000000e+00 0.000000000000000000e+00
4.590000000000000000e+02 3.578835947186811950e+02 0.000000000000000000e+00 0.000000000000000000e+00
4.600000000000000000e+02 3.579967280003042447e+02 0.000000000000000000e+00 0.000000000000000000e+00
4.610000000000000000e+02 3.594900837547228889e+02 0.000000000000000000e+00 0.000000000000000000e+00
4.620000000000000000e+02 3.603766695893673955e+02 0.000000000000000000e+00 0.000000000000000000e+00
4.630000000000000000e+02 3.611648227237232049e+02 0.000000000000000000e+00 0.000000000000000000e+00
4.640000000000000000e+02 3.622203404483068994e+02 0.000000000000000000e+00 0.000000000000000000e+00
4.650000000000000000e+02 3.633917573291730605e+02 0.000000000000000000e+00 0.000000000000000000e+00
4.660000000000000000e+02 3.645635565160929445e+02 0.000000000000000000e+00 0.000000000000000000e+00
4.670000000000000000e+02 3.653763744430701763e+02 0.000000000000000000e+00 0.000000000000000000e+00
4.680000000000000000e+02 3.652521593507039483e+02 1.000000000000000000e+00 0.000000000000000000e+00
4.690000000000000000e+02 3.647482499431043834e+02 1.000000000000000000e+00 0.000000000000000000e+00
4.700000000000000000e+02 3.663137135207904294e+02 0.000000000000000000e+00 0.000000000000000000e+00
4.710000000000000000e+02 3.666687486539470910e+02 0.000000000000000000e+00 0.000000000000000000e+00
4.720000000000000000e+02 3.685631165540245320e+02 0.000000000000000000e+00 0.000000000000000000e+00
4.730000000000000000e+02 3.693163467248111829e+02 0.000000000000000000e+00 0.000000000000000000e+00
4.740000000000000000e+02 3.700745834487968295e+02 0.000000000000000000e+00 0.000000000000000000e+00
4.750000000000000000e+02 3.717519498714474935e+02 0.000000000000000000e+00 0.000000000000000000e+00
4.760000000000000000e+02 3.707625239497535290e+02 0.000000000000000000e+00 0.000000000000000000e+00
4.770000000000000000e+02 3.733169540760086420e+02 0.000000000000000000e+00 0.000000000000000000e+00
4.780000000000000000e+02 3.731495529920004515e+02 0.000000000000000000e+00 0.000000000000000000e+00
4.790000000000000000e+02 3.753579446888979305e+02 0.000000000000000000e+00 0.000000000000000000e+00
4.800000000000000000e+02 3.759959567440926094e+02 0.000000000000000000e+00 0.000000000000000000e+00
4.810000000000000000e+02 3.768386480206278293e+02 0.000000000000000000e+00 0.000000000000000000e+00
4.820000000000000000e+02 3.780590255267664475e+02 0.000000000000000000e+00 0.000000000000000000e+00
4.830000000000000000e+02 3.791604414375740930e+02 0.000000000000000000e+00 0.000000000000000000e+00
4.840000000000000000e+02 3.794921319055564481e+02 0.000000000000000000e+00 0.000000000000000000e+00
4.850000000000000000e+02 3.810401230606632907e+02 0.000000000000000000e+00 0.000000000000000000e+00
4.860000000000000000e+02 3.824997987701167972e+02 0.000000000000000000e+00 0.000000000000000000e+00
4.870000000000000000e+02 3.811243009960997483e+02 2.000000000000000000e+00 0.000000000000000000e+00
4.880000000000000000e+02 3.810318200937160782e+02 1.000000000000000000e+00 0.000000000000000000e+00
4.890000000000000000e+02 3.822662981126723594e+02 0.000000000000000000e+00 0.000000000000000000e+00
4.900000000000000000e+02 3.828024919714828229e+02 0.000000000000000000e+00 0.000000000000000000e+00
4.910000000000000000e+02 3.844685080882284751e+02 0.000000000000000000e+00 0.000000000000000000e+00
4.920000000000000000e+02 3.840876922232077391e+02 0.000000000000000000e+00 0.000000000000000000e+00
4.930000000000000000e+02 3.846598202217211906e+02 1.000000000000000000e+00 0.000000000000000000e+00
4.940000000000000000e+02 3.856562637241901257e+02 0.000000000000000000e+00 0.000000000000000000e+00
4.950000000000000000e+02 3.869068389130181913e+02 0.000000000000000000e+00 0.000000000000000000e+00
4.960000000000000000e+02 3.877479212474113979e+02 0.000000000000000000e+00 0.000000000000000000e+00
4.970000000000000000e+02 3.893174727657545873e+02 0.000000000000000000e+00 0.000000000000000000e+00
4.980000000000000000e+02 3.879854807613752996e+02 2.000000000000000000e+00 0.000000000000000000e+00
4.990000000000000000e+02 3.867635835358332201e+02 2.000000000000000000e+00 0.000000000000000000e+00
5.000000000000000000e+02 3.870432443334931918e+02 1.000000000000000000e+00 0.000000000000000000e+00
5.010000000000000000e+02 3.869064033912737273e+02 2.000000000000000000e+00 0.000000000000000000e+00
5.020000000000000000e+02 3.871524190168588007e+02 0.000000000000000000e+00 0.000000000000000000e+00
5.030000000000000000e+02 3.881094334810595115e+02 0.000000000000000000e+00 0.000000000000000000e+00
5.040000000000000000e+02 3.889105469942328455e+02 0.000000000000000000e+00 0.000000000000000000e+00
5.050000000000000000e+02 3.896217306763363695e+02 0.000000000000000000e+00 0.000000000000000000e+00
5.060000000000000000e+02 3.918250665041513230e+02 0.000000000000000000e+00 0.000000000000000000e+00
5.070000000000000000e+02 3.917075039747858227e+02 0.000000000000000000e+00 0.000000000000000000e+00
5.080000000000000000e+02 3.935331344539542329e+02 0.000000000000000000e+00 0.000000000000000000e+00
5.090000000000000000e+02 3.939302777589718403e+02 0.000000000000000000e+00 0.000000000000000000e+00
5.100000000000000000e+02 3.950119827939273023e+02 0.000000000000000000e+00 0.000000000000000000e+00
5.110000000000000000e+02 3.954245409858959306e+02 0.000000000000000000e+00 0.000000000000000000e+00
5.120000000000000000e+02 3.965445827603349471e+02 0.000000000000000000e+00 0.000000000000000000e+00
5.130000000000000000e+02 3.962653063749143598e+02 1.000000000000000000e+00 0.000000000000000000e+00
5.140000000000000000e+02 3.983430232013206478e+02 0.000000000000000000e+00 0.000000000000000000e+00
5.150000000000000000e+02 3.990850805632651372e+02 0.000000000000000000e+00 0.000000000000000000e+00
5.160000000000000000e+02 3.995947448883538868e+02 0.000000000000000000e+00 0.000000000000000000e+00
5.170000000000000000e+02 4.007722737958978882e+02 0.000000000000000000e+00 0.000000000000000000e+00
5.180000000000000000e+02 4.017509958092541069e+02 0.000000000000000000e+00 0.000000000000000000e+00
5.190000000000000000e+02 4.035545014532789878e+02 0.000000000000000000e+00 0.000000000000000000e+00
5.200000000000000000e+02 4.042143083108036876e+02 0.000000000000000000e+00 0.000000000000000000e+00
5.210000000000000000e+02 4.053127286716258482e+02 0.000000000000000000e+00 0.000000000000000000e+00
5.220000000000000000e+02 4.039606859109567267e+02 1.000000000000000000e+00 0.000000000000000000e+00
5.230000000000000000e+02 4.067971834357385887e+02 0.000000000000000000e+00 0.000000000000000000e+00
5.240000000000000000e+02 4.071794828084874212e+02 0.000000000000000000e+00 0.000000000000000000e+00
5.250000000000000000e+02 4.081967658325094703e+02 0.000000000000000000e+00 0.000000000000000000e+00
5.260000000000000000e+02 4.090868736904056959e+02 0.000000000000000000e+00 0.000000000000000000e+00
5.270000000000000000e+02 4.109922518902493493e+02 0.000000000000000000e+00 0.000000000000000000e+00
5.280000000000000000e+02 4.102994078353751775e+02 0.000000000000000000e+00 0.000000000000000000e+00
5.290000000000000000e+02 4.118957604024562897e+02 0.000000000000000000e+00 0.000000000000000000e+00
5.300000000000000000e+02 4.133336738724952397e+02 0.000000000000000000e+00 0.000000000000000000e+00
5.310000000000000000e+02 4.139571103714847595e+02 0.000000000000000000e+00 0.000000000000000000e+00
5.320000000000000000e+02 4.144969644256253218e+02 1.000000000000000000e+00 0.000000000000000000e+00
5.330000000000000000e+02 4.146670584686197003e+02 0.000000000000000000e+00 0.000000000000000000e+00
5.340000000000000000e+02 4.165865933786439541e+02 0.000000000000000000e+00 0.000000000000000000e+00
5.350000000000000000e+02 4.173629070070236935e+02 0.000000000000000000e+00 0.000000000000000000e+00
5.360000000000000000e+02 4.179493678127009844e+02 0.000000000000000000e+00 0.000000000000000000e+00
5.370000000000000000e+02 4.188360139351248108e+02 0.000000000000000000e+00 0.000000000000000000e+00
5.380000000000000000e+02 4.192444484380488916e+02 0.000000000000000000e+00 0.000000000000000000e+00
5.390000000000000000e+02 4.204569614676663036e+02 0.000000000000000000e+00 0.000000000000000000e+00
5.400000000000000000e+02 4.224348567437662041e+02 0.000000000000000000e+00 0.000000000000000000e+00
5.410000000000000000e+02 4.227455863133031926e+02 0.000000000000000000e+00 0.000000000000000000e+00
5.420000000000000000e+02 4.246462469661631189e+02 0.000000000000000000e+00 0.000000000000000000e+00
5.430000000000000000e+02 4.245883767483804263e+02 0.000000000000000000e+00 0.000000000000000000e+00
5.440000000000000000e+02 4.267798347061969935e+02 0.000000000000000000e+00 0.000000000000000000e+00
5.450000000000000000e+02 4.266577912577606071e+02 0.000000000000000000e+00 0.000000000000000000e+00
5.460000000000000000e+02 4.272663272295719139e+02 0.000000000000000000e+00 0.000000000000000000e+00
5.470000000000000000e+02 4.294918753930243156e+02 0.000000000000000000e+00 0.000000000000000000e+00
5.480000000000000000e+02 4.303552817078353314e+02 0.000000000000000000e+00 0.000000000000000000e+00
5.490000000000000000e+02 4.310102346332640764e+02 0.000000000000000000e+00 0.000000000000000000e+00
5.500000000000000000e+02 4.309526535497526538e+02 0.000000000000000000e+00 0.000000000000000000e+00
5.510000000000000000e+02 4.330903157545178601e+02 0.000000000000000000e+00 0.000000000000000000e+00
5.520000000000000000e+02 4.337737976383767204e+02 0.000000000000000000e+00 0.000000000000000000e+00
5.530000000000000000e+02 4.326757559398155308e+02 2.000000000000000000e+00 0.000000000000000000e+00
5.540000000000000000e+02 4.323214159146092470e+02 2.000000000000000000e+00 0.000000000000000000e+00
5.550000000000000000e+02 4.301903717309522222e+02 2.000000000000000000e+00 0.000000000000000000e+00
5.560000000000000000e+02 4.293273223790112638e+02 2.000000000000000000e+00 0.000000000000000000e+00
5.570000000000000000e+02 4.316438630429636873e+02 0.000000000000000000e+00 0.000000000000000000e+00
5.580000000000000000e+02 4.316423241316293229e+02 0.000000000000000000e+00 0.000000000000000000e+00
5.590000000000000000e+02 4.329314724375772130e+02 0.000000000000000000e+00 0.000000000000000000e+00
5.600000000000000000e+02 4.328900920453367007e+02 1.000000000000000000e+00 0.000000000000000000e+00
5.610000000000000000e+02 4.347075338104503430e+02 0.000000000000000000e+00 0.000000000000000000e+00
5.620000000000000000e+02 4.350701109061500915e+02 0.000000000000000000e+00 0.000000000000000000e+00
5.630000000000000000e+02 4.355363744615284531e+02 0.000000000000000000e+00 0.000000000000000000e+00
5.640000000000000000e+02 4.373203383252925391e+02 0.000000000000000000e+00 0.000000000000000000e+00
5.650000000000000000e+02 4.386655668791660219e+02 0.000000000000000000e+00 0.000000000000000000e+00
5.660000000000000000e+02 4.397318234531899748e+02 0.000000000000000000e+00 0.000000000000000000e+00
5.670000000000000000e+02 4.389504126288591692e+02 0.000000000000000000e+00 0.000000000000000000e+00
5.680000000000000000e+02 4.413804575993353865e+02 0.000000000000000000e+00 0.000000000000000000e+00
5.690000000000000000e+02 4.412318686014685341e+02 0.000000000000000000e+00 0.000000000000000000e+00
5.700000000000000000e+02 4.429965240766107399e+02 0.000000000000000000e+00 0.000000000000000000e+00
5.710000000000000000e+02 4.414786652935144389e+02 2.000000000000000000e+00 0.000000000000000000e+00
5.720000000000000000e+02 4.428113212768628273e+02 0.000000000000000000e+00 0.000000000000000000e+00
5.730000000000000000e+02 4.438131375392297855e+02 0.000000000000000000e+00 0.000000000000000000e+00
5.740000000000000000e+02 4.454854808281428404e+02 0.000000000000000000e+00 0.000000000000000000e+00
5.750000000000000000e+02 4.458357725135031728e+02 0.000000000000000000e+00 0.000000000000000000e+00
5.760000000000000000e+02 4.474039964348427816e+02 0.000000000000000000e+00 0.000000000000000000e+00
5.770000000000000000e+02 4.480878430135290387e+02 0.000000000000000000e+00 0.000000000000000000e+00
5.780000000000000000e+02 4.489743429239542252e+02 0.000000000000000000e+00 0.000000000000000000e+00
5.790000000000000000e+02 4.504291794838524652e+02 0.000000000000000000e+00 0.000000000000000000e+00
5.800000000000000000e+02 4.506558091304023037e+02 0.000000000000000000e+00 0.000000000000000000e+00
5.810000000000000000e+02 4.515905764901922339e+02 0.000000000000000000e+00 0.000000000000000000e+00
5.820000000000000000e+02 4.526995438347345839e+02 0.000000000000000000e+00 0.000000000000000000e+00
5.830000000000000000e+02 4.535855487446088432e+02 0.000000000000000000e+00 0.000000000000000000e+00
5.840000000000000000e+02 4.549072826305065291e+02 0.000000000000000000e+00 0.000000000000000000e+00
5.850000000000000000e+02 4.551355095609228556e+02 0.000000000000000000e+00 0.000000000000000000e+00
5.860000000000000000e+02 4.561977305182044802e+02 0.000000000000000000e+00 0.000000000000000000e+00
5.870000000000000000e+02 4.580833760265596197e+02 0.000000000000000000e+00 0.000000000000000000e+00
5.880000000000000000e+02 4.586430854364516563e+02 0.000000000000000000e+00 0.000000000000000000e+00
5.890000000000000000e+02 4.582674625688692345e+02 2.000000000000000000e+00 0.000000000000000000e+00
5.900000000000000000e+02 4.570917120096212329e+02 2.000000000000000000e+00 0.000000000000000000e+00
5.910000000000000000e+02 4.580733786041465123e+02 0.000000000000000000e+00 0.000000000000000000e+00
5.920000000000000000e+02 4.593859351834731228e+02 0.000000000000000000e+00 0.000000000000000000e+00
5.930000000000000000e+02 4.594041939733652953e+02 1.000000000000000000e+00 0.000000000000000000e+00
5.940000000000000000e+02 4.592487021454222145e+02 1.000000000000000000e+00 0.000000000000000000e+00
5.950000000000000000e+02 4.590805441724870661e+02 1.000000000000000000e+00 0.000000000000000000e+00
5.960000000000000000e+02 4.598785614058214151e+02 0.000000000000000000e+00 0.000000000000000000e+00
5.970000000000000000e+02 4.618474958126840875e+02 0.000000000000000000e+00 0.000000000000000000e+00
5.980000000000000000e+02 4.604664434103522694e+02 0.000000000000000000e+00 0.000000000000000000e+00
5.990000000000000000e+02 4.641429420231129370e+02 0.000000000000000000e+00 0.000000000000000000e+00
6.000000000000000000e+02 4.639649826259458223e+02 0.000000000000000000e+00 0.000000000000000000e+00
6.010000000000000000e+02 4.648083798584659689e+02 0.000000000000000000e+00 0.000000000000000000e+00
6.020000000000000000e+02 4.658947680610305042e+02 0.000000000000000000e+00 0.000000000000000000e+00
6.030000000000000000e+02 4.679771409547692542e+02 0.000000000000000000e+00 0.000000000000000000e+00
6.040000000000000000e+02 4.678772889510539699e+02 0.000000000000000000e+00 0.000000000000000000e+00
6.050000000000000000e+02 4.684920825160362483e+02 0.000000000000000000e+00 0.000000000000000000e+00
6.060000000000000000e+02 4.698632355814661423e+02 0.000000000000000000e+00 0.000000000000000000e+00
6.070000000000000000e+02 4.720581861926322063e+02 0.000000000000000000e+00 0.000000000000000000e+00
6.080000000000000000e+02 4.715590590834635805e+02 0.000000000000000000e+00 0.000000000000000000e+00
6.090000000000000000e+02 4.714925213489936482e+02 1.000000000000000000e+00 0.000000000000000000e+00
6.100000000000000000e+02 4.727924423767684630e+02 0.000000000000000000e+00 0.000000000000000000e+00
6.110000000000000000e+02 4.731255468517922509e+02 0.000000000000000000e+00 0.000000000000000000e+00
6.120000000000000000e+02 4.747595787422393414e+02 0.000000000000000000e+00 0.000000000000000000e+00
6.130000000000000000e+02 4.760460369785311059e+02 0.000000000000000000e+00 0.000000000000000000e+00
6.140000000000000000e+02 4.765128339132555197e+02 0.000000000000000000e+00 0.000000000000000000e+00
6.150000000000000000e+02 4.775139490261644255e+02 0.000000000000000000e+00 0.000000000000000000e+00
6.160000000000000000e+02 4.788151183068115984e+02 0.000000000000000000e+00 0.000000000000000000e+00
6.170000000000000000e+02 4.806044135483689388e+02 0.000000000000000000e+00 0.000000000000000000e+00
6.180000000000000000e+02 4.809108799943834356e+02 0.000000000000000000e+00 0.000000000000000000e+00
6.190000000000000000e+02 4.819994964139881404e+02 0.000000000000000000e+00 0.000000000000000000e+00
6.200000000000000000e+02 4.833913958540003932e+02 0.000000000000000000e+00 0.000000000000000000e+00
6.210000000000000000e+02 4.843135623530363887e+02 0.000000000000000000e+00 0.000000000000000000e+00
6.220000000000000000e+02 4.850548098790633276e+02 0.000000000000000000e+00 0.000000000000000000e+00
6.230000000000000000e+02 4.840660047068790277e+02 1.000000000000000000e+00 0.000000000000000000e+00
6.240000000000000000e+02 4.860718047801965440e+02 0.000000000000000000e+00 0.000000000000000000e+00
6.250000000000000000e+02 4.866068330400380546e+02 0.000000000000000000e+00 0.000000000000000000e+00
6.260000000000000000e+02 4.880026183031489495e+02 0.000000000000000000e+00 0.000000000000000000e+00
6.270000000000000000e+02 4.887712781005604370e+02 0.000000000000000000e+00 0.000000000000000000e+00
6.280000000000000000e+02 4.899831627995767462e+02 0.000000000000000000e+00 0.000000000000000000e+00
6.290000000000000000e+02 4.907826774753185077e+02 0.000000000000000000e+00 0.000000000000000000e+00
6.300000000000000000e+02 4.922662923208424104e+02 0.000000000000000000e+00 0.000000000000000000e+00
6.310000000000000000e+02 4.936361590400315436e+02 0.000000000000000000e+00 0.000000000000000000e+00
6.320000000000000000e+02 4.940235197031061603e+02 0.000000000000000000e+00 0.000000000000000000e+00
6.330000000000000000e+02 4.925589286494288217e+02 2.000000000000000000e+00 0.000000000000000000e+00
6.340000000000000000e+02 4.932652989841469662e+02 0.000000000000000000e+00 0.000000000000000000e+00
6.350000000000000000e+02 4.957534067151340196e+02 0.000000000000000000e+00 0.000000000000000000e+00
6.360000000000000000e+02 4.942817558157502731e+02 2.000000000000000000e+00 0.000000000000000000e+00
6.370000000000000000e+02 4.949006035743814209e+02 0.000000000000000000e+00 0.000000000000000000e+00
6.380000000000000000e+02 4.955532148238127093e+02 0.000000000000000000e+00 0.000000000000000000e+00
6.390000000000000000e+02 4.972531601709016513e+02 0.000000000000000000e+00 0.000000000000000000e+00
6.400000000000000000e+02 4.974715295413793115e+02 0.000000000000000000e+00 0.000000000000000000e+00
6.410000000000000000e+02 4.989176716700205816e+02 0.000000000000000000e+00 0.000000000000000000e+00
6.420000000000000000e+02 5.004119852212141950e+02 0.000000000000000000e+00 0.000000000000000000e+00
6.430000000000000000e+02 5.005242134472872522e+02 0.000000000000000000e+00 0.000000000000000000e+00
6.440000000000000000e+02 5.017426748392039713e+02 0.000000000000000000e+00 0.000000000000000000e+00
6.450000000000000000e+02 5.027327736443440358e+02 0.000000000000000000e+00 0.000000000000000000e+00
6.460000000000000000e+02 5.022377917647977483e+02 2.000000000000000000e+00 0.000000000000000000e+00
6.470000000000000000e+02 5.010661992965714830e+02 2.000000000000000000e+00 0.000000000000000000e+00
6.480000000000000000e+02 5.004169298046993504e+02 2.000000000000000000e+00 0.000000000000000000e+00
6.490000000000000000e+02 4.998631459898276148e+02 1.000000000000000000e+00 0.000000000000000000e+00
6.500000000000000000e+02 5.002886167422433914e+02 0.000000000000000000e+00 0.000000000000000000e+00
6.510000000000000000e+02 5.024720632276635683e+02 0.000000000000000000e+00 0.000000000000000000e+00
6.520000000000000000e+02 5.028678400464933702e+02 0.000000000000000000e+00 0.000000000000000000e+00
6.530000000000000000e+02 5.033876001841182415e+02 0.000000000000000000e+00 0.000000000000000000e+00
6.540000000000000000e+02 5.041475987688237979e+02 0.000000000000000000e+00 0.000000000000000000e+00
6.550000000000000000e+02 5.063644961804272384e+02 0.000000000000000000e+00 0.000000000000000000e+00
6.560000000000000000e+02 5.044515131406976707e+02 2.000000000000000000e+00 0.000000000000000000e+00
6.570000000000000000e+02 5.030403236068207207e+02 2.000000000000000000e+00 0.000000000000000000e+00
6.580000000000000000e+02 5.023409483776267166e+02 2.000000000000000000e+00 0.000000000000000000e+00
6.590000000000000000e+02 5.037115245546979736e+02 0.000000000000000000e+00 0.000000000000000000e+00
6.600000000000000000e+02 5.046371548990550195e+02 0.000000000000000000e+00 0.000000000000000000e+00
6.610000000000000000e+02 5.057694810200435995e+02 0.000000000000000000e+00 0.000000000000000000e+00
6.620000000000000000e+02 5.068902920698129151e+02 0.000000000000000000e+00 0.000000000000000000e+00
6.630000000000000000e+02 5.091582882442994560e+02 0.000000000000000000e+00 0.000000000000000000e+00
6.640000000000000000e+02 5.090379085397324843e+02 0.000000000000000000e+00 0.000000000000000000e+00
6.650000000000000000e+02 5.096035434797877315e+02 0.000000000000000000e+00 0.000000000000000000e+00
6.660000000000000000e+02 5.115036338465068866e+02 0.000000000000000000e+00 0.000000000000000000e+00
6.670000000000000000e+02 5.121418514303502434e+02 0.000000000000000000e+00 0.000000000000000000e+00
6.680000000000000000e+02 5.125972054547545440e+02 0.000000000000000000e+00 0.000000000000000000e+00
6.690000000000000000e+02 5.133346579675679777e+02 0.000000000000000000e+00 0.000000000000000000e+00
6.700000000000000000e+02 5.152645058456325842e+02 0.000000000000000000e+00 0.000000000000000000e+00
6.710000000000000000e+02 5.157419610039195277e+02 0.000000000000000000e+00 0.000000000000000000e+00
6.720000000000000000e+02 5.166708583473597400e+02 0.000000000000000000e+00 0.000000000000000000e+00
6.730000000000000000e+02 5.180603771882967976e+02 0.000000000000000000e+00 0.000000000000000000e+00
6.740000000000000000e+02 5.193791137758370269e+02 0.000000000000000000e+00 0.000000000000000000e+00
6.750000000000000000e+02 5.200561225573032971e+02 0.000000000000000000e+00 0.000000000000000000e+00
6.760000000000000000e+02 5.208117856709909574e+02 0.000000000000000000e+00 0.000000000000000000e+00
6.770000000000000000e+02 5.205721477096204808e+02 2.000000000000000000e+00 0.000000000000000000e+00
6.780000000000000000e+02 5.208300059600039731e+02 0.000000000000000000e+00 0.000000000000000000e+00
6.790000000000000000e+02 5.227195790849813193e+02 0.000000000000000000e+00 0.000000000000000000e+00
6.800000000000000000e+02 5.235916779487505437e+02 0.000000000000000000e+00 0.000000000000000000e+00
6.810000000000000000e+02 5.244019857959896171e+02 0.000000000000000000e+00 0.000000000000000000e+00
6.820000000000000000e+02 5.247103626442268478e+02 0.000000000000000000e+00 0.000000000000000000e+00
6.830000000000000000e+02 5.264528184912671804e+02 0.000000000000000000e+00 0.000000000000000000e+00
6.840000000000000000e+02 5.274199103086305058e+02 0.000000000000000000e+00 0.000000000000000000e+00
6.850000000000000000e+02 5.277420176973480466e+02 0.000000000000000000e+00 0.000000000000000000e+00
6.860000000000000000e+02 5.291324796861938466e+02 0.000000000000000000e+00 0.000000000000000000e+00
6.870000000000000000e+02 5.302523973466223879e+02 0.000000000000000000e+00 0.000000000000000000e+00
6.880000000000000000e+02 5.309485760952342162e+02 0.000000000000000000e+00 0.000000000000000000e+00
6.890000000000000000e+02 5.325581986123730758e+02 0.000000000000000000e+00 0.000000000000000000e+00
6.900000000000000000e+02 5.326636129516234632e+02 0.000000000000000000e+00 0.000000000000000000e+00
6.910000000000000000e+02 5.342287970978737803e+02 0.000000000000000000e+00 0.000000000000000000e+00
6.920000000000000000e+02 5.344590396803939711e+02 0.000000000000000000e+00 0.000000000000000000e+00
6.930000000000000000e+02 5.355382211029125301e+02 0.000000000000000000e+00 0.000000000000000000e+00
6.940000000000000000e+02 5.370661162155198554e+02 0.000000000000000000e+00 0.000000000000000000e+00
6.950000000000000000e+02 5.380401526096064799e+02 0.000000000000000000e+00 0.000000000000000000e+00
6.960000000000000000e+02 5.399456406152339696e+02 0.000000000000000000e+00 0.000000000000000000e+00
6.970000000000000000e+02 5.393044493159861759e+02 1.000000000000000000e+00 0.000000000000000000e+00
6.980000000000000000e+02 5.399178725999087192e+02 0.000000000000000000e+00 0.000000000000000000e+00
6.990000000000000000e+02 5.412130229390544400e+02 0.000000000000000000e+00 0.000000000000000000e+00
7.000000000000000000e+02 5.423215465475575456e+02 0.000000000000000000e+00 0.000000000000000000e+00
7.010000000000000000e+02 5.441483996557451519e+02 0.000000000000000000e+00 0.000000000000000000e+00
7.020000000000000000e+02 5.435606437379464069e+02 0.000000000000000000e+00 0.000000000000000000e+00
7.030000000000000000e+02 5.441845579016137435e+02 0.000000000000000000e+00 0.000000000000000000e+00
7.040000000000000000e+02 5.467179726712382717e+02 0.000000000000000000e+00 0.000000000000000000e+00
7.050000000000000000e+02 5.459791750842585998e+02 0.000000000000000000e+00 0.000000000000000000e+00
7.060000000000000000e+02 5.491527923505150284e+02 0.000000000000000000e+00 0.000000000000000000e+00
7.070000000000000000e+02 5.491757227898856399e+02 0.000000000000000000e+00 0.000000000000000000e+00
7.080000000000000000e+02 5.486479582760204039e+02 1.000000000000000000e+00 0.000000000000000000e+00
7.090000000000000000e+02 5.500560701520486191e+02 0.000000000000000000e+00 0.000000000000000000e+00
7.100000000000000000e+02 5.508575132458621511e+02 0.000000000000000000e+00 0.000000000000000000e+00
7.110000000000000000e+02 5.523252383786076507e+02 0.000000000000000000e+00 0.000000000000000000e+00
7.120000000000000000e+02 5.505588562853718031e+02 2.000000000000000000e+00 0.000000000000000000e+00
7.130000000000000000e+02 5.509673242384185414e+02 1.000000000000000000e+00 0.000000000000000000e+00
7.140000000000000000e+02 5.509703142771961666e+02 1.000000000000000000e+00 0.000000000000000000e+00
7.150000000000000000e+02 5.527532982714634500e+02 0.000000000000000000e+00 0.000000000000000000e+00
7.160000000000000000e+02 5.536079908237127256e+02 0.000000000000000000e+00 0.000000000000000000e+00
7.170000000000000000e+02 5.537219300930340751e+02 0.000000000000000000e+00 0.000000000000000000e+00
7.180000000000000000e+02 5.548952914989520195e+02 0.000000000000000000e+00 0.000000000000000000e+00
7.190000000000000000e+02 5.555214337597914209e+02 0.000000000000000000e+00 0.000000000000000000e+00
7.200000000000000000e+02 5.565747340846905900e+02 0.000000000000000000e+00 0.000000000000000000e+00
7.210000000000000000e+02 5.582806215689478222e+02 0.000000000000000000e+00 0.000000000000000000e+00
7.220000000000000000e+02 5.586408174065736603e+02 0.000000000000000000e+00 0.000000000000000000e+00
7.230000000000000000e+02 5.600712267255565848e+02 0.000000000000000000e+00 0.000000000000000000e+00
7.240000000000000000e+02 5.607442680576480143e+02 0.000000000000000000e+00 0.000000000000000000e+00
7.250000000000000000e+02 5.620154948010354019e+02 0.000000000000000000e+00 0.000000000000000000e+00
7.260000000000000000e+02 5.625640555844042865e+02 0.000000000000000000e+00 0.000000000000000000e+00
7.270000000000000000e+02 5.649070464566131022e+02 0.000000000000000000e+00 0.000000000000000000e+00
7.280000000000000000e+02 5.650420535350161799e+02 0.000000000000000000e+00 0.000000000000000000e+00
7.290000000000000000e+02 5.651537496245292687e+02 0.000000000000000000e+00 0.000000000000000000e+00
7.300000000000000000e+02 5.669166948666337476e+02 0.000000000000000000e+00 0.000000000000000000e+00
7.310000000000000000e+02 5.683979725664529496e+02 0.000000000000000000e+00 0.000000000000000000e+00
7.320000000000000000e+02 5.674391310600242377e+02 0.000000000000000000e+00 0.000000000000000000e+00
7.330000000000000000e+02 5.705432984336390518e+02 0.000000000000000000e+00 0.000000000000000000e+00
7.340000000000000000e+02 5.706125446644015256e+02 0.000000000000000000e+00 0.000000000000000000e+00
7.350000000000000000e+02 5.716674296941861257e+02 0.000000000000000000e+00 0.000000000000000000e+00
7.360000000000000000e+02 5.727865362461025143e+02 0.000000000000000000e+00 0.000000000000000000e+00
7.370000000000000000e+02 5.737586128295481558e+02 0.000000000000000000e+00 0.000000000000000000e+00
7.380000000000000000e+02 5.755320590633364191e+02 0.000000000000000000e+00 0.000000000000000000e+00
7.390000000000000000e+02 5.756578444006312338e+02 0.000000000000000000e+00 0.000000000000000000e+00
7.400000000000000000e+02 5.771820318246606121e+02 0.000000000000000000e+00 0.000000000000000000e+00
7.410000000000000000e+02 5.795085805471945832e+02 0.000000000000000000e+00 0.000000000000000000e+00
7.420000000000000000e+02 5.791263666633806224e+02 0.000000000000000000e+00 0.000000000000000000e+00
7.430000000000000000e+02 5.807251949908837787e+02 0.000000000000000000e+00 0.000000000000000000e+00
7.440000000000000000e+02 5.808886412273195674e+02 0.000000000000000000e+00 0.000000000000000000e+00
7.450000000000000000e+02 5.814728034995753205e+02 0.000000000000000000e+00 0.000000000000000000e+00
7.460000000000000000e+02 5.804184182661362001e+02 2.000000000000000000e+00 0.000000000000000000e+00
7.470000000000000000e+02 5.793104799129561115e+02 2.000000000000000000e+00 0.000000000000000000e+00
7.480000000000000000e+02 5.808577022626320741e+02 0.000000000000000000e+00 0.000000000000000000e+00
7.490000000000000000e+02 5.814910082988535578e+02 0.000000000000000000e+00 0.000000000000000000e+00
7.500000000000000000e+02 5.833909668704550313e+02 0.000000000000000000e+00 0.000000000000000000e+00
7.510000000000000000e+02 5.841853299087180176e+02 0.000000000000000000e+00 0.000000000000000000e+00
7.520000000000000000e+02 5.845999507301851281e+02 0.000000000000000000e+00 0.000000000000000000e+00
7.530000000000000000e+02 5.834918561751514972e+02 2.000000000000000000e+00 0.000000000000000000e+00
7.540000000000000000e+02 5.827712247614300622e+02 2.000000000000000000e+00 0.000000000000000000e+00
7.550000000000000000e+02 5.847189873658121542e+02 0.000000000000000000e+00 0.000000000000000000e+00
7.560000000000000000e+02 5.849327951806387773e+02 0.000000000000000000e+00 0.000000000000000000e+00
7.570000000000000000e+02 5.862540508765771392e+02 0.000000000000000000e+00 0.000000000000000000e+00
7.580000000000000000e+02 5.873694697380547041e+02 0.000000000000000000e+00 0.000000000000000000e+00
7.590000000000000000e+02 5.873594808015365061e+02 0.000000000000000000e+00 0.000000000000000000e+00
7.600000000000000000e+02 5.889569325917009337e+02 0.000000000000000000e+00 0.000000000000000000e+00
7.610000000000000000e+02 5.903085074487929660e+02 0.000000000000000000e+00 0.000000000000000000e+00
7.620000000000000000e+02 5.891546981389990378e+02 2.000000000000000000e+00 0.000000000000000000e+00
7.630000000000000000e+02 5.887953070640827491e+02 2.000000000000000000e+00 0.000000000000000000e+00
7.640000000000000000e+02 5.894419112296017147e+02 0.000000000000000000e+00 0.000000000000000000e+00
7.650000000000000000e+02 5.890396816136592406e+02 1.000000000000000000e+00 0.000000000000000000e+00
7.660000000000000000e+02 5.902523379976665865e+02 0.000000000000000000e+00 0.000000000000000000e+00
7.670000000000000000e+02 5.902765933456586254e+02 0.000000000000000000e+00 0.000000000000000000e+00
7.680000000000000000e+02 5.925200522620118591e+02 0.000000000000000000e+00 0.000000000000000000e+00
7.690000000000000000e+02 5.919427014887586438e+02 1.000000000000000000e+00 0.000000000000000000e+00
7.700000000000000000e+02 5.925352953067497310e+02 1.000000000000000000e+00 0.000000000000000000e+00
7.710000000000000000e+02 5.929330187211994598e+02 1.000000000000000000e+00 0.000000000000000000e+00
7.720000000000000000e+02 5.935577608562546175e+02 0.000000000000000000e+00 0.000000000000000000e+00
7.730000000000000000e+02 5.945839155276700012e+02 0.000000000000000000e+00 0.000000000000000000e+00
7.740000000000000000e+02 5.955998728275019403e+02 0.000000000000000000e+00 0.000000000000000000e+00
7.750000000000000000e+02 5.959923848825666255e+02 0.000000000000000000e+00 0.000000000000000000e+00
7.760000000000000000e+02 5.968049254715594998e+02 0.000000000000000000e+00 0.000000000000000000e+00
7.770000000000000000e+02 5.985484710721526653e+02 0.000000000000000000e+00 0.000000000000000000e+00
7.780000000000000000e+02 5.989317027113568201e+02 0.000000000000000000e+00 0.000000000000000000e+00
7.790000000000000000e+02 5.996287051210272239e+02 0.000000000000000000e+00 0.000000000000000000e+00
7.800000000000000000e+02 6.011815142946001060e+02 0.000000000000000000e+00 0.000000000000000000e+00
7.810000000000000000e+02 6.016253808953186990e+02 0.000000000000000000e+00 0.000000000000000000e+00
7.820000000000000000e+02 6.035436218045107353e+02 0.000000000000000000e+00 0.000000000000000000e+00
7.830000000000000000e+02 6.045842186358244135e+02 0.000000000000000000e+00 0.000000000000000000e+00
7.840000000000000000e+02 6.052737596153860977e+02 0.000000000000000000e+00 0.000000000000000000e+00
7.850000000000000000e+02 6.058185371824973799e+02 0.000000000000000000e+00 0.000000000000000000e+00
7.860000000000000000e+02 6.068939780715396637e+02 0.000000000000000000e+00 0.000000000000000000e+00
7.870000000000000000e+02 6.076853135723976038e+02 0.000000000000000000e+00 0.000000000000000000e+00
7.880000000000000000e+02 6.082969297829597508e+02 0.000000000000000000e+00 0.000000000000000000e+00
7.890000000000000000e+02 6.092500253791280329e+02 2.000000000000000000e+00 0.000000000000000000e+00
7.900000000000000000e+02 6.078129901735949261e+02 1.000000000000000000e+00 0.000000000000000000e+00
7.910000000000000000e+02 6.081179360546946100e+02 1.000000000000000000e+00 0.000000000000000000e+00
7.920000000000000000e+02 6.098887982941341761e+02 0.000000000000000000e+00 0.000000000000000000e+00
7.930000000000000000e+02 6.096703045905882163e+02 0.000000000000000000e+00 0.000000000000000000e+00
7.940000000000000000e+02 6.108600192294919680e+02 0.000000000000000000e+00 0.000000000000000000e+00
7.950000000000000000e+02 6.125756652673744611e+02 0.000000000000000000e+00 0.000000000000000000e+00
7.960000000000000000e+02 6.122291732328232001e+02 0.000000000000000000e+00 0.000000000000000000e+00
7.970000000000000000e+02 6.143330054680363901e+02 0.000000000000000000e+00 0.000000000000000000e+00
7.980000000000000000e+02 6.143136550239931921e+02 0.000000000000000000e+00 0.000000000000000000e+00
7.990000000000000000e+02 6.151812238489980018e+02 0.000000000000000000e+00 0.000000000000000000e+00
8.000000000000000000e+02 6.168973391692696850e+02 0.000000000000000000e+00 0.000000000000000000e+00
