time	position	state	ATP_bound
1.000000000000000000e+00 1.112581419763562174e+00 0.000000000000000000e+00 0.000000000000000000e+00
2.000000000000000000e+00 1.493982750210038901e+00 0.000000000000000000e+00 0.000000000000000000e+00
3.000000000000000000e+00 3.616457596885189751e+00 0.000000000000000000e+00 0.000000000000000000e+00
4.000000000000000000e+00 5.254572619257788624e+00 0.000000000000000000e+00 0.000000000000000000e+00
5.000000000000000000e+00 5.197734126149780920e+00 0.000000000000000000e+00 0.000000000000000000e+00
6.000000000000000000e+00 5.388808907722010488e+00 0.000000000000000000e+00 0.000000000000000000e+00
7.000000000000000000e+00 7.073858470402123011e+00 0.000000000000000000e+00 0.000000000000000000e+00
8.000000000000000000e+00 7.156214792905413624e+00 0.000000000000000000e+00 0.000000000000000000e+00
9.000000000000000000e+00 8.798176417853524001e+00 0.000000000000000000e+00 0.000000000000000000e+00
1.000000000000000000e+01 1.094080198646424229e+01 0.000000000000000000e+00 0.000000000000000000e+00
1.100000000000000000e+01 1.114622646812191142e+01 0.000000000000000000e+00 0.000000000000000000e+00
1.200000000000000000e+01 1.185415668658210286e+01 0.000000000000000000e+00 0.000000000000000000e+00
1.300000000000000000e+01 1.263896301337246619e+01 0.000000000000000000e+00 0.000000000000000000e+00
1.400000000000000000e+01 1.408020254828542228e+01 0.000000000000000000e+00 0.000000000000000000e+00
1.500000000000000000e+01 1.481669729925869206e+01 0.000000000000000000e+00 0.000000000000000000e+00
1.600000000000000000e+01 1.592782726175619601e+01 0.000000000000000000e+00 0.000000000000000000e+00
1.700000000000000000e+01 1.709896935259199324e+01 0.000000000000000000e+00 0.000000000000000000e+00
1.800000000000000000e+01 1.724731022190134766e+01 0.000000000000000000e+00 0.000000000000000000e+00
1.900000000000000000e+01 1.900770567525468024e+01 0.000000000000000000e+00 0.000000000000000000e+00
2.000000000000000000e+01 2.057690160265214629e+01 0.000000000000000000e+00 0.000000000000000000e+00
2.100000000000000000e+01 2.111788028972938847e+01 0.000000000000000000e+00 0.000000000000000000e+00
2.200000000000000000e+01 2.119528438036034856e+01 0.000000000000000000e+00 0.000000000000000000e+00
2.300000000000000000e+01 2.331292694760930573e+01 0.000000000000000000e+00 0.000000000000000000e+00
2.400000000000000000e+01 2.482306067434772601e+01 0.000000000000000000e+00 0.000000000000000000e+00
2.500000000000000000e+01 2.470345613394013640e+01 0.000000000000000000e+00 0.000000000000000000e+00
2.600000000000000000e+01 2.561055610667673221e+01 0.000000000000000000e+00 0.000000000000000000e+00
2.700000000000000000e+01 2.735174801284870583e+01 0.000000000000000000e+00 0.000000000000000000e+00
2.800000000000000000e+01 2.662009306036057055e+01 2.000000000000000000e+00 0.000000000000000000e+00
2.900000000000000000e+01 2.601956307432225657e+01 0.000000000000000000e+00 0.000000000000000000e+00
3.000000000000000000e+01 2.795224363081197438e+01 0.000000000000000000e+00 0.000000000000000000e+00
3.100000000000000000e+01 2.865327814891696079e+01 0.000000000000000000e+00 0.000000000000000000e+00
3.200000000000000000e+01 3.031857059605751914e+01 0.000000000000000000e+00 0.000000000000000000e+00
3.300000000000000000e+01 3.105989094534208661e+01 0.000000000000000000e+00 0.000000000000000000e+00
3.400000000000000000e+01 3.228560652996117852e+01 0.000000000000000000e+00 0.000000000000000000e+00
3.500000000000000000e+01 3.359263150262152919e+01 0.000000000000000000e+00 0.000000000000000000e+00
3.600000000000000000e+01 3.497733520330815082e+01 0.000000000000000000e+00 0.000000000000000000e+00
3.700000000000000000e+01 3.482896870276498191e+01 0.000000000000000000e+00 0.000000000000000000e+00
3.800000000000000000e+01 3.567287612432142652e+01 0.000000000000000000e+00 0.000000000000000000e+00
3.900000000000000000e+01 3.762666264135052785e+01 0.000000000000000000e+00 0.000000000000000000e+00
4.000000000000000000e+01 3.768337343233694270e+01 0.000000000000000000e+00 0.000000000000000000e+00
4.100000000000000000e+01 3.743840683809718684e+01 1.000000000000000000e+00 0.000000000000000000e+00
4.200000000000000000e+01 3.941709577648180840e+01 0.000000000000000000e+00 0.000000000000000000e+00
4.300000000000000000e+01 4.104132892756793893e+01 0.000000000000000000e+00 0.000000000000000000e+00
4.400000000000000000e+01 4.121716859605240302e+01 0.000000000000000000e+00 0.000000000000000000e+00
4.500000000000000000e+01 4.246574269247761890e+01 0.000000000000000000e+00 0.000000000000000000e+00
4.600000000000000000e+01 4.347506941557509208e+01 0.000000000000000000e+00 0.000000000000000000e+00
4.700000000000000000e+01 4.446926309658313414e+01 0.000000000000000000e+00 0.000000000000000000e+00
4.800000000000000000e+01 4.547224759074598666e+01 0.000000000000000000e+00 0.000000000000000000e+00
4.900000000000000000e+01 4.588298769997964399e+01 0.000000000000000000e+00 0.000000000000000000e+00
5.000000000000000000e+01 4.729380764199167686e+01 0.000000000000000000e+00 0.000000000000000000e+00
5.100000000000000000e+01 4.773446319733777443e+01 0.000000000000000000e+00 0.000000000000000000e+00
5.200000000000000000e+01 4.855346813885185497e+01 0.000000000000000000e+00 0.000000000000000000e+00
5.300000000000000000e+01 5.027121310468609749e+01 0.000000000000000000e+00 0.000000000000000000e+00
5.400000000000000000e+01 5.132362232779988886e+01 0.000000000000000000e+00 0.000000000000000000e+00
5.500000000000000000e+01 5.180174020501850407e+01 0.000000000000000000e+00 0.000000000000000000e+00
5.600000000000000000e+01 5.240046028757562624e+01 0.000000000000000000e+00 0.000000000000000000e+00
5.700000000000000000e+01 5.393060479250913630e+01 0.000000000000000000e+00 0.000000000000000000e+00
5.800000000000000000e+01 5.486860250996744526e+01 0.000000000000000000e+00 0.000000000000000000e+00
5.900000000000000000e+01 5.543304116923415847e+01 0.000000000000000000e+00 0.000000000000000000e+00
6.000000000000000000e+01 5.708738035472595129e+01 0.000000000000000000e+00 0.000000000000000000e+00
6.100000000000000000e+01 5.829292227565048279e+01 0.000000000000000000e+00 0.000000000000000000e+00
6.200000000000000000e+01 5.939767787209517991e+01 0.000000000000000000e+00 0.000000000000000000e+00
6.300000000000000000e+01 6.049115522579060666e+01 0.000000000000000000e+00 0.000000000000000000e+00
6.400000000000000000e+01 6.092932413067082820e+01 0.000000000000000000e+00 0.000000000000000000e+00
6.500000000000000000e+01 6.186809267410689017e+01 0.000000000000000000e+00 0.000000000000000000e+00
6.600000000000000000e+01 6.257972199598283680e+01 0.000000000000000000e+00 0.000000000000000000e+00
6.700000000000000000e+01 6.435683727816733324e+01 0.000000000000000000e+00 0.000000000000000000e+00
6.800000000000000000e+01 6.507426292101177978e+01 0.000000000000000000e+00 0.000000000000000000e+00
6.900000000000000000e+01 6.512862070734564668e+01 0.000000000000000000e+00 0.000000000000000000e+00
7.000000000000000000e+01 6.601953825557748701e+01 0.000000000000000000e+00 0.000000000000000000e+00
7.100000000000000000e+01 6.859545251728212634e+01 0.000000000000000000e+00 0.000000000000000000e+00
7.200000000000000000e+01 6.960513368622903840e+01 0.000000000000000000e+00 0.000000000000000000e+00
7.300000000000000000e+01 6.971076312693107013e+01 0.000000000000000000e+00 0.000000000000000000e+00
7.400000000000000000e+01 7.010800081606583944e+01 1.000000000000000000e+00 0.000000000000000000e+00
7.500000000000000000e+01 7.015483454518616213e+01 1.000000000000000000e+00 0.000000000000000000e+00
7.600000000000000000e+01 7.040163479270043467e+01 0.000000000000000000e+00 0.000000000000000000e+00
7.700000000000000000e+01 7.285600794304340866e+01 0.000000000000000000e+00 0.000000000000000000e+00
7.800000000000000000e+01 7.239351308329175083e+01 0.000000000000000000e+00 0.000000000000000000e+00
7.900000000000000000e+01 7.388278354815435023e+01 0.000000000000000000e+00 0.000000000000000000e+00
8.000000000000000000e+01 7.359476788097454403e+01 0.000000000000000000e+00 0.000000000000000000e+00
8.100000000000000000e+01 7.622217549191539376e+01 0.000000000000000000e+00 0.000000000000000000e+00
8.200000000000000000e+01 7.701762472280661598e+01 0.000000000000000000e+00 0.000000000000000000e+00
8.300000000000000000e+01 7.741573528029493900e+01 0.000000000000000000e+00 0.000000000000000000e+00
8.400000000000000000e+01 7.983165621766484321e+01 0.000000000000000000e+00 0.000000000000000000e+00
8.500000000000000000e+01 8.076715881382850171e+01 0.000000000000000000e+00 0.000000000000000000e+00
8.600000000000000000e+01 8.153651120626264515e+01 0.000000000000000000e+00 0.000000000000000000e+00
8.700000000000000000e+01 7.897100430870919752e+01 2.000000000000000000e+00 0.000000000000000000e+00
8.800000000000000000e+01 8.113160950066715316e+01 0.000000000000000000e+00 0.000000000000000000e+00
8.900000000000000000e+01 8.123336740927624078e+01 0.000000000000000000e+00 0.000000000000000000e+00
9.000000000000000000e+01 8.278509952938213701e+01 0.000000000000000000e+00 0.000000000000000000e+00
9.100000000000000000e+01 8.375322123197845769e+01 0.000000000000000000e+00 0.000000000000000000e+00
9.200000000000000000e+01 8.537565843689338863e+01 0.000000000000000000e+00 0.000000000000000000e+00
9.300000000000000000e+01 8.609023354333029943e+01 0.000000000000000000e+00 0.000000000000000000e+00
9.400000000000000000e+01 8.700192640075842121e+01 0.000000000000000000e+00 0.000000000000000000e+00
9.500000000000000000e+01 8.854083642447955071e+01 0.000000000000000000e+00 0.000000000000000000e+00
9.600000000000000000e+01 8.917833184857805406e+01 0.000000000000000000e+00 0.000000000000000000e+00
9.700000000000000000e+01 9.059447256916347158e+01 0.000000000000000000e+00 0.000000000000000000e+00
9.800000000000000000e+01 9.130309463190585006e+01 0.000000000000000000e+00 0.000000000000000000e+00
9.900000000000000000e+01 9.003317242262667719e+01 2.000000000000000000e+00 0.000000000000000000e+00
1.000000000000000000e+02 9.069250266929573456e+01 0.000000000000000000e+00 0.000000000000000000e+00
1.010000000000000000e+02 9.209775966506732914e+01 0.000000000000000000e+00 0.000000000000000000e+00
1.020000000000000000e+02 9.215228027784424114e+01 0.000000000000000000e+00 0.000000000000000000e+00
1.030000000000000000e+02 9.279543296909223216e+01 0.000000000000000000e+00 0.000000000000000000e+00
1.040000000000000000e+02 9.460159328455739569e+01 0.000000000000000000e+00 0.000000000000000000e+00
1.050000000000000000e+02 9.506794805528045345e+01 1.000000000000000000e+00 0.000000000000000000e+00
1.060000000000000000e+02 9.515922392763098969e+01 1.000000000000000000e+00 0.000000000000000000e+00
1.070000000000000000e+02 9.630197371125260020e+01 0.000000000000000000e+00 0.000000000000000000e+00
1.080000000000000000e+02 9.705078370360007511e+01 0.000000000000000000e+00 0.000000000000000000e+00
1.090000000000000000e+02 9.639710642618540248e+01 1.000000000000000000e+00 0.000000000000000000e+00
1.100000000000000000e+02 9.811310500553528868e+01 0.000000000000000000e+00 0.000000000000000000e+00
1.110000000000000000e+02 9.864765868301641660e+01 0.000000000000000000e+00 0.000000000000000000e+00
1.120000000000000000e+02 1.005083553287157798e+02 0.000000000000000000e+00 0.000000000000000000e+00
1.130000000000000000e+02 1.006623639248505668e+02 0.000000000000000000e+00 0.000000000000000000e+00
1.140000000000000000e+02 1.020617661771039906e+02 0.000000000000000000e+00 0.000000000000000000e+00
1.150000000000000000e+02 1.028533491726839770e+02 0.000000000000000000e+00 0.000000000000000000e+00
1.160000000000000000e+02 1.031562037161154564e+02 0.000000000000000000e+00 0.000000000000000000e+00
1.170000000000000000e+02 1.050552906895742922e+02 0.000000000000000000e+00 0.000000000000000000e+00
1.180000000000000000e+02 1.064809394154908233e+02 0.000000000000000000e+00 0.000000000000000000e+00
1.190000000000000000e+02 1.063439410908477356e+02 0.000000000000000000e+00 0.000000000000000000e+00
1.200000000000000000e+02 1.057898210142581092e+02 2.000000000000000000e+00 0.000000000000000000e+00
1.210000000000000000e+02 1.070415207914024762e+02 0.000000000000000000e+00 0.000000000000000000e+00
1.220000000000000000e+02 1.086130964545192512e+02 0.000000000000000000e+00 0.000000000000000000e+00
1.230000000000000000e+02 1.086476997375307576e+02 0.000000000000000000e+00 0.000000000000000000e+00
1.240000000000000000e+02 1.095765953156600574e+02 0.000000000000000000e+00 0.000000000000000000e+00
1.250000000000000000e+02 1.096549421891774472e+02 1.000000000000000000e+00 0.000000000000000000e+00
1.260000000000000000e+02 1.101981226254892761e+02 0.000000000000000000e+00 0.000000000000000000e+00
1.270000000000000000e+02 1.119007224538675729e+02 0.000000000000000000e+00 0.000000000000000000e+00
1.280000000000000000e+02 1.127880163044061845e+02 0.000000000000000000e+00 0.000000000000000000e+00
1.290000000000000000e+02 1.135669863739175582e+02 0.000000000000000000e+00 0.000000000000000000e+00
1.300000000000000000e+02 1.155420284475128767e+02 0.000000000000000000e+00 0.000000000000000000e+00
1.310000000000000000e+02 1.152874410414633104e+02 1.000000000000000000e+00 0.000000000000000000e+00
1.320000000000000000e+02 1.148687173240444821e+02 1.000000000000000000e+00 0.000000000000000000e+00
1.330000000000000000e+02 1.161508251040364286e+02 0.000000000000000000e+00 0.000000000000000000e+00
1.340000000000000000e+02 1.168787473151520970e+02 0.000000000000000000e+00 0.000000000000000000e+00
1.350000000000000000e+02 1.183629082161704815e+02 0.000000000000000000e+00 0.000000000000000000e+00
1.360000000000000000e+02 1.182989790901427511e+02 0.000000000000000000e+00 0.000000000000000000e+00
1.370000000000000000e+02 1.202692480534573747e+02 0.000000000000000000e+00 0.000000000000000000e+00
1.380000000000000000e+02 1.205877870361206590e+02 0.000000000000000000e+00 0.000000000000000000e+00
1.390000000000000000e+02 1.221146092734341266e+02 0.000000000000000000e+00 0.000000000000000000e+00
1.400000000000000000e+02 1.240783098674007050e+02 0.000000000000000000e+00 0.000000000000000000e+00
1.410000000000000000e+02 1.237143633233587252e+02 0.000000000000000000e+00 0.000000000000000000e+00
1.420000000000000000e+02 1.254348061339531455e+02 0.000000000000000000e+00 0.000000000000000000e+00
1.430000000000000000e+02 1.268306738597763257e+02 0.000000000000000000e+00 0.000000000000000000e+00
1.440000000000000000e+02 1.275815701919324852e+02 0.000000000000000000e+00 0.000000000000000000e+00
1.450000000000000000e+02 1.281553819632927116e+02 0.000000000000000000e+00 0.000000000000000000e+00
1.460000000000000000e+02 1.288364812332123108e+02 0.000000000000000000e+00 0.000000000000000000e+00
1.470000000000000000e+02 1.306786018640307248e+02 0.000000000000000000e+00 0.000000000000000000e+00
1.480000000000000000e+02 1.304369401617669837e+02 0.000000000000000000e+00 0.000000000000000000e+00
1.490000000000000000e+02 1.321114864871297812e+02 0.000000000000000000e+00 0.000000000000000000e+00
1.500000000000000000e+02 1.330614465705096734e+02 0.000000000000000000e+00 0.000000000000000000e+00
1.510000000000000000e+02 1.338800918193269069e+02 0.000000000000000000e+00 0.000000000000000000e+00
1.520000000000000000e+02 1.346288269163766245e+02 0.000000000000000000e+00 0.000000000000000000e+00
1.530000000000000000e+02 1.355357437595017132e+02 0.000000000000000000e+00 0.000000000000000000e+00
1.540000000000000000e+02 1.375958058332148539e+02 0.000000000000000000e+00 0.000000000000000000e+00
1.550000000000000000e+02 1.356952513416227362e+02 2.000000000000000000e+00 0.000000000000000000e+00
1.560000000000000000e+02 1.377332167028258709e+02 0.000000000000000000e+00 0.000000000000000000e+00
1.570000000000000000e+02 1.377125946901871316e+02 0.000000000000000000e+00 0.000000000000000000e+00
1.580000000000000000e+02 1.393014747027857823e+02 0.000000000000000000e+00 0.000000000000000000e+00
1.590000000000000000e+02 1.400483419936012126e+02 0.000000000000000000e+00 0.000000000000000000e+00
1.600000000000000000e+02 1.387374808708509590e+02 2.000000000000000000e+00 0.000000000000000000e+00
1.610000000000000000e+02 1.397178237372018259e+02 0.000000000000000000e+00 0.000000000000000000e+00
1.620000000000000000e+02 1.413496873052833394e+02 0.000000000000000000e+00 0.000000000000000000e+00
1.630000000000000000e+02 1.425307703575775804e+02 0.000000000000000000e+00 0.000000000000000000e+00
1.640000000000000000e+02 1.436484994894871363e+02 0.000000000000000000e+00 0.000000000000000000e+00
1.650000000000000000e+02 1.439480604896429554e+02 0.000000000000000000e+00 0.000000000000000000e+00
1.660000000000000000e+02 1.450200982148011235e+02 0.000000000000000000e+00 0.000000000000000000e+00
1.670000000000000000e+02 1.446109339533219043e+02 0.000000000000000000e+00 0.000000000000000000e+00
1.680000000000000000e+02 1.448195849344100452e+02 2.000000000000000000e+00 0.000000000000000000e+00
1.690000000000000000e+02 1.459071548762125303e+02 0.000000000000000000e+00 0.000000000000000000e+00
1.700000000000000000e+02 1.465716230676834471e+02 0.000000000000000000e+00 0.000000000000000000e+00
1.710000000000000000e+02 1.473853398889374660e+02 0.000000000000000000e+00 0.000000000000000000e+00
1.720000000000000000e+02 1.489421825540865427e+02 0.000000000000000000e+00 0.000000000000000000e+00
1.730000000000000000e+02 1.497043096527153523e+02 0.000000000000000000e+00 0.000000000000000000e+00
1.740000000000000000e+02 1.496070142944872714e+02 1.000000000000000000e+00 0.000000000000000000e+00
1.750000000000000000e+02 1.507241412804127378e+02 0.000000000000000000e+00 0.000000000000000000e+00
1.760000000000000000e+02 1.523686632504687282e+02 0.000000000000000000e+00 0.000000000000000000e+00
1.770000000000000000e+02 1.516636645979885429e+02 0.000000000000000000e+00 0.000000000000000000e+00
1.780000000000000000e+02 1.540176218018449958e+02 0.000000000000000000e+00 0.000000000000000000e+00
1.790000000000000000e+02 1.557213392922670607e+02 0.000000000000000000e+00 0.000000000000000000e+00
1.800000000000000000e+02 1.563381243697689058e+02 0.000000000000000000e+00 0.000000000000000000e+00
1.810000000000000000e+02 1.574807840508293566e+02 0.000000000000000000e+00 0.000000000000000000e+00
1.820000000000000000e+02 1.580035562966206157e+02 0.000000000000000000e+00 0.000000000000000000e+00
1.830000000000000000e+02 1.592301810011508678e+02 0.000000000000000000e+00 0.000000000000000000e+00
1.840000000000000000e+02 1.598593787430230009e+02 0.000000000000000000e+00 0.000000000000000000e+00
1.850000000000000000e+02 1.608718702382143704e+02 0.000000000000000000e+00 0.000000000000000000e+00
1.860000000000000000e+02 1.620710676378251662e+02 0.000000000000000000e+00 0.000000000000000000e+00
1.870000000000000000e+02 1.622695649491254812e+02 1.000000000000000000e+00 0.000000000000000000e+00
1.880000000000000000e+02 1.606297247061966118e+02 2.000000000000000000e+00 0.000000000000000000e+00
1.890000000000000000e+02 1.624249136127428415e+02 0.000000000000000000e+00 0.000000000000000000e+00
1.900000000000000000e+02 1.626946276241164355e+02 0.000000000000000000e+00 0.000000000000000000e+00
1.910000000000000000e+02 1.648625472342621379e+02 0.000000000000000000e+00 0.000000000000000000e+00
1.920000000000000000e+02 1.634554911364514567e+02 2.000000000000000000e+00 0.000000000000000000e+00
1.930000000000000000e+02 1.641627182060930181e+02 1.000000000000000000e+00 0.000000000000000000e+00
1.940000000000000000e+02 1.644628290776931578e+02 0.000000000000000000e+00 0.000000000000000000e+00
1.950000000000000000e+02 1.641841731216190396e+02 0.000000000000000000e+00 0.000000000000000000e+00
1.960000000000000000e+02 1.654750131631497538e+02 0.000000000000000000e+00 0.000000000000000000e+00
1.970000000000000000e+02 1.666120689503288474e+02 1.000000000000000000e+00 0.000000000000000000e+00
1.980000000000000000e+02 1.650236723072364100e+02 2.000000000000000000e+00 0.000000000000000000e+00
1.990000000000000000e+02 1.654812173769316530e+02 0.000000000000000000e+00 0.000000000000000000e+00
2.000000000000000000e+02 1.674665531912207825e+02 0.000000000000000000e+00 0.000000000000000000e+00
2.010000000000000000e+02 1.679243266275670123e+02 0.000000000000000000e+00 0.000000000000000000e+00
2.020000000000000000e+02 1.681676476010417218e+02 0.000000000000000000e+00 0.000000000000000000e+00
2.030000000000000000e+02 1.702609984671022971e+02 0.000000000000000000e+00 0.000000000000000000e+00
2.040000000000000000e+02 1.709750521120066367e+02 0.000000000000000000e+00 0.000000000000000000e+00
2.050000000000000000e+02 1.714678709310265958e+02 0.000000000000000000e+00 0.000000000000000000e+00
2.060000000000000000e+02 1.741510473407712709e+02 0.000000000000000000e+00 0.000000000000000000e+00
2.070000000000000000e+02 1.748925109969236189e+02 0.000000000000000000e+00 0.000000000000000000e+00
2.080000000000000000e+02 1.750308339213203226e+02 0.000000000000000000e+00 0.000000000000000000e+00
2.090000000000000000e+02 1.757250366043799374e+02 0.000000000000000000e+00 0.000000000000000000e+00
2.100000000000000000e+02 1.762068072727088861e+02 0.000000000000000000e+00 0.000000000000000000e+00
2.110000000000000000e+02 1.779699300938453348e+02 0.000000000000000000e+00 0.000000000000000000e+00
2.120000000000000000e+02 1.787490029258866002e+02 0.000000000000000000e+00 0.000000000000000000e+00
2.130000000000000000e+02 1.796939539780806285e+02 0.000000000000000000e+00 0.000000000000000000e+00
2.140000000000000000e+02 1.808600148557318050e+02 0.000000000000000000e+00 0.000000000000000000e+00
2.150000000000000000e+02 1.799146737031444445e+02 2.000000000000000000e+00 0.000000000000000000e+00
2.160000000000000000e+02 1.794655635470635104e+02 2.000000000000000000e+00 0.000000000000000000e+00
2.170000000000000000e+02 1.774605628326408464e+02 2.000000000000000000e+00 0.000000000000000000e+00
2.180000000000000000e+02 1.777981649197029412e+02 0.000000000000000000e+00 0.000000000000000000e+00
2.190000000000000000e+02 1.786232972272623840e+02 1.000000000000000000e+00 0.000000000000000000e+00
2.200000000000000000e+02 1.789886280314189264e+02 1.000000000000000000e+00 0.000000000000000000e+00
2.210000000000000000e+02 1.797551180032994012e+02 0.000000000000000000e+00 0.000000000000000000e+00
2.220000000000000000e+02 1.803723454476243546e+02 0.000000000000000000e+00 0.000000000000000000e+00
2.230000000000000000e+02 1.814240650586600339e+02 0.000000000000000000e+00 0.000000000000000000e+00
2.240000000000000000e+02 1.826833697949707869e+02 0.000000000000000000e+00 0.000000000000000000e+00
2.250000000000000000e+02 1.848461439003598059e+02 0.000000000000000000e+00 0.000000000000000000e+00
2.260000000000000000e+02 1.844523773980612873e+02 0.000000000000000000e+00 0.000000000000000000e+00
2.270000000000000000e+02 1.863667823158847909e+02 0.000000000000000000e+00 0.000000000000000000e+00
2.280000000000000000e+02 1.880254754846676235e+02 0.000000000000000000e+00 0.000000000000000000e+00
2.290000000000000000e+02 1.874998690825211725e+02 0.000000000000000000e+00 0.000000000000000000e+00
2.300000000000000000e+02 1.881697687935221097e+02 0.000000000000000000e+00 0.000000000000000000e+00
2.310000000000000000e+02 1.907191663528859351e+02 0.000000000000000000e+00 0.000000000000000000e+00
2.320000000000000000e+02 1.911887010886734402e+02 0.000000000000000000e+00 0.000000000000000000e+00
2.330000000000000000e+02 1.922947268032559691e+02 0.000000000000000000e+00 0.000000000000000000e+00
2.340000000000000000e+02 1.930818164348349626e+02 0.000000000000000000e+00 0.000000000000000000e+00
2.350000000000000000e+02 1.937700632503641316e+02 0.000000000000000000e+00 0.000000000000000000e+00
2.360000000000000000e+02 1.956072427569525871e+02 0.000000000000000000e+00 0.000000000000000000e+00
2.370000000000000000e+02 1.942888803896110801e+02 2.000000000000000000e+00 0.000000000000000000e+00
2.380000000000000000e+02 1.953132626173469930e+02 0.000000000000000000e+00 0.000000000000000000e+00
2.390000000000000000e+02 1.954674914681298787e+02 0.000000000000000000e+00 0.000000000000000000e+00
2.400000000000000000e+02 1.972731331358529019e+02 0.000000000000000000e+00 0.000000000000000000e+00
2.410000000000000000e+02 1.956106713487474735e+02 2.000000000000000000e+00 0.000000000000000000e+00
2.420000000000000000e+02 1.962385685678480627e+02 0.000000000000000000e+00 0.000000000000000000e+00
2.430000000000000000e+02 1.985524696694039903e+02 0.000000000000000000e+00 0.000000000000000000e+00
2.440000000000000000e+02 1.994435606828361358e+02 0.000000000000000000e+00 0.000000000000000000e+00
2.450000000000000000e+02 2.004676841770334477e+02 0.000000000000000000e+00 0.000000000000000000e+00
2.460000000000000000e+02 2.005782021408374476e+02 0.000000000000000000e+00 0.000000000000000000e+00
2.470000000000000000e+02 2.025144891273378676e+02 0.000000000000000000e+00 0.000000000000000000e+00
2.480000000000000000e+02 2.008715552837300038e+02 2.000000000000000000e+00 0.000000000000000000e+00
2.490000000000000000e+02 2.020954957958748821e+02 0.000000000000000000e+00 0.000000000000000000e+00
2.500000000000000000e+02 2.029250613450844298e+02 0.000000000000000000e+00 0.000000000000000000e+00
2.510000000000000000e+02 2.046022412172294764e+02 0.000000000000000000e+00 0.000000000000000000e+00
2.520000000000000000e+02 2.045787989408330532e+02 0.000000000000000000e+00 0.000000000000000000e+00
2.530000000000000000e+02 2.057824098718665482e+02 0.000000000000000000e+00 0.000000000000000000e+00
2.540000000000000000e+02 2.068590089272581167e+02 0.000000000000000000e+00 0.000000000000000000e+00
2.550000000000000000e+02 2.083194744335371240e+02 0.000000000000000000e+00 0.000000000000000000e+00
2.560000000000000000e+02 2.086537029286572249e+02 0.000000000000000000e+00 0.000000000000000000e+00
2.570000000000000000e+02 2.097123840076444878e+02 0.000000000000000000e+00 0.000000000000000000e+00
2.580000000000000000e+02 2.096159152338344995e+02 1.000000000000000000e+00 0.000000000000000000e+00
2.590000000000000000e+02 2.113775567970485270e+02 0.000000000000000000e+00 0.000000000000000000e+00
2.600000000000000000e+02 2.124216994380937535e+02 0.000000000000000000e+00 0.000000000000000000e+00
2.610000000000000000e+02 2.127346753134288235e+02 0.000000000000000000e+00 0.000000000000000000e+00
2.620000000000000000e+02 2.132586115658765493e+02 0.000000000000000000e+00 0.000000000000000000e+00
2.630000000000000000e+02 2.155334672614339979e+02 0.000000000000000000e+00 0.000000000000000000e+00
2.640000000000000000e+02 2.170683749291592903e+02 0.000000000000000000e+00 0.000000000000000000e+00
2.650000000000000000e+02 2.167425693711105907e+02 0.000000000000000000e+00 0.000000000000000000e+00
2.660000000000000000e+02 2.178957793454775356e+02 0.000000000000000000e+00 0.000000000000000000e+00
2.670000000000000000e+02 2.195921316102975709e+02 0.000000000000000000e+00 0.000000000000000000e+00
2.680000000000000000e+02 2.201224448881734759e+02 0.000000000000000000e+00 0.000000000000000000e+00
2.690000000000000000e+02 2.205160519590171475e+02 0.000000000000000000e+00 0.000000000000000000e+00
2.700000000000000000e+02 2.218703627564065641e+02 0.000000000000000000e+00 0.000000000000000000e+00
2.710000000000000000e+02 2.223378337565200411e+02 0.000000000000000000e+00 0.000000000000000000e+00
2.720000000000000000e+02 2.239120083031274646e+02 0.000000000000000000e+00 0.000000000000000000e+00
2.730000000000000000e+02 2.252960148498579827e+02 0.000000000000000000e+00 0.000000000000000000e+00
2.740000000000000000e+02 2.260254556826222654e+02 0.000000000000000000e+00 0.000000000000000000e+00
2.750000000000000000e+02 2.247649012122079739e+02 2.000000000000000000e+00 0.000000000000000000e+00
2.760000000000000000e+02 2.260885378550033522e+02 1.000000000000000000e+00 0.000000000000000000e+00
2.770000000000000000e+02 2.262440677072567610e+02 0.000000000000000000e+00 0.000000000000000000e+00
2.780000000000000000e+02 2.267668954516844337e+02 0.000000000000000000e+00 0.000000000000000000e+00
2.790000000000000000e+02 2.282214916166591649e+02 0.000000000000000000e+00 0.000000000000000000e+00
2.800000000000000000e+02 2.286605611612822315e+02 0.000000000000000000e+00 0.000000000000000000e+00
2.810000000000000000e+02 2.284023631687131513e+02 1.000000000000000000e+00 0.000000000000000000e+00
2.820000000000000000e+02 2.279419052763815898e+02 2.000000000000000000e+00 0.000000000000000000e+00
2.830000000000000000e+02 2.283927735662471434e+02 0.000000000000000000e+00 0.000000000000000000e+00
2.840000000000000000e+02 2.279265873374548335e+02 2.000000000000000000e+00 0.000000000000000000e+00
2.850000000000000000e+02 2.292210987560411581e+02 0.000000000000000000e+00 0.000000000000000000e+00
2.860000000000000000e+02 2.293624104514368867e+02 0.000000000000000000e+00 0.000000000000000000e+00
2.870000000000000000e+02 2.301042621541686231e+02 1.000000000000000000e+00 0.000000000000000000e+00
2.880000000000000000e+02 2.302305691612761507e+02 1.000000000000000000e+00 0.000000000000000000e+00
2.890000000000000000e+02 2.290586388087878618e+02 2.000000000000000000e+00 0.000000000000000000e+00
2.900000000000000000e+02 2.285229767822283407e+02 1.000000000000000000e+00 0.000000000000000000e+00
2.910000000000000000e+02 2.299660483403309286e+02 0.000000000000000000e+00 0.000000000000000000e+00
2.920000000000000000e+02 2.310507721965510370e+02 0.000000000000000000e+00 0.000000000000000000e+00
2.930000000000000000e+02 2.326328248048760372e+02 0.000000000000000000e+00 0.000000000000000000e+00
2.940000000000000000e+02 2.322923420480827019e+02 0.000000000000000000e+00 0.000000000000000000e+00
2.950000000000000000e+02 2.345797983427104896e+02 0.000000000000000000e+00 0.000000000000000000e+00
2.960000000000000000e+02 2.342864016616674689e+02 0.000000000000000000e+00 0.000000000000000000e+00
2.970000000000000000e+02 2.363860589661624658e+02 0.000000000000000000e+00 0.000000000000000000e+00
2.980000000000000000e+02 2.367594448773799058e+02 0.000000000000000000e+00 0.000000000000000000e+00
2.990000000000000000e+02 2.375864124921012888e+02 0.000000000000000000e+00 0.000000000000000000e+00
3.000000000000000000e+02 2.394639601971638569e+02 0.000000000000000000e+00 0.000000000000000000e+00
3.010000000000000000e+02 2.397489934253850947e+02 0.000000000000000000e+00 0.000000000000000000e+00
3.020000000000000000e+02 2.401608810764517727e+02 0.000000000000000000e+00 0.000000000000000000e+00
3.030000000000000000e+02 2.411096455262911036e+02 0.000000000000000000e+00 0.000000000000000000e+00
3.040000000000000000e+02 2.425117714830340958e+02 0.000000000000000000e+00 0.000000000000000000e+00
3.050000000000000000e+02 2.447067400588398414e+02 0.000000000000000000e+00 0.000000000000000000e+00
3.060000000000000000e+02 2.450061661743479817e+02 0.000000000000000000e+00 0.000000000000000000e+00
3.070000000000000000e+02 2.461289929153052185e+02 0.000000000000000000e+00 0.000000000000000000e+00
3.080000000000000000e+02 2.475724564316707017e+02 0.000000000000000000e+00 0.000000000000000000e+00
3.090000000000000000e+02 2.486623501185891314e+02 0.000000000000000000e+00 0.000000000000000000e+00
3.100000000000000000e+02 2.486470144255445689e+02 0.000000000000000000e+00 0.000000000000000000e+00
3.110000000000000000e+02 2.493485644567058728e+02 0.000000000000000000e+00 0.000000000000000000e+00
3.120000000000000000e+02 2.509754733617114937e+02 0.000000000000000000e+00 0.000000000000000000e+00
3.130000000000000000e+02 2.525069732854394431e+02 0.000000000000000000e+00 0.000000000000000000e+00
3.140000000000000000e+02 2.537327466290843176e+02 0.000000000000000000e+00 0.000000000000000000e+00
3.150000000000000000e+02 2.545384641584084306e+02 0.000000000000000000e+00 0.000000000000000000e+00
3.160000000000000000e+02 2.549754762935386907e+02 0.000000000000000000e+00 0.000000000000000000e+00
3.170000000000000000e+02 2.564060595632013246e+02 0.000000000000000000e+00 0.000000000000000000e+00
3.180000000000000000e+02 2.567935636533615025e+02 0.000000000000000000e+00 0.000000000000000000e+00
3.190000000000000000e+02 2.584561232203801637e+02 0.000000000000000000e+00 0.000000000000000000e+00
3.200000000000000000e+02 2.587032660104693491e+02 0.000000000000000000e+00 0.000000000000000000e+00
3.210000000000000000e+02 2.603386633503267262e+02 0.000000000000000000e+00 0.000000000000000000e+00
3.220000000000000000e+02 2.608371648172872028e+02 0.000000000000000000e+00 0.000000000000000000e+00
3.230000000000000000e+02 2.621864421899678064e+02 0.000000000000000000e+00 0.000000000000000000e+00
3.240000000000000000e+02 2.624795325354847364e+02 0.000000000000000000e+00 0.000000000000000000e+00
3.250000000000000000e+02 2.638887127576942362e+02 0.000000000000000000e+00 0.000000000000000000e+00
3.260000000000000000e+02 2.645188672606657292e+02 0.000000000000000000e+00 0.000000000000000000e+00
3.270000000000000000e+02 2.643222363005911575e+02 2.000000000000000000e+00 0.000000000000000000e+00
3.280000000000000000e+02 2.638763633754862212e+02 2.000000000000000000e+00 0.000000000000000000e+00
3.290000000000000000e+02 2.646231260840352775e+02 0.000000000000000000e+00 0.000000000000000000e+00
3.300000000000000000e+02 2.643277958659529077e+02 0.000000000000000000e+00 0.000000000000000000e+00
3.310000000000000000e+02 2.661589811658304257e+02 0.000000000000000000e+00 0.000000000000000000e+00
3.320000000000000000e+02 2.674150658770844871e+02 0.000000000000000000e+00 0.000000000000000000e+00
3.330000000000000000e+02 2.689073520755993059e+02 0.000000000000000000e+00 0.000000000000000000e+00
3.340000000000000000e+02 2.686118835087858088e+02 0.000000000000000000e+00 0.000000000000000000e+00
3.350000000000000000e+02 2.705072080642750052e+02 0.000000000000000000e+00 0.000000000000000000e+00
3.360000000000000000e+02 2.693377565495948147e+02 2.000000000000000000e+00 0.000000000000000000e+00
3.370000000000000000e+02 2.690880997941055739e+02 1.000000000000000000e+00 0.000000000000000000e+00
3.380000000000000000e+02 2.700897134062226996e+02 0.000000000000000000e+00 0.000000000000000000e+00
3.390000000000000000e+02 2.702688248972665406e+02 0.000000000000000000e+00 0.000000000000000000e+00
3.400000000000000000e+02 2.726332293555065576e+02 0.000000000000000000e+00 0.000000000000000000e+00
3.410000000000000000e+02 2.731835800922142994e+02 0.000000000000000000e+00 0.000000000000000000e+00
3.420000000000000000e+02 2.716059039182893571e+02 2.000000000000000000e+00 0.000000000000000000e+00
3.430000000000000000e+02 2.728462066468425178e+02 0.000000000000000000e+00 0.000000000000000000e+00
3.440000000000000000e+02 2.742284571992836391e+02 0.000000000000000000e+00 0.000000000000000000e+00
3.450000000000000000e+02 2.745834911768205870e+02 0.000000000000000000e+00 0.000000000000000000e+00
3.460000000000000000e+02 2.753583319301862957e+02 0.000000000000000000e+00 0.000000000000000000e+00
3.470000000000000000e+02 2.773221258904218871e+02 0.000000000000000000e+00 0.000000000000000000e+00
3.480000000000000000e+02 2.772405082095556850e+02 1.000000000000000000e+00 0.000000000000000000e+00
3.490000000000000000e+02 2.769307856958882326e+02 2.000000000000000000e+00 0.000000000000000000e+00
3.500000000000000000e+02 2.755955521960722194e+02 2.000000000000000000e+00 0.000000000000000000e+00
3.510000000000000000e+02 2.732615999016235833e+02 2.000000000000000000e+00 0.000000000000000000e+00
3.520000000000000000e+02 2.736329166788474367e+02 1.000000000000000000e+00 0.000000000000000000e+00
3.530000000000000000e+02 2.729669471579882156e+02 2.000000000000000000e+00 0.000000000000000000e+00
3.540000000000000000e+02 2.742419387224711613e+02 0.000000000000000000e+00 0.000000000000000000e+00
3.550000000000000000e+02 2.749879100334410964e+02 0.000000000000000000e+00 0.000000000000000000e+00
3.560000000000000000e+02 2.741431697714504594e+02 2.000000000000000000e+00 0.000000000000000000e+00
3.570000000000000000e+02 2.734099768150680347e+02 1.000000000000000000e+00 0.000000000000000000e+00
3.580000000000000000e+02 2.739669523003518066e+02 1.000000000000000000e+00 0.000000000000000000e+00
3.590000000000000000e+02 2.737602445944584133e+02 2.000000000000000000e+00 0.000000000000000000e+00
3.600000000000000000e+02 2.739569738784456945e+02 1.000000000000000000e+00 0.000000000000000000e+00
3.610000000000000000e+02 2.736507938035230723e+02 0.000000000000000000e+00 0.000000000000000000e+00
3.620000000000000000e+02 2.746312862447058478e+02 0.000000000000000000e+00 0.000000000000000000e+00
3.630000000000000000e+02 2.759501642112990680e+02 0.000000000000000000e+00 0.000000000000000000e+00
3.640000000000000000e+02 2.774927879929049368e+02 0.000000000000000000e+00 0.000000000000000000e+00
3.650000000000000000e+02 2.781909819284535388e+02 0.000000000000000000e+00 0.000000000000000000e+00
3.660000000000000000e+02 2.764361246450905583e+02 2.000000000000000000e+00 0.000000000000000000e+00
3.670000000000000000e+02 2.766298646190131763e+02 1.000000000000000000e+00 0.000000000000000000e+00
3.680000000000000000e+02 2.771487183762125142e+02 1.000000000000000000e+00 0.000000000000000000e+00
3.690000000000000000e+02 2.769960179792033159e+02 0.000000000000000000e+00 0.000000000000000000e+00
3.700000000000000000e+02 2.786099395862629535e+02 0.000000000000000000e+00 0.000000000000000000e+00
3.710000000000000000e+02 2.799834239295544762e+02 0.000000000000000000e+00 0.000000000000000000e+00
3.720000000000000000e+02 2.803067403748192419e+02 1.000000000000000000e+00 0.000000000000000000e+00
3.730000000000000000e+02 2.814883028589666765e+02 0.000000000000000000e+00 0.000000000000000000e+00
3.740000000000000000e+02 2.812107615799677092e+02 2.000000000000000000e+00 0.000000000000000000e+00
3.750000000000000000e+02 2.811541095924437741e+02 0.000000000000000000e+00 0.000000000000000000e+00
3.760000000000000000e+02 2.813099360944517002e+02 0.000000000000000000e+00 0.000000000000000000e+00
3.770000000000000000e+02 2.808871024300536305e+02 2.000000000000000000e+00 0.000000000000000000e+00
3.780000000000000000e+02 2.799875349359418237e+02 1.000000000000000000e+00 0.000000000000000000e+00
3.790000000000000000e+02 2.806268395616764906e+02 1.000000000000000000e+00 0.000000000000000000e+00
3.800000000000000000e+02 2.832447928350081838e+02 0.000000000000000000e+00 0.000000000000000000e+00
3.810000000000000000e+02 2.818307542783869053e+02 1.000000000000000000e+00 0.000000000000000000e+00
3.820000000000000000e+02 2.834684929017735726e+02 0.000000000000000000e+00 0.000000000000000000e+00
3.830000000000000000e+02 2.832626183438575254e+02 0.000000000000000000e+00 0.000000000000000000e+00
3.840000000000000000e+02 2.848336607885254921e+02 0.000000000000000000e+00 0.000000000000000000e+00
3.850000000000000000e+02 2.857866034355533884e+02 1.000000000000000000e+00 0.000000000000000000e+00
3.860000000000000000e+02 2.863665041102079272e+02 0.000000000000000000e+00 0.000000000000000000e+00
3.870000000000000000e+02 2.861229016385609043e+02 0.000000000000000000e+00 0.000000000000000000e+00
3.880000000000000000e+02 2.880000931830747959e+02 0.000000000000000000e+00 0.000000000000000000e+00
3.890000000000000000e+02 2.883063328301250294e+02 0.000000000000000000e+00 0.000000000000000000e+00
3.900000000000000000e+02 2.889609723489082285e+02 0.000000000000000000e+00 0.000000000000000000e+00
3.910000000000000000e+02 2.916774566334465248e+02 0.000000000000000000e+00 0.000000000000000000e+00
3.920000000000000000e+02 2.925264419343623672e+02 0.000000000000000000e+00 0.000000000000000000e+00
3.930000000000000000e+02 2.931250383921062621e+02 0.000000000000000000e+00 0.000000000000000000e+00
3.940000000000000000e+02 2.925280103501690405e+02 1.000000000000000000e+00 0.000000000000000000e+00
3.950000000000000000e+02 2.944574570774767608e+02 0.000000000000000000e+00 0.000000000000000000e+00
3.960000000000000000e+02 2.946356582814681815e+02 0.000000000000000000e+00 0.000000000000000000e+00
3.970000000000000000e+02 2.961968101065501173e+02 0.000000000000000000e+00 0.000000000000000000e+00
3.980000000000000000e+02 2.961864974145867677e+02 1.000000000000000000e+00 0.000000000000000000e+00
3.990000000000000000e+02 2.976344680328326717e+02 0.000000000000000000e+00 0.000000000000000000e+00
4.000000000000000000e+02 2.977674265565401015e+02 0.000000000000000000e+00 0.000000000000000000e+00
4.010000000000000000e+02 2.989757123144027560e+02 0.000000000000000000e+00 0.000000000000000000e+00
4.020000000000000000e+02 2.997504207670705796e+02 0.000000000000000000e+00 0.000000000000000000e+00
4.030000000000000000e+02 3.008151038235458259e+02 0.000000000000000000e+00 0.000000000000000000e+00
4.040000000000000000e+02 3.016583547179372431e+02 0.000000000000000000e+00 0.000000000000000000e+00
4.050000000000000000e+02 3.037407687172014903e+02 0.000000000000000000e+00 0.000000000000000000e+00
4.060000000000000000e+02 3.036542416719555035e+02 0.000000000000000000e+00 0.000000000000000000e+00
4.070000000000000000e+02 3.044840336242872354e+02 0.000000000000000000e+00 0.000000000000000000e+00
4.080000000000000000e+02 3.060805676772489505e+02 0.000000000000000000e+00 0.000000000000000000e+00
4.090000000000000000e+02 3.074677553949310322e+02 0.000000000000000000e+00 0.000000000000000000e+00
4.100000000000000000e+02 3.081835961694644652e+02 0.000000000000000000e+00 0.000000000000000000e+00
4.110000000000000000e+02 3.096905445129323198e+02 0.000000000000000000e+00 0.000000000000000000e+00
4.120000000000000000e+02 3.091818816109181398e+02 0.000000000000000000e+00 0.000000000000000000e+00
4.130000000000000000e+02 3.106113967777136509e+02 0.000000000000000000e+00 0.000000000000000000e+00
4.140000000000000000e+02 3.133671585082498723e+02 0.000000000000000000e+00 0.000000000000000000e+00
4.150000000000000000e+02 3.123926842945264184e+02 0.000000000000000000e+00 0.000000000000000000e+00
4.160000000000000000e+02 3.140636146786577569e+02 0.000000000000000000e+00 0.000000000000000000e+00
4.170000000000000000e+02 3.144533153006313455e+02 0.000000000000000000e+00 0.000000000000000000e+00
4.180000000000000000e+02 3.157069298657542618e+02 1.000000000000000000e+00 0.000000000000000000e+00
4.190000000000000000e+02 3.169180474488097730e+02 0.000000000000000000e+00 0.000000000000000000e+00
4.200000000000000000e+02 3.166902640491814509e+02 0.000000000000000000e+00 0.000000000000000000e+00
4.210000000000000000e+02 3.182134459729900868e+02 0.000000000000000000e+00 0.000000000000000000e+00
4.220000000000000000e+02 3.184221799702747262e+02 0.000000000000000000e+00 0.000000000000000000e+00
4.230000000000000000e+02 3.211841092201622132e+02 0.000000000000000000e+00 0.000000000000000000e+00
4.240000000000000000e+02 3.198643674726081372e+02 0.000000000000000000e+00 0.000000000000000000e+00
4.250000000000000000e+02 3.215486221228596264e+02 0.000000000000000000e+00 0.000000000000000000e+00
4.260000000000000000e+02 3.227241057342690738e+02 0.000000000000000000e+00 0.000000000000000000e+00
4.270000000000000000e+02 3.232159591242167949e+02 0.000000000000000000e+00 0.000000000000000000e+00
4.280000000000000000e+02 3.252556380677842185e+02 0.000000000000000000e+00 0.000000000000000000e+00
4.290000000000000000e+02 3.256227010568231890e+02 0.000000000000000000e+00 0.000000000000000000e+00
4.300000000000000000e+02 3.264527446105525996e+02 0.000000000000000000e+00 0.000000000000000000e+00
4.310000000000000000e+02 3.283812413540508715e+02 0.000000000000000000e+00 0.000000000000000000e+00
4.320000000000000000e+02 3.295489184950096160e+02 0.000000000000000000e+00 0.000000000000000000e+00
4.330000000000000000e+02 3.301924168441831284e+02 0.000000000000000000e+00 0.000000000000000000e+00
4.340000000000000000e+02 3.319093545309817728e+02 0.000000000000000000e+00 0.000000000000000000e+00
4.350000000000000000e+02 3.315687100379703338e+02 0.000000000000000000e+00 0.000000000000000000e+00
4.360000000000000000e+02 3.329045561796707489e+02 0.000000000000000000e+00 0.000000000000000000e+00
4.370000000000000000e+02 3.346702712013608902e+02 0.000000000000000000e+00 0.000000000000000000e+00
4.380000000000000000e+02 3.345714716470899930e+02 0.000000000000000000e+00 0.000000000000000000e+00
4.390000000000000000e+02 3.357878918089122067e+02 0.000000000000000000e+00 0.000000000000000000e+00
4.400000000000000000e+02 3.359312855798756345e+02 0.000000000000000000e+00 0.000000000000000000e+00
4.410000000000000000e+02 3.372044690995754763e+02 1.000000000000000000e+00 0.000000000000000000e+00
4.420000000000000000e+02 3.382245717366014901e+02 0.000000000000000000e+00 0.000000000000000000e+00
4.430000000000000000e+02 3.390523211023813133e+02 0.000000000000000000e+00 0.000000000000000000e+00
4.440000000000000000e+02 3.392304323242588566e+02 0.000000000000000000e+00 0.000000000000000000e+00
4.450000000000000000e+02 3.399727811968961646e+02 1.000000000000000000e+00 0.000000000000000000e+00
4.460000000000000000e+02 3.411203517718566900e+02 0.000000000000000000e+00 0.000000000000000000e+00
4.470000000000000000e+02 3.422061529723520152e+02 0.000000000000000000e+00 0.000000000000000000e+00
4.480000000000000000e+02 3.431708475402473937e+02 0.000000000000000000e+00 0.000000000000000000e+00
4.490000000000000000e+02 3.440491833234456180e+02 0.000000000000000000e+00 0.000000000000000000e+00
4.500000000000000000e+02 3.454610679632356209e+02 0.000000000000000000e+00 0.000000000000000000e+00
4.510000000000000000e+02 3.459023514236561141e+02 0.000000000000000000e+00 0.000000000000000000e+00
4.520000000000000000e+02 3.472415469101547956e+02 0.000000000000000000e+00 0.000000000000000000e+00
4.530000000000000000e+02 3.479662933156617441e+02 0.000000000000000000e+00 0.000000000000000000e+00
4.540000000000000000e+02 3.486887630969206953e+02 0.000000000000000000e+00 0.000000000000000000e+00
4.550000000000000000e+02 3.501732119100253158e+02 0.000000000000000000e+00 0.000000000000000000e+00
4.560000000000000000e+02 3.509692510897208990e+02 0.000000000000000000e+00 0.000000000000000000e+00
4.570000000000000000e+02 3.513637117828487817e+02 0.000000000000000000e+00 0.000000000000000000e+00
4.580000000000000000e+02 3.529222329450425946e+02 0.000000000000000000e+00 0.000000000000000000e+00
4.590000000000000000e+02 3.524188592427863682e+02 2.000000000000000000e+00 0.000000000000000000e+00
4.600000000000000000e+02 3.524398541139156009e+02 0.000000000000000000e+00 0.000000000000000000e+00
4.610000000000000000e+02 3.538421051607649019e+02 0.000000000000000000e+00 0.000000000000000000e+00
4.620000000000000000e+02 3.546712238863262314e+02 0.000000000000000000e+00 0.000000000000000000e+00
4.630000000000000000e+02 3.556014145833555631e+02 0.000000000000000000e+00 0.000000000000000000e+00
4.640000000000000000e+02 3.556826316376297541e+02 2.000000000000000000e+00 0.000000000000000000e+00
4.650000000000000000e+02 3.544906573076044083e+02 1.000000000000000000e+00 0.000000000000000000e+00
4.660000000000000000e+02 3.537903163354431513e+02 2.000000000000000000e+00 0.000000000000000000e+00
4.670000000000000000e+02 3.536595212941190880e+02 1.000000000000000000e+00 0.000000000000000000e+00
4.680000000000000000e+02 3.539273545749935579e+02 1.000000000000000000e+00 0.000000000000000000e+00
4.690000000000000000e+02 3.548459859077187275e+02 0.000000000000000000e+00 0.000000000000000000e+00
4.700000000000000000e+02 3.558415254072382368e+02 0.000000000000000000e+00 0.000000000000000000e+00
4.710000000000000000e+02 3.571122561966860758e+02 0.000000000000000000e+00 0.000000000000000000e+00
4.720000000000000000e+02 3.579173849536538228e+02 0.000000000000000000e+00 0.000000000000000000e+00
4.730000000000000000e+02 3.579170423774106098e+02 0.000000000000000000e+00 0.000000000000000000e+00
4.740000000000000000e+02 3.603232604347494430e+02 0.000000000000000000e+00 0.000000000000000000e+00
4.750000000000000000e+02 3.619638411399736242e+02 0.000000000000000000e+00 0.000000000000000000e+00
4.760000000000000000e+02 3.623993236389230788e+02 0.000000000000000000e+00 0.000000000000000000e+00
4.770000000000000000e+02 3.633755961372652905e+02 0.000000000000000000e+00 0.000000000000000000e+00
4.780000000000000000e+02 3.649673525065277886e+02 0.000000000000000000e+00 0.000000000000000000e+00
4.790000000000000000e+02 3.649742511420313917e+02 0.000000000000000000e+00 0.000000000000000000e+00
4.800000000000000000e+02 3.664337697737985309e+02 0.000000000000000000e+00 0.000000000000000000e+00
4.810000000000000000e+02 3.668679634921297747e+02 0.000000000000000000e+00 0.000000000000000000e+00
4.820000000000000000e+02 3.678809983119570006e+02 0.000000000000000000e+00 0.000000000000000000e+00
4.830000000000000000e+02 3.687940573784587741e+02 0.000000000000000000e+00 0.000000000000000000e+00
4.840000000000000000e+02 3.704821967232390989e+02 0.000000000000000000e+00 0.000000000000000000e+00
4.850000000000000000e+02 3.703971485643367600e+02 0.000000000000000000e+00 0.000000000000000000e+00
4.860000000000000000e+02 3.718620172463930089e+02 0.000000000000000000e+00 0.000000000000000000e+00
4.870000000000000000e+02 3.725953785660357767e+02 0.000000000000000000e+00 0.000000000000000000e+00
4.880000000000000000e+02 3.743950094307678569e+02 0.000000000000000000e+00 0.000000000000000000e+00
4.890000000000000000e+02 3.753623321119559932e+02 0.000000000000000000e+00 0.000000000000000000e+00
4.900000000000000000e+02 3.762137223375015083e+02 0.000000000000000000e+00 0.000000000000000000e+00
4.910000000000000000e+02 3.769281657146259477e+02 0.000000000000000000e+00 0.000000000000000000e+00
4.920000000000000000e+02 3.781496844015811121e+02 0.000000000000000000e+00 0.000000000000000000e+00
4.930000000000000000e+02 3.795801131255370819e+02 0.000000000000000000e+00 0.000000000000000000e+00
4.940000000000000000e+02 3.797290327005118797e+02 0.000000000000000000e+00 0.000000000000000000e+00
4.950000000000000000e+02 3.810632873150431124e+02 0.000000000000000000e+00 0.000000000000000000e+00
4.960000000000000000e+02 3.821277112375777278e+02 0.000000000000000000e+00 0.000000000000000000e+00
4.970000000000000000e+02 3.822117598174224895e+02 0.000000000000000000e+00 0.000000000000000000e+00
4.980000000000000000e+02 3.832171022328092249e+02 0.000000000000000000e+00 0.000000000000000000e+00
4.990000000000000000e+02 3.839641681125207242e+02 1.000000000000000000e+00 0.000000000000000000e+00
5.000000000000000000e+02 3.824644994155683548e+02 2.000000000000000000e+00 0.000000000000000000e+00
5.010000000000000000e+02 3.836408965113261615e+02 0.000000000000000000e+00 0.000000000000000000e+00
5.020000000000000000e+02 3.854480547261143784e+02 0.000000000000000000e+00 0.000000000000000000e+00
5.030000000000000000e+02 3.860609973294086785e+02 0.000000000000000000e+00 0.000000000000000000e+00
5.040000000000000000e+02 3.865519769110430275e+02 0.000000000000000000e+00 0.000000000000000000e+00
5.050000000000000000e+02 3.879843099761371832e+02 0.000000000000000000e+00 0.000000000000000000e+00
5.060000000000000000e+02 3.890828993273876222e+02 0.000000000000000000e+00 0.000000000000000000e+00
5.070000000000000000e+02 3.899547218811588891e+02 0.000000000000000000e+00 0.000000000000000000e+00
5.080000000000000000e+02 3.904812595779488333e+02 0.000000000000000000e+00 0.000000000000000000e+00
5.090000000000000000e+02 3.922650029760612824e+02 0.000000000000000000e+00 0.000000000000000000e+00
5.100000000000000000e+02 3.931923625135320322e+02 0.000000000000000000e+00 0.000000000000000000e+00
5.110000000000000000e+02 3.937596223060801890e+02 0.000000000000000000e+00 0.000000000000000000e+00
5.120000000000000000e+02 3.940782957915411657e+02 1.000000000000000000e+00 0.000000000000000000e+00
5.130000000000000000e+02 3.950638553587770048e+02 0.000000000000000000e+00 0.000000000000000000e+00
5.140000000000000000e+02 3.955315559383446953e+02 0.000000000000000000e+00 0.000000000000000000e+00
5.150000000000000000e+02 3.964218411930527850e+02 0.000000000000000000e+00 0.000000000000000000e+00
5.160000000000000000e+02 3.974882208703097604e+02 0.000000000000000000e+00 0.000000000000000000e+00
5.170000000000000000e+02 3.990128708833638598e+02 0.000000000000000000e+00 0.000000000000000000e+00
5.180000000000000000e+02 4.001710717046161676e+02 0.000000000000000000e+00 0.000000000000000000e+00
5.190000000000000000e+02 3.998495334865166342e+02 0.000000000000000000e+00 0.000000000000000000e+00
5.200000000000000000e+02 4.012018381585828593e+02 0.000000000000000000e+00 0.000000000000000000e+00
5.210000000000000000e+02 4.027864683343248089e+02 0.000000000000000000e+00 0.000000000000000000e+00
5.220000000000000000e+02 4.033169710632336091e+02 0.000000000000000000e+00 0.000000000000000000e+00
5.230000000000000000e+02 4.055420513106755607e+02 0.000000000000000000e+00 0.000000000000000000e+00
5.240000000000000000e+02 4.058804588421079984e+02 0.000000000000000000e+00 0.000000000000000000e+00
5.250000000000000000e+02 4.063466543532808828e+02 0.000000000000000000e+00 0.000000000000000000e+00
5.260000000000000000e+02 4.077309449686030121e+02 1.000000000000000000e+00 0.000000000000000000e+00
5.270000000000000000e+02 4.078073904139608317e+02 0.000000000000000000e+00 0.000000000000000000e+00
5.280000000000000000e+02 4.091249352733108822e+02 0.000000000000000000e+00 0.000000000000000000e+00
5.290000000000000000e+02 4.102514785758875178e+02 0.000000000000000000e+00 0.000000000000000000e+00
5.300000000000000000e+02 4.104333468937372800e+02 0.000000000000000000e+00 0.000000000000000000e+00
5.310000000000000000e+02 4.113048787737674843e+02 0.000000000000000000e+00 0.000000000000000000e+00
5.320000000000000000e+02 4.132369316524844862e+02 0.000000000000000000e+00 0.000000000000000000e+00
5.330000000000000000e+02 4.142479715359603460e+02 0.000000000000000000e+00 0.000000000000000000e+00
5.340000000000000000e+02 4.148950017846446485e+02 0.000000000000000000e+00 0.000000000000000000e+00
5.350000000000000000e+02 4.151205612778074965e+02 0.000000000000000000e+00 0.000000000000000000e+00
5.360000000000000000e+02 4.168032785065330472e+02 0.000000000000000000e+00 0.000000000000000000e+00
5.370000000000000000e+02 4.186186645455213693e+02 0.000000000000000000e+00 0.000000000000000000e+00
5.380000000000000000e+02 4.193898662978880338e+02 1.000000000000000000e+00 0.000000000000000000e+00
5.390000000000000000e+02 4.191742052327594479e+02 0.000000000000000000e+00 0.000000000000000000e+00
5.400000000000000000e+02 4.198723746896836246e+02 0.000000000000000000e+00 0.000000000000000000e+00
5.410000000000000000e+02 4.214778757281177377e+02 0.000000000000000000e+00 0.000000000000000000e+00
5.420000000000000000e+02 4.212737947757811412e+02 0.000000000000000000e+00 0.000000000000000000e+00
5.430000000000000000e+02 4.233924960645269380e+02 0.000000000000000000e+00 0.000000000000000000e+00
5.440000000000000000e+02 4.246048395268350077e+02 0.000000000000000000e+00 0.000000000000000000e+00
5.450000000000000000e+02 4.246569244621238681e+02 0.000000000000000000e+00 0.000000000000000000e+00
5.460000000000000000e+02 4.263422276148912147e+02 0.000000000000000000e+00 0.000000000000000000e+00
5.470000000000000000e+02 4.268047816883529322e+02 0.000000000000000000e+00 0.000000000000000000e+00
5.480000000000000000e+02 4.273944001693883479e+02 0.000000000000000000e+00 0.000000000000000000e+00
5.490000000000000000e+02 4.287908847477455652e+02 0.000000000000000000e+00 0.000000000000000000e+00
5.500000000000000000e+02 4.300583409258862844e+02 0.000000000000000000e+00 0.000000000000000000e+00
5.510000000000000000e+02 4.308555730810762725e+02 0.000000000000000000e+00 0.000000000000000000e+00
5.520000000000000000e+02 4.324757107959043196e+02 0.000000000000000000e+00 0.000000000000000000e+00
5.530000000000000000e+02 4.325701891357535374e+02 0.000000000000000000e+00 0.000000000000000000e+00
5.540000000000000000e+02 4.344559384027097053e+02 0.000000000000000000e+00 0.000000000000000000e+00
5.550000000000000000e+02 4.345380609329266690e+02 0.000000000000000000e+00 0.000000000000000000e+00
5.560000000000000000e+02 4.355348827013136201e+02 1.000000000000000000e+00 0.000000000000000000e+00
5.570000000000000000e+02 4.344547810230316713e+02 1.000000000000000000e+00 0.000000000000000000e+00
5.580000000000000000e+02 4.344451136636967021e+02 2.000000000000000000e+00 0.000000000000000000e+00
5.590000000000000000e+02 4.326842094894743127e+02 2.000000000000000000e+00 0.000000000000000000e+00
5.600000000000000000e+02 4.338597376411748883e+02 1.000000000000000000e+00 0.000000000000000000e+00
5.610000000000000000e+02 4.333978877780311905e+02 0.000000000000000000e+00 0.000000000000000000e+00
5.620000000000000000e+02 4.354957924064372605e+02 0.000000000000000000e+00 0.000000000000000000e+00
5.630000000000000000e+02 4.368328631340845050e+02 0.000000000000000000e+00 0.000000000000000000e+00
5.640000000000000000e+02 4.376196986988249478e+02 0.000000000000000000e+00 0.000000000000000000e+00
5.650000000000000000e+02 4.388969597883964298e+02 0.000000000000000000e+00 0.000000000000000000e+00
5.660000000000000000e+02 4.390857184913621154e+02 0.000000000000000000e+00 0.000000000000000000e+00
5.670000000000000000e+02 4.402947643883692308e+02 0.000000000000000000e+00 0.000000000000000000e+00
5.680000000000000000e+02 4.407910370572987517e+02 0.000000000000000000e+00 0.000000000000000000e+00
5.690000000000000000e+02 4.422966096253352362e+02 0.000000000000000000e+00 0.000000000000000000e+00
5.700000000000000000e+02 4.439130333436036722e+02 0.000000000000000000e+00 0.000000000000000000e+00
5.710000000000000000e+02 4.444202723183011017e+02 0.000000000000000000e+00 0.000000000000000000e+00
5.720000000000000000e+02 4.427592641831327001e+02 2.000000000000000000e+00 0.000000000000000000e+00
5.730000000000000000e+02 4.437124394310991988e+02 0.000000000000000000e+00 0.000000000000000000e+00
5.740000000000000000e+02 4.446753933804242820e+02 0.000000000000000000e+00 0.000000000000000000e+00
5.750000000000000000e+02 4.440362038237304887e+02 2.000000000000000000e+00 0.000000000000000000e+00
5.760000000000000000e+02 4.452165548860181161e+02 1.000000000000000000e+00 0.000000000000000000e+00
5.770000000000000000e+02 4.438263102266714100e+02 1.000000000000000000e+00 0.000000000000000000e+00
5.780000000000000000e+02 4.457466706573414399e+02 0.000000000000000000e+00 0.000000000000000000e+00
5.790000000000000000e+02 4.454431949484584266e+02 0.000000000000000000e+00 0.000000000000000000e+00
5.800000000000000000e+02 4.476273327014844199e+02 0.000000000000000000e+00 0.000000000000000000e+00
5.810000000000000000e+02 4.485203894519690948e+02 0.000000000000000000e+00 0.000000000000000000e+00
5.820000000000000000e+02 4.486650522070320335e+02 0.000000000000000000e+00 0.000000000000000000e+00
5.830000000000000000e+02 4.486013351737260564e+02 0.000000000000000000e+00 0.000000000000000000e+00
5.840000000000000000e+02 4.516819901303396705e+02 0.000000000000000000e+00 0.000000000000000000e+00
5.850000000000000000e+02 4.526688835620994382e+02 0.000000000000000000e+00 0.000000000000000000e+00
5.860000000000000000e+02 4.524763832090151254e+02 0.000000000000000000e+00 0.000000000000000000e+00
5.870000000000000000e+02 4.538080703990464144e+02 0.000000000000000000e+00 0.000000000000000000e+00
5.880000000000000000e+02 4.550854113368642402e+02 0.000000000000000000e+00 0.000000000000000000e+00
5.890000000000000000e+02 4.555242699901418177e+02 0.000000000000000000e+00 0.000000000000000000e+00
5.900000000000000000e+02 4.572166612572561917e+02 0.000000000000000000e+00 0.000000000000000000e+00
5.910000000000000000e+02 4.566711169439888067e+02 0.000000000000000000e+00 0.000000000000000000e+00
5.920000000000000000e+02 4.590856448686658382e+02 0.000000000000000000e+00 0.000000000000000000e+00
5.930000000000000000e+02 4.593635039290854252e+02 0.000000000000000000e+00 0.000000000000000000e+00
5.940000000000000000e+02 4.603276070934645077e+02 0.000000000000000000e+00 0.000000000000000000e+00
5.950000000000000000e+02 4.620103452207837336e+02 0.000000000000000000e+00 0.000000000000000000e+00
5.960000000000000000e+02 4.633233351798584749e+02 0.000000000000000000e+00 0.000000000000000000e+00
5.970000000000000000e+02 4.638575235899695599e+02 0.000000000000000000e+00 0.000000000000000000e+00
5.980000000000000000e+02 4.654474567881451890e+02 0.000000000000000000e+00 0.000000000000000000e+00
5.990000000000000000e+02 4.661103510310902607e+02 0.000000000000000000e+00 0.000000000000000000e+00
6.000000000000000000e+02 4.675491545697977926e+02 0.000000000000000000e+00 0.000000000000000000e+00
6.010000000000000000e+02 4.681549222545802991e+02 0.000000000000000000e+00 0.000000000000000000e+00
6.020000000000000000e+02 4.704342652935233673e+02 0.000000000000000000e+00 0.000000000000000000e+00
6.030000000000000000e+02 4.697243031382255936e+02 0.000000000000000000e+00 0.000000000000000000e+00
6.040000000000000000e+02 4.712202573343951713e+02 0.000000000000000000e+00 0.000000000000000000e+00
6.050000000000000000e+02 4.711519460493222482e+02 0.000000000000000000e+00 0.000000000000000000e+00
6.060000000000000000e+02 4.724554951117847281e+02 0.000000000000000000e+00 0.000000000000000000e+00
6.070000000000000000e+02 4.746807708542034447e+02 0.000000000000000000e+00 0.000000000000000000e+00
6.080000000000000000e+02 4.750024943191041871e+02 0.000000000000000000e+00 0.000000000000000000e+00
6.090000000000000000e+02 4.754765090426344614e+02 0.000000000000000000e+00 0.000000000000000000e+00
6.100000000000000000e+02 4.772950043708715953e+02 0.000000000000000000e+00 0.000000000000000000e+00
6.110000000000000000e+02 4.775203646728277249e+02 0.000000000000000000e+00 0.000000000000000000e+00
6.120000000000000000e+02 4.797077878128683892e+02 0.000000000000000000e+00 0.000000000000000000e+00
6.130000000000000000e+02 4.792780614266657722e+02 0.000000000000000000e+00 0.000000000000000000e+00
6.140000000000000000e+02 4.811453644190864338e+02 0.000000000000000000e+00 0.000000000000000000e+00
6.150000000000000000e+02 4.820244794814839224e+02 0.000000000000000000e+00 0.000000000000000000e+00
6.160000000000000000e+02 4.838529263889417962e+02 0.000000000000000000e+00 0.000000000000000000e+00
6.170000000000000000e+02 4.840247313389081114e+02 0.000000000000000000e+00 0.000000000000000000e+00
6.180000000000000000e+02 4.851430368456114479e+02 0.000000000000000000e+00 0.000000000000000000e+00
6.190000000000000000e+02 4.853702746585061050e+02 0.000000000000000000e+00 0.000000000000000000e+00
6.200000000000000000e+02 4.868699708280728373e+02 0.000000000000000000e+00 0.000000000000000000e+00
6.210000000000000000e+02 4.872230177490379788e+02 0.000000000000000000e+00 0.000000000000000000e+00
6.220000000000000000e+02 4.888486484879617819e+02 0.000000000000000000e+00 0.000000000000000000e+00
6.230000000000000000e+02 4.881947162589295885e+02 2.000000000000000000e+00 0.000000000000000000e+00
6.240000000000000000e+02 4.875011667955880625e+02 1.000000000000000000e+00 0.000000000000000000e+00
6.250000000000000000e+02 4.871976515688190261e+02 2.000000000000000000e+00 0.000000000000000000e+00
6.260000000000000000e+02 4.860533716004611051e+02 2.000000000000000000e+00 0.000000000000000000e+00
6.270000000000000000e+02 4.859467218727850195e+02 2.000000000000000000e+00 0.000000000000000000e+00
6.280000000000000000e+02 4.866140826209956458e+02 0.000000000000000000e+00 0.000000000000000000e+00
6.290000000000000000e+02 4.881033604503766696e+02 0.000000000000000000e+00 0.000000000000000000e+00
6.300000000000000000e+02 4.879085668521008756e+02 0.000000000000000000e+00 0.000000000000000000e+00
6.310000000000000000e+02 4.871973725446660524e+02 2.000000000000000000e+00 0.000000000000000000e+00
6.320000000000000000e+02 4.882835148638130818e+02 0.000000000000000000e+00 0.000000000000000000e+00
6.330000000000000000e+02 4.888052048904183380e+02 0.000000000000000000e+00 0.000000000000000000e+00
6.340000000000000000e+02 4.897109651801923178e+02 0.000000000000000000e+00 0.000000000000000000e+00
6.350000000000000000e+02 4.912569774635362023e+02 0.000000000000000000e+00 0.000000000000000000e+00
6.360000000000000000e+02 4.913970438467900408e+02 0.000000000000000000e+00 0.000000000000000000e+00
6.370000000000000000e+02 4.934041148160400212e+02 0.000000000000000000e+00 0.000000000000000000e+00
6.380000000000000000e+02 4.947325076555952137e+02 0.000000000000000000e+00 0.000000000000000000e+00
6.390000000000000000e+02 4.948825851830760598e+02 0.000000000000000000e+00 0.000000000000000000e+00
6.400000000000000000e+02 4.951704117835083139e+02 0.000000000000000000e+00 0.000000000000000000e+00
6.410000000000000000e+02 4.967499284236522499e+02 0.000000000000000000e+00 0.000000000000000000e+00
6.420000000000000000e+02 4.977141106585535795e+02 0.000000000000000000e+00 0.000000000000000000e+00
6.430000000000000000e+02 4.993317705806102254e+02 0.000000000000000000e+00 0.000000000000000000e+00
6.440000000000000000e+02 5.013179926377024458e+02 0.000000000000000000e+00 0.000000000000000000e+00
6.450000000000000000e+02 5.006610809833059648e+02 0.000000000000000000e+00 0.000000000000000000e+00
6.460000000000000000e+02 5.015334741425626817e+02 0.000000000000000000e+00 0.000000000000000000e+00
6.470000000000000000e+02 5.016041584600106376e+02 2.000000000000000000e+00 0.000000000000000000e+00
6.480000000000000000e+02 5.013380278655546931e+02 0.000000000000000000e+00 0.000000000000000000e+00
6.490000000000000000e+02 5.031402313692478856e+02 0.000000000000000000e+00 0.000000000000000000e+00
6.500000000000000000e+02 5.038749002222560307e+02 0.000000000000000000e+00 0.000000000000000000e+00
6.510000000000000000e+02 5.055186894720386022e+02 0.000000000000000000e+00 0.000000000000000000e+00
6.520000000000000000e+02 5.053716593204835590e+02 0.000000000000000000e+00 0.000000000000000000e+00
6.530000000000000000e+02 5.051015733808715140e+02 2.000000000000000000e+00 0.000000000000000000e+00
6.540000000000000000e+02 5.059748806461263939e+02 0.000000000000000000e+00 0.000000000000000000e+00
6.550000000000000000e+02 5.076263824425689108e+02 0.000000000000000000e+00 0.000000000000000000e+00
6.560000000000000000e+02 5.063314437563786328e+02 1.000000000000000000e+00 0.000000000000000000e+00
6.570000000000000000e+02 5.090114494589486185e+02 0.000000000000000000e+00 0.000000000000000000e+00
6.580000000000000000e+02 5.092028298368105652e+02 0.000000000000000000e+00 0.000000000000000000e+00
6.590000000000000000e+02 5.100101395124837609e+02 0.000000000000000000e+00 0.000000000000000000e+00
6.600000000000000000e+02 5.105590191118724306e+02 0.000000000000000000e+00 0.000000000000000000e+00
6.610000000000000000e+02 5.116257786796822984e+02 0.000000000000000000e+00 0.000000000000000000e+00
6.620000000000000000e+02 5.126895726213915623e+02 0.000000000000000000e+00 0.000000000000000000e+00
6.630000000000000000e+02 5.141272448575012959e+02 0.000000000000000000e+00 0.000000000000000000e+00
6.640000000000000000e+02 5.154990791485391810e+02 0.000000000000000000e+00 0.000000000000000000e+00
6.650000000000000000e+02 5.160331695594632038e+02 0.000000000000000000e+00 0.000000000000000000e+00
6.660000000000000000e+02 5.173160299964818023e+02 0.000000000000000000e+00 0.000000000000000000e+00
6.670000000000000000e+02 5.173688031133999630e+02 0.000000000000000000e+00 0.000000000000000000e+00
6.680000000000000000e+02 5.187312949427592912e+02 0.000000000000000000e+00 0.000000000000000000e+00
6.690000000000000000e+02 5.193343494291452771e+02 0.000000000000000000e+00 0.000000000000000000e+00
6.700000000000000000e+02 5.199464317429803941e+02 1.000000000000000000e+00 0.000000000000000000e+00
6.710000000000000000e+02 5.203839626539462415e+02 0.000000000000000000e+00 0.000000000000000000e+00
6.720000000000000000e+02 5.211313163916530584e+02 0.000000000000000000e+00 0.000000000000000000e+00
6.730000000000000000e+02 5.222878108698006372e+02 0.000000000000000000e+00 0.000000000000000000e+00
6.740000000000000000e+02 5.236898415877320758e+02 0.000000000000000000e+00 0.000000000000000000e+00
6.750000000000000000e+02 5.255248289752526034e+02 0.000000000000000000e+00 0.000000000000000000e+00
6.760000000000000000e+02 5.258849405435277049e+02 0.000000000000000000e+00 0.000000000000000000e+00
6.770000000000000000e+02 5.277874155396164042e+02 0.000000000000000000e+00 0.000000000000000000e+00
6.780000000000000000e+02 5.273144675590486941e+02 0.000000000000000000e+00 0.000000000000000000e+00
6.790000000000000000e+02 5.289994441435410408e+02 0.000000000000000000e+00 0.000000000000000000e+00
6.800000000000000000e+02 5.291538676494661786e+02 0.000000000000000000e+00 0.000000000000000000e+00
6.810000000000000000e+02 5.305706754826053384e+02 1.000000000000000000e+00 0.000000000000000000e+00
6.820000000000000000e+02 5.300242068170636003e+02 0.000000000000000000e+00 0.000000000000000000e+00
6.830000000000000000e+02 5.311307630668133015e+02 2.000000000000000000e+00 0.000000000000000000e+00
6.840000000000000000e+02 5.306775342995035771e+02 1.000000000000000000e+00 0.000000000000000000e+00
6.850000000000000000e+02 5.303655929903526385e+02 0.000000000000000000e+00 0.000000000000000000e+00
6.860000000000000000e+02 5.313545659903634260e+02 0.000000000000000000e+00 0.000000000000000000e+00
6.870000000000000000e+02 5.322708646328360373e+02 0.000000000000000000e+00 0.000000000000000000e+00
6.880000000000000000e+02 5.343728827641016323e+02 0.000000000000000000e+00 0.000000000000000000e+00
6.890000000000000000e+02 5.348954680660599479e+02 0.000000000000000000e+00 0.000000000000000000e+00
6.900000000000000000e+02 5.359915693012754900e+02 0.000000000000000000e+00 0.000000000000000000e+00
6.910000000000000000e+02 5.372056913011804227e+02 0.000000000000000000e+00 0.000000000000000000e+00
6.920000000000000000e+02 5.379762774870843032e+02 0.000000000000000000e+00 0.000000000000000000e+00
6.930000000000000000e+02 5.380355658897100284e+02 0.000000000000000000e+00 0.000000000000000000e+00
6.940000000000000000e+02 5.379149079733460894e+02 2.000000000000000000e+00 0.000000000000000000e+00
6.950000000000000000e+02 5.399147066427984782e+02 0.000000000000000000e+00 0.000000000000000000e+00
6.960000000000000000e+02 5.399074190655782104e+02 0.000000000000000000e+00 0.000000000000000000e+00
6.970000000000000000e+02 5.415826730359497105e+02 0.000000000000000000e+00 0.000000000000000000e+00
6.980000000000000000e+02 5.418789640230328359e+02 0.000000000000000000e+00 0.000000000000000000e+00
6.990000000000000000e+02 5.427878215783719043e+02 0.000000000000000000e+00 0.000000000000000000e+00
7.000000000000000000e+02 5.438468960281238651e+02 0.000000000000000000e+00 0.000000000000000000e+00
7.010000000000000000e+02 5.443807664483298367e+02 0.000000000000000000e+00 0.000000000000000000e+00
7.020000000000000000e+02 5.463157527784778722e+02 0.000000000000000000e+00 0.000000000000000000e+00
7.030000000000000000e+02 5.474517408898799431e+02 0.000000000000000000e+00 0.000000000000000000e+00
7.040000000000000000e+02 5.483019832737708157e+02 0.000000000000000000e+00 0.000000000000000000e+00
7.050000000000000000e+02 5.490231405665209650e+02 0.000000000000000000e+00 0.000000000000000000e+00
7.060000000000000000e+02 5.477902739869959987e+02 2.000000000000000000e+00 0.000000000000000000e+00
7.070000000000000000e+02 5.483029787232712806e+02 0.000000000000000000e+00 0.000000000000000000e+00
7.080000000000000000e+02 5.477343647892763556e+02 2.000000000000000000e+00 0.000000000000000000e+00
7.090000000000000000e+02 5.467771053096886362e+02 2.000000000000000000e+00 0.000000000000000000e+00
7.100000000000000000e+02 5.458567140829260325e+02 2.000000000000000000e+00 0.000000000000000000e+00
7.110000000000000000e+02 5.444619979720276888e+02 2.000000000000000000e+00 0.000000000000000000e+00
7.120000000000000000e+02 5.459054755920236630e+02 1.000000000000000000e+00 0.000000000000000000e+00
7.130000000000000000e+02 5.460570586891006997e+02 0.000000000000000000e+00 0.000000000000000000e+00
7.140000000000000000e+02 5.464466524962721223e+02 0.000000000000000000e+00 0.000000000000000000e+00
7.150000000000000000e+02 5.485917771243441621e+02 0.000000000000000000e+00 0.000000000000000000e+00
7.160000000000000000e+02 5.485371609747649018e+02 0.000000000000000000e+00 0.000000000000000000e+00
7.170000000000000000e+02 5.500392470565234362e+02 0.000000000000000000e+00 0.000000000000000000e+00
7.180000000000000000e+02 5.509846634129401082e+02 0.000000000000000000e+00 0.000000000000000000e+00
7.190000000000000000e+02 5.516983724300416725e+02 0.000000000000000000e+00 0.000000000000000000e+00
7.200000000000000000e+02 5.534640124359970059e+02 0.000000000000000000e+00 0.000000000000000000e+00
7.210000000000000000e+02 5.540468165711104120e+02 0.000000000000000000e+00 0.000000000000000000e+00
7.220000000000000000e+02 5.553102443824903958e+02 0.000000000000000000e+00 0.000000000000000000e+00
7.230000000000000000e+02 5.560164120439685576e+02 1.000000000000000000e+00 0.000000000000000000e+00
7.240000000000000000e+02 5.538932618958841658e+02 2.000000000000000000e+00 0.000000000000000000e+00
7.250000000000000000e+02 5.545946504367819898e+02 0.000000000000000000e+00 0.000000000000000000e+00
7.260000000000000000e+02 5.563788843397924211e+02 0.000000000000000000e+00 0.000000000000000000e+00
7.270000000000000000e+02 5.565549890922507075e+02 0.000000000000000000e+00 0.000000000000000000e+00
7.280000000000000000e+02 5.580833027805736037e+02 0.000000000000000000e+00 0.000000000000000000e+00
7.290000000000000000e+02 5.593163695736163845e+02 0.000000000000000000e+00 0.000000000000000000e+00
7.300000000000000000e+02 5.604134401199706872e+02 0.000000000000000000e+00 0.000000000000000000e+00
7.310000000000000000e+02 5.609530354869398252e+02 0.000000000000000000e+00 0.000000000000000000e+00
7.320000000000000000e+02 5.612061167665672201e+02 0.000000000000000000e+00 0.000000000000000000e+00
7.330000000000000000e+02 5.630264245940791170e+02 0.000000000000000000e+00 0.000000000000000000e+00
7.340000000000000000e+02 5.641796960673926833e+02 0.000000000000000000e+00 0.000000000000000000e+00
7.350000000000000000e+02 5.654639482614210237e+02 0.000000000000000000e+00 0.000000000000000000e+00
7.360000000000000000e+02 5.657701432476648051e+02 0.000000000000000000e+00 0.000000000000000000e+00
7.370000000000000000e+02 5.679177855083868280e+02 0.000000000000000000e+00 0.000000000000000000e+00
7.380000000000000000e+02 5.676987810498562794e+02 0.000000000000000000e+00 0.000000000000000000e+00
7.390000000000000000e+02 5.683277828079715164e+02 0.000000000000000000e+00 0.000000000000000000e+00
7.400000000000000000e+02 5.691659382348479994e+02 0.000000000000000000e+00 0.000000000000000000e+00
7.410000000000000000e+02 5.710015887643975248e+02 0.000000000000000000e+00 0.000000000000000000e+00
7.420000000000000000e+02 5.716617801051913830e+02 0.000000000000000000e+00 0.000000000000000000e+00
7.430000000000000000e+02 5.722126165251239627e+02 0.000000000000000000e+00 0.000000000000000000e+00
7.440000000000000000e+02 5.724240868779405673e+02 2.000000000000000000e+00 0.000000000000000000e+00
7.450000000000000000e+02 5.733187915960421606e+02 0.000000000000000000e+00 0.000000000000000000e+00
7.460000000000000000e+02 5.730369172288794744e+02 0.000000000000000000e+00 0.000000000000000000e+00
7.470000000000000000e+02 5.748279464362191220e+02 0.000000000000000000e+00 0.000000000000000000e+00
7.480000000000000000e+02 5.749773083532610372e+02 1.000000000000000000e+00 0.000000000000000000e+00
7.490000000000000000e+02 5.758451933157325584e+02 0.000000000000000000e+00 0.000000000000000000e+00
7.500000000000000000e+02 5.765987499247478354e+02 0.000000000000000000e+00 0.000000000000000000e+00
7.510000000000000000e+02 5.780749012824994679e+02 0.000000000000000000e+00 0.000000000000000000e+00
7.520000000000000000e+02 5.801371555634276547e+02 0.000000000000000000e+00 0.000000000000000000e+00
7.530000000000000000e+02 5.805844124927510848e+02 0.000000000000000000e+00 0.000000000000000000e+00
7.540000000000000000e+02 5.813782087412538431e+02 0.000000000000000000e+00 0.000000000000000000e+00
7.550000000000000000e+02 5.819252566298864622e+02 0.000000000000000000e+00 0.000000000000000000e+00
7.560000000000000000e+02 5.827847328645336802e+02 0.000000000000000000e+00 0.000000000000000000e+00
7.570000000000000000e+02 5.813323995734086793e+02 2.000000000000000000e+00 0.000000000000000000e+00
7.580000000000000000e+02 5.810598627163366245e+02 2.000000000000000000e+00 0.000000000000000000e+00
7.590000000000000000e+02 5.803511411693577884e+02 2.000000000000000000e+00 0.000000000000000000e+00
7.600000000000000000e+02 5.813072370322383904e+02 0.000000000000000000e+00 0.000000000000000000e+00
7.610000000000000000e+02 5.816155781515334411e+02 0.000000000000000000e+00 0.000000000000000000e+00
7.620000000000000000e+02 5.831296472465382976e+02 0.000000000000000000e+00 0.000000000000000000e+00
7.630000000000000000e+02 5.845509736485802250e+02 0.000000000000000000e+00 0.000000000000000000e+00
7.640000000000000000e+02 5.853228824269475581e+02 0.000000000000000000e+00 0.000000000000000000e+00
7.650000000000000000e+02 5.855656102232557032e+02 0.000000000000000000e+00 0.000000000000000000e+00
7.660000000000000000e+02 5.872853111006808149e+02 0.000000000000000000e+00 0.000000000000000000e+00
7.670000000000000000e+02 5.869733949822254999e+02 1.000000000000000000e+00 0.000000000000000000e+00
7.680000000000000000e+02 5.878038160303891573e+02 0.000000000000000000e+00 0.000000000000000000e+00
7.690000000000000000e+02 5.895868208567783313e+02 0.000000000000000000e+00 0.000000000000000000e+00
7.700000000000000000e+02 5.903464539073588639e+02 0.000000000000000000e+00 0.000000000000000000e+00
7.710000000000000000e+02 5.906506740891093159e+02 0.000000000000000000e+00 0.000000000000000000e+00
7.720000000000000000e+02 5.921671992849118169e+02 0.000000000000000000e+00 0.000000000000000000e+00
7.730000000000000000e+02 5.932605100387141874e+02 0.000000000000000000e+00 0.000000000000000000e+00
7.740000000000000000e+02 5.937543869580655382e+02 0.000000000000000000e+00 0.000000000000000000e+00
7.750000000000000000e+02 5.949886713841185610e+02 1.000000000000000000e+00 0.000000000000000000e+00
7.760000000000000000e+02 5.949412814757520209e+02 0.000000000000000000e+00 0.000000000000000000e+00
7.770000000000000000e+02 5.956143393366645569e+02 0.000000000000000000e+00 0.000000000000000000e+00
7.780000000000000000e+02 5.977669566544490181e+02 0.000000000000000000e+00 0.000000000000000000e+00
7.790000000000000000e+02 5.980796036862523124e+02 0.000000000000000000e+00 0.000000000000000000e+00
7.800000000000000000e+02 5.985821414071551771e+02 0.000000000000000000e+00 0.000000000000000000e+00
7.810000000000000000e+02 5.991916628253776480e+02 0.000000000000000000e+00 0.000000000000000000e+00
7.820000000000000000e+02 5.997685032940373731e+02 2.000000000000000000e+00 0.000000000000000000e+00
7.830000000000000000e+02 6.013826446365176253e+02 0.000000000000000000e+00 0.000000000000000000e+00
7.840000000000000000e+02 5.999143282072661805e+02 0.000000000000000000e+00 0.000000000000000000e+00
7.850000000000000000e+02 6.024260991320436460e+02 0.000000000000000000e+00 0.000000000000000000e+00
7.860000000000000000e+02 6.035898730641682732e+02 0.000000000000000000e+00 0.000000000000000000e+00
7.870000000000000000e+02 6.029108053455630625e+02 1.000000000000000000e+00 0.000000000000000000e+00
7.880000000000000000e+02 6.041992093720450612e+02 0.000000000000000000e+00 0.000000000000000000e+00
7.890000000000000000e+02 6.041132082069678972e+02 0.000000000000000000e+00 0.000000000000000000e+00
7.900000000000000000e+02 6.054830055232223458e+02 1.000000000000000000e+00 0.000000000000000000e+00
7.910000000000000000e+02 6.053730934721570520e+02 1.000000000000000000e+00 0.000000000000000000e+00
7.920000000000000000e+02 6.056856304161927937e+02 0.000000000000000000e+00 0.000000000000000000e+00
7.930000000000000000e+02 6.073371634242223536e+02 0.000000000000000000e+00 0.000000000000000000e+00
7.940000000000000000e+02 6.076779309636423250e+02 0.000000000000000000e+00 0.000000000000000000e+00
7.950000000000000000e+02 6.092223268650215005e+02 0.000000000000000000e+00 0.000000000000000000e+00
7.960000000000000000e+02 6.095962162166604230e+02 0.000000000000000000e+00 0.000000000000000000e+00
7.970000000000000000e+02 6.107185769067773435e+02 0.000000000000000000e+00 0.000000000000000000e+00
7.980000000000000000e+02 6.131453849411090005e+02 0.000000000000000000e+00 0.000000000000000000e+00
7.990000000000000000e+02 6.129743711150279069e+02 0.000000000000000000e+00 0.000000000000000000e+00
8.000000000000000000e+02 6.139897744713430257e+02 0.000000000000000000e+00 0.000000000000000000e+00
