time	position	state	ATP_bound
1.000000000000000000e+00 1.174749000931043730e+00 0.000000000000000000e+00 0.000000000000000000e+00
2.000000000000000000e+00 2.141177693163164530e+00 0.000000000000000000e+00 0.000000000000000000e+00
3.000000000000000000e+00 3.035563058464508579e+00 0.000000000000000000e+00 0.000000000000000000e+00
4.000000000000000000e+00 4.457808834365119210e+00 0.000000000000000000e+00 0.000000000000000000e+00
5.000000000000000000e+00 5.340621631405362280e+00 0.000000000000000000e+00 0.000000000000000000e+00
6.000000000000000000e+00 5.582579912271842915e+00 0.000000000000000000e+00 0.000000000000000000e+00
7.000000000000000000e+00 7.371663088580909573e+00 0.000000000000000000e+00 0.000000000000000000e+00
8.000000000000000000e+00 8.039998133768465394e+00 0.000000000000000000e+00 0.000000000000000000e+00
9.000000000000000000e+00 1.000889519616577594e+01 0.000000000000000000e+00 0.000000000000000000e+00
1.000000000000000000e+01 9.734483989390394498e+00 0.000000000000000000e+00 0.000000000000000000e+00
1.100000000000000000e+01 1.175146671156798384e+01 0.000000000000000000e+00 0.000000000000000000e+00
1.200000000000000000e+01 1.220174589327891823e+01 0.000000000000000000e+00 0.000000000000000000e+00
1.300000000000000000e+01 1.342268994633240986e+01 0.000000000000000000e+00 0.000000000000000000e+00
1.400000000000000000e+01 1.425512118925873395e+01 0.000000000000000000e+00 0.000000000000000000e+00
1.500000000000000000e+01 1.511048346624355965e+01 0.000000000000000000e+00 0.000000000000000000e+00
1.600000000000000000e+01 1.558931602072363276e+01 0.000000000000000000e+00 0.000000000000000000e+00
1.700000000000000000e+01 1.701467080486757055e+01 0.000000000000000000e+00 0.000000000000000000e+00
1.800000000000000000e+01 1.786008595551171396e+01 0.000000000000000000e+00 0.000000000000000000e+00
1.900000000000000000e+01 1.984604668196882926e+01 0.000000000000000000e+00 0.000000000000000000e+00
2.000000000000000000e+01 1.957063510034778275e+01 0.000000000000000000e+00 0.000000000000000000e+00
2.100000000000000000e+01 2.113124060299418616e+01 0.000000000000000000e+00 0.000000000000000000e+00
2.200000000000000000e+01 2.186874567121544999e+01 0.000000000000000000e+00 0.000000000000000000e+00
2.300000000000000000e+01 2.380373033717243203e+01 0.000000000000000000e+00 0.000000000000000000e+00
2.400000000000000000e+01 2.310327973829873471e+01 0.000000000000000000e+00 0.000000000000000000e+00
2.500000000000000000e+01 2.459959744845052398e+01 0.000000000000000000e+00 0.000000000000000000e+00
2.600000000000000000e+01 2.662118592485278157e+01 0.000000000000000000e+00 0.000000000000000000e+00
2.700000000000000000e+01 2.660935838019471333e+01 0.000000000000000000e+00 0.000000000000000000e+00
2.800000000000000000e+01 2.830362929531106531e+01 0.000000000000000000e+00 0.000000000000000000e+00
2.900000000000000000e+01 2.889143784069712950e+01 0.000000000000000000e+00 0.000000000000000000e+00
3.000000000000000000e+01 3.036311853457268839e+01 0.000000000000000000e+00 0.000000000000000000e+00
3.100000000000000000e+01 3.087739811068120588e+01 0.000000000000000000e+00 0.000000000000000000e+00
3.200000000000000000e+01 2.988987704495034947e+01 2.000000000000000000e+00 0.000000000000000000e+00
3.300000000000000000e+01 2.910937970342197190e+01 2.000000000000000000e+00 0.000000000000000000e+00
3.400000000000000000e+01 3.024422300038929379e+01 0.000000000000000000e+00 0.000000000000000000e+00
3.500000000000000000e+01 3.103122370311926659e+01 0.000000000000000000e+00 0.000000000000000000e+00
3.600000000000000000e+01 3.265182732406971411e+01 0.000000000000000000e+00 0.000000000000000000e+00
3.700000000000000000e+01 3.279131596246521951e+01 0.000000000000000000e+00 0.000000000000000000e+00
3.800000000000000000e+01 3.215820356084974208e+01 1.000000000000000000e+00 0.000000000000000000e+00
3.900000000000000000e+01 3.441528209856411991e+01 0.000000000000000000e+00 0.000000000000000000e+00
4.000000000000000000e+01 3.430951061447273531e+01 0.000000000000000000e+00 0.000000000000000000e+00
4.100000000000000000e+01 3.623169612711067344e+01 0.000000000000000000e+00 0.000000000000000000e+00
4.200000000000000000e+01 3.490176135180266215e+01 2.000000000000000000e+00 0.000000000000000000e+00
4.300000000000000000e+01 3.494634711334649779e+01 0.000000000000000000e+00 0.000000000000000000e+00
4.400000000000000000e+01 3.726165918204841176e+01 0.000000000000000000e+00 0.000000000000000000e+00
4.500000000000000000e+01 3.645011658480688510e+01 1.000000000000000000e+00 0.000000000000000000e+00
4.600000000000000000e+01 3.721937034948387435e+01 1.000000000000000000e+00 0.000000000000000000e+00
4.700000000000000000e+01 3.769841876953135085e+01 0.000000000000000000e+00 0.000000000000000000e+00
4.800000000000000000e+01 3.872482099089128837e+01 0.000000000000000000e+00 0.000000000000000000e+00
4.900000000000000000e+01 4.165687823621567532e+01 0.000000000000000000e+00 0.000000000000000000e+00
5.000000000000000000e+01 4.160101638161732751e+01 0.000000000000000000e+00 0.000000000000000000e+00
5.100000000000000000e+01 4.196567826730630912e+01 0.000000000000000000e+00 0.000000000000000000e+00
5.200000000000000000e+01 4.327007705540109583e+01 0.000000000000000000e+00 0.000000000000000000e+00
5.300000000000000000e+01 4.314261969683140308e+01 0.000000000000000000e+00 0.000000000000000000e+00
5.400000000000000000e+01 4.450644298983413449e+01 0.000000000000000000e+00 0.000000000000000000e+00
5.500000000000000000e+01 4.619982983267120602e+01 0.000000000000000000e+00 0.000000000000000000e+00
5.600000000000000000e+01 4.728807454758118212e+01 0.000000000000000000e+00 0.000000000000000000e+00
5.700000000000000000e+01 4.796518740092782451e+01 0.000000000000000000e+00 0.000000000000000000e+00
5.800000000000000000e+01 4.984617705793001363e+01 0.000000000000000000e+00 0.000000000000000000e+00
5.900000000000000000e+01 4.905584226567902562e+01 0.000000000000000000e+00 0.000000000000000000e+00
6.000000000000000000e+01 5.030693366864176141e+01 0.000000000000000000e+00 0.000000000000000000e+00
6.100000000000000000e+01 5.185352869418562705e+01 0.000000000000000000e+00 0.000000000000000000e+00
6.200000000000000000e+01 5.387274678896981328e+01 0.000000000000000000e+00 0.000000000000000000e+00
6.300000000000000000e+01 5.337130824415550734e+01 0.000000000000000000e+00 0.000000000000000000e+00
6.400000000000000000e+01 5.430724516120933032e+01 0.000000000000000000e+00 0.000000000000000000e+00
6.500000000000000000e+01 5.547012973531367663e+01 0.000000000000000000e+00 0.000000000000000000e+00
6.600000000000000000e+01 5.676161290837551121e+01 0.000000000000000000e+00 0.000000000000000000e+00
6.700000000000000000e+01 5.769949980716980065e+01 0.000000000000000000e+00 0.000000000000000000e+00
6.800000000000000000e+01 5.908326979007616586e+01 0.000000000000000000e+00 0.000000000000000000e+00
6.900000000000000000e+01 5.952670095798519156e+01 0.000000000000000000e+00 0.000000000000000000e+00
7.000000000000000000e+01 6.052485516354777673e+01 0.000000000000000000e+00 0.000000000000000000e+00
7.100000000000000000e+01 6.154756137154403461e+01 0.000000000000000000e+00 0.000000000000000000e+00
7.200000000000000000e+01 6.282603711699684368e+01 0.000000000000000000e+00 0.000000000000000000e+00
7.300000000000000000e+01 6.522567706970029633e+01 0.000000000000000000e+00 0.000000000000000000e+00
7.400000000000000000e+01 6.468258804299779285e+01 0.000000000000000000e+00 0.000000000000000000e+00
7.500000000000000000e+01 6.618529343385650066e+01 0.000000000000000000e+00 0.000000000000000000e+00
7.600000000000000000e+01 6.717451581860716203e+01 0.000000000000000000e+00 0.000000000000000000e+00
7.700000000000000000e+01 6.795271122911263717e+01 0.000000000000000000e+00 0.000000000000000000e+00
7.800000000000000000e+01 6.875747467622939268e+01 0.000000000000000000e+00 0.000000000000000000e+00
7.900000000000000000e+01 6.964000926048564111e+01 0.000000000000000000e+00 0.000000000000000000e+00
8.000000000000000000e+01 6.929223582690164562e+01 1.000000000000000000e+00 0.000000000000000000e+00
8.100000000000000000e+01 7.031775373034803067e+01 0.000000000000000000e+00 0.000000000000000000e+00
8.200000000000000000e+01 7.204231203560618724e+01 0.000000000000000000e+00 0.000000000000000000e+00
8.300000000000000000e+01 7.351652184335469542e+01 0.000000000000000000e+00 0.000000000000000000e+00
8.400000000000000000e+01 7.406117715814120572e+01 0.000000000000000000e+00 0.000000000000000000e+00
8.500000000000000000e+01 7.423396076060753046e+01 0.000000000000000000e+00 0.000000000000000000e+00
8.600000000000000000e+01 7.531620651162430136e+01 0.000000000000000000e+00 0.000000000000000000e+00
8.700000000000000000e+01 7.669225514308232050e+01 0.000000000000000000e+00 0.000000000000000000e+00
8.800000000000000000e+01 7.833509381532158500e+01 0.000000000000000000e+00 0.000000000000000000e+00
8.900000000000000000e+01 7.942974589720483891e+01 0.000000000000000000e+00 0.000000000000000000e+00
9.000000000000000000e+01 8.055235806458418324e+01 0.000000000000000000e+00 0.000000000000000000e+00
9.100000000000000000e+01 7.969224104077588322e+01 0.000000000000000000e+00 0.000000000000000000e+00
9.200000000000000000e+01 8.137094711801010760e+01 0.000000000000000000e+00 0.000000000000000000e+00
9.300000000000000000e+01 8.351309396844035859e+01 0.000000000000000000e+00 0.000000000000000000e+00
9.400000000000000000e+01 8.429639295543221067e+01 0.000000000000000000e+00 0.000000000000000000e+00
9.500000000000000000e+01 8.474165960830679012e+01 0.000000000000000000e+00 0.000000000000000000e+00
9.600000000000000000e+01 8.618319178710461870e+01 0.000000000000000000e+00 0.000000000000000000e+00
9.700000000000000000e+01 8.588767528040054344e+01 0.000000000000000000e+00 0.000000000000000000e+00
9.800000000000000000e+01 8.868054505017106237e+01 0.000000000000000000e+00 0.000000000000000000e+00
9.900000000000000000e+01 8.867577326080451883e+01 0.000000000000000000e+00 0.000000000000000000e+00
1.000000000000000000e+02 8.757943600536506779e+01 2.000000000000000000e+00 0.000000000000000000e+00
1.010000000000000000e+02 8.749612139741785199e+01 2.000000000000000000e+00 0.000000000000000000e+00
1.020000000000000000e+02 8.607872615177610953e+01 1.000000000000000000e+00 0.000000000000000000e+00
1.030000000000000000e+02 8.825468743071253641e+01 0.000000000000000000e+00 0.000000000000000000e+00
1.040000000000000000e+02 8.849293655666537006e+01 0.000000000000000000e+00 0.000000000000000000e+00
1.050000000000000000e+02 8.970521713096555061e+01 0.000000000000000000e+00 0.000000000000000000e+00
1.060000000000000000e+02 9.156265542747027553e+01 0.000000000000000000e+00 0.000000000000000000e+00
1.070000000000000000e+02 9.104531280196789567e+01 0.000000000000000000e+00 0.000000000000000000e+00
1.080000000000000000e+02 9.315269757315050470e+01 0.000000000000000000e+00 0.000000000000000000e+00
1.090000000000000000e+02 9.389544131288798212e+01 0.000000000000000000e+00 0.000000000000000000e+00
1.100000000000000000e+02 9.477151827444038190e+01 0.000000000000000000e+00 0.000000000000000000e+00
1.110000000000000000e+02 9.582871750955786183e+01 0.000000000000000000e+00 0.000000000000000000e+00
1.120000000000000000e+02 9.739012541344432350e+01 0.000000000000000000e+00 0.000000000000000000e+00
1.130000000000000000e+02 9.804319469487789718e+01 0.000000000000000000e+00 0.000000000000000000e+00
1.140000000000000000e+02 9.863952499262566675e+01 0.000000000000000000e+00 0.000000000000000000e+00
1.150000000000000000e+02 9.866551955148895559e+01 1.000000000000000000e+00 0.000000000000000000e+00
1.160000000000000000e+02 9.953790756341996371e+01 0.000000000000000000e+00 0.000000000000000000e+00
1.170000000000000000e+02 1.013345608512148885e+02 0.000000000000000000e+00 0.000000000000000000e+00
1.180000000000000000e+02 1.017816196356195206e+02 0.000000000000000000e+00 0.000000000000000000e+00
1.190000000000000000e+02 1.037056801668389170e+02 0.000000000000000000e+00 0.000000000000000000e+00
1.200000000000000000e+02 1.024517667666020202e+02 2.000000000000000000e+00 0.000000000000000000e+00
1.210000000000000000e+02 1.007124238045645370e+02 2.000000000000000000e+00 0.000000000000000000e+00
1.220000000000000000e+02 1.022835183774271997e+02 0.000000000000000000e+00 0.000000000000000000e+00
1.230000000000000000e+02 1.029856226649553577e+02 0.000000000000000000e+00 0.000000000000000000e+00
1.240000000000000000e+02 1.032271744713292776e+02 0.000000000000000000e+00 0.000000000000000000e+00
1.250000000000000000e+02 1.052407955616717743e+02 0.000000000000000000e+00 0.000000000000000000e+00
1.260000000000000000e+02 1.062192484610361731e+02 0.000000000000000000e+00 0.000000000000000000e+00
1.270000000000000000e+02 1.067331505469258559e+02 0.000000000000000000e+00 0.000000000000000000e+00
1.280000000000000000e+02 1.070894430688814509e+02 0.000000000000000000e+00 0.000000000000000000e+00
1.290000000000000000e+02 1.091339586543427487e+02 0.000000000000000000e+00 0.000000000000000000e+00
1.300000000000000000e+02 1.105627532835253959e+02 0.000000000000000000e+00 0.000000000000000000e+00
1.310000000000000000e+02 1.108426569172777221e+02 0.000000000000000000e+00 0.000000000000000000e+00
1.320000000000000000e+02 1.112336123015889200e+02 0.000000000000000000e+00 0.000000000000000000e+00
1.330000000000000000e+02 1.121059229546767426e+02 0.000000000000000000e+00 0.000000000000000000e+00
1.340000000000000000e+02 1.143790977300444069e+02 0.000000000000000000e+00 0.000000000000000000e+00
1.350000000000000000e+02 1.154285692011054039e+02 0.000000000000000000e+00 0.000000000000000000e+00
1.360000000000000000e+02 1.156905612487610995e+02 0.000000000000000000e+00 0.000000000000000000e+00
1.370000000000000000e+02 1.166608176541832336e+02 0.000000000000000000e+00 0.000000000000000000e+00
1.380000000000000000e+02 1.173303730019666204e+02 0.000000000000000000e+00 0.000000000000000000e+00
1.390000000000000000e+02 1.183550587620678272e+02 0.000000000000000000e+00 0.000000000000000000e+00
1.400000000000000000e+02 1.206756994068958164e+02 0.000000000000000000e+00 0.000000000000000000e+00
1.410000000000000000e+02 1.207316222605247589e+02 0.000000000000000000e+00 0.000000000000000000e+00
1.420000000000000000e+02 1.219379764405124575e+02 0.000000000000000000e+00 0.000000000000000000e+00
1.430000000000000000e+02 1.225632433557458540e+02 0.000000000000000000e+00 0.000000000000000000e+00
1.440000000000000000e+02 1.245391459465905228e+02 0.000000000000000000e+00 0.000000000000000000e+00
1.450000000000000000e+02 1.245627454025806315e+02 0.000000000000000000e+00 0.000000000000000000e+00
1.460000000000000000e+02 1.263118732335220216e+02 0.000000000000000000e+00 0.000000000000000000e+00
1.470000000000000000e+02 1.262541945218489730e+02 0.000000000000000000e+00 0.000000000000000000e+00
1.480000000000000000e+02 1.278182243844184143e+02 0.000000000000000000e+00 0.000000000000000000e+00
1.490000000000000000e+02 1.303047431571629033e+02 0.000000000000000000e+00 0.000000000000000000e+00
1.500000000000000000e+02 1.296392463076072943e+02 0.000000000000000000e+00 0.000000000000000000e+00
1.510000000000000000e+02 1.304431737051217794e+02 1.000000000000000000e+00 0.000000000000000000e+00
1.520000000000000000e+02 1.306179291997967766e+02 1.000000000000000000e+00 0.000000000000000000e+00
1.530000000000000000e+02 1.308091126812130085e+02 0.000000000000000000e+00 0.000000000000000000e+00
1.540000000000000000e+02 1.317397012508230034e+02 0.000000000000000000e+00 0.000000000000000000e+00
1.550000000000000000e+02 1.317407492076938240e+02 1.000000000000000000e+00 0.000000000000000000e+00
1.560000000000000000e+02 1.326276220713466216e+02 0.000000000000000000e+00 0.000000000000000000e+00
1.570000000000000000e+02 1.337567479783457998e+02 0.000000000000000000e+00 0.000000000000000000e+00
1.580000000000000000e+02 1.354013399367836428e+02 0.000000000000000000e+00 0.000000000000000000e+00
1.590000000000000000e+02 1.361647125552473483e+02 0.000000000000000000e+00 0.000000000000000000e+00
1.600000000000000000e+02 1.373475519162995226e+02 0.000000000000000000e+00 0.000000000000000000e+00
1.610000000000000000e+02 1.369412281931441555e+02 1.000000000000000000e+00 0.000000000000000000e+00
1.620000000000000000e+02 1.368506608480423949e+02 1.000000000000000000e+00 0.000000000000000000e+00
1.630000000000000000e+02 1.377823039385648940e+02 0.000000000000000000e+00 0.000000000000000000e+00
1.640000000000000000e+02 1.392948257668195140e+02 0.000000000000000000e+00 0.000000000000000000e+00
1.650000000000000000e+02 1.402720395009755805e+02 0.000000000000000000e+00 0.000000000000000000e+00
1.660000000000000000e+02 1.411336212419772664e+02 0.000000000000000000e+00 0.000000000000000000e+00
1.670000000000000000e+02 1.422242794564701285e+02 0.000000000000000000e+00 0.000000000000000000e+00
1.680000000000000000e+02 1.426240658715372831e+02 0.000000000000000000e+00 0.000000000000000000e+00
1.690000000000000000e+02 1.437003585282856477e+02 0.000000000000000000e+00 0.000000000000000000e+00
1.700000000000000000e+02 1.452341894787721799e+02 0.000000000000000000e+00 0.000000000000000000e+00
1.710000000000000000e+02 1.451086537443410975e+02 0.000000000000000000e+00 0.000000000000000000e+00
1.720000000000000000e+02 1.471868036250893113e+02 0.000000000000000000e+00 0.000000000000000000e+00
1.730000000000000000e+02 1.480834903949397585e+02 0.000000000000000000e+00 0.000000000000000000e+00
1.740000000000000000e+02 1.499276715456440741e+02 0.000000000000000000e+00 0.000000000000000000e+00
1.750000000000000000e+02 1.497138032841699555e+02 0.000000000000000000e+00 0.000000000000000000e+00
1.760000000000000000e+02 1.509046661069847346e+02 0.000000000000000000e+00 0.000000000000000000e+00
1.770000000000000000e+02 1.518685035215337962e+02 0.000000000000000000e+00 0.000000000000000000e+00
1.780000000000000000e+02 1.542801105202096039e+02 0.000000000000000000e+00 0.000000000000000000e+00
1.790000000000000000e+02 1.534589093652460292e+02 0.000000000000000000e+00 0.000000000000000000e+00
1.800000000000000000e+02 1.550216181609096111e+02 0.000000000000000000e+00 0.000000000000000000e+00
1.810000000000000000e+02 1.570627721255210076e+02 0.000000000000000000e+00 0.000000000000000000e+00
1.820000000000000000e+02 1.570395309539104289e+02 0.000000000000000000e+00 0.000000000000000000e+00
1.830000000000000000e+02 1.578800621060213132e+02 0.000000000000000000e+00 0.000000000000000000e+00
1.840000000000000000e+02 1.594566398545364336e+02 0.000000000000000000e+00 0.000000000000000000e+00
1.850000000000000000e+02 1.596229778857983206e+02 0.000000000000000000e+00 0.000000000000000000e+00
1.860000000000000000e+02 1.605327097656237072e+02 0.000000000000000000e+00 0.000000000000000000e+00
1.870000000000000000e+02 1.613911463401454682e+02 1.000000000000000000e+00 0.000000000000000000e+00
1.880000000000000000e+02 1.614313158926429992e+02 1.000000000000000000e+00 0.000000000000000000e+00
1.890000000000000000e+02 1.621427627308781041e+02 0.000000000000000000e+00 0.000000000000000000e+00
1.900000000000000000e+02 1.640720920464734149e+02 0.000000000000000000e+00 0.000000000000000000e+00
1.910000000000000000e+02 1.631819058658565780e+02 1.000000000000000000e+00 0.000000000000000000e+00
1.920000000000000000e+02 1.636914778683817531e+02 0.000000000000000000e+00 0.000000000000000000e+00
1.930000000000000000e+02 1.661567252205533975e+02 0.000000000000000000e+00 0.000000000000000000e+00
1.940000000000000000e+02 1.660650796519942105e+02 0.000000000000000000e+00 0.000000000000000000e+00
1.950000000000000000e+02 1.669752832017238688e+02 0.000000000000000000e+00 0.000000000000000000e+00
1.960000000000000000e+02 1.677862013715305807e+02 0.000000000000000000e+00 0.000000000000000000e+00
1.970000000000000000e+02 1.690906043236991252e+02 0.000000000000000000e+00 0.000000000000000000e+00
1.980000000000000000e+02 1.704871115319927242e+02 0.000000000000000000e+00 0.000000000000000000e+00
1.990000000000000000e+02 1.706772216562917777e+02 0.000000000000000000e+00 0.000000000000000000e+00
2.000000000000000000e+02 1.722169319166637251e+02 0.000000000000000000e+00 0.000000000000000000e+00
2.010000000000000000e+02 1.725585544798720150e+02 0.000000000000000000e+00 0.000000000000000000e+00
2.020000000000000000e+02 1.742364666939517406e+02 0.000000000000000000e+00 0.000000000000000000e+00
2.030000000000000000e+02 1.751142730130322036e+02 0.000000000000000000e+00 0.000000000000000000e+00
2.040000000000000000e+02 1.759631882721698446e+02 0.000000000000000000e+00 0.000000000000000000e+00
2.050000000000000000e+02 1.771612329119172671e+02 0.000000000000000000e+00 0.000000000000000000e+00
2.060000000000000000e+02 1.768731557707156412e+02 1.000000000000000000e+00 0.000000000000000000e+00
2.070000000000000000e+02 1.777915452128828520e+02 0.000000000000000000e+00 0.000000000000000000e+00
2.080000000000000000e+02 1.781984266222640940e+02 0.000000000000000000e+00 0.000000000000000000e+00
2.090000000000000000e+02 1.805053196399126989e+02 0.000000000000000000e+00 0.000000000000000000e+00
2.100000000000000000e+02 1.812612775812941948e+02 0.000000000000000000e+00 0.000000000000000000e+00
2.110000000000000000e+02 1.813092956317587436e+02 0.000000000000000000e+00 0.000000000000000000e+00
2.120000000000000000e+02 1.833267963025892016e+02 0.000000000000000000e+00 0.000000000000000000e+00
2.130000000000000000e+02 1.846640957986840590e+02 0.000000000000000000e+00 0.000000000000000000e+00
2.140000000000000000e+02 1.859541542692033715e+02 0.000000000000000000e+00 0.000000000000000000e+00
2.150000000000000000e+02 1.860247994404178087e+02 0.000000000000000000e+00 0.000000000000000000e+00
2.160000000000000000e+02 1.863682094654850516e+02 0.000000000000000000e+00 0.000000000000000000e+00
2.170000000000000000e+02 1.881963131716845226e+02 0.000000000000000000e+00 0.000000000000000000e+00
2.180000000000000000e+02 1.884844470996017662e+02 0.000000000000000000e+00 0.000000000000000000e+00
2.190000000000000000e+02 1.897280521428066606e+02 0.000000000000000000e+00 0.000000000000000000e+00
2.200000000000000000e+02 1.911334844206575099e+02 0.000000000000000000e+00 0.000000000000000000e+00
2.210000000000000000e+02 1.924263189177183619e+02 0.000000000000000000e+00 0.000000000000000000e+00
2.220000000000000000e+02 1.928618683933348166e+02 1.000000000000000000e+00 0.000000000000000000e+00
2.230000000000000000e+02 1.918065000542383416e+02 1.000000000000000000e+00 0.000000000000000000e+00
2.240000000000000000e+02 1.919509858623493130e+02 0.000000000000000000e+00 0.000000000000000000e+00
2.250000000000000000e+02 1.936390825926645789e+02 0.000000000000000000e+00 0.000000000000000000e+00
2.260000000000000000e+02 1.944020833447172549e+02 0.000000000000000000e+00 0.000000000000000000e+00
2.270000000000000000e+02 1.959451852579645390e+02 0.000000000000000000e+00 0.000000000000000000e+00
2.280000000000000000e+02 1.973702257107205469e+02 0.000000000000000000e+00 0.000000000000000000e+00
2.290000000000000000e+02 1.985453786318964546e+02 0.000000000000000000e+00 0.000000000000000000e+00
2.300000000000000000e+02 1.985391941777526483e+02 0.000000000000000000e+00 0.000000000000000000e+00
2.310000000000000000e+02 2.001028581099962196e+02 0.000000000000000000e+00 0.000000000000000000e+00
2.320000000000000000e+02 2.019958912390183912e+02 0.000000000000000000e+00 0.000000000000000000e+00
2.330000000000000000e+02 2.017546878940292459e+02 0.000000000000000000e+00 0.000000000000000000e+00
2.340000000000000000e+02 2.027363867969241085e+02 0.000000000000000000e+00 0.000000000000000000e+00
2.350000000000000000e+02 2.031610291956029073e+02 0.000000000000000000e+00 0.000000000000000000e+00
2.360000000000000000e+02 2.049809885698218466e+02 0.000000000000000000e+00 0.000000000000000000e+00
2.370000000000000000e+02 2.058440309127136345e+02 0.000000000000000000e+00 0.000000000000000000e+00
2.380000000000000000e+02 2.063646231339020858e+02 0.000000000000000000e+00 0.000000000000000000e+00
2.390000000000000000e+02 2.075236277391723263e+02 0.000000000000000000e+00 0.000000000000000000e+00
2.400000000000000000e+02 2.092206994735793160e+02 0.000000000000000000e+00 0.000000000000000000e+00
2.410000000000000000e+02 2.103841071984523410e+02 0.000000000000000000e+00 0.000000000000000000e+00
2.420000000000000000e+02 2.102217570978141055e+02 0.000000000000000000e+00 0.000000000000000000e+00
2.430000000000000000e+02 2.098311689190892082e+02 2.000000000000000000e+00 0.000000000000000000e+00
2.440000000000000000e+02 2.093807843088542029e+02 1.000000000000000000e+00 0.000000000000000000e+00
2.450000000000000000e+02 2.100673886158451467e+02 0.000000000000000000e+00 0.000000000000000000e+00
2.460000000000000000e+02 2.125690156869108591e+02 0.000000000000000000e+00 0.000000000000000000e+00
2.470000000000000000e+02 2.133491160114529634e+02 0.000000000000000000e+00 0.000000000000000000e+00
2.480000000000000000e+02 2.131354661826775896e+02 1.000000000000000000e+00 0.000000000000000000e+00
2.490000000000000000e+02 2.134744912230366651e+02 0.000000000000000000e+00 0.000000000000000000e+00
2.500000000000000000e+02 2.156729048561821855e+02 0.000000000000000000e+00 0.000000000000000000e+00
2.510000000000000000e+02 2.168046243339706507e+02 0.000000000000000000e+00 0.000000000000000000e+00
2.520000000000000000e+02 2.174674752854976134e+02 0.000000000000000000e+00 0.000000000000000000e+00
2.530000000000000000e+02 2.184068849359077831e+02 0.000000000000000000e+00 0.000000000000000000e+00
2.540000000000000000e+02 2.190728813995303881e+02 0.000000000000000000e+00 0.000000000000000000e+00
2.550000000000000000e+02 2.197101652329906187e+02 0.000000000000000000e+00 0.000000000000000000e+00
2.560000000000000000e+02 2.207053381530490128e+02 0.000000000000000000e+00 0.000000000000000000e+00
2.570000000000000000e+02 2.213894185144764037e+02 0.000000000000000000e+00 0.000000000000000000e+00
2.580000000000000000e+02 2.228453457092442989e+02 0.000000000000000000e+00 0.000000000000000000e+00
2.590000000000000000e+02 2.241567008365659035e+02 0.000000000000000000e+00 0.000000000000000000e+00
2.600000000000000000e+02 2.250478135263310833e+02 0.000000000000000000e+00 0.000000000000000000e+00
2.610000000000000000e+02 2.259819795006946777e+02 0.000000000000000000e+00 0.000000000000000000e+00
2.620000000000000000e+02 2.255628105972512856e+02 1.000000000000000000e+00 0.000000000000000000e+00
2.630000000000000000e+02 2.271251875468493324e+02 0.000000000000000000e+00 0.000000000000000000e+00
2.640000000000000000e+02 2.281765603945832481e+02 0.000000000000000000e+00 0.000000000000000000e+00
2.650000000000000000e+02 2.291505849718390664e+02 0.000000000000000000e+00 0.000000000000000000e+00
2.660000000000000000e+02 2.300322364514957201e+02 0.000000000000000000e+00 0.000000000000000000e+00
2.670000000000000000e+02 2.308607773897095115e+02 0.000000000000000000e+00 0.000000000000000000e+00
2.680000000000000000e+02 2.322683623070678891e+02 0.000000000000000000e+00 0.000000000000000000e+00
2.690000000000000000e+02 2.324765169959354409e+02 0.000000000000000000e+00 0.000000000000000000e+00
2.700000000000000000e+02 2.345056180951091847e+02 0.000000000000000000e+00 0.000000000000000000e+00
2.710000000000000000e+02 2.351753309948803121e+02 0.000000000000000000e+00 0.000000000000000000e+00
2.720000000000000000e+02 2.366592368979344201e+02 0.000000000000000000e+00 0.000000000000000000e+00
2.730000000000000000e+02 2.367897472777422081e+02 0.000000000000000000e+00 0.000000000000000000e+00
2.740000000000000000e+02 2.377676201650387782e+02 0.000000000000000000e+00 0.000000000000000000e+00
2.750000000000000000e+02 2.387749801168480417e+02 0.000000000000000000e+00 0.000000000000000000e+00
2.760000000000000000e+02 2.402641377939852134e+02 0.000000000000000000e+00 0.000000000000000000e+00
2.770000000000000000e+02 2.415180110546219225e+02 0.000000000000000000e+00 0.000000000000000000e+00
2.780000000000000000e+02 2.426471991692147867e+02 0.000000000000000000e+00 0.000000000000000000e+00
2.790000000000000000e+02 2.414968570337648828e+02 1.000000000000000000e+00 0.000000000000000000e+00
2.800000000000000000e+02 2.438285086805317690e+02 0.000000000000000000e+00 0.000000000000000000e+00
2.810000000000000000e+02 2.448265028894609827e+02 0.000000000000000000e+00 0.000000000000000000e+00
2.820000000000000000e+02 2.457886808471112090e+02 0.000000000000000000e+00 0.000000000000000000e+00
2.830000000000000000e+02 2.463272437283836211e+02 0.000000000000000000e+00 0.000000000000000000e+00
2.840000000000000000e+02 2.467882084472612689e+02 0.000000000000000000e+00 0.000000000000000000e+00
2.850000000000000000e+02 2.455591248293270326e+02 2.000000000000000000e+00 0.000000000000000000e+00
2.860000000000000000e+02 2.448724792974634568e+02 2.000000000000000000e+00 0.000000000000000000e+00
2.870000000000000000e+02 2.440569838408906094e+02 2.000000000000000000e+00 0.000000000000000000e+00
2.880000000000000000e+02 2.444829257569940353e+02 1.000000000000000000e+00 0.000000000000000000e+00
2.890000000000000000e+02 2.452604822217856508e+02 0.000000000000000000e+00 0.000000000000000000e+00
2.900000000000000000e+02 2.464916635377195462e+02 0.000000000000000000e+00 0.000000000000000000e+00
2.910000000000000000e+02 2.468776223960463483e+02 0.000000000000000000e+00 0.000000000000000000e+00
2.920000000000000000e+02 2.473870797075780388e+02 0.000000000000000000e+00 0.000000000000000000e+00
2.930000000000000000e+02 2.479736749506146793e+02 0.000000000000000000e+00 0.000000000000000000e+00
2.940000000000000000e+02 2.499340253905706675e+02 0.000000000000000000e+00 0.000000000000000000e+00
2.950000000000000000e+02 2.500922865267687598e+02 0.000000000000000000e+00 0.000000000000000000e+00
2.960000000000000000e+02 2.512796890419463409e+02 0.000000000000000000e+00 0.000000000000000000e+00
2.970000000000000000e+02 2.525252536031893840e+02 0.000000000000000000e+00 0.000000000000000000e+00
2.980000000000000000e+02 2.545399269110234570e+02 0.000000000000000000e+00 0.000000000000000000e+00
2.990000000000000000e+02 2.548887896968369091e+02 0.000000000000000000e+00 0.000000000000000000e+00
3.000000000000000000e+02 2.560692395386641920e+02 0.000000000000000000e+00 0.000000000000000000e+00
3.010000000000000000e+02 2.572777125665039080e+02 0.000000000000000000e+00 0.000000000000000000e+00
3.020000000000000000e+02 2.583718125475953116e+02 0.000000000000000000e+00 0.000000000000000000e+00
3.030000000000000000e+02 2.596334664118115825e+02 0.000000000000000000e+00 0.000000000000000000e+00
3.040000000000000000e+02 2.601006462512974622e+02 0.000000000000000000e+00 0.000000000000000000e+00
3.050000000000000000e+02 2.607382289134347388e+02 1.000000000000000000e+00 0.000000000000000000e+00
3.060000000000000000e+02 2.595485767977239675e+02 1.000000000000000000e+00 0.000000000000000000e+00
3.070000000000000000e+02 2.607182826457734564e+02 0.000000000000000000e+00 0.000000000000000000e+00
3.080000000000000000e+02 2.618801503229375953e+02 0.000000000000000000e+00 0.000000000000000000e+00
3.090000000000000000e+02 2.632113487338406799e+02 0.000000000000000000e+00 0.000000000000000000e+00
3.100000000000000000e+02 2.634243271127056119e+02 1.000000000000000000e+00 0.000000000000000000e+00
3.110000000000000000e+02 2.634181597503816761e+02 0.000000000000000000e+00 0.000000000000000000e+00
3.120000000000000000e+02 2.650088551612954575e+02 0.000000000000000000e+00 0.000000000000000000e+00
3.130000000000000000e+02 2.665368957876053742e+02 0.000000000000000000e+00 0.000000000000000000e+00
3.140000000000000000e+02 2.663598407832181465e+02 0.000000000000000000e+00 0.000000000000000000e+00
3.150000000000000000e+02 2.683876354539654017e+02 0.000000000000000000e+00 0.000000000000000000e+00
3.160000000000000000e+02 2.682497122086945183e+02 0.000000000000000000e+00 0.000000000000000000e+00
3.170000000000000000e+02 2.706483769885469428e+02 0.000000000000000000e+00 0.000000000000000000e+00
3.180000000000000000e+02 2.712252087552362809e+02 0.000000000000000000e+00 0.000000000000000000e+00
3.190000000000000000e+02 2.708601309976402831e+02 0.000000000000000000e+00 0.000000000000000000e+00
3.200000000000000000e+02 2.722593782378680771e+02 0.000000000000000000e+00 0.000000000000000000e+00
3.210000000000000000e+02 2.739022536003607797e+02 0.000000000000000000e+00 0.000000000000000000e+00
3.220000000000000000e+02 2.745347899348815872e+02 0.000000000000000000e+00 0.000000000000000000e+00
3.230000000000000000e+02 2.739567546737847579e+02 2.000000000000000000e+00 0.000000000000000000e+00
3.240000000000000000e+02 2.751056750853826998e+02 0.000000000000000000e+00 0.000000000000000000e+00
3.250000000000000000e+02 2.754437120594806174e+02 0.000000000000000000e+00 0.000000000000000000e+00
3.260000000000000000e+02 2.770643158485908089e+02 0.000000000000000000e+00 0.000000000000000000e+00
3.270000000000000000e+02 2.766259058461055815e+02 1.000000000000000000e+00 0.000000000000000000e+00
3.280000000000000000e+02 2.776907590477030681e+02 1.000000000000000000e+00 0.000000000000000000e+00
3.290000000000000000e+02 2.781926757412648499e+02 0.000000000000000000e+00 0.000000000000000000e+00
3.300000000000000000e+02 2.772819501832835840e+02 2.000000000000000000e+00 0.000000000000000000e+00
3.310000000000000000e+02 2.782266517489475746e+02 0.000000000000000000e+00 0.000000000000000000e+00
3.320000000000000000e+02 2.787115717980404952e+02 0.000000000000000000e+00 0.000000000000000000e+00
3.330000000000000000e+02 2.801634653408718236e+02 0.000000000000000000e+00 0.000000000000000000e+00
3.340000000000000000e+02 2.817851603178513074e+02 0.000000000000000000e+00 0.000000000000000000e+00
3.350000000000000000e+02 2.819726559939961703e+02 0.000000000000000000e+00 0.000000000000000000e+00
3.360000000000000000e+02 2.836832710135412299e+02 0.000000000000000000e+00 0.000000000000000000e+00
3.370000000000000000e+02 2.838724131586041608e+02 0.000000000000000000e+00 0.000000000000000000e+00
3.380000000000000000e+02 2.852493814470074653e+02 0.000000000000000000e+00 0.000000000000000000e+00
3.390000000000000000e+02 2.856071561159656085e+02 0.000000000000000000e+00 0.000000000000000000e+00
3.400000000000000000e+02 2.862659338000709681e+02 0.000000000000000000e+00 0.000000000000000000e+00
3.410000000000000000e+02 2.853197443263140940e+02 2.000000000000000000e+00 0.000000000000000000e+00
3.420000000000000000e+02 2.871307036740104195e+02 0.000000000000000000e+00 0.000000000000000000e+00
3.430000000000000000e+02 2.874007691995738014e+02 0.000000000000000000e+00 0.000000000000000000e+00
3.440000000000000000e+02 2.883819679397976756e+02 0.000000000000000000e+00 0.000000000000000000e+00
3.450000000000000000e+02 2.895246422836983697e+02 0.000000000000000000e+00 0.000000000000000000e+00
3.460000000000000000e+02 2.912335344552925562e+02 0.000000000000000000e+00 0.000000000000000000e+00
3.470000000000000000e+02 2.912571041085504930e+02 0.000000000000000000e+00 0.000000000000000000e+00
3.480000000000000000e+02 2.933925044037446241e+02 0.000000000000000000e+00 0.000000000000000000e+00
3.490000000000000000e+02 2.939643046376859274e+02 0.000000000000000000e+00 0.000000000000000000e+00
3.500000000000000000e+02 2.933827808139788544e+02 1.000000000000000000e+00 0.000000000000000000e+00
3.510000000000000000e+02 2.938083716339470470e+02 0.000000000000000000e+00 0.000000000000000000e+00
3.520000000000000000e+02 2.958978931393084508e+02 0.000000000000000000e+00 0.000000000000000000e+00
3.530000000000000000e+02 2.969516695536678412e+02 0.000000000000000000e+00 0.000000000000000000e+00
3.540000000000000000e+02 2.974908945197564663e+02 0.000000000000000000e+00 0.000000000000000000e+00
3.550000000000000000e+02 2.991258696576059037e+02 0.000000000000000000e+00 0.000000000000000000e+00
3.560000000000000000e+02 3.003982412165901792e+02 0.000000000000000000e+00 0.000000000000000000e+00
3.570000000000000000e+02 3.006020685564470796e+02 0.000000000000000000e+00 0.000000000000000000e+00
3.580000000000000000e+02 3.026368887828208472e+02 0.000000000000000000e+00 0.000000000000000000e+00
3.590000000000000000e+02 3.028777844726560602e+02 0.000000000000000000e+00 0.000000000000000000e+00
3.600000000000000000e+02 3.043573457112684650e+02 0.000000000000000000e+00 0.000000000000000000e+00
3.610000000000000000e+02 3.032564231946493578e+02 1.000000000000000000e+00 0.000000000000000000e+00
3.620000000000000000e+02 3.042723267835212937e+02 1.000000000000000000e+00 0.000000000000000000e+00
3.630000000000000000e+02 3.049935933501454883e+02 0.000000000000000000e+00 0.000000000000000000e+00
3.640000000000000000e+02 3.061048387398350883e+02 0.000000000000000000e+00 0.000000000000000000e+00
3.650000000000000000e+02 3.073905336720986838e+02 0.000000000000000000e+00 0.000000000000000000e+00
3.660000000000000000e+02 3.079769489971681651e+02 0.000000000000000000e+00 0.000000000000000000e+00
3.670000000000000000e+02 3.091425221764709477e+02 0.000000000000000000e+00 0.000000000000000000e+00
3.680000000000000000e+02 3.104290413662229184e+02 0.000000000000000000e+00 0.000000000000000000e+00
3.690000000000000000e+02 3.110705324010090749e+02 0.000000000000000000e+00 0.000000000000000000e+00
3.700000000000000000e+02 3.118278762487847757e+02 0.000000000000000000e+00 0.000000000000000000e+00
3.710000000000000000e+02 3.133752625577366757e+02 0.000000000000000000e+00 0.000000000000000000e+00
3.720000000000000000e+02 3.141462092406982265e+02 0.000000000000000000e+00 0.000000000000000000e+00
3.730000000000000000e+02 3.147496632923338211e+02 0.000000000000000000e+00 0.000000000000000000e+00
3.740000000000000000e+02 3.161432811968102214e+02 0.000000000000000000e+00 0.000000000000000000e+00
3.750000000000000000e+02 3.171937797774084515e+02 0.000000000000000000e+00 0.000000000000000000e+00
3.760000000000000000e+02 3.178152511983982436e+02 0.000000000000000000e+00 0.000000000000000000e+00
3.770000000000000000e+02 3.184966178829054684e+02 0.000000000000000000e+00 0.000000000000000000e+00
3.780000000000000000e+02 3.207376373051829432e+02 0.000000000000000000e+00 0.000000000000000000e+00
3.790000000000000000e+02 3.208160580087997573e+02 0.000000000000000000e+00 0.000000000000000000e+00
3.800000000000000000e+02 3.222729485131035858e+02 0.000000000000000000e+00 0.000000000000000000e+00
3.810000000000000000e+02 3.228258252003180360e+02 0.000000000000000000e+00 0.000000000000000000e+00
3.820000000000000000e+02 3.251508662451450391e+02 0.000000000000000000e+00 0.000000000000000000e+00
3.830000000000000000e+02 3.223625398008027219e+02 2.000000000000000000e+00 0.000000000000000000e+00
3.840000000000000000e+02 3.222352914993458626e+02 2.000000000000000000e+00 0.000000000000000000e+00
3.850000000000000000e+02 3.209952248934554859e+02 2.000000000000000000e+00 0.000000000000000000e+00
3.860000000000000000e+02 3.218283048948600253e+02 0.000000000000000000e+00 0.000000000000000000e+00
3.870000000000000000e+02 3.226640242791783066e+02 0.000000000000000000e+00 0.000000000000000000e+00
3.880000000000000000e+02 3.242871311047084646e+02 0.000000000000000000e+00 0.000000000000000000e+00
3.890000000000000000e+02 3.232662453951778616e+02 1.000000000000000000e+00 0.000000000000000000e+00
3.900000000000000000e+02 3.242422567467517638e+02 0.000000000000000000e+00 0.000000000000000000e+00
3.910000000000000000e+02 3.262675754823159195e+02 0.000000000000000000e+00 0.000000000000000000e+00
3.920000000000000000e+02 3.263639332793601397e+02 0.000000000000000000e+00 0.000000000000000000e+00
3.930000000000000000e+02 3.277441576353930373e+02 0.000000000000000000e+00 0.000000000000000000e+00
3.940000000000000000e+02 3.272506014391478288e+02 2.000000000000000000e+00 0.000000000000000000e+00
3.950000000000000000e+02 3.262526879691203021e+02 2.000000000000000000e+00 0.000000000000000000e+00
3.960000000000000000e+02 3.262792087491998245e+02 1.000000000000000000e+00 0.000000000000000000e+00
3.970000000000000000e+02 3.250332707651757005e+02 2.000000000000000000e+00 0.000000000000000000e+00
3.980000000000000000e+02 3.239396854872672975e+02 2.000000000000000000e+00 0.000000000000000000e+00
3.990000000000000000e+02 3.234463258190440911e+02 2.000000000000000000e+00 0.000000000000000000e+00
4.000000000000000000e+02 3.226032436542163850e+02 1.000000000000000000e+00 0.000000000000000000e+00
4.010000000000000000e+02 3.232376690094538390e+02 1.000000000000000000e+00 0.000000000000000000e+00
4.020000000000000000e+02 3.235175652120579457e+02 0.000000000000000000e+00 0.000000000000000000e+00
4.030000000000000000e+02 3.252692752070906295e+02 0.000000000000000000e+00 0.000000000000000000e+00
4.040000000000000000e+02 3.259096149198256853e+02 0.000000000000000000e+00 0.000000000000000000e+00
4.050000000000000000e+02 3.270871072317626727e+02 0.000000000000000000e+00 0.000000000000000000e+00
4.060000000000000000e+02 3.281054834971509422e+02 0.000000000000000000e+00 0.000000000000000000e+00
4.070000000000000000e+02 3.298834428136633505e+02 0.000000000000000000e+00 0.000000000000000000e+00
4.080000000000000000e+02 3.305021461555949145e+02 0.000000000000000000e+00 0.000000000000000000e+00
4.090000000000000000e+02 3.311612459354478801e+02 0.000000000000000000e+00 0.000000000000000000e+00
4.100000000000000000e+02 3.321305357538926160e+02 0.000000000000000000e+00 0.000000000000000000e+00
4.110000000000000000e+02 3.331298024590248019e+02 0.000000000000000000e+00 0.000000000000000000e+00
4.120000000000000000e+02 3.344885395838645081e+02 0.000000000000000000e+00 0.000000000000000000e+00
4.130000000000000000e+02 3.351671473415176479e+02 0.000000000000000000e+00 0.000000000000000000e+00
4.140000000000000000e+02 3.348952601050542626e+02 0.000000000000000000e+00 0.000000000000000000e+00
4.150000000000000000e+02 3.371479908290330627e+02 0.000000000000000000e+00 0.000000000000000000e+00
4.160000000000000000e+02 3.387976978788670408e+02 0.000000000000000000e+00 0.000000000000000000e+00
4.170000000000000000e+02 3.364648587670960183e+02 2.000000000000000000e+00 0.000000000000000000e+00
4.180000000000000000e+02 3.376622474314168016e+02 0.000000000000000000e+00 0.000000000000000000e+00
4.190000000000000000e+02 3.391522548369043193e+02 0.000000000000000000e+00 0.000000000000000000e+00
4.200000000000000000e+02 3.398149450963728100e+02 0.000000000000000000e+00 0.000000000000000000e+00
4.210000000000000000e+02 3.402256977695060982e+02 0.000000000000000000e+00 0.000000000000000000e+00
4.220000000000000000e+02 3.415250687106338887e+02 1.000000000000000000e+00 0.000000000000000000e+00
4.230000000000000000e+02 3.426715569758480342e+02 0.000000000000000000e+00 0.000000000000000000e+00
4.240000000000000000e+02 3.432735327568754542e+02 0.000000000000000000e+00 0.000000000000000000e+00
4.250000000000000000e+02 3.429942540558073460e+02 0.000000000000000000e+00 0.000000000000000000e+00
4.260000000000000000e+02 3.439722430056673943e+02 0.000000000000000000e+00 0.000000000000000000e+00
4.270000000000000000e+02 3.452086789510865401e+02 0.000000000000000000e+00 0.000000000000000000e+00
4.280000000000000000e+02 3.474341700400566424e+02 0.000000000000000000e+00 0.000000000000000000e+00
4.290000000000000000e+02 3.490381796634148941e+02 0.000000000000000000e+00 0.000000000000000000e+00
4.300000000000000000e+02 3.476627386061448988e+02 1.000000000000000000e+00 0.000000000000000000e+00
4.310000000000000000e+02 3.482694071784561061e+02 1.000000000000000000e+00 0.000000000000000000e+00
4.320000000000000000e+02 3.490924554023983433e+02 0.000000000000000000e+00 0.000000000000000000e+00
4.330000000000000000e+02 3.506776468026912426e+02 0.000000000000000000e+00 0.000000000000000000e+00
4.340000000000000000e+02 3.508388343381207619e+02 0.000000000000000000e+00 0.000000000000000000e+00
4.350000000000000000e+02 3.513874827105040595e+02 0.000000000000000000e+00 0.000000000000000000e+00
4.360000000000000000e+02 3.528297804224189349e+02 0.000000000000000000e+00 0.000000000000000000e+00
4.370000000000000000e+02 3.544696396208480564e+02 0.000000000000000000e+00 0.000000000000000000e+00
4.380000000000000000e+02 3.550763879447519002e+02 0.000000000000000000e+00 0.000000000000000000e+00
4.390000000000000000e+02 3.567373758934189709e+02 0.000000000000000000e+00 0.000000000000000000e+00
4.400000000000000000e+02 3.575245550524948612e+02 0.000000000000000000e+00 0.000000000000000000e+00
4.410000000000000000e+02 3.578711731497119786e+02 0.000000000000000000e+00 0.000000000000000000e+00
4.420000000000000000e+02 3.589093532051797411e+02 0.000000000000000000e+00 0.000000000000000000e+00
4.430000000000000000e+02 3.604710719920552151e+02 0.000000000000000000e+00 0.000000000000000000e+00
4.440000000000000000e+02 3.612735502154840788e+02 0.000000000000000000e+00 0.000000000000000000e+00
4.450000000000000000e+02 3.620575238615051035e+02 0.000000000000000000e+00 0.000000000000000000e+00
4.460000000000000000e+02 3.637292984350580127e+02 0.000000000000000000e+00 0.000000000000000000e+00
4.470000000000000000e+02 3.636851333091005927e+02 0.000000000000000000e+00 0.000000000000000000e+00
4.480000000000000000e+02 3.646756642149331924e+02 0.000000000000000000e+00 0.000000000000000000e+00
4.490000000000000000e+02 3.658258194555251066e+02 0.000000000000000000e+00 0.000000000000000000e+00
4.500000000000000000e+02 3.683468754681018140e+02 0.000000000000000000e+00 0.000000000000000000e+00
4.510000000000000000e+02 3.671768845462457307e+02 1.000000000000000000e+00 0.000000000000000000e+00
4.520000000000000000e+02 3.678589717276979627e+02 0.000000000000000000e+00 0.000000000000000000e+00
4.530000000000000000e+02 3.687903764287853505e+02 0.000000000000000000e+00 0.000000000000000000e+00
4.540000000000000000e+02 3.699753089582939083e+02 0.000000000000000000e+00 0.000000000000000000e+00
4.550000000000000000e+02 3.710745247051665388e+02 0.000000000000000000e+00 0.000000000000000000e+00
4.560000000000000000e+02 3.725882319330433461e+02 0.000000000000000000e+00 0.000000000000000000e+00
4.570000000000000000e+02 3.710959337625691887e+02 2.000000000000000000e+00 0.000000000000000000e+00
4.580000000000000000e+02 3.697164101186255039e+02 2.000000000000000000e+00 0.000000000000000000e+00
4.590000000000000000e+02 3.709246439741140762e+02 0.000000000000000000e+00 0.000000000000000000e+00
4.600000000000000000e+02 3.708748622681530378e+02 1.000000000000000000e+00 0.000000000000000000e+00
4.610000000000000000e+02 3.717573378292888151e+02 0.000000000000000000e+00 0.000000000000000000e+00
4.620000000000000000e+02 3.711952039725672989e+02 2.000000000000000000e+00 0.000000000000000000e+00
4.630000000000000000e+02 3.721900372439614557e+02 0.000000000000000000e+00 0.000000000000000000e+00
4.640000000000000000e+02 3.722846567358156449e+02 0.000000000000000000e+00 0.000000000000000000e+00
4.650000000000000000e+02 3.739599000220632661e+02 0.000000000000000000e+00 0.000000000000000000e+00
4.660000000000000000e+02 3.751070456942172200e+02 0.000000000000000000e+00 0.000000000000000000e+00
4.670000000000000000e+02 3.757375097200209098e+02 0.000000000000000000e+00 0.000000000000000000e+00
4.680000000000000000e+02 3.766748422939076590e+02 0.000000000000000000e+00 0.000000000000000000e+00
4.690000000000000000e+02 3.781733074279051721e+02 0.000000000000000000e+00 0.000000000000000000e+00
4.700000000000000000e+02 3.784450279812150484e+02 0.000000000000000000e+00 0.000000000000000000e+00
4.710000000000000000e+02 3.795068584914468488e+02 0.000000000000000000e+00 0.000000000000000000e+00
4.720000000000000000e+02 3.808260679790228096e+02 0.000000000000000000e+00 0.000000000000000000e+00
4.730000000000000000e+02 3.823799131897241637e+02 0.000000000000000000e+00 0.000000000000000000e+00
4.740000000000000000e+02 3.825401339659105133e+02 0.000000000000000000e+00 0.000000000000000000e+00
4.750000000000000000e+02 3.831716829835937119e+02 0.000000000000000000e+00 0.000000000000000000e+00
4.760000000000000000e+02 3.853981105246343191e+02 0.000000000000000000e+00 0.000000000000000000e+00
4.770000000000000000e+02 3.859916525132766196e+02 0.000000000000000000e+00 0.000000000000000000e+00
4.780000000000000000e+02 3.875315344550134000e+02 0.000000000000000000e+00 0.000000000000000000e+00
4.790000000000000000e+02 3.875216290092145073e+02 0.000000000000000000e+00 0.000000000000000000e+00
4.800000000000000000e+02 3.891034948251989931e+02 0.000000000000000000e+00 0.000000000000000000e+00
4.810000000000000000e+02 3.901691660614382045e+02 0.000000000000000000e+00 0.000000000000000000e+00
4.820000000000000000e+02 3.910938178363177826e+02 0.000000000000000000e+00 0.000000000000000000e+00
4.830000000000000000e+02 3.919126404340304362e+02 0.000000000000000000e+00 0.000000000000000000e+00
4.840000000000000000e+02 3.930771624647830436e+02 0.000000000000000000e+00 0.000000000000000000e+00
4.850000000000000000e+02 3.928426943095512343e+02 2.000000000000000000e+00 0.000000000000000000e+00
4.860000000000000000e+02 3.905734464940028943e+02 2.000000000000000000e+00 0.000000000000000000e+00
4.870000000000000000e+02 3.903837446500372721e+02 2.000000000000000000e+00 0.000000000000000000e+00
4.880000000000000000e+02 3.916506323786379085e+02 0.000000000000000000e+00 0.000000000000000000e+00
4.890000000000000000e+02 3.917088404944149147e+02 0.000000000000000000e+00 0.000000000000000000e+00
4.900000000000000000e+02 3.931742899104193611e+02 0.000000000000000000e+00 0.000000000000000000e+00
4.910000000000000000e+02 3.933601796273844116e+02 0.000000000000000000e+00 0.000000000000000000e+00
4.920000000000000000e+02 3.951687745133737621e+02 0.000000000000000000e+00 0.000000000000000000e+00
4.930000000000000000e+02 3.958894304713137444e+02 0.000000000000000000e+00 0.000000000000000000e+00
4.940000000000000000e+02 3.973457844708896687e+02 0.000000000000000000e+00 0.000000000000000000e+00
4.950000000000000000e+02 3.977501510210287847e+02 0.000000000000000000e+00 0.000000000000000000e+00
4.960000000000000000e+02 4.007108215554279127e+02 0.000000000000000000e+00 0.000000000000000000e+00
4.970000000000000000e+02 4.004019794453731720e+02 0.000000000000000000e+00 0.000000000000000000e+00
4.980000000000000000e+02 4.010971766995850771e+02 0.000000000000000000e+00 0.000000000000000000e+00
4.990000000000000000e+02 4.015088482172788531e+02 0.000000000000000000e+00 0.000000000000000000e+00
5.000000000000000000e+02 4.027277486843851193e+02 0.000000000000000000e+00 0.000000000000000000e+00
5.010000000000000000e+02 4.032008896519994892e+02 1.000000000000000000e+00 0.000000000000000000e+00
5.020000000000000000e+02 4.047538526672786929e+02 0.000000000000000000e+00 0.000000000000000000e+00
5.030000000000000000e+02 4.055497422219436885e+02 0.000000000000000000e+00 0.000000000000000000e+00
5.040000000000000000e+02 4.056265967678720585e+02 0.000000000000000000e+00 0.000000000000000000e+00
5.050000000000000000e+02 4.063911037531518673e+02 0.000000000000000000e+00 0.000000000000000000e+00
5.060000000000000000e+02 4.075681190880957274e+02 0.000000000000000000e+00 0.000000000000000000e+00
5.070000000000000000e+02 4.088236631058632611e+02 0.000000000000000000e+00 0.000000000000000000e+00
5.080000000000000000e+02 4.101138406442405540e+02 0.000000000000000000e+00 0.000000000000000000e+00
5.090000000000000000e+02 4.104617821672596847e+02 0.000000000000000000e+00 0.000000000000000000e+00
5.100000000000000000e+02 4.124529333556671418e+02 0.000000000000000000e+00 0.000000000000000000e+00
5.110000000000000000e+02 4.129379392774878283e+02 0.000000000000000000e+00 0.000000000000000000e+00
5.120000000000000000e+02 4.140203487646118674e+02 0.000000000000000000e+00 0.000000000000000000e+00
5.130000000000000000e+02 4.148159393482446831e+02 0.000000000000000000e+00 0.000000000000000000e+00
5.140000000000000000e+02 4.159960953133378894e+02 0.000000000000000000e+00 0.000000000000000000e+00
5.150000000000000000e+02 4.169454299403083155e+02 0.000000000000000000e+00 0.000000000000000000e+00
5.160000000000000000e+02 4.184994821129881188e+02 0.000000000000000000e+00 0.000000000000000000e+00
5.170000000000000000e+02 4.186080369311064260e+02 0.000000000000000000e+00 0.000000000000000000e+00
5.180000000000000000e+02 4.201404348902462402e+02 0.000000000000000000e+00 0.000000000000000000e+00
5.190000000000000000e+02 4.219700747165929897e+02 0.000000000000000000e+00 0.000000000000000000e+00
5.200000000000000000e+02 4.212733060035051267e+02 0.000000000000000000e+00 0.000000000000000000e+00
5.210000000000000000e+02 4.226368888114779452e+02 0.000000000000000000e+00 0.000000000000000000e+00
5.220000000000000000e+02 4.237014882663374920e+02 0.000000000000000000e+00 0.000000000000000000e+00
5.230000000000000000e+02 4.249283426951466254e+02 0.000000000000000000e+00 0.000000000000000000e+00
5.240000000000000000e+02 4.256116826284634840e+02 0.000000000000000000e+00 0.000000000000000000e+00
5.250000000000000000e+02 4.266233762245828984e+02 0.000000000000000000e+00 0.000000000000000000e+00
5.260000000000000000e+02 4.282531440198575865e+02 0.000000000000000000e+00 0.000000000000000000e+00
5.270000000000000000e+02 4.281367623168024465e+02 0.000000000000000000e+00 0.000000000000000000e+00
5.280000000000000000e+02 4.312471126038394686e+02 0.000000000000000000e+00 0.000000000000000000e+00
5.290000000000000000e+02 4.302518863983912070e+02 0.000000000000000000e+00 0.000000000000000000e+00
5.300000000000000000e+02 4.303157198914235551e+02 1.000000000000000000e+00 0.000000000000000000e+00
5.310000000000000000e+02 4.298620329061693610e+02 2.000000000000000000e+00 0.000000000000000000e+00
5.320000000000000000e+02 4.284533877087804967e+02 2.000000000000000000e+00 0.000000000000000000e+00
5.330000000000000000e+02 4.285238329964442983e+02 1.000000000000000000e+00 0.000000000000000000e+00
5.340000000000000000e+02 4.298458525841681421e+02 1.000000000000000000e+00 0.000000000000000000e+00
5.350000000000000000e+02 4.279527404415715068e+02 2.000000000000000000e+00 0.000000000000000000e+00
5.360000000000000000e+02 4.286423311879340190e+02 1.000000000000000000e+00 0.000000000000000000e+00
5.370000000000000000e+02 4.281460461713861037e+02 1.000000000000000000e+00 0.000000000000000000e+00
5.380000000000000000e+02 4.283896424773519129e+02 0.000000000000000000e+00 0.000000000000000000e+00
5.390000000000000000e+02 4.302722384974261445e+02 0.000000000000000000e+00 0.000000000000000000e+00
5.400000000000000000e+02 4.311403745920001711e+02 0.000000000000000000e+00 0.000000000000000000e+00
5.410000000000000000e+02 4.321650230824532741e+02 0.000000000000000000e+00 0.000000000000000000e+00
5.420000000000000000e+02 4.341789356822862374e+02 0.000000000000000000e+00 0.000000000000000000e+00
5.430000000000000000e+02 4.341608230796755379e+02 0.000000000000000000e+00 0.000000000000000000e+00
5.440000000000000000e+02 4.351405654362087034e+02 0.000000000000000000e+00 0.000000000000000000e+00
5.450000000000000000e+02 4.353332340565700633e+02 0.000000000000000000e+00 0.000000000000000000e+00
5.460000000000000000e+02 4.372638012102839866e+02 0.000000000000000000e+00 0.000000000000000000e+00
5.470000000000000000e+02 4.374399112255165392e+02 0.000000000000000000e+00 0.000000000000000000e+00
5.480000000000000000e+02 4.397015460583578488e+02 0.000000000000000000e+00 0.000000000000000000e+00
5.490000000000000000e+02 4.393369375077684253e+02 0.000000000000000000e+00 0.000000000000000000e+00
5.500000000000000000e+02 4.413516773929684405e+02 0.000000000000000000e+00 0.000000000000000000e+00
5.510000000000000000e+02 4.421392967338697417e+02 0.000000000000000000e+00 0.000000000000000000e+00
5.520000000000000000e+02 4.432635997031700299e+02 0.000000000000000000e+00 0.000000000000000000e+00
5.530000000000000000e+02 4.437285680446227047e+02 0.000000000000000000e+00 0.000000000000000000e+00
5.540000000000000000e+02 4.427783211129002439e+02 2.000000000000000000e+00 0.000000000000000000e+00
5.550000000000000000e+02 4.415799470572077325e+02 2.000000000000000000e+00 0.000000000000000000e+00
5.560000000000000000e+02 4.411591573238147816e+02 2.000000000000000000e+00 0.000000000000000000e+00
5.570000000000000000e+02 4.403259370723766324e+02 2.000000000000000000e+00 0.000000000000000000e+00
5.580000000000000000e+02 4.413669935847781858e+02 0.000000000000000000e+00 0.000000000000000000e+00
5.590000000000000000e+02 4.412254946210756543e+02 0.000000000000000000e+00 0.000000000000000000e+00
5.600000000000000000e+02 4.427118237063806419e+02 0.000000000000000000e+00 0.000000000000000000e+00
5.610000000000000000e+02 4.441301155404657948e+02 0.000000000000000000e+00 0.000000000000000000e+00
5.620000000000000000e+02 4.448613542391260012e+02 0.000000000000000000e+00 0.000000000000000000e+00
5.630000000000000000e+02 4.452739372913238185e+02 0.000000000000000000e+00 0.000000000000000000e+00
5.640000000000000000e+02 4.472931893352738939e+02 0.000000000000000000e+00 0.000000000000000000e+00
5.650000000000000000e+02 4.472406627266144596e+02 0.000000000000000000e+00 0.000000000000000000e+00
5.660000000000000000e+02 4.487684509356881790e+02 0.000000000000000000e+00 0.000000000000000000e+00
5.670000000000000000e+02 4.505114508065886980e+02 0.000000000000000000e+00 0.000000000000000000e+00
5.680000000000000000e+02 4.519589284743618691e+02 0.000000000000000000e+00 0.000000000000000000e+00
5.690000000000000000e+02 4.521024888588445378e+02 0.000000000000000000e+00 0.000000000000000000e+00
5.700000000000000000e+02 4.531023851198228840e+02 0.000000000000000000e+00 0.000000000000000000e+00
5.710000000000000000e+02 4.526238968256824933e+02 1.000000000000000000e+00 0.000000000000000000e+00
5.720000000000000000e+02 4.540684196478826493e+02 0.000000000000000000e+00 0.000000000000000000e+00
5.730000000000000000e+02 4.554628629650989069e+02 0.000000000000000000e+00 0.000000000000000000e+00
5.740000000000000000e+02 4.559303671291930300e+02 0.000000000000000000e+00 0.000000000000000000e+00
5.750000000000000000e+02 4.566469430628292798e+02 0.000000000000000000e+00 0.000000000000000000e+00
5.760000000000000000e+02 4.580206865454365470e+02 0.000000000000000000e+00 0.000000000000000000e+00
5.770000000000000000e+02 4.593489520293501300e+02 0.000000000000000000e+00 0.000000000000000000e+00
5.780000000000000000e+02 4.591938238658796081e+02 0.000000000000000000e+00 0.000000000000000000e+00
5.790000000000000000e+02 4.597844299236895722e+02 1.000000000000000000e+00 0.000000000000000000e+00
5.800000000000000000e+02 4.607981982965607699e+02 0.000000000000000000e+00 0.000000000000000000e+00
5.810000000000000000e+02 4.621159447657519195e+02 0.000000000000000000e+00 0.000000000000000000e+00
5.820000000000000000e+02 4.631088912662653456e+02 0.000000000000000000e+00 0.000000000000000000e+00
5.830000000000000000e+02 4.640080731138736496e+02 0.000000000000000000e+00 0.000000000000000000e+00
5.840000000000000000e+02 4.649769980318076250e+02 0.000000000000000000e+00 0.000000000000000000e+00
5.850000000000000000e+02 4.656508128242380167e+02 0.000000000000000000e+00 0.000000000000000000e+00
5.860000000000000000e+02 4.671605963763004752e+02 0.000000000000000000e+00 0.000000000000000000e+00
5.870000000000000000e+02 4.678317512031835577e+02 0.000000000000000000e+00 0.000000000000000000e+00
5.880000000000000000e+02 4.693952081215923613e+02 0.000000000000000000e+00 0.000000000000000000e+00
5.890000000000000000e+02 4.696471957366114793e+02 0.000000000000000000e+00 0.000000000000000000e+00
5.900000000000000000e+02 4.714904597881073300e+02 0.000000000000000000e+00 0.000000000000000000e+00
5.910000000000000000e+02 4.710516051649551628e+02 0.000000000000000000e+00 0.000000000000000000e+00
5.920000000000000000e+02 4.726873924606102264e+02 0.000000000000000000e+00 0.000000000000000000e+00
5.930000000000000000e+02 4.752441319633621220e+02 0.000000000000000000e+00 0.000000000000000000e+00
5.940000000000000000e+02 4.747178402315789754e+02 0.000000000000000000e+00 0.000000000000000000e+00
5.950000000000000000e+02 4.757586518735240020e+02 0.000000000000000000e+00 0.000000000000000000e+00
5.960000000000000000e+02 4.765476043725236082e+02 0.000000000000000000e+00 0.000000000000000000e+00
5.970000000000000000e+02 4.782795317333219032e+02 0.000000000000000000e+00 0.000000000000000000e+00
5.980000000000000000e+02 4.789920482994780286e+02 0.000000000000000000e+00 0.000000000000000000e+00
5.990000000000000000e+02 4.799772180924583154e+02 0.000000000000000000e+00 0.000000000000000000e+00
6.000000000000000000e+02 4.818276297257708052e+02 0.000000000000000000e+00 0.000000000000000000e+00
6.010000000000000000e+02 4.822470480880878654e+02 0.000000000000000000e+00 0.000000000000000000e+00
6.020000000000000000e+02 4.826966397993696773e+02 0.000000000000000000e+00 0.000000000000000000e+00
6.030000000000000000e+02 4.841765523619198461e+02 0.000000000000000000e+00 0.000000000000000000e+00
6.040000000000000000e+02 4.859130798746284086e+02 0.000000000000000000e+00 0.000000000000000000e+00
6.050000000000000000e+02 4.860840855781214032e+02 0.000000000000000000e+00 0.000000000000000000e+00
6.060000000000000000e+02 4.874233928975179424e+02 0.000000000000000000e+00 0.000000000000000000e+00
6.070000000000000000e+02 4.883653565168188493e+02 0.000000000000000000e+00 0.000000000000000000e+00
6.080000000000000000e+02 4.894985021372776828e+02 0.000000000000000000e+00 0.000000000000000000e+00
6.090000000000000000e+02 4.885943747630373650e+02 0.000000000000000000e+00 0.000000000000000000e+00
6.100000000000000000e+02 4.889033812306730056e+02 2.000000000000000000e+00 0.000000000000000000e+00
6.110000000000000000e+02 4.874833240322306551e+02 2.000000000000000000e+00 0.000000000000000000e+00
6.120000000000000000e+02 4.868613623249623856e+02 2.000000000000000000e+00 0.000000000000000000e+00
6.130000000000000000e+02 4.855942373154167058e+02 2.000000000000000000e+00 0.000000000000000000e+00
6.140000000000000000e+02 4.860842461100882588e+02 2.000000000000000000e+00 0.000000000000000000e+00
6.150000000000000000e+02 4.843498511596508820e+02 2.000000000000000000e+00 0.000000000000000000e+00
6.160000000000000000e+02 4.850376094417467812e+02 0.000000000000000000e+00 0.000000000000000000e+00
6.170000000000000000e+02 4.859321709715675865e+02 0.000000000000000000e+00 0.000000000000000000e+00
6.180000000000000000e+02 4.874393751619788873e+02 0.000000000000000000e+00 0.000000000000000000e+00
6.190000000000000000e+02 4.883710316943132170e+02 0.000000000000000000e+00 0.000000000000000000e+00
6.200000000000000000e+02 4.876993465210534282e+02 1.000000000000000000e+00 0.000000000000000000e+00
6.210000000000000000e+02 4.880956852231819312e+02 0.000000000000000000e+00 0.000000000000000000e+00
6.220000000000000000e+02 4.896877261663071295e+02 0.000000000000000000e+00 0.000000000000000000e+00
6.230000000000000000e+02 4.913585336580029548e+02 0.000000000000000000e+00 0.000000000000000000e+00
6.240000000000000000e+02 4.918609445029222229e+02 0.000000000000000000e+00 0.000000000000000000e+00
6.250000000000000000e+02 4.935846723529531914e+02 0.000000000000000000e+00 0.000000000000000000e+00
6.260000000000000000e+02 4.946364241442112188e+02 0.000000000000000000e+00 0.000000000000000000e+00
6.270000000000000000e+02 4.951229285420071733e+02 0.000000000000000000e+00 0.000000000000000000e+00
6.280000000000000000e+02 4.953887585845698709e+02 0.000000000000000000e+00 0.000000000000000000e+00
6.290000000000000000e+02 4.960598948243793984e+02 0.000000000000000000e+00 0.000000000000000000e+00
6.300000000000000000e+02 4.974235099082861211e+02 0.000000000000000000e+00 0.000000000000000000e+00
6.310000000000000000e+02 4.974390979818064125e+02 1.000000000000000000e+00 0.000000000000000000e+00
6.320000000000000000e+02 4.979046392948416724e+02 0.000000000000000000e+00 0.000000000000000000e+00
6.330000000000000000e+02 5.001809572572441311e+02 0.000000000000000000e+00 0.000000000000000000e+00
6.340000000000000000e+02 5.015092574499423108e+02 0.000000000000000000e+00 0.000000000000000000e+00
6.350000000000000000e+02 5.017459083765151036e+02 0.000000000000000000e+00 0.000000000000000000e+00
6.360000000000000000e+02 5.032010389088385978e+02 0.000000000000000000e+00 0.000000000000000000e+00
6.370000000000000000e+02 5.021006952988514058e+02 1.000000000000000000e+00 0.000000000000000000e+00
6.380000000000000000e+02 5.034210343637578831e+02 1.000000000000000000e+00 0.000000000000000000e+00
6.390000000000000000e+02 5.037252249785206573e+02 0.000000000000000000e+00 0.000000000000000000e+00
6.400000000000000000e+02 5.040272428244063008e+02 0.000000000000000000e+00 0.000000000000000000e+00
6.410000000000000000e+02 5.058619363377114269e+02 0.000000000000000000e+00 0.000000000000000000e+00
6.420000000000000000e+02 5.065679007832873140e+02 0.000000000000000000e+00 0.000000000000000000e+00
6.430000000000000000e+02 5.081494822787296357e+02 0.000000000000000000e+00 0.000000000000000000e+00
6.440000000000000000e+02 5.080004034440706846e+02 1.000000000000000000e+00 0.000000000000000000e+00
6.450000000000000000e+02 5.088834630080795023e+02 1.000000000000000000e+00 0.000000000000000000e+00
6.460000000000000000e+02 5.076333504534047165e+02 1.000000000000000000e+00 0.000000000000000000e+00
6.470000000000000000e+02 5.086584416790593650e+02 0.000000000000000000e+00 0.000000000000000000e+00
6.480000000000000000e+02 5.094277112560372416e+02 0.000000000000000000e+00 0.000000000000000000e+00
6.490000000000000000e+02 5.106144424968406952e+02 0.000000000000000000e+00 0.000000000000000000e+00
6.500000000000000000e+02 5.119340869874080227e+02 0.000000000000000000e+00 0.000000000000000000e+00
6.510000000000000000e+02 5.133263124566483384e+02 0.000000000000000000e+00 0.000000000000000000e+00
6.520000000000000000e+02 5.140457599125379602e+02 0.000000000000000000e+00 0.000000000000000000e+00
6.530000000000000000e+02 5.154940766176678153e+02 0.000000000000000000e+00 0.000000000000000000e+00
6.540000000000000000e+02 5.153334231907240337e+02 1.000000000000000000e+00 0.000000000000000000e+00
6.550000000000000000e+02 5.159980219364834966e+02 0.000000000000000000e+00 0.000000000000000000e+00
6.560000000000000000e+02 5.163904466895876340e+02 1.000000000000000000e+00 0.000000000000000000e+00
6.570000000000000000e+02 5.171719681300148750e+02 0.000000000000000000e+00 0.000000000000000000e+00
6.580000000000000000e+02 5.183487438446496753e+02 0.000000000000000000e+00 0.000000000000000000e+00
6.590000000000000000e+02 5.168821557093142474e+02 2.000000000000000000e+00 0.000000000000000000e+00
6.600000000000000000e+02 5.180230787720280432e+02 0.000000000000000000e+00 0.000000000000000000e+00
6.610000000000000000e+02 5.192912918227240198e+02 0.000000000000000000e+00 0.000000000000000000e+00
6.620000000000000000e+02 5.187818854765281458e+02 1.000000000000000000e+00 0.000000000000000000e+00
6.630000000000000000e+02 5.192823898883284528e+02 1.000000000000000000e+00 0.000000000000000000e+00
6.640000000000000000e+02 5.201216688697961672e+02 0.000000000000000000e+00 0.000000000000000000e+00
6.650000000000000000e+02 5.208889923226437304e+02 0.000000000000000000e+00 0.000000000000000000e+00
6.660000000000000000e+02 5.220625736425522518e+02 0.000000000000000000e+00 0.000000000000000000e+00
6.670000000000000000e+02 5.228055423225266622e+02 0.000000000000000000e+00 0.000000000000000000e+00
6.680000000000000000e+02 5.245304823514640020e+02 0.000000000000000000e+00 0.000000000000000000e+00
6.690000000000000000e+02 5.259323206608305554e+02 0.000000000000000000e+00 0.000000000000000000e+00
6.700000000000000000e+02 5.257852209678512736e+02 0.000000000000000000e+00 0.000000000000000000e+00
6.710000000000000000e+02 5.266023377931920777e+02 0.000000000000000000e+00 0.000000000000000000e+00
6.720000000000000000e+02 5.281597313341649169e+02 0.000000000000000000e+00 0.000000000000000000e+00
6.730000000000000000e+02 5.288564060788975212e+02 0.000000000000000000e+00 0.000000000000000000e+00
6.740000000000000000e+02 5.304465585411574011e+02 0.000000000000000000e+00 0.000000000000000000e+00
6.750000000000000000e+02 5.306235848388211025e+02 0.000000000000000000e+00 0.000000000000000000e+00
6.760000000000000000e+02 5.312833298095218879e+02 0.000000000000000000e+00 0.000000000000000000e+00
6.770000000000000000e+02 5.322513333545965679e+02 0.000000000000000000e+00 0.000000000000000000e+00
6.780000000000000000e+02 5.312770378752443321e+02 2.000000000000000000e+00 0.000000000000000000e+00
6.790000000000000000e+02 5.330498081720289747e+02 0.000000000000000000e+00 0.000000000000000000e+00
6.800000000000000000e+02 5.346099221352782251e+02 0.000000000000000000e+00 0.000000000000000000e+00
6.810000000000000000e+02 5.354266866532442464e+02 0.000000000000000000e+00 0.000000000000000000e+00
6.820000000000000000e+02 5.358447812198983229e+02 0.000000000000000000e+00 0.000000000000000000e+00
6.830000000000000000e+02 5.372069268557777377e+02 0.000000000000000000e+00 0.000000000000000000e+00
6.840000000000000000e+02 5.376391586307393027e+02 0.000000000000000000e+00 0.000000000000000000e+00
6.850000000000000000e+02 5.376934652322651118e+02 2.000000000000000000e+00 0.000000000000000000e+00
6.860000000000000000e+02 5.362301567635533956e+02 1.000000000000000000e+00 0.000000000000000000e+00
6.870000000000000000e+02 5.378999869612316616e+02 0.000000000000000000e+00 0.000000000000000000e+00
6.880000000000000000e+02 5.396576131047671652e+02 0.000000000000000000e+00 0.000000000000000000e+00
6.890000000000000000e+02 5.397687883091364256e+02 0.000000000000000000e+00 0.000000000000000000e+00
6.900000000000000000e+02 5.417992464703888800e+02 0.000000000000000000e+00 0.000000000000000000e+00
6.910000000000000000e+02 5.418244014036954468e+02 0.000000000000000000e+00 0.000000000000000000e+00
6.920000000000000000e+02 5.433515969209272498e+02 0.000000000000000000e+00 0.000000000000000000e+00
6.930000000000000000e+02 5.439813369308810707e+02 0.000000000000000000e+00 0.000000000000000000e+00
6.940000000000000000e+02 5.426212330720005639e+02 2.000000000000000000e+00 0.000000000000000000e+00
6.950000000000000000e+02 5.425367561265554741e+02 2.000000000000000000e+00 0.000000000000000000e+00
6.960000000000000000e+02 5.427453542953576289e+02 0.000000000000000000e+00 0.000000000000000000e+00
6.970000000000000000e+02 5.432209110922639184e+02 0.000000000000000000e+00 0.000000000000000000e+00
6.980000000000000000e+02 5.450232682028490672e+02 0.000000000000000000e+00 0.000000000000000000e+00
6.990000000000000000e+02 5.460111348902551072e+02 0.000000000000000000e+00 0.000000000000000000e+00
7.000000000000000000e+02 5.462302952954568127e+02 1.000000000000000000e+00 0.000000000000000000e+00
7.010000000000000000e+02 5.463363151817499102e+02 0.000000000000000000e+00 0.000000000000000000e+00
7.020000000000000000e+02 5.478887139648763878e+02 0.000000000000000000e+00 0.000000000000000000e+00
7.030000000000000000e+02 5.493338868080967359e+02 0.000000000000000000e+00 0.000000000000000000e+00
7.040000000000000000e+02 5.492837366092502407e+02 0.000000000000000000e+00 0.000000000000000000e+00
7.050000000000000000e+02 5.508542872917347495e+02 0.000000000000000000e+00 0.000000000000000000e+00
7.060000000000000000e+02 5.517219484567001473e+02 0.000000000000000000e+00 0.000000000000000000e+00
7.070000000000000000e+02 5.530109907447155138e+02 0.000000000000000000e+00 0.000000000000000000e+00
7.080000000000000000e+02 5.540812069569121832e+02 0.000000000000000000e+00 0.000000000000000000e+00
7.090000000000000000e+02 5.552941683218862181e+02 0.000000000000000000e+00 0.000000000000000000e+00
7.100000000000000000e+02 5.554900432600362592e+02 0.000000000000000000e+00 0.000000000000000000e+00
7.110000000000000000e+02 5.579728545050616049e+02 0.000000000000000000e+00 0.000000000000000000e+00
7.120000000000000000e+02 5.584162055035618550e+02 0.000000000000000000e+00 0.000000000000000000e+00
7.130000000000000000e+02 5.597449410543987369e+02 0.000000000000000000e+00 0.000000000000000000e+00
7.140000000000000000e+02 5.597889906964441025e+02 0.000000000000000000e+00 0.000000000000000000e+00
7.150000000000000000e+02 5.610218777920821367e+02 0.000000000000000000e+00 0.000000000000000000e+00
7.160000000000000000e+02 5.624505876561388504e+02 0.000000000000000000e+00 0.000000000000000000e+00
7.170000000000000000e+02 5.626014620417849983e+02 0.000000000000000000e+00 0.000000000000000000e+00
7.180000000000000000e+02 5.640729883179795934e+02 0.000000000000000000e+00 0.000000000000000000e+00
7.190000000000000000e+02 5.653540663625113893e+02 0.000000000000000000e+00 0.000000000000000000e+00
7.200000000000000000e+02 5.632674928458311570e+02 2.000000000000000000e+00 0.000000000000000000e+00
7.210000000000000000e+02 5.631826397474537771e+02 1.000000000000000000e+00 0.000000000000000000e+00
7.220000000000000000e+02 5.648078583071790035e+02 0.000000000000000000e+00 0.000000000000000000e+00
7.230000000000000000e+02 5.659969311244781238e+02 0.000000000000000000e+00 0.000000000000000000e+00
7.240000000000000000e+02 5.671952006055834090e+02 0.000000000000000000e+00 0.000000000000000000e+00
7.250000000000000000e+02 5.679547212093140161e+02 0.000000000000000000e+00 0.000000000000000000e+00
7.260000000000000000e+02 5.677103344401637059e+02 1.000000000000000000e+00 0.000000000000000000e+00
7.270000000000000000e+02 5.695651706831316687e+02 0.000000000000000000e+00 0.000000000000000000e+00
7.280000000000000000e+02 5.700987717027024928e+02 0.000000000000000000e+00 0.000000000000000000e+00
7.290000000000000000e+02 5.710357950186304379e+02 0.000000000000000000e+00 0.000000000000000000e+00
7.300000000000000000e+02 5.724640876180280884e+02 0.000000000000000000e+00 0.000000000000000000e+00
7.310000000000000000e+02 5.730107747803839402e+02 0.000000000000000000e+00 0.000000000000000000e+00
7.320000000000000000e+02 5.733207620064762295e+02 0.000000000000000000e+00 0.000000000000000000e+00
7.330000000000000000e+02 5.756167999501814165e+02 0.000000000000000000e+00 0.000000000000000000e+00
7.340000000000000000e+02 5.750639009842997211e+02 0.000000000000000000e+00 0.000000000000000000e+00
7.350000000000000000e+02 5.755011707072652598e+02 2.000000000000000000e+00 0.000000000000000000e+00
7.360000000000000000e+02 5.755122309924554429e+02 0.000000000000000000e+00 0.000000000000000000e+00
7.370000000000000000e+02 5.766222371355837595e+02 0.000000000000000000e+00 0.000000000000000000e+00
7.380000000000000000e+02 5.785191016632368246e+02 0.000000000000000000e+00 0.000000000000000000e+00
7.390000000000000000e+02 5.779908865622288658e+02 0.000000000000000000e+00 0.000000000000000000e+00
7.400000000000000000e+02 5.799000615659392679e+02 0.000000000000000000e+00 0.000000000000000000e+00
7.410000000000000000e+02 5.809733686480436745e+02 0.000000000000000000e+00 0.000000000000000000e+00
7.420000000000000000e+02 5.827364278725989379e+02 0.000000000000000000e+00 0.000000000000000000e+00
7.430000000000000000e+02 5.827948140720916399e+02 0.000000000000000000e+00 0.000000000000000000e+00
7.440000000000000000e+02 5.836418216851028546e+02 0.000000000000000000e+00 0.000000000000000000e+00
7.450000000000000000e+02 5.856464228260134632e+02 0.000000000000000000e+00 0.000000000000000000e+00
7.460000000000000000e+02 5.854983573674768422e+02 0.000000000000000000e+00 0.000000000000000000e+00
7.470000000000000000e+02 5.861230997749102016e+02 0.000000000000000000e+00 0.000000000000000000e+00
7.480000000000000000e+02 5.881986662938090831e+02 0.000000000000000000e+00 0.000000000000000000e+00
7.490000000000000000e+02 5.893551052495948852e+02 0.000000000000000000e+00 0.000000000000000000e+00
7.500000000000000000e+02 5.905273040485783440e+02 0.000000000000000000e+00 0.000000000000000000e+00
7.510000000000000000e+02 5.909110720126254819e+02 0.000000000000000000e+00 0.000000000000000000e+00
7.520000000000000000e+02 5.923435836581140848e+02 0.000000000000000000e+00 0.000000000000000000e+00
7.530000000000000000e+02 5.931107742782944570e+02 0.000000000000000000e+00 0.000000000000000000e+00
7.540000000000000000e+02 5.945510242558679010e+02 0.000000000000000000e+00 0.000000000000000000e+00
7.550000000000000000e+02 5.949429729912777702e+02 0.000000000000000000e+00 0.000000000000000000e+00
7.560000000000000000e+02 5.958720513683085755e+02 0.000000000000000000e+00 0.000000000000000000e+00
7.570000000000000000e+02 5.966824267198168172e+02 0.000000000000000000e+00 0.000000000000000000e+00
7.580000000000000000e+02 5.980691781360848154e+02 0.000000000000000000e+00 0.000000000000000000e+00
7.590000000000000000e+02 5.987122328849411588e+02 0.000000000000000000e+00 0.000000000000000000e+00
7.600000000000000000e+02 6.001999681657031260e+02 0.000000000000000000e+00 0.000000000000000000e+00
7.610000000000000000e+02 6.013575244103506066e+02 0.000000000000000000e+00 0.000000000000000000e+00
7.620000000000000000e+02 6.025034121670926197e+02 0.000000000000000000e+00 0.000000000000000000e+00
7.630000000000000000e+02 6.034538994649287815e+02 0.000000000000000000e+00 0.000000000000000000e+00
7.640000000000000000e+02 6.046301991829384406e+02 0.000000000000000000e+00 0.000000000000000000e+00
7.650000000000000000e+02 6.049501158158635690e+02 0.000000000000000000e+00 0.000000000000000000e+00
7.660000000000000000e+02 6.057703646982965893e+02 0.000000000000000000e+00 0.000000000000000000e+00
7.670000000000000000e+02 6.066941870247234192e+02 0.000000000000000000e+00 0.000000000000000000e+00
7.680000000000000000e+02 6.076705839639760143e+02 0.000000000000000000e+00 0.000000000000000000e+00
7.690000000000000000e+02 6.085586972400849390e+02 0.000000000000000000e+00 0.000000000000000000e+00
7.700000000000000000e+02 6.108712902391785065e+02 0.000000000000000000e+00 0.000000000000000000e+00
7.710000000000000000e+02 6.102492040138654374e+02 0.000000000000000000e+00 0.000000000000000000e+00
7.720000000000000000e+02 6.107023979466880519e+02 0.000000000000000000e+00 0.000000000000000000e+00
7.730000000000000000e+02 6.138747205033056389e+02 0.000000000000000000e+00 0.000000000000000000e+00
7.740000000000000000e+02 6.140343134605153637e+02 0.000000000000000000e+00 0.000000000000000000e+00
7.750000000000000000e+02 6.141100998537759779e+02 0.000000000000000000e+00 0.000000000000000000e+00
7.760000000000000000e+02 6.168557024557327395e+02 0.000000000000000000e+00 0.000000000000000000e+00
7.770000000000000000e+02 6.164511183268223249e+02 0.000000000000000000e+00 0.000000000000000000e+00
7.780000000000000000e+02 6.183873705965750105e+02 0.000000000000000000e+00 0.000000000000000000e+00
7.790000000000000000e+02 6.200852232893181508e+02 0.000000000000000000e+00 0.000000000000000000e+00
7.800000000000000000e+02 6.203309426479150943e+02 0.000000000000000000e+00 0.000000000000000000e+00
7.810000000000000000e+02 6.206211801914532771e+02 0.000000000000000000e+00 0.000000000000000000e+00
7.820000000000000000e+02 6.222238645879739352e+02 0.000000000000000000e+00 0.000000000000000000e+00
7.830000000000000000e+02 6.226296992189514867e+02 0.000000000000000000e+00 0.000000000000000000e+00
7.840000000000000000e+02 6.240616011445829372e+02 0.000000000000000000e+00 0.000000000000000000e+00
7.850000000000000000e+02 6.251673197967004398e+02 0.000000000000000000e+00 0.000000000000000000e+00
7.860000000000000000e+02 6.262666975588191463e+02 0.000000000000000000e+00 0.000000000000000000e+00
7.870000000000000000e+02 6.273588937363766718e+02 0.000000000000000000e+00 0.000000000000000000e+00
7.880000000000000000e+02 6.277321557887927383e+02 0.000000000000000000e+00 0.000000000000000000e+00
7.890000000000000000e+02 6.294597163164511358e+02 0.000000000000000000e+00 0.000000000000000000e+00
7.900000000000000000e+02 6.298724912835037912e+02 0.000000000000000000e+00 0.000000000000000000e+00
7.910000000000000000e+02 6.301849610980674470e+02 0.000000000000000000e+00 0.000000000000000000e+00
7.920000000000000000e+02 6.322662941594660424e+02 0.000000000000000000e+00 0.000000000000000000e+00
7.930000000000000000e+02 6.322115260399485805e+02 1.000000000000000000e+00 0.000000000000000000e+00
7.940000000000000000e+02 6.324355468141419578e+02 1.000000000000000000e+00 0.000000000000000000e+00
7.950000000000000000e+02 6.336460086136270320e+02 0.000000000000000000e+00 0.000000000000000000e+00
7.960000000000000000e+02 6.343555310327520829e+02 0.000000000000000000e+00 0.000000000000000000e+00
7.970000000000000000e+02 6.355877302369956396e+02 0.000000000000000000e+00 0.000000000000000000e+00
7.980000000000000000e+02 6.345318800869974893e+02 2.000000000000000000e+00 0.000000000000000000e+00
7.990000000000000000e+02 6.345690343715826884e+02 0.000000000000000000e+00 0.000000000000000000e+00
8.000000000000000000e+02 6.358420970808581387e+02 0.000000000000000000e+00 0.000000000000000000e+00
