time	position	state	ATP_bound
1.000000000000000000e+00 9.548559188667555819e-01 0.000000000000000000e+00 0.000000000000000000e+00
2.000000000000000000e+00 2.288632099320396573e+00 0.000000000000000000e+00 0.000000000000000000e+00
3.000000000000000000e+00 3.066535768688884112e+00 0.000000000000000000e+00 0.000000000000000000e+00
4.000000000000000000e+00 4.203892675537769463e+00 0.000000000000000000e+00 0.000000000000000000e+00
5.000000000000000000e+00 4.904012368290693757e+00 0.000000000000000000e+00 0.000000000000000000e+00
6.000000000000000000e+00 6.860686770486196906e+00 0.000000000000000000e+00 0.000000000000000000e+00
7.000000000000000000e+00 6.989174357023133943e+00 0.000000000000000000e+00 0.000000000000000000e+00
8.000000000000000000e+00 8.236750332724744439e+00 0.000000000000000000e+00 0.000000000000000000e+00
9.000000000000000000e+00 8.548007681314709671e+00 0.000000000000000000e+00 0.000000000000000000e+00
1.000000000000000000e+01 1.013369319538376878e+01 0.000000000000000000e+00 0.000000000000000000e+00
1.100000000000000000e+01 9.776419835719146079e+00 0.000000000000000000e+00 0.000000000000000000e+00
1.200000000000000000e+01 1.186239568314136150e+01 0.000000000000000000e+00 0.000000000000000000e+00
1.300000000000000000e+01 1.244819645044248979e+01 0.000000000000000000e+00 0.000000000000000000e+00
1.400000000000000000e+01 1.368415405721230549e+01 0.000000000000000000e+00 0.000000000000000000e+00
1.500000000000000000e+01 1.463039407701330497e+01 0.000000000000000000e+00 0.000000000000000000e+00
1.600000000000000000e+01 1.553880496805773959e+01 0.000000000000000000e+00 0.000000000000000000e+00
1.700000000000000000e+01 1.650954751499805795e+01 0.000000000000000000e+00 0.000000000000000000e+00
1.800000000000000000e+01 1.844865433505346175e+01 0.000000000000000000e+00 0.000000000000000000e+00
1.900000000000000000e+01 1.927508124038883608e+01 0.000000000000000000e+00 0.000000000000000000e+00
2.000000000000000000e+01 1.917432207467008709e+01 0.000000000000000000e+00 0.000000000000000000e+00
2.100000000000000000e+01 2.044035826744709894e+01 0.000000000000000000e+00 0.000000000000000000e+00
2.200000000000000000e+01 2.254418977222949394e+01 0.000000000000000000e+00 0.000000000000000000e+00
2.300000000000000000e+01 2.282892373026247057e+01 0.000000000000000000e+00 0.000000000000000000e+00
2.400000000000000000e+01 2.294005015114295531e+01 2.000000000000000000e+00 0.000000000000000000e+00
2.500000000000000000e+01 2.377890944041531540e+01 0.000000000000000000e+00 0.000000000000000000e+00
2.600000000000000000e+01 2.438665532335805963e+01 0.000000000000000000e+00 0.000000000000000000e+00
2.700000000000000000e+01 2.468074244968846287e+01 0.000000000000000000e+00 0.000000000000000000e+00
2.800000000000000000e+01 2.614976308556004625e+01 0.000000000000000000e+00 0.000000000000000000e+00
2.900000000000000000e+01 2.620594078663701154e+01 0.000000000000000000e+00 0.000000000000000000e+00
3.000000000000000000e+01 2.851362872526036085e+01 0.000000000000000000e+00 0.000000000000000000e+00
3.100000000000000000e+01 2.835206909166555178e+01 0.000000000000000000e+00 0.000000000000000000e+00
3.200000000000000000e+01 3.085308300623858813e+01 0.000000000000000000e+00 0.000000000000000000e+00
3.300000000000000000e+01 3.122405759694355254e+01 0.000000000000000000e+00 0.000000000000000000e+00
3.400000000000000000e+01 3.204909713786674530e+01 0.000000000000000000e+00 0.000000000000000000e+00
3.500000000000000000e+01 3.309844491806073563e+01 0.000000000000000000e+00 0.000000000000000000e+00
3.600000000000000000e+01 3.376652831516786080e+01 0.000000000000000000e+00 0.000000000000000000e+00
3.700000000000000000e+01 3.512048113266643412e+01 0.000000000000000000e+00 0.000000000000000000e+00
3.800000000000000000e+01 3.620176971154808143e+01 0.000000000000000000e+00 0.000000000000000000e+00
3.900000000000000000e+01 3.767613076345443091e+01 0.000000000000000000e+00 0.000000000000000000e+00
4.000000000000000000e+01 3.791894575487041408e+01 0.000000000000000000e+00 0.000000000000000000e+00
4.100000000000000000e+01 3.881493587661449851e+01 0.000000000000000000e+00 0.000000000000000000e+00
4.200000000000000000e+01 3.993941921227749958e+01 0.000000000000000000e+00 0.000000000000000000e+00
4.300000000000000000e+01 4.111842979207064985e+01 0.000000000000000000e+00 0.000000000000000000e+00
4.400000000000000000e+01 4.199722550502374219e+01 0.000000000000000000e+00 0.000000000000000000e+00
4.500000000000000000e+01 4.201674850650081083e+01 0.000000000000000000e+00 0.000000000000000000e+00
4.600000000000000000e+01 4.386413083324690376e+01 0.000000000000000000e+00 0.000000000000000000e+00
4.700000000000000000e+01 4.435785400731178640e+01 0.000000000000000000e+00 0.000000000000000000e+00
4.800000000000000000e+01 4.584300613145256875e+01 0.000000000000000000e+00 0.000000000000000000e+00
4.900000000000000000e+01 4.705075877877953161e+01 0.000000000000000000e+00 0.000000000000000000e+00
5.000000000000000000e+01 4.842865211771405853e+01 0.000000000000000000e+00 0.000000000000000000e+00
5.100000000000000000e+01 4.889190436230831693e+01 0.000000000000000000e+00 0.000000000000000000e+00
5.200000000000000000e+01 4.909354496051266636e+01 0.000000000000000000e+00 0.000000000000000000e+00
5.300000000000000000e+01 5.068073797443109640e+01 0.000000000000000000e+00 0.000000000000000000e+00
5.400000000000000000e+01 5.163296771639048899e+01 0.000000000000000000e+00 0.000000000000000000e+00
5.500000000000000000e+01 5.375722138581636500e+01 0.000000000000000000e+00 0.000000000000000000e+00
5.600000000000000000e+01 5.346371785367237095e+01 0.000000000000000000e+00 0.000000000000000000e+00
5.700000000000000000e+01 5.421032485510978205e+01 1.000000000000000000e+00 0.000000000000000000e+00
5.800000000000000000e+01 5.402476293829491283e+01 0.000000000000000000e+00 0.000000000000000000e+00
5.900000000000000000e+01 5.590193724577292045e+01 0.000000000000000000e+00 0.000000000000000000e+00
6.000000000000000000e+01 5.714490974544936108e+01 0.000000000000000000e+00 0.000000000000000000e+00
6.100000000000000000e+01 5.807959695212015561e+01 0.000000000000000000e+00 0.000000000000000000e+00
6.200000000000000000e+01 5.751951357498981565e+01 1.000000000000000000e+00 0.000000000000000000e+00
6.300000000000000000e+01 5.982867301484491662e+01 0.000000000000000000e+00 0.000000000000000000e+00
6.400000000000000000e+01 6.073944800580191838e+01 0.000000000000000000e+00 0.000000000000000000e+00
6.500000000000000000e+01 6.123333688955568022e+01 0.000000000000000000e+00 0.000000000000000000e+00
6.600000000000000000e+01 6.135185751658779196e+01 0.000000000000000000e+00 0.000000000000000000e+00
6.700000000000000000e+01 6.380401613274274553e+01 0.000000000000000000e+00 0.000000000000000000e+00
6.800000000000000000e+01 6.369247902308428166e+01 0.000000000000000000e+00 0.000000000000000000e+00
6.900000000000000000e+01 6.570292299578898110e+01 0.000000000000000000e+00 0.000000000000000000e+00
7.000000000000000000e+01 6.552964257759995803e+01 0.000000000000000000e+00 0.000000000000000000e+00
7.100000000000000000e+01 6.678647635491461187e+01 0.000000000000000000e+00 0.000000000000000000e+00
7.200000000000000000e+01 6.833468587472283673e+01 0.000000000000000000e+00 0.000000000000000000e+00
7.300000000000000000e+01 6.938008219703405643e+01 0.000000000000000000e+00 0.000000000000000000e+00
7.400000000000000000e+01 6.995842079117257128e+01 0.000000000000000000e+00 0.000000000000000000e+00
7.500000000000000000e+01 7.068995235732892013e+01 0.000000000000000000e+00 0.000000000000000000e+00
7.600000000000000000e+01 7.210221744824586665e+01 0.000000000000000000e+00 0.000000000000000000e+00
7.700000000000000000e+01 7.227959517485381014e+01 0.000000000000000000e+00 0.000000000000000000e+00
7.800000000000000000e+01 7.345182982310193154e+01 0.000000000000000000e+00 0.000000000000000000e+00
7.900000000000000000e+01 7.532734008836564499e+01 0.000000000000000000e+00 0.000000000000000000e+00
8.000000000000000000e+01 7.682211278120800557e+01 0.000000000000000000e+00 0.000000000000000000e+00
8.100000000000000000e+01 7.793480755208527455e+01 0.000000000000000000e+00 0.000000000000000000e+00
8.200000000000000000e+01 7.567704553916796328e+01 2.000000000000000000e+00 0.000000000000000000e+00
8.300000000000000000e+01 7.789942218630109494e+01 0.000000000000000000e+00 0.000000000000000000e+00
8.400000000000000000e+01 7.886538967888112950e+01 0.000000000000000000e+00 0.000000000000000000e+00
8.500000000000000000e+01 7.725873151530839777e+01 2.000000000000000000e+00 0.000000000000000000e+00
8.600000000000000000e+01 7.804755060341602757e+01 0.000000000000000000e+00 0.000000000000000000e+00
8.700000000000000000e+01 7.847668568249180510e+01 0.000000000000000000e+00 0.000000000000000000e+00
8.800000000000000000e+01 8.021955774613721246e+01 0.000000000000000000e+00 0.000000000000000000e+00
8.900000000000000000e+01 8.100994354204487991e+01 0.000000000000000000e+00 0.000000000000000000e+00
9.000000000000000000e+01 8.171001718481656440e+01 0.000000000000000000e+00 0.000000000000000000e+00
9.100000000000000000e+01 8.178964512684912336e+01 0.000000000000000000e+00 0.000000000000000000e+00
9.200000000000000000e+01 8.355984375135386699e+01 0.000000000000000000e+00 0.000000000000000000e+00
9.300000000000000000e+01 8.413943857639416990e+01 1.000000000000000000e+00 0.000000000000000000e+00
9.400000000000000000e+01 8.256817175844035717e+01 2.000000000000000000e+00 0.000000000000000000e+00
9.500000000000000000e+01 8.361580999620318266e+01 0.000000000000000000e+00 0.000000000000000000e+00
9.600000000000000000e+01 8.436455228493409209e+01 1.000000000000000000e+00 0.000000000000000000e+00
9.700000000000000000e+01 8.522053180165075048e+01 0.000000000000000000e+00 0.000000000000000000e+00
9.800000000000000000e+01 8.689621280894920119e+01 0.000000000000000000e+00 0.000000000000000000e+00
9.900000000000000000e+01 8.666881706093384707e+01 0.000000000000000000e+00 0.000000000000000000e+00
1.000000000000000000e+02 8.773754445181208439e+01 0.000000000000000000e+00 0.000000000000000000e+00
1.010000000000000000e+02 8.942723749291245383e+01 0.000000000000000000e+00 0.000000000000000000e+00
1.020000000000000000e+02 9.018334256296691365e+01 0.000000000000000000e+00 0.000000000000000000e+00
1.030000000000000000e+02 9.068719966194485949e+01 0.000000000000000000e+00 0.000000000000000000e+00
1.040000000000000000e+02 9.195223589620502480e+01 0.000000000000000000e+00 0.000000000000000000e+00
1.050000000000000000e+02 9.257921863133545060e+01 0.000000000000000000e+00 0.000000000000000000e+00
1.060000000000000000e+02 9.406549334830724263e+01 0.000000000000000000e+00 0.000000000000000000e+00
1.070000000000000000e+02 9.495494043403562046e+01 0.000000000000000000e+00 0.000000000000000000e+00
1.080000000000000000e+02 9.503625684405686513e+01 0.000000000000000000e+00 0.000000000000000000e+00
1.090000000000000000e+02 9.729489175283944746e+01 0.000000000000000000e+00 0.000000000000000000e+00
1.100000000000000000e+02 9.867813904756857823e+01 0.000000000000000000e+00 0.000000000000000000e+00
1.110000000000000000e+02 9.857722730379006748e+01 0.000000000000000000e+00 0.000000000000000000e+00
1.120000000000000000e+02 9.797530489271628085e+01 2.000000000000000000e+00 0.000000000000000000e+00
1.130000000000000000e+02 9.730479067175245689e+01 2.000000000000000000e+00 0.000000000000000000e+00
1.140000000000000000e+02 9.743313046175357783e+01 1.000000000000000000e+00 0.000000000000000000e+00
1.150000000000000000e+02 9.868550492359433690e+01 0.000000000000000000e+00 0.000000000000000000e+00
1.160000000000000000e+02 9.829802636265111460e+01 0.000000000000000000e+00 0.000000000000000000e+00
1.170000000000000000e+02 9.956953819196426991e+01 0.000000000000000000e+00 0.000000000000000000e+00
1.180000000000000000e+02 1.013089323829499762e+02 0.000000000000000000e+00 0.000000000000000000e+00
1.190000000000000000e+02 1.023374566242965784e+02 0.000000000000000000e+00 0.000000000000000000e+00
1.200000000000000000e+02 1.031458081804581326e+02 0.000000000000000000e+00 0.000000000000000000e+00
1.210000000000000000e+02 1.021023844442709958e+02 2.000000000000000000e+00 0.000000000000000000e+00
1.220000000000000000e+02 1.025861223356584588e+02 0.000000000000000000e+00 0.000000000000000000e+00
1.230000000000000000e+02 1.039074220669010202e+02 0.000000000000000000e+00 0.000000000000000000e+00
1.240000000000000000e+02 1.049874030270666765e+02 0.000000000000000000e+00 0.000000000000000000e+00
1.250000000000000000e+02 1.054836832098550730e+02 0.000000000000000000e+00 0.000000000000000000e+00
1.260000000000000000e+02 1.049911902087491882e+02 2.000000000000000000e+00 0.000000000000000000e+00
1.270000000000000000e+02 1.038735482257626472e+02 1.000000000000000000e+00 0.000000000000000000e+00
1.280000000000000000e+02 1.055060988806613693e+02 1.000000000000000000e+00 0.000000000000000000e+00
1.290000000000000000e+02 1.046164681157024603e+02 1.000000000000000000e+00 0.000000000000000000e+00
1.300000000000000000e+02 1.062235673636816387e+02 0.000000000000000000e+00 0.000000000000000000e+00
1.310000000000000000e+02 1.066218989520896940e+02 0.000000000000000000e+00 0.000000000000000000e+00
1.320000000000000000e+02 1.064641164528078576e+02 1.000000000000000000e+00 0.000000000000000000e+00
1.330000000000000000e+02 1.073466069766119659e+02 0.000000000000000000e+00 0.000000000000000000e+00
1.340000000000000000e+02 1.099303543510993535e+02 0.000000000000000000e+00 0.000000000000000000e+00
1.350000000000000000e+02 1.098254754615202842e+02 0.000000000000000000e+00 0.000000000000000000e+00
1.360000000000000000e+02 1.090390059166996082e+02 2.000000000000000000e+00 0.000000000000000000e+00
1.370000000000000000e+02 1.088234386531176199e+02 1.000000000000000000e+00 0.000000000000000000e+00
1.380000000000000000e+02 1.076392347912529885e+02 2.000000000000000000e+00 0.000000000000000000e+00
1.390000000000000000e+02 1.073364020864029129e+02 2.000000000000000000e+00 0.000000000000000000e+00
1.400000000000000000e+02 1.062290769658841185e+02 1.000000000000000000e+00 0.000000000000000000e+00
1.410000000000000000e+02 1.071922049285638678e+02 1.000000000000000000e+00 0.000000000000000000e+00
1.420000000000000000e+02 1.069438627118801151e+02 1.000000000000000000e+00 0.000000000000000000e+00
1.430000000000000000e+02 1.078597783642900652e+02 0.000000000000000000e+00 0.000000000000000000e+00
1.440000000000000000e+02 1.086400440659638917e+02 0.000000000000000000e+00 0.000000000000000000e+00
1.450000000000000000e+02 1.102272598903574021e+02 0.000000000000000000e+00 0.000000000000000000e+00
1.460000000000000000e+02 1.106642355476267738e+02 0.000000000000000000e+00 0.000000000000000000e+00
1.470000000000000000e+02 1.132717559683529771e+02 0.000000000000000000e+00 0.000000000000000000e+00
1.480000000000000000e+02 1.129844950032554891e+02 0.000000000000000000e+00 0.000000000000000000e+00
1.490000000000000000e+02 1.135107305574500458e+02 0.000000000000000000e+00 0.000000000000000000e+00
1.500000000000000000e+02 1.137883598559877356e+02 0.000000000000000000e+00 0.000000000000000000e+00
1.510000000000000000e+02 1.162899664104356816e+02 0.000000000000000000e+00 0.000000000000000000e+00
1.520000000000000000e+02 1.165681186176503843e+02 0.000000000000000000e+00 0.000000000000000000e+00
1.530000000000000000e+02 1.178433874181678789e+02 0.000000000000000000e+00 0.000000000000000000e+00
1.540000000000000000e+02 1.192084464787741211e+02 0.000000000000000000e+00 0.000000000000000000e+00
1.550000000000000000e+02 1.186509729574749770e+02 1.000000000000000000e+00 0.000000000000000000e+00
1.560000000000000000e+02 1.194576682790237498e+02 1.000000000000000000e+00 0.000000000000000000e+00
1.570000000000000000e+02 1.197043042965593003e+02 0.000000000000000000e+00 0.000000000000000000e+00
1.580000000000000000e+02 1.201935132940325133e+02 0.000000000000000000e+00 0.000000000000000000e+00
1.590000000000000000e+02 1.231875173185859893e+02 0.000000000000000000e+00 0.000000000000000000e+00
1.600000000000000000e+02 1.232190981598868973e+02 0.000000000000000000e+00 0.000000000000000000e+00
1.610000000000000000e+02 1.233219999601280961e+02 1.000000000000000000e+00 0.000000000000000000e+00
1.620000000000000000e+02 1.232763563179851189e+02 0.000000000000000000e+00 0.000000000000000000e+00
1.630000000000000000e+02 1.251089461825253153e+02 0.000000000000000000e+00 0.000000000000000000e+00
1.640000000000000000e+02 1.266996225308530910e+02 0.000000000000000000e+00 0.000000000000000000e+00
1.650000000000000000e+02 1.253536805283847571e+02 2.000000000000000000e+00 0.000000000000000000e+00
1.660000000000000000e+02 1.262479436313732180e+02 0.000000000000000000e+00 0.000000000000000000e+00
1.670000000000000000e+02 1.266897882368978117e+02 0.000000000000000000e+00 0.000000000000000000e+00
1.680000000000000000e+02 1.276324577008331005e+02 0.000000000000000000e+00 0.000000000000000000e+00
1.690000000000000000e+02 1.293329648418510089e+02 0.000000000000000000e+00 0.000000000000000000e+00
1.700000000000000000e+02 1.305951639687431793e+02 0.000000000000000000e+00 0.000000000000000000e+00
1.710000000000000000e+02 1.304178768055855073e+02 0.000000000000000000e+00 0.000000000000000000e+00
1.720000000000000000e+02 1.313618916374415448e+02 1.000000000000000000e+00 0.000000000000000000e+00
1.730000000000000000e+02 1.311041119568697582e+02 2.000000000000000000e+00 0.000000000000000000e+00
1.740000000000000000e+02 1.300689458640063094e+02 0.000000000000000000e+00 0.000000000000000000e+00
1.750000000000000000e+02 1.328595594146184453e+02 0.000000000000000000e+00 0.000000000000000000e+00
1.760000000000000000e+02 1.327795575197091011e+02 0.000000000000000000e+00 0.000000000000000000e+00
1.770000000000000000e+02 1.342204538516690207e+02 0.000000000000000000e+00 0.000000000000000000e+00
1.780000000000000000e+02 1.352443686523042459e+02 0.000000000000000000e+00 0.000000000000000000e+00
1.790000000000000000e+02 1.364697536812784051e+02 0.000000000000000000e+00 0.000000000000000000e+00
1.800000000000000000e+02 1.371987165982300212e+02 0.000000000000000000e+00 0.000000000000000000e+00
1.810000000000000000e+02 1.371712700826062132e+02 1.000000000000000000e+00 0.000000000000000000e+00
1.820000000000000000e+02 1.388150314948111657e+02 0.000000000000000000e+00 0.000000000000000000e+00
1.830000000000000000e+02 1.397887527394787242e+02 0.000000000000000000e+00 0.000000000000000000e+00
1.840000000000000000e+02 1.398301089650483959e+02 0.000000000000000000e+00 0.000000000000000000e+00
1.850000000000000000e+02 1.402848876895788237e+02 1.000000000000000000e+00 0.000000000000000000e+00
1.860000000000000000e+02 1.416599579272970004e+02 0.000000000000000000e+00 0.000000000000000000e+00
1.870000000000000000e+02 1.417703356292309138e+02 0.000000000000000000e+00 0.000000000000000000e+00
1.880000000000000000e+02 1.434538277584922525e+02 0.000000000000000000e+00 0.000000000000000000e+00
1.890000000000000000e+02 1.437907679365977458e+02 0.000000000000000000e+00 0.000000000000000000e+00
1.900000000000000000e+02 1.447525821777305453e+02 0.000000000000000000e+00 0.000000000000000000e+00
1.910000000000000000e+02 1.458809638827026731e+02 0.000000000000000000e+00 0.000000000000000000e+00
1.920000000000000000e+02 1.471962504899568671e+02 0.000000000000000000e+00 0.000000000000000000e+00
1.930000000000000000e+02 1.481787292953203519e+02 0.000000000000000000e+00 0.000000000000000000e+00
1.940000000000000000e+02 1.492129995498219444e+02 0.000000000000000000e+00 0.000000000000000000e+00
1.950000000000000000e+02 1.500278489974827494e+02 0.000000000000000000e+00 0.000000000000000000e+00
1.960000000000000000e+02 1.510448437057389413e+02 0.000000000000000000e+00 0.000000000000000000e+00
1.970000000000000000e+02 1.523754358898879673e+02 0.000000000000000000e+00 0.000000000000000000e+00
1.980000000000000000e+02 1.526119286831966804e+02 0.000000000000000000e+00 0.000000000000000000e+00
1.990000000000000000e+02 1.521857934917539694e+02 1.000000000000000000e+00 0.000000000000000000e+00
2.000000000000000000e+02 1.531128789231892142e+02 1.000000000000000000e+00 0.000000000000000000e+00
2.010000000000000000e+02 1.527564030243067350e+02 1.000000000000000000e+00 0.000000000000000000e+00
2.020000000000000000e+02 1.538939941326693486e+02 0.000000000000000000e+00 0.000000000000000000e+00
2.030000000000000000e+02 1.553558606123983452e+02 0.000000000000000000e+00 0.000000000000000000e+00
2.040000000000000000e+02 1.560416480506693233e+02 0.000000000000000000e+00 0.000000000000000000e+00
2.050000000000000000e+02 1.565803767341695050e+02 0.000000000000000000e+00 0.000000000000000000e+00
2.060000000000000000e+02 1.578844062700353277e+02 0.000000000000000000e+00 0.000000000000000000e+00
2.070000000000000000e+02 1.589245419792810594e+02 0.000000000000000000e+00 0.000000000000000000e+00
2.080000000000000000e+02 1.597752681921077169e+02 0.000000000000000000e+00 0.000000000000000000e+00
2.090000000000000000e+02 1.618975986799157170e+02 0.000000000000000000e+00 0.000000000000000000e+00
2.100000000000000000e+02 1.620469394658259148e+02 0.000000000000000000e+00 0.000000000000000000e+00
2.110000000000000000e+02 1.634998583056542714e+02 0.000000000000000000e+00 0.000000000000000000e+00
2.120000000000000000e+02 1.647042321648526695e+02 0.000000000000000000e+00 0.000000000000000000e+00
2.130000000000000000e+02 1.652373448178445017e+02 0.000000000000000000e+00 0.000000000000000000e+00
2.140000000000000000e+02 1.663243868174712929e+02 0.000000000000000000e+00 0.000000000000000000e+00
2.150000000000000000e+02 1.675506353740460384e+02 0.000000000000000000e+00 0.000000000000000000e+00
2.160000000000000000e+02 1.678046540751699922e+02 0.000000000000000000e+00 0.000000000000000000e+00
2.170000000000000000e+02 1.680319784998793580e+02 0.000000000000000000e+00 0.000000000000000000e+00
2.180000000000000000e+02 1.700346638429130053e+02 0.000000000000000000e+00 0.000000000000000000e+00
2.190000000000000000e+02 1.716937983584596736e+02 0.000000000000000000e+00 0.000000000000000000e+00
2.200000000000000000e+02 1.719831683912792926e+02 0.000000000000000000e+00 0.000000000000000000e+00
2.210000000000000000e+02 1.733088774629511022e+02 0.000000000000000000e+00 0.000000000000000000e+00
2.220000000000000000e+02 1.729783657274758752e+02 1.000000000000000000e+00 0.000000000000000000e+00
2.230000000000000000e+02 1.747193480217715660e+02 0.000000000000000000e+00 0.000000000000000000e+00
2.240000000000000000e+02 1.751288146110987327e+02 0.000000000000000000e+00 0.000000000000000000e+00
2.250000000000000000e+02 1.759997086696166946e+02 0.000000000000000000e+00 0.000000000000000000e+00
2.260000000000000000e+02 1.772022666231063113e+02 0.000000000000000000e+00 0.000000000000000000e+00
2.270000000000000000e+02 1.771428917734536697e+02 0.000000000000000000e+00 0.000000000000000000e+00
2.280000000000000000e+02 1.784266684791328430e+02 0.000000000000000000e+00 0.000000000000000000e+00
2.290000000000000000e+02 1.799569120011972529e+02 0.000000000000000000e+00 0.000000000000000000e+00
2.300000000000000000e+02 1.786512895345928484e+02 2.000000000000000000e+00 0.000000000000000000e+00
2.310000000000000000e+02 1.800472565273401244e+02 0.000000000000000000e+00 0.000000000000000000e+00
2.320000000000000000e+02 1.817450885127099127e+02 0.000000000000000000e+00 0.000000000000000000e+00
2.330000000000000000e+02 1.813162393996839512e+02 0.000000000000000000e+00 0.000000000000000000e+00
2.340000000000000000e+02 1.835492364289649458e+02 0.000000000000000000e+00 0.000000000000000000e+00
2.350000000000000000e+02 1.843600483267643995e+02 0.000000000000000000e+00 0.000000000000000000e+00
2.360000000000000000e+02 1.844869486625860588e+02 0.000000000000000000e+00 0.000000000000000000e+00
2.370000000000000000e+02 1.856650842719096772e+02 0.000000000000000000e+00 0.000000000000000000e+00
2.380000000000000000e+02 1.872292934931653861e+02 0.000000000000000000e+00 0.000000000000000000e+00
2.390000000000000000e+02 1.891940370914182097e+02 0.000000000000000000e+00 0.000000000000000000e+00
2.400000000000000000e+02 1.886006322967386666e+02 0.000000000000000000e+00 0.000000000000000000e+00
2.410000000000000000e+02 1.895480429229307902e+02 0.000000000000000000e+00 0.000000000000000000e+00
2.420000000000000000e+02 1.889791991495404204e+02 2.000000000000000000e+00 0.000000000000000000e+00
2.430000000000000000e+02 1.898903865636360138e+02 0.000000000000000000e+00 0.000000000000000000e+00
2.440000000000000000e+02 1.919008130271764685e+02 0.000000000000000000e+00 0.000000000000000000e+00
2.450000000000000000e+02 1.915818333404136808e+02 0.000000000000000000e+00 0.000000000000000000e+00
2.460000000000000000e+02 1.926299023388130820e+02 0.000000000000000000e+00 0.000000000000000000e+00
2.470000000000000000e+02 1.939845450259116717e+02 0.000000000000000000e+00 0.000000000000000000e+00
2.480000000000000000e+02 1.954086623096998778e+02 0.000000000000000000e+00 0.000000000000000000e+00
2.490000000000000000e+02 1.952048210962524877e+02 0.000000000000000000e+00 0.000000000000000000e+00
2.500000000000000000e+02 1.974505155060754475e+02 0.000000000000000000e+00 0.000000000000000000e+00
2.510000000000000000e+02 1.985007119411413044e+02 0.000000000000000000e+00 0.000000000000000000e+00
2.520000000000000000e+02 1.983896567624159388e+02 0.000000000000000000e+00 0.000000000000000000e+00
2.530000000000000000e+02 1.989219161390091983e+02 0.000000000000000000e+00 0.000000000000000000e+00
2.540000000000000000e+02 2.001383566732937425e+02 0.000000000000000000e+00 0.000000000000000000e+00
2.550000000000000000e+02 2.021942720019391686e+02 0.000000000000000000e+00 0.000000000000000000e+00
2.560000000000000000e+02 2.033129026435402693e+02 0.000000000000000000e+00 0.000000000000000000e+00
2.570000000000000000e+02 2.033862809579074167e+02 0.000000000000000000e+00 0.000000000000000000e+00
2.580000000000000000e+02 2.052673900939116152e+02 0.000000000000000000e+00 0.000000000000000000e+00
2.590000000000000000e+02 2.063653784024876643e+02 0.000000000000000000e+00 0.000000000000000000e+00
2.600000000000000000e+02 2.073857852229273533e+02 0.000000000000000000e+00 0.000000000000000000e+00
2.610000000000000000e+02 2.071432669711957999e+02 1.000000000000000000e+00 0.000000000000000000e+00
2.620000000000000000e+02 2.063465486723967501e+02 2.000000000000000000e+00 0.000000000000000000e+00
2.630000000000000000e+02 2.066718038422264954e+02 1.000000000000000000e+00 0.000000000000000000e+00
2.640000000000000000e+02 2.064147954039772515e+02 0.000000000000000000e+00 0.000000000000000000e+00
2.650000000000000000e+02 2.062335182951862009e+02 1.000000000000000000e+00 0.000000000000000000e+00
2.660000000000000000e+02 2.071031942937846964e+02 1.000000000000000000e+00 0.000000000000000000e+00
2.670000000000000000e+02 2.072655369815159077e+02 0.000000000000000000e+00 0.000000000000000000e+00
2.680000000000000000e+02 2.080752428132198872e+02 0.000000000000000000e+00 0.000000000000000000e+00
2.690000000000000000e+02 2.096298883603801926e+02 0.000000000000000000e+00 0.000000000000000000e+00
2.700000000000000000e+02 2.110871881216754673e+02 0.000000000000000000e+00 0.000000000000000000e+00
2.710000000000000000e+02 2.120207465607210509e+02 0.000000000000000000e+00 0.000000000000000000e+00
2.720000000000000000e+02 2.122771881292077580e+02 1.000000000000000000e+00 0.000000000000000000e+00
2.730000000000000000e+02 2.127023055719451747e+02 1.000000000000000000e+00 0.000000000000000000e+00
2.740000000000000000e+02 2.140978472503440457e+02 0.000000000000000000e+00 0.000000000000000000e+00
2.750000000000000000e+02 2.144303115942725526e+02 0.000000000000000000e+00 0.000000000000000000e+00
2.760000000000000000e+02 2.154789700832915571e+02 0.000000000000000000e+00 0.000000000000000000e+00
2.770000000000000000e+02 2.144231317281556812e+02 2.000000000000000000e+00 0.000000000000000000e+00
2.780000000000000000e+02 2.140291908884763927e+02 1.000000000000000000e+00 0.000000000000000000e+00
2.790000000000000000e+02 2.150896469262677329e+02 0.000000000000000000e+00 0.000000000000000000e+00
2.800000000000000000e+02 2.154573429872562826e+02 1.000000000000000000e+00 0.000000000000000000e+00
2.810000000000000000e+02 2.155837183161678183e+02 0.000000000000000000e+00 0.000000000000000000e+00
2.820000000000000000e+02 2.164469545285884919e+02 0.000000000000000000e+00 0.000000000000000000e+00
2.830000000000000000e+02 2.182948567317923505e+02 0.000000000000000000e+00 0.000000000000000000e+00
2.840000000000000000e+02 2.182789815081295615e+02 1.000000000000000000e+00 0.000000000000000000e+00
2.850000000000000000e+02 2.170095736991063404e+02 2.000000000000000000e+00 0.000000000000000000e+00
2.860000000000000000e+02 2.185545705374240413e+02 0.000000000000000000e+00 0.000000000000000000e+00
2.870000000000000000e+02 2.196598120450378246e+02 0.000000000000000000e+00 0.000000000000000000e+00
2.880000000000000000e+02 2.195671768491621378e+02 0.000000000000000000e+00 0.000000000000000000e+00
2.890000000000000000e+02 2.219454351203327747e+02 0.000000000000000000e+00 0.000000000000000000e+00
2.900000000000000000e+02 2.211089655912149965e+02 0.000000000000000000e+00 0.000000000000000000e+00
2.910000000000000000e+02 2.238300295096310037e+02 0.000000000000000000e+00 0.000000000000000000e+00
2.920000000000000000e+02 2.238346421151126719e+02 0.000000000000000000e+00 0.000000000000000000e+00
2.930000000000000000e+02 2.247712902091875549e+02 0.000000000000000000e+00 0.000000000000000000e+00
2.940000000000000000e+02 2.260752566744241108e+02 0.000000000000000000e+00 0.000000000000000000e+00
2.950000000000000000e+02 2.273791798944723723e+02 0.000000000000000000e+00 0.000000000000000000e+00
2.960000000000000000e+02 2.271281370941232751e+02 0.000000000000000000e+00 0.000000000000000000e+00
2.970000000000000000e+02 2.289170854476933528e+02 0.000000000000000000e+00 0.000000000000000000e+00
2.980000000000000000e+02 2.301843473983888657e+02 0.000000000000000000e+00 0.000000000000000000e+00
2.990000000000000000e+02 2.309060499878220583e+02 0.000000000000000000e+00 0.000000000000000000e+00
3.000000000000000000e+02 2.322075542481654225e+02 0.000000000000000000e+00 0.000000000000000000e+00
3.010000000000000000e+02 2.326568962714242161e+02 0.000000000000000000e+00 0.000000000000000000e+00
3.020000000000000000e+02 2.333910180628019191e+02 0.000000000000000000e+00 0.000000000000000000e+00
3.030000000000000000e+02 2.348730065968238421e+02 0.000000000000000000e+00 0.000000000000000000e+00
3.040000000000000000e+02 2.363000773002322319e+02 0.000000000000000000e+00 0.000000000000000000e+00
3.050000000000000000e+02 2.364706375436232690e+02 0.000000000000000000e+00 0.000000000000000000e+00
3.060000000000000000e+02 2.375312356046573825e+02 0.000000000000000000e+00 0.000000000000000000e+00
3.070000000000000000e+02 2.392618071869734138e+02 0.000000000000000000e+00 0.000000000000000000e+00
3.080000000000000000e+02 2.394937596650944727e+02 0.000000000000000000e+00 0.000000000000000000e+00
3.090000000000000000e+02 2.411337379146245041e+02 0.000000000000000000e+00 0.000000000000000000e+00
3.100000000000000000e+02 2.398664069057398081e+02 2.000000000000000000e+00 0.000000000000000000e+00
3.110000000000000000e+02 2.408335080450889905e+02 0.000000000000000000e+00 0.000000000000000000e+00
3.120000000000000000e+02 2.422839338191599268e+02 0.000000000000000000e+00 0.000000000000000000e+00
3.130000000000000000e+02 2.432926799499229844e+02 0.000000000000000000e+00 0.000000000000000000e+00
3.140000000000000000e+02 2.436864241709996008e+02 0.000000000000000000e+00 0.000000000000000000e+00
3.150000000000000000e+02 2.428517146046993957e+02 2.000000000000000000e+00 0.000000000000000000e+00
3.160000000000000000e+02 2.413699752586176714e+02 2.000000000000000000e+00 0.000000000000000000e+00
3.170000000000000000e+02 2.428157776025200292e+02 0.000000000000000000e+00 0.000000000000000000e+00
3.180000000000000000e+02 2.444848525272219604e+02 0.000000000000000000e+00 0.000000000000000000e+00
3.190000000000000000e+02 2.457927159558486494e+02 0.000000000000000000e+00 0.000000000000000000e+00
3.200000000000000000e+02 2.462176448796880663e+02 0.000000000000000000e+00 0.000000000000000000e+00
3.210000000000000000e+02 2.472657227913384759e+02 0.000000000000000000e+00 0.000000000000000000e+00
3.220000000000000000e+02 2.478823213939100469e+02 0.000000000000000000e+00 0.000000000000000000e+00
3.230000000000000000e+02 2.484915070960129526e+02 0.000000000000000000e+00 0.000000000000000000e+00
3.240000000000000000e+02 2.509078955639320725e+02 0.000000000000000000e+00 0.000000000000000000e+00
3.250000000000000000e+02 2.506937293680936705e+02 0.000000000000000000e+00 0.000000000000000000e+00
3.260000000000000000e+02 2.531732852021820861e+02 0.000000000000000000e+00 0.000000000000000000e+00
3.270000000000000000e+02 2.533920707812893340e+02 0.000000000000000000e+00 0.000000000000000000e+00
3.280000000000000000e+02 2.547276212879596926e+02 0.000000000000000000e+00 0.000000000000000000e+00
3.290000000000000000e+02 2.521548633863079658e+02 2.000000000000000000e+00 0.000000000000000000e+00
3.300000000000000000e+02 2.542190280510093316e+02 0.000000000000000000e+00 0.000000000000000000e+00
3.310000000000000000e+02 2.550837321040685595e+02 0.000000000000000000e+00 0.000000000000000000e+00
3.320000000000000000e+02 2.556953654400996356e+02 0.000000000000000000e+00 0.000000000000000000e+00
3.330000000000000000e+02 2.567330123231702714e+02 0.000000000000000000e+00 0.000000000000000000e+00
3.340000000000000000e+02 2.573379911313329558e+02 0.000000000000000000e+00 0.000000000000000000e+00
3.350000000000000000e+02 2.586237561336889144e+02 0.000000000000000000e+00 0.000000000000000000e+00
3.360000000000000000e+02 2.601160774657657271e+02 0.000000000000000000e+00 0.000000000000000000e+00
3.370000000000000000e+02 2.609132083490850391e+02 0.000000000000000000e+00 0.000000000000000000e+00
3.380000000000000000e+02 2.617163653543614714e+02 1.000000000000000000e+00 0.000000000000000000e+00
3.390000000000000000e+02 2.620261719915294520e+02 1.000000000000000000e+00 0.000000000000000000e+00
3.400000000000000000e+02 2.618898713412287975e+02 0.000000000000000000e+00 0.000000000000000000e+00
3.410000000000000000e+02 2.629849491688057697e+02 0.000000000000000000e+00 0.000000000000000000e+00
3.420000000000000000e+02 2.632998998933609869e+02 0.000000000000000000e+00 0.000000000000000000e+00
3.430000000000000000e+02 2.648721255282235347e+02 0.000000000000000000e+00 0.000000000000000000e+00
3.440000000000000000e+02 2.657383604578113818e+02 0.000000000000000000e+00 0.000000000000000000e+00
3.450000000000000000e+02 2.679669012896081881e+02 0.000000000000000000e+00 0.000000000000000000e+00
3.460000000000000000e+02 2.679433426628274333e+02 0.000000000000000000e+00 0.000000000000000000e+00
3.470000000000000000e+02 2.687975677639504397e+02 0.000000000000000000e+00 0.000000000000000000e+00
3.480000000000000000e+02 2.689149221446558045e+02 0.000000000000000000e+00 0.000000000000000000e+00
3.490000000000000000e+02 2.721317803627599119e+02 0.000000000000000000e+00 0.000000000000000000e+00
3.500000000000000000e+02 2.722977520552495889e+02 0.000000000000000000e+00 0.000000000000000000e+00
3.510000000000000000e+02 2.733360844064889079e+02 0.000000000000000000e+00 0.000000000000000000e+00
3.520000000000000000e+02 2.736307472509658965e+02 0.000000000000000000e+00 0.000000000000000000e+00
3.530000000000000000e+02 2.744567499498244842e+02 0.000000000000000000e+00 0.000000000000000000e+00
3.540000000000000000e+02 2.756102716838562969e+02 0.000000000000000000e+00 0.000000000000000000e+00
3.550000000000000000e+02 2.771328449466221286e+02 0.000000000000000000e+00 0.000000000000000000e+00
3.560000000000000000e+02 2.787622903732257100e+02 0.000000000000000000e+00 0.000000000000000000e+00
3.570000000000000000e+02 2.795850263726677554e+02 0.000000000000000000e+00 0.000000000000000000e+00
3.580000000000000000e+02 2.782272726152154405e+02 1.000000000000000000e+00 0.000000000000000000e+00
3.590000000000000000e+02 2.803355035021048138e+02 0.000000000000000000e+00 0.000000000000000000e+00
3.600000000000000000e+02 2.809488440074129585e+02 0.000000000000000000e+00 0.000000000000000000e+00
3.610000000000000000e+02 2.820952018305740125e+02 0.000000000000000000e+00 0.000000000000000000e+00
3.620000000000000000e+02 2.823433923954863758e+02 1.000000000000000000e+00 0.000000000000000000e+00
3.630000000000000000e+02 2.831413694731196529e+02 0.000000000000000000e+00 0.000000000000000000e+00
3.640000000000000000e+02 2.838837343941751783e+02 0.000000000000000000e+00 0.000000000000000000e+00
3.650000000000000000e+02 2.845296784338069074e+02 0.000000000000000000e+00 0.000000000000000000e+00
3.660000000000000000e+02 2.857321216468851048e+02 0.000000000000000000e+00 0.000000000000000000e+00
3.670000000000000000e+02 2.874206995242366247e+02 0.000000000000000000e+00 0.000000000000000000e+00
3.680000000000000000e+02 2.878462921368451362e+02 0.000000000000000000e+00 0.000000000000000000e+00
3.690000000000000000e+02 2.885178766284789731e+02 0.000000000000000000e+00 0.000000000000000000e+00
3.700000000000000000e+02 2.901119488329061937e+02 0.000000000000000000e+00 0.000000000000000000e+00
3.710000000000000000e+02 2.904543167529081416e+02 0.000000000000000000e+00 0.000000000000000000e+00
3.720000000000000000e+02 2.920521230284689409e+02 0.000000000000000000e+00 0.000000000000000000e+00
3.730000000000000000e+02 2.939278664670782746e+02 0.000000000000000000e+00 0.000000000000000000e+00
3.740000000000000000e+02 2.935160583269884000e+02 0.000000000000000000e+00 0.000000000000000000e+00
3.750000000000000000e+02 2.950517269558545195e+02 0.000000000000000000e+00 0.000000000000000000e+00
3.760000000000000000e+02 2.952513613287874819e+02 2.000000000000000000e+00 0.000000000000000000e+00
3.770000000000000000e+02 2.928093357928971159e+02 2.000000000000000000e+00 0.000000000000000000e+00
3.780000000000000000e+02 2.947716418205014293e+02 0.000000000000000000e+00 0.000000000000000000e+00
3.790000000000000000e+02 2.951026459822956554e+02 0.000000000000000000e+00 0.000000000000000000e+00
3.800000000000000000e+02 2.954923432271116326e+02 0.000000000000000000e+00 0.000000000000000000e+00
3.810000000000000000e+02 2.950657386141798497e+02 2.000000000000000000e+00 0.000000000000000000e+00
3.820000000000000000e+02 2.960953880815466164e+02 0.000000000000000000e+00 0.000000000000000000e+00
3.830000000000000000e+02 2.969842481909769845e+02 0.000000000000000000e+00 0.000000000000000000e+00
3.840000000000000000e+02 2.976621603565719738e+02 0.000000000000000000e+00 0.000000000000000000e+00
3.850000000000000000e+02 2.990929307209180479e+02 0.000000000000000000e+00 0.000000000000000000e+00
3.860000000000000000e+02 3.000554443711480985e+02 0.000000000000000000e+00 0.000000000000000000e+00
3.870000000000000000e+02 3.015568976631113856e+02 0.000000000000000000e+00 0.000000000000000000e+00
3.880000000000000000e+02 3.024431136945629532e+02 0.000000000000000000e+00 0.000000000000000000e+00
3.890000000000000000e+02 3.034048525657077562e+02 0.000000000000000000e+00 0.000000000000000000e+00
3.900000000000000000e+02 3.040643435493539073e+02 0.000000000000000000e+00 0.000000000000000000e+00
3.910000000000000000e+02 3.043802193399502585e+02 0.000000000000000000e+00 0.000000000000000000e+00
3.920000000000000000e+02 3.060250111684277954e+02 0.000000000000000000e+00 0.000000000000000000e+00
3.930000000000000000e+02 3.072118398068329270e+02 0.000000000000000000e+00 0.000000000000000000e+00
3.940000000000000000e+02 3.083959837884881949e+02 0.000000000000000000e+00 0.000000000000000000e+00
3.950000000000000000e+02 3.087031302492392228e+02 0.000000000000000000e+00 0.000000000000000000e+00
3.960000000000000000e+02 3.104754219777934168e+02 0.000000000000000000e+00 0.000000000000000000e+00
3.970000000000000000e+02 3.100206207279535420e+02 0.000000000000000000e+00 0.000000000000000000e+00
3.980000000000000000e+02 3.115402147102573167e+02 0.000000000000000000e+00 0.000000000000000000e+00
3.990000000000000000e+02 3.128523670809369150e+02 0.000000000000000000e+00 0.000000000000000000e+00
4.000000000000000000e+02 3.140836768851910961e+02 1.000000000000000000e+00 0.000000000000000000e+00
4.010000000000000000e+02 3.133440567289909495e+02 0.000000000000000000e+00 0.000000000000000000e+00
4.020000000000000000e+02 3.151675592447307963e+02 0.000000000000000000e+00 0.000000000000000000e+00
4.030000000000000000e+02 3.150042749968346811e+02 1.000000000000000000e+00 0.000000000000000000e+00
4.040000000000000000e+02 3.135991820581911611e+02 2.000000000000000000e+00 0.000000000000000000e+00
4.050000000000000000e+02 3.135052887494331912e+02 2.000000000000000000e+00 0.000000000000000000e+00
4.060000000000000000e+02 3.146240708036347655e+02 0.000000000000000000e+00 0.000000000000000000e+00
4.070000000000000000e+02 3.146755277316568709e+02 0.000000000000000000e+00 0.000000000000000000e+00
4.080000000000000000e+02 3.163767841785071369e+02 0.000000000000000000e+00 0.000000000000000000e+00
4.090000000000000000e+02 3.172495118884078806e+02 0.000000000000000000e+00 0.000000000000000000e+00
4.100000000000000000e+02 3.157564064305403804e+02 2.000000000000000000e+00 0.000000000000000000e+00
4.110000000000000000e+02 3.168751724656776787e+02 0.000000000000000000e+00 0.000000000000000000e+00
4.120000000000000000e+02 3.180690871872665184e+02 0.000000000000000000e+00 0.000000000000000000e+00
4.130000000000000000e+02 3.172355578353856913e+02 2.000000000000000000e+00 0.000000000000000000e+00
4.140000000000000000e+02 3.175363690420787748e+02 0.000000000000000000e+00 0.000000000000000000e+00
4.150000000000000000e+02 3.188060006381098219e+02 0.000000000000000000e+00 0.000000000000000000e+00
4.160000000000000000e+02 3.199491959875413727e+02 0.000000000000000000e+00 0.000000000000000000e+00
4.170000000000000000e+02 3.185378792568299673e+02 2.000000000000000000e+00 0.000000000000000000e+00
4.180000000000000000e+02 3.177373466063260139e+02 2.000000000000000000e+00 0.000000000000000000e+00
4.190000000000000000e+02 3.184116989057063165e+02 0.000000000000000000e+00 0.000000000000000000e+00
4.200000000000000000e+02 3.192241753557643733e+02 0.000000000000000000e+00 0.000000000000000000e+00
4.210000000000000000e+02 3.208368269463874753e+02 0.000000000000000000e+00 0.000000000000000000e+00
4.220000000000000000e+02 3.218080256600891289e+02 0.000000000000000000e+00 0.000000000000000000e+00
4.230000000000000000e+02 3.235127421153516138e+02 0.000000000000000000e+00 0.000000000000000000e+00
4.240000000000000000e+02 3.235807634208933337e+02 0.000000000000000000e+00 0.000000000000000000e+00
4.250000000000000000e+02 3.246407936509299361e+02 0.000000000000000000e+00 0.000000000000000000e+00
4.260000000000000000e+02 3.256768172644547690e+02 0.000000000000000000e+00 0.000000000000000000e+00
4.270000000000000000e+02 3.268130288670510595e+02 0.000000000000000000e+00 0.000000000000000000e+00
4.280000000000000000e+02 3.278376387835751302e+02 0.000000000000000000e+00 0.000000000000000000e+00
4.290000000000000000e+02 3.281237724387986532e+02 0.000000000000000000e+00 0.000000000000000000e+00
4.300000000000000000e+02 3.299763127889656289e+02 0.000000000000000000e+00 0.000000000000000000e+00
4.310000000000000000e+02 3.309966136785668596e+02 0.000000000000000000e+00 0.000000000000000000e+00
4.320000000000000000e+02 3.311065179895315396e+02 0.000000000000000000e+00 0.000000000000000000e+00
4.330000000000000000e+02 3.327725609295430331e+02 0.000000000000000000e+00 0.000000000000000000e+00
4.340000000000000000e+02 3.330470958472013194e+02 0.000000000000000000e+00 0.000000000000000000e+00
4.350000000000000000e+02 3.351002125296021177e+02 0.000000000000000000e+00 0.000000000000000000e+00
4.360000000000000000e+02 3.359700838002721071e+02 0.000000000000000000e+00 0.000000000000000000e+00
4.370000000000000000e+02 3.365297685888107253e+02 0.000000000000000000e+00 0.000000000000000000e+00
4.380000000000000000e+02 3.389186026785152990e+02 0.000000000000000000e+00 0.000000000000000000e+00
4.390000000000000000e+02 3.391274743059700540e+02 0.000000000000000000e+00 0.000000000000000000e+00
4.400000000000000000e+02 3.408345776932724789e+02 0.000000000000000000e+00 0.000000000000000000e+00
4.410000000000000000e+02 3.405553600750088208e+02 0.000000000000000000e+00 0.000000000000000000e+00
4.420000000000000000e+02 3.418265769276459309e+02 0.000000000000000000e+00 0.000000000000000000e+00
4.430000000000000000e+02 3.402647754746960231e+02 2.000000000000000000e+00 0.000000000000000000e+00
4.440000000000000000e+02 3.403832037029563935e+02 1.000000000000000000e+00 0.000000000000000000e+00
4.450000000000000000e+02 3.415735540523050986e+02 0.000000000000000000e+00 0.000000000000000000e+00
4.460000000000000000e+02 3.438353157641536768e+02 0.000000000000000000e+00 0.000000000000000000e+00
4.470000000000000000e+02 3.426932245922463380e+02 2.000000000000000000e+00 0.000000000000000000e+00
4.480000000000000000e+02 3.423703370887142796e+02 0.000000000000000000e+00 0.000000000000000000e+00
4.490000000000000000e+02 3.432965111966101404e+02 1.000000000000000000e+00 0.000000000000000000e+00
4.500000000000000000e+02 3.420606153426288074e+02 2.000000000000000000e+00 0.000000000000000000e+00
4.510000000000000000e+02 3.426307215256811105e+02 1.000000000000000000e+00 0.000000000000000000e+00
4.520000000000000000e+02 3.435087603274744765e+02 0.000000000000000000e+00 0.000000000000000000e+00
4.530000000000000000e+02 3.432989972800630198e+02 0.000000000000000000e+00 0.000000000000000000e+00
4.540000000000000000e+02 3.453297033831129283e+02 0.000000000000000000e+00 0.000000000000000000e+00
4.550000000000000000e+02 3.457924991251337588e+02 0.000000000000000000e+00 0.000000000000000000e+00
4.560000000000000000e+02 3.465314183032982669e+02 0.000000000000000000e+00 0.000000000000000000e+00
4.570000000000000000e+02 3.482972737908763179e+02 0.000000000000000000e+00 0.000000000000000000e+00
4.580000000000000000e+02 3.494354242528414716e+02 0.000000000000000000e+00 0.000000000000000000e+00
4.590000000000000000e+02 3.491793667535532109e+02 0.000000000000000000e+00 0.000000000000000000e+00
4.600000000000000000e+02 3.506237308333174951e+02 0.000000000000000000e+00 0.000000000000000000e+00
4.610000000000000000e+02 3.525082486419011047e+02 0.000000000000000000e+00 0.000000000000000000e+00
4.620000000000000000e+02 3.531760279721358415e+02 0.000000000000000000e+00 0.000000000000000000e+00
4.630000000000000000e+02 3.538744309149711285e+02 0.000000000000000000e+00 0.000000000000000000e+00
4.640000000000000000e+02 3.548546025927411733e+02 0.000000000000000000e+00 0.000000000000000000e+00
4.650000000000000000e+02 3.561583117990059009e+02 0.000000000000000000e+00 0.000000000000000000e+00
4.660000000000000000e+02 3.541738977689173566e+02 2.000000000000000000e+00 0.000000000000000000e+00
4.670000000000000000e+02 3.561563590323221433e+02 0.000000000000000000e+00 0.000000000000000000e+00
4.680000000000000000e+02 3.566808778795251555e+02 0.000000000000000000e+00 0.000000000000000000e+00
4.690000000000000000e+02 3.575418626367254546e+02 0.000000000000000000e+00 0.000000000000000000e+00
4.700000000000000000e+02 3.585639758054304025e+02 0.000000000000000000e+00 0.000000000000000000e+00
4.710000000000000000e+02 3.604569754849376295e+02 0.000000000000000000e+00 0.000000000000000000e+00
4.720000000000000000e+02 3.608536413749481540e+02 0.000000000000000000e+00 0.000000000000000000e+00
4.730000000000000000e+02 3.615965592610875206e+02 0.000000000000000000e+00 0.000000000000000000e+00
4.740000000000000000e+02 3.627733664999370262e+02 0.000000000000000000e+00 0.000000000000000000e+00
4.750000000000000000e+02 3.640549823718246216e+02 0.000000000000000000e+00 0.000000000000000000e+00
4.760000000000000000e+02 3.616564781836843281e+02 2.000000000000000000e+00 0.000000000000000000e+00
4.770000000000000000e+02 3.635867512019831906e+02 0.000000000000000000e+00 0.000000000000000000e+00
4.780000000000000000e+02 3.648549413694702253e+02 0.000000000000000000e+00 0.000000000000000000e+00
4.790000000000000000e+02 3.656331893353643068e+02 0.000000000000000000e+00 0.000000000000000000e+00
4.800000000000000000e+02 3.672047193921297890e+02 0.000000000000000000e+00 0.000000000000000000e+00
4.810000000000000000e+02 3.679270027067564683e+02 0.000000000000000000e+00 0.000000000000000000e+00
4.820000000000000000e+02 3.688339519274267104e+02 0.000000000000000000e+00 0.000000000000000000e+00
4.830000000000000000e+02 3.694697428081623229e+02 0.000000000000000000e+00 0.000000000000000000e+00
4.840000000000000000e+02 3.708920457670838005e+02 0.000000000000000000e+00 0.000000000000000000e+00
4.850000000000000000e+02 3.717079787573209160e+02 0.000000000000000000e+00 0.000000000000000000e+00
4.860000000000000000e+02 3.727640035123168332e+02 0.000000000000000000e+00 0.000000000000000000e+00
4.870000000000000000e+02 3.733770420265641974e+02 0.000000000000000000e+00 0.000000000000000000e+00
4.880000000000000000e+02 3.756698243956635110e+02 0.000000000000000000e+00 0.000000000000000000e+00
4.890000000000000000e+02 3.758386393621874504e+02 0.000000000000000000e+00 0.000000000000000000e+00
4.900000000000000000e+02 3.750909693848782922e+02 2.000000000000000000e+00 0.000000000000000000e+00
4.910000000000000000e+02 3.760265040923439415e+02 0.000000000000000000e+00 0.000000000000000000e+00
4.920000000000000000e+02 3.774617644067764672e+02 0.000000000000000000e+00 0.000000000000000000e+00
4.930000000000000000e+02 3.781019395402109353e+02 0.000000000000000000e+00 0.000000000000000000e+00
4.940000000000000000e+02 3.788380235167417140e+02 0.000000000000000000e+00 0.000000000000000000e+00
4.950000000000000000e+02 3.807834450564486133e+02 0.000000000000000000e+00 0.000000000000000000e+00
4.960000000000000000e+02 3.814825474398066376e+02 0.000000000000000000e+00 0.000000000000000000e+00
4.970000000000000000e+02 3.822409897151775340e+02 0.000000000000000000e+00 0.000000000000000000e+00
4.980000000000000000e+02 3.829561812621520289e+02 0.000000000000000000e+00 0.000000000000000000e+00
4.990000000000000000e+02 3.848783030546372856e+02 0.000000000000000000e+00 0.000000000000000000e+00
5.000000000000000000e+02 3.856383375856112252e+02 0.000000000000000000e+00 0.000000000000000000e+00
5.010000000000000000e+02 3.840532944116872613e+02 2.000000000000000000e+00 0.000000000000000000e+00
5.020000000000000000e+02 3.831185821324248764e+02 2.000000000000000000e+00 0.000000000000000000e+00
5.030000000000000000e+02 3.831186857528714995e+02 1.000000000000000000e+00 0.000000000000000000e+00
5.040000000000000000e+02 3.835651761361146441e+02 0.000000000000000000e+00 0.000000000000000000e+00
5.050000000000000000e+02 3.852386497582255060e+02 0.000000000000000000e+00 0.000000000000000000e+00
5.060000000000000000e+02 3.860514341541046406e+02 0.000000000000000000e+00 0.000000000000000000e+00
5.070000000000000000e+02 3.873636135942488750e+02 0.000000000000000000e+00 0.000000000000000000e+00
5.080000000000000000e+02 3.884540161944349848e+02 0.000000000000000000e+00 0.000000000000000000e+00
5.090000000000000000e+02 3.876560529898132472e+02 0.000000000000000000e+00 0.000000000000000000e+00
5.100000000000000000e+02 3.884340937387993904e+02 2.000000000000000000e+00 0.000000000000000000e+00
5.110000000000000000e+02 3.872477971495262068e+02 2.000000000000000000e+00 0.000000000000000000e+00
5.120000000000000000e+02 3.871316704095223145e+02 2.000000000000000000e+00 0.000000000000000000e+00
5.130000000000000000e+02 3.858416927928912514e+02 2.000000000000000000e+00 0.000000000000000000e+00
5.140000000000000000e+02 3.859463381235502197e+02 0.000000000000000000e+00 0.000000000000000000e+00
5.150000000000000000e+02 3.859257350574840757e+02 1.000000000000000000e+00 0.000000000000000000e+00
5.160000000000000000e+02 3.870782262605752067e+02 0.000000000000000000e+00 0.000000000000000000e+00
5.170000000000000000e+02 3.893678262787381072e+02 0.000000000000000000e+00 0.000000000000000000e+00
5.180000000000000000e+02 3.895578670417869489e+02 0.000000000000000000e+00 0.000000000000000000e+00
5.190000000000000000e+02 3.901327694833975102e+02 0.000000000000000000e+00 0.000000000000000000e+00
5.200000000000000000e+02 3.915019012252101334e+02 0.000000000000000000e+00 0.000000000000000000e+00
5.210000000000000000e+02 3.924488799778891348e+02 0.000000000000000000e+00 0.000000000000000000e+00
5.220000000000000000e+02 3.928578860754256539e+02 0.000000000000000000e+00 0.000000000000000000e+00
5.230000000000000000e+02 3.935368778100844338e+02 0.000000000000000000e+00 0.000000000000000000e+00
5.240000000000000000e+02 3.946523920625569417e+02 0.000000000000000000e+00 0.000000000000000000e+00
5.250000000000000000e+02 3.947391403885530963e+02 0.000000000000000000e+00 0.000000000000000000e+00
5.260000000000000000e+02 3.972660129336151726e+02 0.000000000000000000e+00 0.000000000000000000e+00
5.270000000000000000e+02 3.981172025069233769e+02 0.000000000000000000e+00 0.000000000000000000e+00
5.280000000000000000e+02 3.974986653474223317e+02 2.000000000000000000e+00 0.000000000000000000e+00
5.290000000000000000e+02 3.988115458637467441e+02 0.000000000000000000e+00 0.000000000000000000e+00
5.300000000000000000e+02 3.983731046766434361e+02 0.000000000000000000e+00 0.000000000000000000e+00
5.310000000000000000e+02 3.995559274306290831e+02 0.000000000000000000e+00 0.000000000000000000e+00
5.320000000000000000e+02 4.011427552785777380e+02 0.000000000000000000e+00 0.000000000000000000e+00
5.330000000000000000e+02 4.002301532026190216e+02 2.000000000000000000e+00 0.000000000000000000e+00
5.340000000000000000e+02 4.004107039538270669e+02 1.000000000000000000e+00 0.000000000000000000e+00
5.350000000000000000e+02 4.011991343131223857e+02 1.000000000000000000e+00 0.000000000000000000e+00
5.360000000000000000e+02 4.016200251992177073e+02 0.000000000000000000e+00 0.000000000000000000e+00
5.370000000000000000e+02 4.022959800132494479e+02 0.000000000000000000e+00 0.000000000000000000e+00
5.380000000000000000e+02 4.024665285833546022e+02 0.000000000000000000e+00 0.000000000000000000e+00
5.390000000000000000e+02 4.049197374298822751e+02 0.000000000000000000e+00 0.000000000000000000e+00
5.400000000000000000e+02 4.056335177593987282e+02 0.000000000000000000e+00 0.000000000000000000e+00
5.410000000000000000e+02 4.055066941345984901e+02 0.000000000000000000e+00 0.000000000000000000e+00
5.420000000000000000e+02 4.063916413683841142e+02 0.000000000000000000e+00 0.000000000000000000e+00
5.430000000000000000e+02 4.075893470448240805e+02 1.000000000000000000e+00 0.000000000000000000e+00
5.440000000000000000e+02 4.071161160228217568e+02 1.000000000000000000e+00 0.000000000000000000e+00
5.450000000000000000e+02 4.068275702774263323e+02 1.000000000000000000e+00 0.000000000000000000e+00
5.460000000000000000e+02 4.081680162703688097e+02 0.000000000000000000e+00 0.000000000000000000e+00
5.470000000000000000e+02 4.092878917664149867e+02 0.000000000000000000e+00 0.000000000000000000e+00
5.480000000000000000e+02 4.108376549014768671e+02 0.000000000000000000e+00 0.000000000000000000e+00
5.490000000000000000e+02 4.110837544403472634e+02 0.000000000000000000e+00 0.000000000000000000e+00
5.500000000000000000e+02 4.116706815569719993e+02 0.000000000000000000e+00 0.000000000000000000e+00
5.510000000000000000e+02 4.138219133778449077e+02 0.000000000000000000e+00 0.000000000000000000e+00
5.520000000000000000e+02 4.141551012501074638e+02 0.000000000000000000e+00 0.000000000000000000e+00
5.530000000000000000e+02 4.153902693244412490e+02 0.000000000000000000e+00 0.000000000000000000e+00
5.540000000000000000e+02 4.161423214749053159e+02 0.000000000000000000e+00 0.000000000000000000e+00
5.550000000000000000e+02 4.162750857571391521e+02 0.000000000000000000e+00 0.000000000000000000e+00
5.560000000000000000e+02 4.179847158297622514e+02 0.000000000000000000e+00 0.000000000000000000e+00
5.570000000000000000e+02 4.180905359019390062e+02 0.000000000000000000e+00 0.000000000000000000e+00
5.580000000000000000e+02 4.196171123643533178e+02 0.000000000000000000e+00 0.000000000000000000e+00
5.590000000000000000e+02 4.198712789081195638e+02 1.000000000000000000e+00 0.000000000000000000e+00
5.600000000000000000e+02 4.209737549283765361e+02 0.000000000000000000e+00 0.000000000000000000e+00
5.610000000000000000e+02 4.227534996331832531e+02 0.000000000000000000e+00 0.000000000000000000e+00
5.620000000000000000e+02 4.221862533253562333e+02 1.000000000000000000e+00 0.000000000000000000e+00
5.630000000000000000e+02 4.231554499198045960e+02 0.000000000000000000e+00 0.000000000000000000e+00
5.640000000000000000e+02 4.248028417313227578e+02 0.000000000000000000e+00 0.000000000000000000e+00
5.650000000000000000e+02 4.256269548201872226e+02 0.000000000000000000e+00 0.000000000000000000e+00
5.660000000000000000e+02 4.249592054150355693e+02 0.000000000000000000e+00 0.000000000000000000e+00
5.670000000000000000e+02 4.251337544638216741e+02 2.000000000000000000e+00 0.000000000000000000e+00
5.680000000000000000e+02 4.241780872766287871e+02 1.000000000000000000e+00 0.000000000000000000e+00
5.690000000000000000e+02 4.259684894862332953e+02 0.000000000000000000e+00 0.000000000000000000e+00
5.700000000000000000e+02 4.269594019881657232e+02 0.000000000000000000e+00 0.000000000000000000e+00
5.710000000000000000e+02 4.271702858648022243e+02 0.000000000000000000e+00 0.000000000000000000e+00
5.720000000000000000e+02 4.285761301635601512e+02 0.000000000000000000e+00 0.000000000000000000e+00
5.730000000000000000e+02 4.285158814621252645e+02 0.000000000000000000e+00 0.000000000000000000e+00
5.740000000000000000e+02 4.308734494466370961e+02 0.000000000000000000e+00 0.000000000000000000e+00
5.750000000000000000e+02 4.314098344234458295e+02 0.000000000000000000e+00 0.000000000000000000e+00
5.760000000000000000e+02 4.336892148579408968e+02 0.000000000000000000e+00 0.000000000000000000e+00
5.770000000000000000e+02 4.340892966184455304e+02 0.000000000000000000e+00 0.000000000000000000e+00
5.780000000000000000e+02 4.347368197432740544e+02 0.000000000000000000e+00 0.000000000000000000e+00
5.790000000000000000e+02 4.359394561512721111e+02 0.000000000000000000e+00 0.000000000000000000e+00
5.800000000000000000e+02 4.366387874418568913e+02 0.000000000000000000e+00 0.000000000000000000e+00
5.810000000000000000e+02 4.384509116569668095e+02 0.000000000000000000e+00 0.000000000000000000e+00
5.820000000000000000e+02 4.397440776881664988e+02 0.000000000000000000e+00 0.000000000000000000e+00
5.830000000000000000e+02 4.399495914878527856e+02 0.000000000000000000e+00 0.000000000000000000e+00
5.840000000000000000e+02 4.411675919583901191e+02 0.000000000000000000e+00 0.000000000000000000e+00
5.850000000000000000e+02 4.417875708667474441e+02 0.000000000000000000e+00 0.000000000000000000e+00
5.860000000000000000e+02 4.427367497726131660e+02 0.000000000000000000e+00 0.000000000000000000e+00
5.870000000000000000e+02 4.442512223946811787e+02 0.000000000000000000e+00 0.000000000000000000e+00
5.880000000000000000e+02 4.455845555492986705e+02 0.000000000000000000e+00 0.000000000000000000e+00
5.890000000000000000e+02 4.453471372081021968e+02 0.000000000000000000e+00 0.000000000000000000e+00
5.900000000000000000e+02 4.473580004167172888e+02 0.000000000000000000e+00 0.000000000000000000e+00
5.910000000000000000e+02 4.473305123606776306e+02 0.000000000000000000e+00 0.000000000000000000e+00
5.920000000000000000e+02 4.494922525998181300e+02 0.000000000000000000e+00 0.000000000000000000e+00
5.930000000000000000e+02 4.472999946278968650e+02 2.000000000000000000e+00 0.000000000000000000e+00
5.940000000000000000e+02 4.488235082878320554e+02 0.000000000000000000e+00 0.000000000000000000e+00
5.950000000000000000e+02 4.495184932437908856e+02 0.000000000000000000e+00 0.000000000000000000e+00
5.960000000000000000e+02 4.499816984960655759e+02 0.000000000000000000e+00 0.000000000000000000e+00
5.970000000000000000e+02 4.510912299245494523e+02 1.000000000000000000e+00 0.000000000000000000e+00
5.980000000000000000e+02 4.508823007126522384e+02 1.000000000000000000e+00 0.000000000000000000e+00
5.990000000000000000e+02 4.523606523602633729e+02 0.000000000000000000e+00 0.000000000000000000e+00
6.000000000000000000e+02 4.528156769247398188e+02 0.000000000000000000e+00 0.000000000000000000e+00
6.010000000000000000e+02 4.534609043154995334e+02 0.000000000000000000e+00 0.000000000000000000e+00
6.020000000000000000e+02 4.547027388547556939e+02 0.000000000000000000e+00 0.000000000000000000e+00
6.030000000000000000e+02 4.559267538348366315e+02 0.000000000000000000e+00 0.000000000000000000e+00
6.040000000000000000e+02 4.573233750664313675e+02 0.000000000000000000e+00 0.000000000000000000e+00
6.050000000000000000e+02 4.573597446863037703e+02 0.000000000000000000e+00 0.000000000000000000e+00
6.060000000000000000e+02 4.577097639308229873e+02 1.000000000000000000e+00 0.000000000000000000e+00
6.070000000000000000e+02 4.592403690768003912e+02 0.000000000000000000e+00 0.000000000000000000e+00
6.080000000000000000e+02 4.604543608222185185e+02 0.000000000000000000e+00 0.000000000000000000e+00
6.090000000000000000e+02 4.607910472058387654e+02 0.000000000000000000e+00 0.000000000000000000e+00
6.100000000000000000e+02 4.620161008514836567e+02 0.000000000000000000e+00 0.000000000000000000e+00
6.110000000000000000e+02 4.623553210456922216e+02 0.000000000000000000e+00 0.000000000000000000e+00
6.120000000000000000e+02 4.624119303766357234e+02 2.000000000000000000e+00 0.000000000000000000e+00
6.130000000000000000e+02 4.604579175841697065e+02 2.000000000000000000e+00 0.000000000000000000e+00
6.140000000000000000e+02 4.593188489264190935e+02 2.000000000000000000e+00 0.000000000000000000e+00
6.150000000000000000e+02 4.582818313057121600e+02 2.000000000000000000e+00 0.000000000000000000e+00
6.160000000000000000e+02 4.591066315793532908e+02 1.000000000000000000e+00 0.000000000000000000e+00
6.170000000000000000e+02 4.606389477918345392e+02 0.000000000000000000e+00 0.000000000000000000e+00
6.180000000000000000e+02 4.603493586867256795e+02 0.000000000000000000e+00 0.000000000000000000e+00
6.190000000000000000e+02 4.620883370609519147e+02 0.000000000000000000e+00 0.000000000000000000e+00
6.200000000000000000e+02 4.614207758266218775e+02 2.000000000000000000e+00 0.000000000000000000e+00
6.210000000000000000e+02 4.621538217301696250e+02 0.000000000000000000e+00 0.000000000000000000e+00
6.220000000000000000e+02 4.640290192329644015e+02 0.000000000000000000e+00 0.000000000000000000e+00
6.230000000000000000e+02 4.646159534039129539e+02 0.000000000000000000e+00 0.000000000000000000e+00
6.240000000000000000e+02 4.648973566065675413e+02 0.000000000000000000e+00 0.000000000000000000e+00
6.250000000000000000e+02 4.654313768960004154e+02 0.000000000000000000e+00 0.000000000000000000e+00
6.260000000000000000e+02 4.671980832863769137e+02 0.000000000000000000e+00 0.000000000000000000e+00
6.270000000000000000e+02 4.680993657278485784e+02 0.000000000000000000e+00 0.000000000000000000e+00
6.280000000000000000e+02 4.689754376219805181e+02 0.000000000000000000e+00 0.000000000000000000e+00
6.290000000000000000e+02 4.684947601406792614e+02 1.000000000000000000e+00 0.000000000000000000e+00
6.300000000000000000e+02 4.707220862199095563e+02 0.000000000000000000e+00 0.000000000000000000e+00
6.310000000000000000e+02 4.705945215815823417e+02 0.000000000000000000e+00 0.000000000000000000e+00
6.320000000000000000e+02 4.704556830243965919e+02 2.000000000000000000e+00 0.000000000000000000e+00
6.330000000000000000e+02 4.695629800353529504e+02 1.000000000000000000e+00 0.000000000000000000e+00
6.340000000000000000e+02 4.700157192845416603e+02 1.000000000000000000e+00 0.000000000000000000e+00
6.350000000000000000e+02 4.700295804895675360e+02 1.000000000000000000e+00 0.000000000000000000e+00
6.360000000000000000e+02 4.711000179539809096e+02 0.000000000000000000e+00 0.000000000000000000e+00
6.370000000000000000e+02 4.721562815209034056e+02 0.000000000000000000e+00 0.000000000000000000e+00
6.380000000000000000e+02 4.733394620980971013e+02 0.000000000000000000e+00 0.000000000000000000e+00
6.390000000000000000e+02 4.737033155605889760e+02 0.000000000000000000e+00 0.000000000000000000e+00
6.400000000000000000e+02 4.749723519796536380e+02 0.000000000000000000e+00 0.000000000000000000e+00
6.410000000000000000e+02 4.752820167236993143e+02 0.000000000000000000e+00 0.000000000000000000e+00
6.420000000000000000e+02 4.765174055130560760e+02 0.000000000000000000e+00 0.000000000000000000e+00
6.430000000000000000e+02 4.760158446514000730e+02 2.000000000000000000e+00 0.000000000000000000e+00
6.440000000000000000e+02 4.768146314815091955e+02 1.000000000000000000e+00 0.000000000000000000e+00
6.450000000000000000e+02 4.771517806966267017e+02 0.000000000000000000e+00 0.000000000000000000e+00
6.460000000000000000e+02 4.774986462023484819e+02 0.000000000000000000e+00 0.000000000000000000e+00
6.470000000000000000e+02 4.782655492086149707e+02 0.000000000000000000e+00 0.000000000000000000e+00
6.480000000000000000e+02 4.797376216345917328e+02 0.000000000000000000e+00 0.000000000000000000e+00
6.490000000000000000e+02 4.813087135185888314e+02 0.000000000000000000e+00 0.000000000000000000e+00
6.500000000000000000e+02 4.822605111945366616e+02 0.000000000000000000e+00 0.000000000000000000e+00
6.510000000000000000e+02 4.833010305036020213e+02 0.000000000000000000e+00 0.000000000000000000e+00
6.520000000000000000e+02 4.838265619888483684e+02 0.000000000000000000e+00 0.000000000000000000e+00
6.530000000000000000e+02 4.848097674650115323e+02 0.000000000000000000e+00 0.000000000000000000e+00
6.540000000000000000e+02 4.862389828467705115e+02 0.000000000000000000e+00 0.000000000000000000e+00
6.550000000000000000e+02 4.861578268838015902e+02 0.000000000000000000e+00 0.000000000000000000e+00
6.560000000000000000e+02 4.875609762732309491e+02 0.000000000000000000e+00 0.000000000000000000e+00
6.570000000000000000e+02 4.876612473458528143e+02 1.000000000000000000e+00 0.000000000000000000e+00
6.580000000000000000e+02 4.888571110626178324e+02 0.000000000000000000e+00 0.000000000000000000e+00
6.590000000000000000e+02 4.896504084311148404e+02 0.000000000000000000e+00 0.000000000000000000e+00
6.600000000000000000e+02 4.909340152267220105e+02 0.000000000000000000e+00 0.000000000000000000e+00
6.610000000000000000e+02 4.922208304720483625e+02 0.000000000000000000e+00 0.000000000000000000e+00
6.620000000000000000e+02 4.904168161089627915e+02 2.000000000000000000e+00 0.000000000000000000e+00
6.630000000000000000e+02 4.899920645071629224e+02 2.000000000000000000e+00 0.000000000000000000e+00
6.640000000000000000e+02 4.907186568207634991e+02 0.000000000000000000e+00 0.000000000000000000e+00
6.650000000000000000e+02 4.915408524860035868e+02 0.000000000000000000e+00 0.000000000000000000e+00
6.660000000000000000e+02 4.928454797482283993e+02 0.000000000000000000e+00 0.000000000000000000e+00
6.670000000000000000e+02 4.936574263149914827e+02 0.000000000000000000e+00 0.000000000000000000e+00
6.680000000000000000e+02 4.958311805592698533e+02 0.000000000000000000e+00 0.000000000000000000e+00
6.690000000000000000e+02 4.957991166001000352e+02 0.000000000000000000e+00 0.000000000000000000e+00
6.700000000000000000e+02 4.977219301247673684e+02 0.000000000000000000e+00 0.000000000000000000e+00
6.710000000000000000e+02 4.979768716597374691e+02 0.000000000000000000e+00 0.000000000000000000e+00
6.720000000000000000e+02 4.990491068713211575e+02 0.000000000000000000e+00 0.000000000000000000e+00
6.730000000000000000e+02 4.998675302446778801e+02 0.000000000000000000e+00 0.000000000000000000e+00
6.740000000000000000e+02 5.008161115873527365e+02 0.000000000000000000e+00 0.000000000000000000e+00
6.750000000000000000e+02 5.012805756220448075e+02 0.000000000000000000e+00 0.000000000000000000e+00
6.760000000000000000e+02 5.030262873125838610e+02 0.000000000000000000e+00 0.000000000000000000e+00
6.770000000000000000e+02 5.039491931699199654e+02 0.000000000000000000e+00 0.000000000000000000e+00
6.780000000000000000e+02 5.050522448544925282e+02 0.000000000000000000e+00 0.000000000000000000e+00
6.790000000000000000e+02 5.062787213655125811e+02 0.000000000000000000e+00 0.000000000000000000e+00
6.800000000000000000e+02 5.068726411249056127e+02 0.000000000000000000e+00 0.000000000000000000e+00
6.810000000000000000e+02 5.076092295444088336e+02 0.000000000000000000e+00 0.000000000000000000e+00
6.820000000000000000e+02 5.093096682390944920e+02 0.000000000000000000e+00 0.000000000000000000e+00
6.830000000000000000e+02 5.108265580696855750e+02 0.000000000000000000e+00 0.000000000000000000e+00
6.840000000000000000e+02 5.115183070246544048e+02 0.000000000000000000e+00 0.000000000000000000e+00
6.850000000000000000e+02 5.124931282627267137e+02 0.000000000000000000e+00 0.000000000000000000e+00
6.860000000000000000e+02 5.134607585111031085e+02 0.000000000000000000e+00 0.000000000000000000e+00
6.870000000000000000e+02 5.136129211015930878e+02 0.000000000000000000e+00 0.000000000000000000e+00
6.880000000000000000e+02 5.135584895717320251e+02 2.000000000000000000e+00 0.000000000000000000e+00
6.890000000000000000e+02 5.123077567206285039e+02 1.000000000000000000e+00 0.000000000000000000e+00
6.900000000000000000e+02 5.135761534385352434e+02 1.000000000000000000e+00 0.000000000000000000e+00
6.910000000000000000e+02 5.138155213801389891e+02 0.000000000000000000e+00 0.000000000000000000e+00
6.920000000000000000e+02 5.152155908897777863e+02 0.000000000000000000e+00 0.000000000000000000e+00
6.930000000000000000e+02 5.157896420987250394e+02 0.000000000000000000e+00 0.000000000000000000e+00
6.940000000000000000e+02 5.176975509737125094e+02 0.000000000000000000e+00 0.000000000000000000e+00
6.950000000000000000e+02 5.170780339667131784e+02 0.000000000000000000e+00 0.000000000000000000e+00
6.960000000000000000e+02 5.168455937433985810e+02 2.000000000000000000e+00 0.000000000000000000e+00
6.970000000000000000e+02 5.165952996243697726e+02 1.000000000000000000e+00 0.000000000000000000e+00
6.980000000000000000e+02 5.194519595187126697e+02 0.000000000000000000e+00 0.000000000000000000e+00
6.990000000000000000e+02 5.195461912152575223e+02 0.000000000000000000e+00 0.000000000000000000e+00
7.000000000000000000e+02 5.203858428192387464e+02 0.000000000000000000e+00 0.000000000000000000e+00
7.010000000000000000e+02 5.214907658911484987e+02 0.000000000000000000e+00 0.000000000000000000e+00
7.020000000000000000e+02 5.228726411209418075e+02 0.000000000000000000e+00 0.000000000000000000e+00
7.030000000000000000e+02 5.237409664173561623e+02 0.000000000000000000e+00 0.000000000000000000e+00
7.040000000000000000e+02 5.238513324887125009e+02 0.000000000000000000e+00 0.000000000000000000e+00
7.050000000000000000e+02 5.247489573264253977e+02 0.000000000000000000e+00 0.000000000000000000e+00
7.060000000000000000e+02 5.249730364862758734e+02 1.000000000000000000e+00 0.000000000000000000e+00
7.070000000000000000e+02 5.257840940337786151e+02 0.000000000000000000e+00 0.000000000000000000e+00
7.080000000000000000e+02 5.275504996735385248e+02 0.000000000000000000e+00 0.000000000000000000e+00
7.090000000000000000e+02 5.273602338550914510e+02 0.000000000000000000e+00 0.000000000000000000e+00
7.100000000000000000e+02 5.283936535207396901e+02 0.000000000000000000e+00 0.000000000000000000e+00
7.110000000000000000e+02 5.302927535892014248e+02 0.000000000000000000e+00 0.000000000000000000e+00
7.120000000000000000e+02 5.309237117989636090e+02 0.000000000000000000e+00 0.000000000000000000e+00
7.130000000000000000e+02 5.308977933721375848e+02 0.000000000000000000e+00 0.000000000000000000e+00
7.140000000000000000e+02 5.324369151780323364e+02 0.000000000000000000e+00 0.000000000000000000e+00
7.150000000000000000e+02 5.339240396063154321e+02 0.000000000000000000e+00 0.000000000000000000e+00
7.160000000000000000e+02 5.342614833616057695e+02 0.000000000000000000e+00 0.000000000000000000e+00
7.170000000000000000e+02 5.357158913164839760e+02 0.000000000000000000e+00 0.000000000000000000e+00
7.180000000000000000e+02 5.362819830673780643e+02 0.000000000000000000e+00 0.000000000000000000e+00
7.190000000000000000e+02 5.382628012016455159e+02 0.000000000000000000e+00 0.000000000000000000e+00
7.200000000000000000e+02 5.391951071074306583e+02 0.000000000000000000e+00 0.000000000000000000e+00
7.210000000000000000e+02 5.397948548714258550e+02 0.000000000000000000e+00 0.000000000000000000e+00
7.220000000000000000e+02 5.407890568408141689e+02 0.000000000000000000e+00 0.000000000000000000e+00
7.230000000000000000e+02 5.422873430108845696e+02 0.000000000000000000e+00 0.000000000000000000e+00
7.240000000000000000e+02 5.431953548938640779e+02 0.000000000000000000e+00 0.000000000000000000e+00
7.250000000000000000e+02 5.434274916061583554e+02 0.000000000000000000e+00 0.000000000000000000e+00
7.260000000000000000e+02 5.453217656719358502e+02 0.000000000000000000e+00 0.000000000000000000e+00
7.270000000000000000e+02 5.456353929407831629e+02 0.000000000000000000e+00 0.000000000000000000e+00
7.280000000000000000e+02 5.452809471368136656e+02 1.000000000000000000e+00 0.000000000000000000e+00
7.290000000000000000e+02 5.467417557254600524e+02 1.000000000000000000e+00 0.000000000000000000e+00
7.300000000000000000e+02 5.465656665186038481e+02 0.000000000000000000e+00 0.000000000000000000e+00
7.310000000000000000e+02 5.474340250518932862e+02 0.000000000000000000e+00 0.000000000000000000e+00
7.320000000000000000e+02 5.479131662491032557e+02 0.000000000000000000e+00 0.000000000000000000e+00
7.330000000000000000e+02 5.507883692796348214e+02 0.000000000000000000e+00 0.000000000000000000e+00
7.340000000000000000e+02 5.498256939522555058e+02 0.000000000000000000e+00 0.000000000000000000e+00
7.350000000000000000e+02 5.501113372380624469e+02 1.000000000000000000e+00 0.000000000000000000e+00
7.360000000000000000e+02 5.501191983913962531e+02 1.000000000000000000e+00 0.000000000000000000e+00
7.370000000000000000e+02 5.519360197719404368e+02 0.000000000000000000e+00 0.000000000000000000e+00
7.380000000000000000e+02 5.517959120322499302e+02 0.000000000000000000e+00 0.000000000000000000e+00
7.390000000000000000e+02 5.541031119650984920e+02 0.000000000000000000e+00 0.000000000000000000e+00
7.400000000000000000e+02 5.549998373184772618e+02 0.000000000000000000e+00 0.000000000000000000e+00
7.410000000000000000e+02 5.567996076430375751e+02 0.000000000000000000e+00 0.000000000000000000e+00
7.420000000000000000e+02 5.565965764393816926e+02 0.000000000000000000e+00 0.000000000000000000e+00
7.430000000000000000e+02 5.583585486122854036e+02 0.000000000000000000e+00 0.000000000000000000e+00
7.440000000000000000e+02 5.594517723119870425e+02 0.000000000000000000e+00 0.000000000000000000e+00
7.450000000000000000e+02 5.579381200950820130e+02 2.000000000000000000e+00 0.000000000000000000e+00
7.460000000000000000e+02 5.579167631353242314e+02 1.000000000000000000e+00 0.000000000000000000e+00
7.470000000000000000e+02 5.567143381670890676e+02 2.000000000000000000e+00 0.000000000000000000e+00
7.480000000000000000e+02 5.560819273570473342e+02 1.000000000000000000e+00 0.000000000000000000e+00
7.490000000000000000e+02 5.555589640150498099e+02 2.000000000000000000e+00 0.000000000000000000e+00
7.500000000000000000e+02 5.574407031005263207e+02 0.000000000000000000e+00 0.000000000000000000e+00
7.510000000000000000e+02 5.579444039056107840e+02 0.000000000000000000e+00 0.000000000000000000e+00
7.520000000000000000e+02 5.593731170268414417e+02 0.000000000000000000e+00 0.000000000000000000e+00
7.530000000000000000e+02 5.593773342569746774e+02 0.000000000000000000e+00 0.000000000000000000e+00
7.540000000000000000e+02 5.610564815298081385e+02 0.000000000000000000e+00 0.000000000000000000e+00
7.550000000000000000e+02 5.613264363223901228e+02 0.000000000000000000e+00 0.000000000000000000e+00
7.560000000000000000e+02 5.617493831661959121e+02 0.000000000000000000e+00 0.000000000000000000e+00
7.570000000000000000e+02 5.638062335912348999e+02 0.000000000000000000e+00 0.000000000000000000e+00
7.580000000000000000e+02 5.648989101282863885e+02 0.000000000000000000e+00 0.000000000000000000e+00
7.590000000000000000e+02 5.666335604555270038e+02 0.000000000000000000e+00 0.000000000000000000e+00
7.600000000000000000e+02 5.673228020836877477e+02 0.000000000000000000e+00 0.000000000000000000e+00
7.610000000000000000e+02 5.684784274683480589e+02 0.000000000000000000e+00 0.000000000000000000e+00
7.620000000000000000e+02 5.673091556220495022e+02 1.000000000000000000e+00 0.000000000000000000e+00
7.630000000000000000e+02 5.683186263550168178e+02 0.000000000000000000e+00 0.000000000000000000e+00
7.640000000000000000e+02 5.695094811483425019e+02 0.000000000000000000e+00 0.000000000000000000e+00
7.650000000000000000e+02 5.710090418014873421e+02 0.000000000000000000e+00 0.000000000000000000e+00
7.660000000000000000e+02 5.711402525878348797e+02 0.000000000000000000e+00 0.000000000000000000e+00
7.670000000000000000e+02 5.718230290487545062e+02 0.000000000000000000e+00 0.000000000000000000e+00
7.680000000000000000e+02 5.748184948050882213e+02 0.000000000000000000e+00 0.000000000000000000e+00
7.690000000000000000e+02 5.751258349747906777e+02 0.000000000000000000e+00 0.000000000000000000e+00
7.700000000000000000e+02 5.760058125175384021e+02 0.000000000000000000e+00 0.000000000000000000e+00
7.710000000000000000e+02 5.766175833756112752e+02 0.000000000000000000e+00 0.000000000000000000e+00
7.720000000000000000e+02 5.784502237075982976e+02 0.000000000000000000e+00 0.000000000000000000e+00
7.730000000000000000e+02 5.793869331527885151e+02 0.000000000000000000e+00 0.000000000000000000e+00
7.740000000000000000e+02 5.790735668187038527e+02 0.000000000000000000e+00 0.000000000000000000e+00
7.750000000000000000e+02 5.814768980019513265e+02 0.000000000000000000e+00 0.000000000000000000e+00
7.760000000000000000e+02 5.825728785322347676e+02 0.000000000000000000e+00 0.000000000000000000e+00
7.770000000000000000e+02 5.829811371716205031e+02 0.000000000000000000e+00 0.000000000000000000e+00
7.780000000000000000e+02 5.830844422488640930e+02 1.000000000000000000e+00 0.000000000000000000e+00
7.790000000000000000e+02 5.838962554235713469e+02 0.000000000000000000e+00 0.000000000000000000e+00
7.800000000000000000e+02 5.843269132780550308e+02 0.000000000000000000e+00 0.000000000000000000e+00
7.810000000000000000e+02 5.856211747866169617e+02 0.000000000000000000e+00 0.000000000000000000e+00
7.820000000000000000e+02 5.865823748569794134e+02 1.000000000000000000e+00 0.000000000000000000e+00
7.830000000000000000e+02 5.859108480184875134e+02 1.000000000000000000e+00 0.000000000000000000e+00
7.840000000000000000e+02 5.863292244656009871e+02 0.000000000000000000e+00 0.000000000000000000e+00
7.850000000000000000e+02 5.870405778210605376e+02 0.000000000000000000e+00 0.000000000000000000e+00
7.860000000000000000e+02 5.896546975174811678e+02 0.000000000000000000e+00 0.000000000000000000e+00
7.870000000000000000e+02 5.902564125463476330e+02 0.000000000000000000e+00 0.000000000000000000e+00
7.880000000000000000e+02 5.912276208211079620e+02 0.000000000000000000e+00 0.000000000000000000e+00
7.890000000000000000e+02 5.916628606710364693e+02 0.000000000000000000e+00 0.000000000000000000e+00
7.900000000000000000e+02 5.929786227543972927e+02 0.000000000000000000e+00 0.000000000000000000e+00
7.910000000000000000e+02 5.949805501027190076e+02 0.000000000000000000e+00 0.000000000000000000e+00
7.920000000000000000e+02 5.956361273566191130e+02 0.000000000000000000e+00 0.000000000000000000e+00
7.930000000000000000e+02 5.963706759888736997e+02 0.000000000000000000e+00 0.000000000000000000e+00
7.940000000000000000e+02 5.965204721056613835e+02 0.000000000000000000e+00 0.000000000000000000e+00
7.950000000000000000e+02 5.980591302991125531e+02 0.000000000000000000e+00 0.000000000000000000e+00
7.960000000000000000e+02 5.987635953990200051e+02 0.000000000000000000e+00 0.000000000000000000e+00
7.970000000000000000e+02 5.999499687613438255e+02 0.000000000000000000e+00 0.000000000000000000e+00
7.980000000000000000e+02 6.001690014175352417e+02 0.000000000000000000e+00 0.000000000000000000e+00
7.990000000000000000e+02 6.018305404919395869e+02 0.000000000000000000e+00 0.000000000000000000e+00
8.000000000000000000e+02 6.027206987103536449e+02 0.000000000000000000e+00 0.000000000000000000e+00
