time	position	state	ATP_bound
1.000000000000000000e+00 3.319113825728012834e-01 0.000000000000000000e+00 0.000000000000000000e+00
2.000000000000000000e+00 2.225770000016547012e+00 0.000000000000000000e+00 0.000000000000000000e+00
3.000000000000000000e+00 2.790534576842022219e+00 0.000000000000000000e+00 0.000000000000000000e+00
4.000000000000000000e+00 3.967595513838849008e+00 0.000000000000000000e+00 0.000000000000000000e+00
5.000000000000000000e+00 5.050798020033844260e+00 0.000000000000000000e+00 0.000000000000000000e+00
6.000000000000000000e+00 5.849576460397831745e+00 0.000000000000000000e+00 0.000000000000000000e+00
7.000000000000000000e+00 6.155128595955125625e+00 0.000000000000000000e+00 0.000000000000000000e+00
8.000000000000000000e+00 8.676429577813300043e+00 0.000000000000000000e+00 0.000000000000000000e+00
9.000000000000000000e+00 8.792566242959358291e+00 0.000000000000000000e+00 0.000000000000000000e+00
1.000000000000000000e+01 9.188088695058043598e+00 0.000000000000000000e+00 0.000000000000000000e+00
1.100000000000000000e+01 1.112803190813204779e+01 0.000000000000000000e+00 0.000000000000000000e+00
1.200000000000000000e+01 1.240886672155632553e+01 0.000000000000000000e+00 0.000000000000000000e+00
1.300000000000000000e+01 1.117593122340021949e+01 2.000000000000000000e+00 0.000000000000000000e+00
1.400000000000000000e+01 1.162176377646050440e+01 0.000000000000000000e+00 0.000000000000000000e+00
1.500000000000000000e+01 1.277142093958329738e+01 0.000000000000000000e+00 0.000000000000000000e+00
1.600000000000000000e+01 1.235775541050751158e+01 2.000000000000000000e+00 0.000000000000000000e+00
1.700000000000000000e+01 1.187070008741455140e+01 1.000000000000000000e+00 0.000000000000000000e+00
1.800000000000000000e+01 1.137944653892091651e+01 1.000000000000000000e+00 0.000000000000000000e+00
1.900000000000000000e+01 1.330828599863301953e+01 0.000000000000000000e+00 0.000000000000000000e+00
2.000000000000000000e+01 1.388487768744825956e+01 0.000000000000000000e+00 0.000000000000000000e+00
2.100000000000000000e+01 1.452722874872809733e+01 0.000000000000000000e+00 0.000000000000000000e+00
2.200000000000000000e+01 1.656741901472884493e+01 0.000000000000000000e+00 0.000000000000000000e+00
2.300000000000000000e+01 1.760940792229602181e+01 0.000000000000000000e+00 0.000000000000000000e+00
2.400000000000000000e+01 1.890793455295859715e+01 0.000000000000000000e+00 0.000000000000000000e+00
2.500000000000000000e+01 1.889341545849329407e+01 0.000000000000000000e+00 0.000000000000000000e+00
2.600000000000000000e+01 1.991615595175551334e+01 0.000000000000000000e+00 0.000000000000000000e+00
2.700000000000000000e+01 2.080186681620955014e+01 0.000000000000000000e+00 0.000000000000000000e+00
2.800000000000000000e+01 2.228886640093081439e+01 0.000000000000000000e+00 0.000000000000000000e+00
2.900000000000000000e+01 2.104099154372247327e+01 2.000000000000000000e+00 0.000000000000000000e+00
3.000000000000000000e+01 2.105221751354982374e+01 0.000000000000000000e+00 0.000000000000000000e+00
3.100000000000000000e+01 2.063983107326889410e+01 2.000000000000000000e+00 0.000000000000000000e+00
3.200000000000000000e+01 2.187381605713022736e+01 0.000000000000000000e+00 0.000000000000000000e+00
3.300000000000000000e+01 2.274650653871683303e+01 0.000000000000000000e+00 0.000000000000000000e+00
3.400000000000000000e+01 2.439838209358888932e+01 0.000000000000000000e+00 0.000000000000000000e+00
3.500000000000000000e+01 2.407468377795545678e+01 0.000000000000000000e+00 0.000000000000000000e+00
3.600000000000000000e+01 2.679889685068851435e+01 0.000000000000000000e+00 0.000000000000000000e+00
3.700000000000000000e+01 2.708818154778548504e+01 0.000000000000000000e+00 0.000000000000000000e+00
3.800000000000000000e+01 2.602174396751141927e+01 2.000000000000000000e+00 0.000000000000000000e+00
3.900000000000000000e+01 2.503984494120561166e+01 2.000000000000000000e+00 0.000000000000000000e+00
4.000000000000000000e+01 2.541272248903203490e+01 1.000000000000000000e+00 0.000000000000000000e+00
4.100000000000000000e+01 2.600366118243019997e+01 1.000000000000000000e+00 0.000000000000000000e+00
4.200000000000000000e+01 2.566620293369061656e+01 0.000000000000000000e+00 0.000000000000000000e+00
4.300000000000000000e+01 2.685630924826390853e+01 0.000000000000000000e+00 0.000000000000000000e+00
4.400000000000000000e+01 2.882517165083877231e+01 0.000000000000000000e+00 0.000000000000000000e+00
4.500000000000000000e+01 2.900188376045885974e+01 0.000000000000000000e+00 0.000000000000000000e+00
4.600000000000000000e+01 2.940705278525163280e+01 0.000000000000000000e+00 0.000000000000000000e+00
4.700000000000000000e+01 3.060418302666004919e+01 0.000000000000000000e+00 0.000000000000000000e+00
4.800000000000000000e+01 3.265030300153952680e+01 0.000000000000000000e+00 0.000000000000000000e+00
4.900000000000000000e+01 3.201963120913428895e+01 0.000000000000000000e+00 0.000000000000000000e+00
5.000000000000000000e+01 3.395183577576496248e+01 0.000000000000000000e+00 0.000000000000000000e+00
5.100000000000000000e+01 3.416779740292877676e+01 0.000000000000000000e+00 0.000000000000000000e+00
5.200000000000000000e+01 3.615265850251627455e+01 0.000000000000000000e+00 0.000000000000000000e+00
5.300000000000000000e+01 3.698006643816634664e+01 0.000000000000000000e+00 0.000000000000000000e+00
5.400000000000000000e+01 3.828305620497457795e+01 0.000000000000000000e+00 0.000000000000000000e+00
5.500000000000000000e+01 3.872761641598384585e+01 0.000000000000000000e+00 0.000000000000000000e+00
5.600000000000000000e+01 3.952784646310291805e+01 0.000000000000000000e+00 0.000000000000000000e+00
5.700000000000000000e+01 4.115195030354794881e+01 0.000000000000000000e+00 0.000000000000000000e+00
5.800000000000000000e+01 4.197758366680444908e+01 0.000000000000000000e+00 0.000000000000000000e+00
5.900000000000000000e+01 4.283074228710786713e+01 0.000000000000000000e+00 0.000000000000000000e+00
6.000000000000000000e+01 4.424339102429557613e+01 0.000000000000000000e+00 0.000000000000000000e+00
6.100000000000000000e+01 4.466978496944887667e+01 0.000000000000000000e+00 0.000000000000000000e+00
6.200000000000000000e+01 4.704903682619023186e+01 0.000000000000000000e+00 0.000000000000000000e+00
6.300000000000000000e+01 4.658218645521647261e+01 0.000000000000000000e+00 0.000000000000000000e+00
6.400000000000000000e+01 4.794396740411600888e+01 0.000000000000000000e+00 0.000000000000000000e+00
6.500000000000000000e+01 4.917792652520378738e+01 0.000000000000000000e+00 0.000000000000000000e+00
6.600000000000000000e+01 4.963653893436976716e+01 0.000000000000000000e+00 0.000000000000000000e+00
6.700000000000000000e+01 5.182103519608851627e+01 0.000000000000000000e+00 0.000000000000000000e+00
6.800000000000000000e+01 5.155638712755355613e+01 0.000000000000000000e+00 0.000000000000000000e+00
6.900000000000000000e+01 5.209360111333341337e+01 0.000000000000000000e+00 0.000000000000000000e+00
7.000000000000000000e+01 5.388909448861330986e+01 0.000000000000000000e+00 0.000000000000000000e+00
7.100000000000000000e+01 5.568176547731819426e+01 0.000000000000000000e+00 0.000000000000000000e+00
7.200000000000000000e+01 5.599673279994978969e+01 0.000000000000000000e+00 0.000000000000000000e+00
7.300000000000000000e+01 5.659301002403370973e+01 0.000000000000000000e+00 0.000000000000000000e+00
7.400000000000000000e+01 5.803295130233377108e+01 0.000000000000000000e+00 0.000000000000000000e+00
7.500000000000000000e+01 5.962633493826792375e+01 0.000000000000000000e+00 0.000000000000000000e+00
7.600000000000000000e+01 5.954345169629091572e+01 0.000000000000000000e+00 0.000000000000000000e+00
7.700000000000000000e+01 6.079293419153723477e+01 0.000000000000000000e+00 0.000000000000000000e+00
7.800000000000000000e+01 6.232588233686382750e+01 0.000000000000000000e+00 0.000000000000000000e+00
7.900000000000000000e+01 6.324443218213805551e+01 0.000000000000000000e+00 0.000000000000000000e+00
8.000000000000000000e+01 6.428576554670394216e+01 0.000000000000000000e+00 0.000000000000000000e+00
8.100000000000000000e+01 6.462109664267885023e+01 0.000000000000000000e+00 0.000000000000000000e+00
8.200000000000000000e+01 6.377870097916502345e+01 2.000000000000000000e+00 0.000000000000000000e+00
8.300000000000000000e+01 6.495189441482959580e+01 0.000000000000000000e+00 0.000000000000000000e+00
8.400000000000000000e+01 6.666426327851590372e+01 0.000000000000000000e+00 0.000000000000000000e+00
8.500000000000000000e+01 6.682939208553393939e+01 0.000000000000000000e+00 0.000000000000000000e+00
8.600000000000000000e+01 6.642571775584444538e+01 1.000000000000000000e+00 0.000000000000000000e+00
8.700000000000000000e+01 6.553275945032460470e+01 2.000000000000000000e+00 0.000000000000000000e+00
8.800000000000000000e+01 6.521452463068078487e+01 2.000000000000000000e+00 0.000000000000000000e+00
8.900000000000000000e+01 6.524066325690446888e+01 1.000000000000000000e+00 0.000000000000000000e+00
9.000000000000000000e+01 6.644738449261177493e+01 0.000000000000000000e+00 0.000000000000000000e+00
9.100000000000000000e+01 6.551767555728685011e+01 1.000000000000000000e+00 0.000000000000000000e+00
9.200000000000000000e+01 6.600389017313567308e+01 1.000000000000000000e+00 0.000000000000000000e+00
9.300000000000000000e+01 6.700795274099122878e+01 0.000000000000000000e+00 0.000000000000000000e+00
9.400000000000000000e+01 6.770923290025373831e+01 0.000000000000000000e+00 0.000000000000000000e+00
9.500000000000000000e+01 6.891034054990146274e+01 0.000000000000000000e+00 0.000000000000000000e+00
9.600000000000000000e+01 6.975398276265840991e+01 0.000000000000000000e+00 0.000000000000000000e+00
9.700000000000000000e+01 7.078599643438177225e+01 0.000000000000000000e+00 0.000000000000000000e+00
9.800000000000000000e+01 7.166385582811065547e+01 0.000000000000000000e+00 0.000000000000000000e+00
9.900000000000000000e+01 7.338611016376295026e+01 0.000000000000000000e+00 0.000000000000000000e+00
1.000000000000000000e+02 7.200972286524221033e+01 2.000000000000000000e+00 0.000000000000000000e+00
1.010000000000000000e+02 7.126671674121344324e+01 2.000000000000000000e+00 0.000000000000000000e+00
1.020000000000000000e+02 7.182416891480720267e+01 0.000000000000000000e+00 0.000000000000000000e+00
1.030000000000000000e+02 7.310470831055833685e+01 0.000000000000000000e+00 0.000000000000000000e+00
1.040000000000000000e+02 7.421676193054061343e+01 0.000000000000000000e+00 0.000000000000000000e+00
1.050000000000000000e+02 7.526260644273718015e+01 0.000000000000000000e+00 0.000000000000000000e+00
1.060000000000000000e+02 7.623567146342674050e+01 0.000000000000000000e+00 0.000000000000000000e+00
1.070000000000000000e+02 7.704442198110582751e+01 0.000000000000000000e+00 0.000000000000000000e+00
1.080000000000000000e+02 7.797396203464887776e+01 0.000000000000000000e+00 0.000000000000000000e+00
1.090000000000000000e+02 7.985840707933964211e+01 0.000000000000000000e+00 0.000000000000000000e+00
1.100000000000000000e+02 7.992175327524321915e+01 0.000000000000000000e+00 0.000000000000000000e+00
1.110000000000000000e+02 8.104075120228741014e+01 0.000000000000000000e+00 0.000000000000000000e+00
1.120000000000000000e+02 8.142011229231800939e+01 0.000000000000000000e+00 0.000000000000000000e+00
1.130000000000000000e+02 8.358192564791630730e+01 0.000000000000000000e+00 0.000000000000000000e+00
1.140000000000000000e+02 8.420510673198843676e+01 0.000000000000000000e+00 0.000000000000000000e+00
1.150000000000000000e+02 8.537204548467799725e+01 0.000000000000000000e+00 0.000000000000000000e+00
1.160000000000000000e+02 8.572212598018221286e+01 0.000000000000000000e+00 0.000000000000000000e+00
1.170000000000000000e+02 8.639665408291887161e+01 0.000000000000000000e+00 0.000000000000000000e+00
1.180000000000000000e+02 8.748805162752560705e+01 0.000000000000000000e+00 0.000000000000000000e+00
1.190000000000000000e+02 8.910518113097586479e+01 0.000000000000000000e+00 0.000000000000000000e+00
1.200000000000000000e+02 8.957754335775335619e+01 0.000000000000000000e+00 0.000000000000000000e+00
1.210000000000000000e+02 9.095329942055626304e+01 0.000000000000000000e+00 0.000000000000000000e+00
1.220000000000000000e+02 9.268316288435519823e+01 0.000000000000000000e+00 0.000000000000000000e+00
1.230000000000000000e+02 9.284623080077372492e+01 0.000000000000000000e+00 0.000000000000000000e+00
1.240000000000000000e+02 9.324021804770130473e+01 0.000000000000000000e+00 0.000000000000000000e+00
1.250000000000000000e+02 9.533504571953852746e+01 0.000000000000000000e+00 0.000000000000000000e+00
1.260000000000000000e+02 9.730055315386502457e+01 0.000000000000000000e+00 0.000000000000000000e+00
1.270000000000000000e+02 9.486791656475067214e+01 2.000000000000000000e+00 0.000000000000000000e+00
1.280000000000000000e+02 9.577091073727181936e+01 0.000000000000000000e+00 0.000000000000000000e+00
1.290000000000000000e+02 9.602728416454000637e+01 0.000000000000000000e+00 0.000000000000000000e+00
1.300000000000000000e+02 9.816802007924026441e+01 0.000000000000000000e+00 0.000000000000000000e+00
1.310000000000000000e+02 9.954117102532394767e+01 0.000000000000000000e+00 0.000000000000000000e+00
1.320000000000000000e+02 1.000890105333034370e+02 0.000000000000000000e+00 0.000000000000000000e+00
1.330000000000000000e+02 1.020335701806553885e+02 0.000000000000000000e+00 0.000000000000000000e+00
1.340000000000000000e+02 1.027653418309626545e+02 0.000000000000000000e+00 0.000000000000000000e+00
1.350000000000000000e+02 1.034645791148315368e+02 0.000000000000000000e+00 0.000000000000000000e+00
1.360000000000000000e+02 1.042208131161865055e+02 0.000000000000000000e+00 0.000000000000000000e+00
1.370000000000000000e+02 1.052666208182063912e+02 0.000000000000000000e+00 0.000000000000000000e+00
1.380000000000000000e+02 1.057148345931507549e+02 0.000000000000000000e+00 0.000000000000000000e+00
1.390000000000000000e+02 1.052866962968670492e+02 2.000000000000000000e+00 0.000000000000000000e+00
1.400000000000000000e+02 1.044417393769317925e+02 2.000000000000000000e+00 0.000000000000000000e+00
1.410000000000000000e+02 1.047758891112397492e+02 0.000000000000000000e+00 0.000000000000000000e+00
1.420000000000000000e+02 1.065720795353244199e+02 0.000000000000000000e+00 0.000000000000000000e+00
1.430000000000000000e+02 1.066799184445863062e+02 0.000000000000000000e+00 0.000000000000000000e+00
1.440000000000000000e+02 1.054958886709592036e+02 2.000000000000000000e+00 0.000000000000000000e+00
1.450000000000000000e+02 1.057043798372947521e+02 1.000000000000000000e+00 0.000000000000000000e+00
1.460000000000000000e+02 1.061641367376877128e+02 1.000000000000000000e+00 0.000000000000000000e+00
1.470000000000000000e+02 1.067237059488293198e+02 0.000000000000000000e+00 0.000000000000000000e+00
1.480000000000000000e+02 1.082954613368086001e+02 0.000000000000000000e+00 0.000000000000000000e+00
1.490000000000000000e+02 1.076727482318845119e+02 1.000000000000000000e+00 0.000000000000000000e+00
1.500000000000000000e+02 1.089376997459734895e+02 0.000000000000000000e+00 0.000000000000000000e+00
1.510000000000000000e+02 1.099224106738010249e+02 0.000000000000000000e+00 0.000000000000000000e+00
1.520000000000000000e+02 1.093226253305769120e+02 1.000000000000000000e+00 0.000000000000000000e+00
1.530000000000000000e+02 1.094445704638841335e+02 1.000000000000000000e+00 0.000000000000000000e+00
1.540000000000000000e+02 1.113491215784550974e+02 0.000000000000000000e+00 0.000000000000000000e+00
1.550000000000000000e+02 1.109204547246239230e+02 0.000000000000000000e+00 0.000000000000000000e+00
1.560000000000000000e+02 1.130873664725073553e+02 0.000000000000000000e+00 0.000000000000000000e+00
1.570000000000000000e+02 1.148607057144801473e+02 0.000000000000000000e+00 0.000000000000000000e+00
1.580000000000000000e+02 1.151429882724013254e+02 0.000000000000000000e+00 0.000000000000000000e+00
1.590000000000000000e+02 1.165703629840332098e+02 0.000000000000000000e+00 0.000000000000000000e+00
1.600000000000000000e+02 1.169221260184110633e+02 0.000000000000000000e+00 0.000000000000000000e+00
1.610000000000000000e+02 1.183058592741523256e+02 0.000000000000000000e+00 0.000000000000000000e+00
1.620000000000000000e+02 1.190409001681173606e+02 0.000000000000000000e+00 0.000000000000000000e+00
1.630000000000000000e+02 1.202642809748077752e+02 0.000000000000000000e+00 0.000000000000000000e+00
1.640000000000000000e+02 1.216078538097983852e+02 0.000000000000000000e+00 0.000000000000000000e+00
1.650000000000000000e+02 1.218163147365496286e+02 0.000000000000000000e+00 0.000000000000000000e+00
1.660000000000000000e+02 1.227853664424853974e+02 0.000000000000000000e+00 0.000000000000000000e+00
1.670000000000000000e+02 1.244287351867293552e+02 0.000000000000000000e+00 0.000000000000000000e+00
1.680000000000000000e+02 1.256464251272697368e+02 0.000000000000000000e+00 0.000000000000000000e+00
1.690000000000000000e+02 1.256362379735860912e+02 0.000000000000000000e+00 0.000000000000000000e+00
1.700000000000000000e+02 1.275729825809552551e+02 0.000000000000000000e+00 0.000000000000000000e+00
1.710000000000000000e+02 1.269257591758810690e+02 0.000000000000000000e+00 0.000000000000000000e+00
1.720000000000000000e+02 1.299230579844384295e+02 0.000000000000000000e+00 0.000000000000000000e+00
1.730000000000000000e+02 1.304004658357326605e+02 0.000000000000000000e+00 0.000000000000000000e+00
1.740000000000000000e+02 1.308315278799010741e+02 0.000000000000000000e+00 0.000000000000000000e+00
1.750000000000000000e+02 1.332633711706221789e+02 0.000000000000000000e+00 0.000000000000000000e+00
1.760000000000000000e+02 1.334862981627077829e+02 0.000000000000000000e+00 0.000000000000000000e+00
1.770000000000000000e+02 1.331509388820055904e+02 0.000000000000000000e+00 0.000000000000000000e+00
1.780000000000000000e+02 1.335196268048695174e+02 2.000000000000000000e+00 0.000000000000000000e+00
1.790000000000000000e+02 1.330007742314327288e+02 1.000000000000000000e+00 0.000000000000000000e+00
1.800000000000000000e+02 1.323313834275800218e+02 2.000000000000000000e+00 0.000000000000000000e+00
1.810000000000000000e+02 1.319076265971787905e+02 1.000000000000000000e+00 0.000000000000000000e+00
1.820000000000000000e+02 1.336165967927260851e+02 0.000000000000000000e+00 0.000000000000000000e+00
1.830000000000000000e+02 1.349850762016286865e+02 0.000000000000000000e+00 0.000000000000000000e+00
1.840000000000000000e+02 1.348774711222167753e+02 0.000000000000000000e+00 0.000000000000000000e+00
1.850000000000000000e+02 1.362828284017830924e+02 0.000000000000000000e+00 0.000000000000000000e+00
1.860000000000000000e+02 1.366450990181825205e+02 0.000000000000000000e+00 0.000000000000000000e+00
1.870000000000000000e+02 1.376418640745814912e+02 0.000000000000000000e+00 0.000000000000000000e+00
1.880000000000000000e+02 1.375337254446064890e+02 2.000000000000000000e+00 0.000000000000000000e+00
1.890000000000000000e+02 1.379840445165367555e+02 0.000000000000000000e+00 0.000000000000000000e+00
1.900000000000000000e+02 1.398766524678824510e+02 0.000000000000000000e+00 0.000000000000000000e+00
1.910000000000000000e+02 1.390226582542678671e+02 0.000000000000000000e+00 0.000000000000000000e+00
1.920000000000000000e+02 1.415718164304888091e+02 0.000000000000000000e+00 0.000000000000000000e+00
1.930000000000000000e+02 1.419943177984558247e+02 0.000000000000000000e+00 0.000000000000000000e+00
1.940000000000000000e+02 1.432247850630629671e+02 0.000000000000000000e+00 0.000000000000000000e+00
1.950000000000000000e+02 1.442620023027372156e+02 0.000000000000000000e+00 0.000000000000000000e+00
1.960000000000000000e+02 1.446003781682473743e+02 0.000000000000000000e+00 0.000000000000000000e+00
1.970000000000000000e+02 1.451346020852103607e+02 0.000000000000000000e+00 0.000000000000000000e+00
1.980000000000000000e+02 1.471115915677633552e+02 0.000000000000000000e+00 0.000000000000000000e+00
1.990000000000000000e+02 1.483207598747311522e+02 0.000000000000000000e+00 0.000000000000000000e+00
2.000000000000000000e+02 1.484862732174612461e+02 0.000000000000000000e+00 0.000000000000000000e+00
2.010000000000000000e+02 1.478935850745263849e+02 2.000000000000000000e+00 0.000000000000000000e+00
2.020000000000000000e+02 1.489546859047453893e+02 0.000000000000000000e+00 0.000000000000000000e+00
2.030000000000000000e+02 1.500748939743767494e+02 0.000000000000000000e+00 0.000000000000000000e+00
2.040000000000000000e+02 1.510243950872988137e+02 0.000000000000000000e+00 0.000000000000000000e+00
2.050000000000000000e+02 1.517534983139600513e+02 0.000000000000000000e+00 0.000000000000000000e+00
2.060000000000000000e+02 1.530942621105546380e+02 0.000000000000000000e+00 0.000000000000000000e+00
2.070000000000000000e+02 1.536751633222638702e+02 0.000000000000000000e+00 0.000000000000000000e+00
2.080000000000000000e+02 1.547742288110953268e+02 1.000000000000000000e+00 0.000000000000000000e+00
2.090000000000000000e+02 1.545856283670763673e+02 0.000000000000000000e+00 0.000000000000000000e+00
2.100000000000000000e+02 1.561073591770129951e+02 0.000000000000000000e+00 0.000000000000000000e+00
2.110000000000000000e+02 1.574440273948407594e+02 0.000000000000000000e+00 0.000000000000000000e+00
2.120000000000000000e+02 1.582883725769751209e+02 0.000000000000000000e+00 0.000000000000000000e+00
2.130000000000000000e+02 1.594968338970866171e+02 0.000000000000000000e+00 0.000000000000000000e+00
2.140000000000000000e+02 1.605442399680195535e+02 0.000000000000000000e+00 0.000000000000000000e+00
2.150000000000000000e+02 1.607905431904094371e+02 0.000000000000000000e+00 0.000000000000000000e+00
2.160000000000000000e+02 1.622705875995706037e+02 0.000000000000000000e+00 0.000000000000000000e+00
2.170000000000000000e+02 1.628692041697485706e+02 0.000000000000000000e+00 0.000000000000000000e+00
2.180000000000000000e+02 1.637235383924972609e+02 0.000000000000000000e+00 0.000000000000000000e+00
2.190000000000000000e+02 1.658687905698956513e+02 0.000000000000000000e+00 0.000000000000000000e+00
2.200000000000000000e+02 1.655931255991512501e+02 0.000000000000000000e+00 0.000000000000000000e+00
2.210000000000000000e+02 1.677365772749058692e+02 0.000000000000000000e+00 0.000000000000000000e+00
2.220000000000000000e+02 1.684354012801107388e+02 0.000000000000000000e+00 0.000000000000000000e+00
2.230000000000000000e+02 1.690148592074370981e+02 0.000000000000000000e+00 0.000000000000000000e+00
2.240000000000000000e+02 1.699806368782569450e+02 0.000000000000000000e+00 0.000000000000000000e+00
2.250000000000000000e+02 1.711477593889652269e+02 0.000000000000000000e+00 0.000000000000000000e+00
2.260000000000000000e+02 1.705401883285089752e+02 1.000000000000000000e+00 0.000000000000000000e+00
2.270000000000000000e+02 1.711333881822433511e+02 1.000000000000000000e+00 0.000000000000000000e+00
2.280000000000000000e+02 1.701579804501453168e+02 2.000000000000000000e+00 0.000000000000000000e+00
2.290000000000000000e+02 1.701346327908109402e+02 0.000000000000000000e+00 0.000000000000000000e+00
2.300000000000000000e+02 1.718969230435275506e+02 0.000000000000000000e+00 0.000000000000000000e+00
2.310000000000000000e+02 1.734306925192039159e+02 0.000000000000000000e+00 0.000000000000000000e+00
2.320000000000000000e+02 1.740879757980930265e+02 0.000000000000000000e+00 0.000000000000000000e+00
2.330000000000000000e+02 1.747230542164791132e+02 0.000000000000000000e+00 0.000000000000000000e+00
2.340000000000000000e+02 1.755589052222779003e+02 0.000000000000000000e+00 0.000000000000000000e+00
2.350000000000000000e+02 1.769387643827223542e+02 0.000000000000000000e+00 0.000000000000000000e+00
2.360000000000000000e+02 1.781157957698763141e+02 0.000000000000000000e+00 0.000000000000000000e+00
2.370000000000000000e+02 1.795781230348410986e+02 0.000000000000000000e+00 0.000000000000000000e+00
2.380000000000000000e+02 1.803010260596070111e+02 0.000000000000000000e+00 0.000000000000000000e+00
2.390000000000000000e+02 1.801204801943197253e+02 0.000000000000000000e+00 0.000000000000000000e+00
2.400000000000000000e+02 1.824317255579518644e+02 0.000000000000000000e+00 0.000000000000000000e+00
2.410000000000000000e+02 1.829580274224867651e+02 0.000000000000000000e+00 0.000000000000000000e+00
2.420000000000000000e+02 1.837311567268324666e+02 0.000000000000000000e+00 0.000000000000000000e+00
2.430000000000000000e+02 1.853565553627308020e+02 0.000000000000000000e+00 0.000000000000000000e+00
2.440000000000000000e+02 1.866537216046652645e+02 0.000000000000000000e+00 0.000000000000000000e+00
2.450000000000000000e+02 1.869924131321843959e+02 0.000000000000000000e+00 0.000000000000000000e+00
2.460000000000000000e+02 1.877833775311774787e+02 0.000000000000000000e+00 0.000000000000000000e+00
2.470000000000000000e+02 1.890371864417634242e+02 0.000000000000000000e+00 0.000000000000000000e+00
2.480000000000000000e+02 1.895711819457172567e+02 0.000000000000000000e+00 0.000000000000000000e+00
2.490000000000000000e+02 1.891355981615675432e+02 2.000000000000000000e+00 0.000000000000000000e+00
2.500000000000000000e+02 1.889477574007592295e+02 0.000000000000000000e+00 0.000000000000000000e+00
2.510000000000000000e+02 1.903725049295876772e+02 0.000000000000000000e+00 0.000000000000000000e+00
2.520000000000000000e+02 1.916756323992948694e+02 0.000000000000000000e+00 0.000000000000000000e+00
2.530000000000000000e+02 1.912317991453899708e+02 1.000000000000000000e+00 0.000000000000000000e+00
2.540000000000000000e+02 1.931692152130465558e+02 0.000000000000000000e+00 0.000000000000000000e+00
2.550000000000000000e+02 1.937094626152384080e+02 0.000000000000000000e+00 0.000000000000000000e+00
2.560000000000000000e+02 1.951807989496858511e+02 0.000000000000000000e+00 0.000000000000000000e+00
2.570000000000000000e+02 1.968433535311140758e+02 0.000000000000000000e+00 0.000000000000000000e+00
2.580000000000000000e+02 1.974901965492798581e+02 0.000000000000000000e+00 0.000000000000000000e+00
2.590000000000000000e+02 1.977345655109968448e+02 0.000000000000000000e+00 0.000000000000000000e+00
2.600000000000000000e+02 1.997479120064145377e+02 0.000000000000000000e+00 0.000000000000000000e+00
2.610000000000000000e+02 1.999684764737104672e+02 0.000000000000000000e+00 0.000000000000000000e+00
2.620000000000000000e+02 2.016164713752519049e+02 0.000000000000000000e+00 0.000000000000000000e+00
2.630000000000000000e+02 2.024015764000719741e+02 0.000000000000000000e+00 0.000000000000000000e+00
2.640000000000000000e+02 2.038181659712433884e+02 0.000000000000000000e+00 0.000000000000000000e+00
2.650000000000000000e+02 2.030024528917959401e+02 0.000000000000000000e+00 0.000000000000000000e+00
2.660000000000000000e+02 2.048534634605088058e+02 0.000000000000000000e+00 0.000000000000000000e+00
2.670000000000000000e+02 2.058942084927049336e+02 0.000000000000000000e+00 0.000000000000000000e+00
2.680000000000000000e+02 2.072459508948866187e+02 0.000000000000000000e+00 0.000000000000000000e+00
2.690000000000000000e+02 2.084378063052014909e+02 0.000000000000000000e+00 0.000000000000000000e+00
2.700000000000000000e+02 2.090541907531756749e+02 0.000000000000000000e+00 0.000000000000000000e+00
2.710000000000000000e+02 2.105223713543819883e+02 0.000000000000000000e+00 0.000000000000000000e+00
2.720000000000000000e+02 2.112998680060168510e+02 0.000000000000000000e+00 0.000000000000000000e+00
2.730000000000000000e+02 2.118437271154294876e+02 0.000000000000000000e+00 0.000000000000000000e+00
2.740000000000000000e+02 2.117687043179386421e+02 1.000000000000000000e+00 0.000000000000000000e+00
2.750000000000000000e+02 2.133958281197816973e+02 0.000000000000000000e+00 0.000000000000000000e+00
2.760000000000000000e+02 2.140870256090788644e+02 0.000000000000000000e+00 0.000000000000000000e+00
2.770000000000000000e+02 2.138395421951029789e+02 1.000000000000000000e+00 0.000000000000000000e+00
2.780000000000000000e+02 2.152217446072535552e+02 0.000000000000000000e+00 0.000000000000000000e+00
2.790000000000000000e+02 2.138631161290233536e+02 2.000000000000000000e+00 0.000000000000000000e+00
2.800000000000000000e+02 2.147116409072096701e+02 0.000000000000000000e+00 0.000000000000000000e+00
2.810000000000000000e+02 2.165240177089138456e+02 0.000000000000000000e+00 0.000000000000000000e+00
2.820000000000000000e+02 2.175487964839823007e+02 0.000000000000000000e+00 0.000000000000000000e+00
2.830000000000000000e+02 2.177333622990294089e+02 0.000000000000000000e+00 0.000000000000000000e+00
2.840000000000000000e+02 2.174594426954887183e+02 1.000000000000000000e+00 0.000000000000000000e+00
2.850000000000000000e+02 2.197832242454987579e+02 0.000000000000000000e+00 0.000000000000000000e+00
2.860000000000000000e+02 2.192233044913815831e+02 0.000000000000000000e+00 0.000000000000000000e+00
2.870000000000000000e+02 2.208341196040434795e+02 0.000000000000000000e+00 0.000000000000000000e+00
2.880000000000000000e+02 2.218354845440944416e+02 0.000000000000000000e+00 0.000000000000000000e+00
2.890000000000000000e+02 2.232215750756905663e+02 0.000000000000000000e+00 0.000000000000000000e+00
2.900000000000000000e+02 2.242066141089582061e+02 0.000000000000000000e+00 0.000000000000000000e+00
2.910000000000000000e+02 2.244656856456810772e+02 0.000000000000000000e+00 0.000000000000000000e+00
2.920000000000000000e+02 2.265877004744912142e+02 0.000000000000000000e+00 0.000000000000000000e+00
2.930000000000000000e+02 2.276830457028771661e+02 0.000000000000000000e+00 0.000000000000000000e+00
2.940000000000000000e+02 2.280312034853479588e+02 0.000000000000000000e+00 0.000000000000000000e+00
2.950000000000000000e+02 2.293412304338593231e+02 0.000000000000000000e+00 0.000000000000000000e+00
2.960000000000000000e+02 2.313370551861059710e+02 0.000000000000000000e+00 0.000000000000000000e+00
2.970000000000000000e+02 2.284849163105546666e+02 2.000000000000000000e+00 0.000000000000000000e+00
2.980000000000000000e+02 2.286582212743730054e+02 2.000000000000000000e+00 0.000000000000000000e+00
2.990000000000000000e+02 2.280033131901870433e+02 1.000000000000000000e+00 0.000000000000000000e+00
3.000000000000000000e+02 2.285879727978585549e+02 0.000000000000000000e+00 0.000000000000000000e+00
3.010000000000000000e+02 2.292195715922078136e+02 0.000000000000000000e+00 0.000000000000000000e+00
3.020000000000000000e+02 2.302691576619694445e+02 1.000000000000000000e+00 0.000000000000000000e+00
3.030000000000000000e+02 2.309715243653742505e+02 0.000000000000000000e+00 0.000000000000000000e+00
3.040000000000000000e+02 2.318650524956674417e+02 0.000000000000000000e+00 0.000000000000000000e+00
3.050000000000000000e+02 2.326581879303567746e+02 0.000000000000000000e+00 0.000000000000000000e+00
3.060000000000000000e+02 2.333684453487138342e+02 0.000000000000000000e+00 0.000000000000000000e+00
3.070000000000000000e+02 2.350699825085371799e+02 0.000000000000000000e+00 0.000000000000000000e+00
3.080000000000000000e+02 2.361469565809454707e+02 0.000000000000000000e+00 0.000000000000000000e+00
3.090000000000000000e+02 2.373976704028398501e+02 0.000000000000000000e+00 0.000000000000000000e+00
3.100000000000000000e+02 2.363151543552726253e+02 2.000000000000000000e+00 0.000000000000000000e+00
3.110000000000000000e+02 2.359934414517066728e+02 0.000000000000000000e+00 0.000000000000000000e+00
3.120000000000000000e+02 2.371032336583329538e+02 0.000000000000000000e+00 0.000000000000000000e+00
3.130000000000000000e+02 2.397604819417167619e+02 0.000000000000000000e+00 0.000000000000000000e+00
3.140000000000000000e+02 2.400487598739050270e+02 0.000000000000000000e+00 0.000000000000000000e+00
3.150000000000000000e+02 2.417496904757639982e+02 0.000000000000000000e+00 0.000000000000000000e+00
3.160000000000000000e+02 2.421815621515312955e+02 0.000000000000000000e+00 0.000000000000000000e+00
3.170000000000000000e+02 2.425682168263538472e+02 0.000000000000000000e+00 0.000000000000000000e+00
3.180000000000000000e+02 2.433266308170139496e+02 0.000000000000000000e+00 0.000000000000000000e+00
3.190000000000000000e+02 2.453911668762442559e+02 0.000000000000000000e+00 0.000000000000000000e+00
3.200000000000000000e+02 2.464793561303097533e+02 0.000000000000000000e+00 0.000000000000000000e+00
3.210000000000000000e+02 2.476007697794580906e+02 0.000000000000000000e+00 0.000000000000000000e+00
3.220000000000000000e+02 2.476049230561397678e+02 0.000000000000000000e+00 0.000000000000000000e+00
3.230000000000000000e+02 2.485845695016894581e+02 0.000000000000000000e+00 0.000000000000000000e+00
3.240000000000000000e+02 2.493550086248859827e+02 0.000000000000000000e+00 0.000000000000000000e+00
3.250000000000000000e+02 2.485369047219444951e+02 1.000000000000000000e+00 0.000000000000000000e+00
3.260000000000000000e+02 2.508819915083375918e+02 0.000000000000000000e+00 0.000000000000000000e+00
3.270000000000000000e+02 2.511901694757170844e+02 1.000000000000000000e+00 0.000000000000000000e+00
3.280000000000000000e+02 2.503910691948050840e+02 2.000000000000000000e+00 0.000000000000000000e+00
3.290000000000000000e+02 2.514200002191160479e+02 0.000000000000000000e+00 0.000000000000000000e+00
3.300000000000000000e+02 2.517533510445095146e+02 0.000000000000000000e+00 0.000000000000000000e+00
3.310000000000000000e+02 2.533077026377809773e+02 0.000000000000000000e+00 0.000000000000000000e+00
3.320000000000000000e+02 2.536428298660951839e+02 0.000000000000000000e+00 0.000000000000000000e+00
3.330000000000000000e+02 2.538835198495171426e+02 0.000000000000000000e+00 0.000000000000000000e+00
3.340000000000000000e+02 2.556265935244346394e+02 0.000000000000000000e+00 0.000000000000000000e+00
3.350000000000000000e+02 2.561608828606032944e+02 1.000000000000000000e+00 0.000000000000000000e+00
3.360000000000000000e+02 2.560095062279445983e+02 0.000000000000000000e+00 0.000000000000000000e+00
3.370000000000000000e+02 2.591763927052066947e+02 0.000000000000000000e+00 0.000000000000000000e+00
3.380000000000000000e+02 2.593441113122467527e+02 0.000000000000000000e+00 0.000000000000000000e+00
3.390000000000000000e+02 2.595306519361249116e+02 0.000000000000000000e+00 0.000000000000000000e+00
3.400000000000000000e+02 2.614859012876580664e+02 0.000000000000000000e+00 0.000000000000000000e+00
3.410000000000000000e+02 2.622136206372904894e+02 0.000000000000000000e+00 0.000000000000000000e+00
3.420000000000000000e+02 2.627227273773187335e+02 0.000000000000000000e+00 0.000000000000000000e+00
3.430000000000000000e+02 2.628854333134007675e+02 0.000000000000000000e+00 0.000000000000000000e+00
3.440000000000000000e+02 2.658067367256023203e+02 0.000000000000000000e+00 0.000000000000000000e+00
3.450000000000000000e+02 2.649555907457130957e+02 0.000000000000000000e+00 0.000000000000000000e+00
3.460000000000000000e+02 2.682535509317012838e+02 0.000000000000000000e+00 0.000000000000000000e+00
3.470000000000000000e+02 2.683477598082019995e+02 0.000000000000000000e+00 0.000000000000000000e+00
3.480000000000000000e+02 2.690335037966701179e+02 0.000000000000000000e+00 0.000000000000000000e+00
3.490000000000000000e+02 2.690301990682751807e+02 0.000000000000000000e+00 0.000000000000000000e+00
3.500000000000000000e+02 2.706868522884096819e+02 0.000000000000000000e+00 0.000000000000000000e+00
3.510000000000000000e+02 2.720823195800037411e+02 0.000000000000000000e+00 0.000000000000000000e+00
3.520000000000000000e+02 2.723423176868385553e+02 0.000000000000000000e+00 0.000000000000000000e+00
3.530000000000000000e+02 2.734419866268900705e+02 0.000000000000000000e+00 0.000000000000000000e+00
3.540000000000000000e+02 2.749433765198026549e+02 0.000000000000000000e+00 0.000000000000000000e+00
3.550000000000000000e+02 2.761532267599706643e+02 0.000000000000000000e+00 0.000000000000000000e+00
3.560000000000000000e+02 2.764063083468046784e+02 0.000000000000000000e+00 0.000000000000000000e+00
3.570000000000000000e+02 2.786115238984553457e+02 0.000000000000000000e+00 0.000000000000000000e+00
3.580000000000000000e+02 2.791797628548820285e+02 0.000000000000000000e+00 0.000000000000000000e+00
3.590000000000000000e+02 2.800538953453553859e+02 0.000000000000000000e+00 0.000000000000000000e+00
3.600000000000000000e+02 2.809423155685370830e+02 0.000000000000000000e+00 0.000000000000000000e+00
3.610000000000000000e+02 2.815645891331544135e+02 0.000000000000000000e+00 0.000000000000000000e+00
3.620000000000000000e+02 2.833069789355498642e+02 0.000000000000000000e+00 0.000000000000000000e+00
3.630000000000000000e+02 2.846420555316645959e+02 0.000000000000000000e+00 0.000000000000000000e+00
3.640000000000000000e+02 2.851942816749664189e+02 0.000000000000000000e+00 0.000000000000000000e+00
3.650000000000000000e+02 2.863348863121827890e+02 0.000000000000000000e+00 0.000000000000000000e+00
3.660000000000000000e+02 2.878310266559786896e+02 0.000000000000000000e+00 0.000000000000000000e+00
3.670000000000000000e+02 2.876060919473242166e+02 0.000000000000000000e+00 0.000000000000000000e+00
3.680000000000000000e+02 2.883738814349910058e+02 0.000000000000000000e+00 0.000000000000000000e+00
3.690000000000000000e+02 2.900294468675235180e+02 0.000000000000000000e+00 0.000000000000000000e+00
3.700000000000000000e+02 2.912517472654095059e+02 0.000000000000000000e+00 0.000000000000000000e+00
3.710000000000000000e+02 2.918704288027881262e+02 0.000000000000000000e+00 0.000000000000000000e+00
3.720000000000000000e+02 2.934278132995726764e+02 0.000000000000000000e+00 0.000000000000000000e+00
3.730000000000000000e+02 2.938121552391742171e+02 0.000000000000000000e+00 0.000000000000000000e+00
3.740000000000000000e+02 2.948643700553548115e+02 0.000000000000000000e+00 0.000000000000000000e+00
3.750000000000000000e+02 2.947802160875706932e+02 1.000000000000000000e+00 0.000000000000000000e+00
3.760000000000000000e+02 2.963060336000954749e+02 0.000000000000000000e+00 0.000000000000000000e+00
3.770000000000000000e+02 2.968996389651590562e+02 0.000000000000000000e+00 0.000000000000000000e+00
3.780000000000000000e+02 2.992495925623877042e+02 0.000000000000000000e+00 0.000000000000000000e+00
3.790000000000000000e+02 2.987716153223967694e+02 0.000000000000000000e+00 0.000000000000000000e+00
3.800000000000000000e+02 2.999232586691239248e+02 0.000000000000000000e+00 0.000000000000000000e+00
3.810000000000000000e+02 3.008560437470226816e+02 0.000000000000000000e+00 0.000000000000000000e+00
3.820000000000000000e+02 3.018184823235823728e+02 0.000000000000000000e+00 0.000000000000000000e+00
3.830000000000000000e+02 3.033054135562809392e+02 0.000000000000000000e+00 0.000000000000000000e+00
3.840000000000000000e+02 3.040532506728201838e+02 0.000000000000000000e+00 0.000000000000000000e+00
3.850000000000000000e+02 3.049584982910752728e+02 0.000000000000000000e+00 0.000000000000000000e+00
3.860000000000000000e+02 3.053529886385595091e+02 0.000000000000000000e+00 0.000000000000000000e+00
3.870000000000000000e+02 3.069935741143506789e+02 0.000000000000000000e+00 0.000000000000000000e+00
3.880000000000000000e+02 3.080502281312761852e+02 0.000000000000000000e+00 0.000000000000000000e+00
3.890000000000000000e+02 3.088157520992306786e+02 0.000000000000000000e+00 0.000000000000000000e+00
3.900000000000000000e+02 3.099232341079398338e+02 0.000000000000000000e+00 0.000000000000000000e+00
3.910000000000000000e+02 3.087616642374176763e+02 2.000000000000000000e+00 0.000000000000000000e+00
3.920000000000000000e+02 3.097577354113942079e+02 0.000000000000000000e+00 0.000000000000000000e+00
3.930000000000000000e+02 3.115358860981049247e+02 0.000000000000000000e+00 0.000000000000000000e+00
3.940000000000000000e+02 3.115487017142861532e+02 0.000000000000000000e+00 0.000000000000000000e+00
3.950000000000000000e+02 3.128932328948317263e+02 0.000000000000000000e+00 0.000000000000000000e+00
3.960000000000000000e+02 3.147646470045579576e+02 0.000000000000000000e+00 0.000000000000000000e+00
3.970000000000000000e+02 3.148534503863218674e+02 0.000000000000000000e+00 0.000000000000000000e+00
3.980000000000000000e+02 3.162334117707086421e+02 0.000000000000000000e+00 0.000000000000000000e+00
3.990000000000000000e+02 3.166226389716219387e+02 0.000000000000000000e+00 0.000000000000000000e+00
4.000000000000000000e+02 3.175417299906147832e+02 0.000000000000000000e+00 0.000000000000000000e+00
4.010000000000000000e+02 3.192254430150898088e+02 0.000000000000000000e+00 0.000000000000000000e+00
4.020000000000000000e+02 3.199271480694899878e+02 0.000000000000000000e+00 0.000000000000000000e+00
4.030000000000000000e+02 3.185517879611282410e+02 2.000000000000000000e+00 0.000000000000000000e+00
4.040000000000000000e+02 3.187142278235295407e+02 1.000000000000000000e+00 0.000000000000000000e+00
4.050000000000000000e+02 3.200401713587389736e+02 0.000000000000000000e+00 0.000000000000000000e+00
4.060000000000000000e+02 3.207401969636900390e+02 0.000000000000000000e+00 0.000000000000000000e+00
4.070000000000000000e+02 3.221326540685905684e+02 0.000000000000000000e+00 0.000000000000000000e+00
4.080000000000000000e+02 3.201541433161036707e+02 2.000000000000000000e+00 0.000000000000000000e+00
4.090000000000000000e+02 3.207178952224470549e+02 1.000000000000000000e+00 0.000000000000000000e+00
4.100000000000000000e+02 3.220502336980492828e+02 0.000000000000000000e+00 0.000000000000000000e+00
4.110000000000000000e+02 3.230063544840746204e+02 0.000000000000000000e+00 0.000000000000000000e+00
4.120000000000000000e+02 3.240598452343800773e+02 0.000000000000000000e+00 0.000000000000000000e+00
4.130000000000000000e+02 3.244808511945348073e+02 0.000000000000000000e+00 0.000000000000000000e+00
4.140000000000000000e+02 3.257485876096100696e+02 1.000000000000000000e+00 0.000000000000000000e+00
4.150000000000000000e+02 3.263316951892882116e+02 0.000000000000000000e+00 0.000000000000000000e+00
4.160000000000000000e+02 3.275079131064152875e+02 0.000000000000000000e+00 0.000000000000000000e+00
4.170000000000000000e+02 3.285049458677759731e+02 0.000000000000000000e+00 0.000000000000000000e+00
4.180000000000000000e+02 3.296066475073239985e+02 0.000000000000000000e+00 0.000000000000000000e+00
4.190000000000000000e+02 3.296924251902798346e+02 0.000000000000000000e+00 0.000000000000000000e+00
4.200000000000000000e+02 3.306953888880458408e+02 0.000000000000000000e+00 0.000000000000000000e+00
4.210000000000000000e+02 3.313112609328641724e+02 0.000000000000000000e+00 0.000000000000000000e+00
4.220000000000000000e+02 3.321752983027308801e+02 0.000000000000000000e+00 0.000000000000000000e+00
4.230000000000000000e+02 3.335632549239281843e+02 0.000000000000000000e+00 0.000000000000000000e+00
4.240000000000000000e+02 3.346623771576229842e+02 0.000000000000000000e+00 0.000000000000000000e+00
4.250000000000000000e+02 3.353144940392903095e+02 0.000000000000000000e+00 0.000000000000000000e+00
4.260000000000000000e+02 3.358381856717294909e+02 1.000000000000000000e+00 0.000000000000000000e+00
4.270000000000000000e+02 3.357315255203466791e+02 1.000000000000000000e+00 0.000000000000000000e+00
4.280000000000000000e+02 3.365727287801414604e+02 1.000000000000000000e+00 0.000000000000000000e+00
4.290000000000000000e+02 3.367722873468499643e+02 0.000000000000000000e+00 0.000000000000000000e+00
4.300000000000000000e+02 3.378824098445060145e+02 0.000000000000000000e+00 0.000000000000000000e+00
4.310000000000000000e+02 3.392418401957505694e+02 0.000000000000000000e+00 0.000000000000000000e+00
4.320000000000000000e+02 3.397397575540001640e+02 0.000000000000000000e+00 0.000000000000000000e+00
4.330000000000000000e+02 3.409750667278939318e+02 0.000000000000000000e+00 0.000000000000000000e+00
4.340000000000000000e+02 3.420247962123420393e+02 0.000000000000000000e+00 0.000000000000000000e+00
4.350000000000000000e+02 3.437927042062369196e+02 0.000000000000000000e+00 0.000000000000000000e+00
4.360000000000000000e+02 3.442651399527629792e+02 0.000000000000000000e+00 0.000000000000000000e+00
4.370000000000000000e+02 3.449202852162125623e+02 0.000000000000000000e+00 0.000000000000000000e+00
4.380000000000000000e+02 3.469109882084765104e+02 0.000000000000000000e+00 0.000000000000000000e+00
4.390000000000000000e+02 3.464295051156863110e+02 0.000000000000000000e+00 0.000000000000000000e+00
4.400000000000000000e+02 3.486700617629705903e+02 0.000000000000000000e+00 0.000000000000000000e+00
4.410000000000000000e+02 3.487216804311424880e+02 0.000000000000000000e+00 0.000000000000000000e+00
4.420000000000000000e+02 3.495404452912533202e+02 1.000000000000000000e+00 0.000000000000000000e+00
4.430000000000000000e+02 3.487911417979983071e+02 1.000000000000000000e+00 0.000000000000000000e+00
4.440000000000000000e+02 3.497204893042331832e+02 0.000000000000000000e+00 0.000000000000000000e+00
4.450000000000000000e+02 3.504102201029982098e+02 0.000000000000000000e+00 0.000000000000000000e+00
4.460000000000000000e+02 3.516959667819973561e+02 0.000000000000000000e+00 0.000000000000000000e+00
4.470000000000000000e+02 3.530376551318167344e+02 0.000000000000000000e+00 0.000000000000000000e+00
4.480000000000000000e+02 3.540048094753844339e+02 0.000000000000000000e+00 0.000000000000000000e+00
4.490000000000000000e+02 3.559151046858262930e+02 0.000000000000000000e+00 0.000000000000000000e+00
4.500000000000000000e+02 3.559502321746645634e+02 0.000000000000000000e+00 0.000000000000000000e+00
4.510000000000000000e+02 3.544006390428667146e+02 2.000000000000000000e+00 0.000000000000000000e+00
4.520000000000000000e+02 3.563574452012416032e+02 0.000000000000000000e+00 0.000000000000000000e+00
4.530000000000000000e+02 3.577176172149553963e+02 0.000000000000000000e+00 0.000000000000000000e+00
4.540000000000000000e+02 3.581413757770457096e+02 0.000000000000000000e+00 0.000000000000000000e+00
4.550000000000000000e+02 3.591663320338162748e+02 0.000000000000000000e+00 0.000000000000000000e+00
4.560000000000000000e+02 3.593263277703425729e+02 0.000000000000000000e+00 0.000000000000000000e+00
4.570000000000000000e+02 3.602519522147467228e+02 1.000000000000000000e+00 0.000000000000000000e+00
4.580000000000000000e+02 3.598072385654653544e+02 1.000000000000000000e+00 0.000000000000000000e+00
4.590000000000000000e+02 3.604789373019112304e+02 1.000000000000000000e+00 0.000000000000000000e+00
4.600000000000000000e+02 3.597884100399628551e+02 0.000000000000000000e+00 0.000000000000000000e+00
4.610000000000000000e+02 3.628653041673695725e+02 0.000000000000000000e+00 0.000000000000000000e+00
4.620000000000000000e+02 3.620443748806072222e+02 1.000000000000000000e+00 0.000000000000000000e+00
4.630000000000000000e+02 3.624293974784411034e+02 1.000000000000000000e+00 0.000000000000000000e+00
4.640000000000000000e+02 3.627751539023938676e+02 0.000000000000000000e+00 0.000000000000000000e+00
4.650000000000000000e+02 3.633026375909566354e+02 0.000000000000000000e+00 0.000000000000000000e+00
4.660000000000000000e+02 3.649817240551050759e+02 0.000000000000000000e+00 0.000000000000000000e+00
4.670000000000000000e+02 3.643110631540098439e+02 2.000000000000000000e+00 0.000000000000000000e+00
4.680000000000000000e+02 3.645013381712096248e+02 0.000000000000000000e+00 0.000000000000000000e+00
4.690000000000000000e+02 3.667882539552978756e+02 0.000000000000000000e+00 0.000000000000000000e+00
4.700000000000000000e+02 3.668715066774636284e+02 0.000000000000000000e+00 0.000000000000000000e+00
4.710000000000000000e+02 3.689131816329476692e+02 0.000000000000000000e+00 0.000000000000000000e+00
4.720000000000000000e+02 3.686843558690927125e+02 0.000000000000000000e+00 0.000000000000000000e+00
4.730000000000000000e+02 3.696037934526443109e+02 0.000000000000000000e+00 0.000000000000000000e+00
4.740000000000000000e+02 3.684381144143713982e+02 2.000000000000000000e+00 0.000000000000000000e+00
4.750000000000000000e+02 3.676906084253715790e+02 2.000000000000000000e+00 0.000000000000000000e+00
4.760000000000000000e+02 3.692197597107077058e+02 0.000000000000000000e+00 0.000000000000000000e+00
4.770000000000000000e+02 3.698334542934194360e+02 0.000000000000000000e+00 0.000000000000000000e+00
4.780000000000000000e+02 3.716417101986887701e+02 0.000000000000000000e+00 0.000000000000000000e+00
4.790000000000000000e+02 3.718513949194430097e+02 0.000000000000000000e+00 0.000000000000000000e+00
4.800000000000000000e+02 3.723514171825402741e+02 1.000000000000000000e+00 0.000000000000000000e+00
4.810000000000000000e+02 3.733869159959263584e+02 0.000000000000000000e+00 0.000000000000000000e+00
4.820000000000000000e+02 3.750109122662714185e+02 0.000000000000000000e+00 0.000000000000000000e+00
4.830000000000000000e+02 3.748009507539480865e+02 0.000000000000000000e+00 0.000000000000000000e+00
4.840000000000000000e+02 3.731765656291133837e+02 2.000000000000000000e+00 0.000000000000000000e+00
4.850000000000000000e+02 3.742418228257777173e+02 0.000000000000000000e+00 0.000000000000000000e+00
4.860000000000000000e+02 3.756201954911243774e+02 0.000000000000000000e+00 0.000000000000000000e+00
4.870000000000000000e+02 3.762179457519906691e+02 0.000000000000000000e+00 0.000000000000000000e+00
4.880000000000000000e+02 3.786405067700061409e+02 0.000000000000000000e+00 0.000000000000000000e+00
4.890000000000000000e+02 3.783111425535228136e+02 0.000000000000000000e+00 0.000000000000000000e+00
4.900000000000000000e+02 3.805072006708323329e+02 0.000000000000000000e+00 0.000000000000000000e+00
4.910000000000000000e+02 3.817658068218169660e+02 0.000000000000000000e+00 0.000000000000000000e+00
4.920000000000000000e+02 3.823981011493787037e+02 0.000000000000000000e+00 0.000000000000000000e+00
4.930000000000000000e+02 3.830003065469668968e+02 0.000000000000000000e+00 0.000000000000000000e+00
4.940000000000000000e+02 3.838315200588677953e+02 0.000000000000000000e+00 0.000000000000000000e+00
4.950000000000000000e+02 3.849484028079485256e+02 1.000000000000000000e+00 0.000000000000000000e+00
4.960000000000000000e+02 3.839677023913937433e+02 1.000000000000000000e+00 0.000000000000000000e+00
4.970000000000000000e+02 3.847489791312115699e+02 0.000000000000000000e+00 0.000000000000000000e+00
4.980000000000000000e+02 3.862726004182133011e+02 0.000000000000000000e+00 0.000000000000000000e+00
4.990000000000000000e+02 3.848291280004515897e+02 1.000000000000000000e+00 0.000000000000000000e+00
5.000000000000000000e+02 3.877232831259329942e+02 0.000000000000000000e+00 0.000000000000000000e+00
5.010000000000000000e+02 3.884889680699531027e+02 0.000000000000000000e+00 0.000000000000000000e+00
5.020000000000000000e+02 3.888536070104131568e+02 0.000000000000000000e+00 0.000000000000000000e+00
5.030000000000000000e+02 3.897875547313610127e+02 0.000000000000000000e+00 0.000000000000000000e+00
5.040000000000000000e+02 3.920119849574375621e+02 0.000000000000000000e+00 0.000000000000000000e+00
5.050000000000000000e+02 3.920048849341641244e+02 0.000000000000000000e+00 0.000000000000000000e+00
5.060000000000000000e+02 3.922777566303357162e+02 0.000000000000000000e+00 0.000000000000000000e+00
5.070000000000000000e+02 3.940842342724733953e+02 0.000000000000000000e+00 0.000000000000000000e+00
5.080000000000000000e+02 3.948963861690077692e+02 0.000000000000000000e+00 0.000000000000000000e+00
5.090000000000000000e+02 3.957763825249363663e+02 0.000000000000000000e+00 0.000000000000000000e+00
5.100000000000000000e+02 3.969777503327434260e+02 0.000000000000000000e+00 0.000000000000000000e+00
5.110000000000000000e+02 3.981316221805346345e+02 0.000000000000000000e+00 0.000000000000000000e+00
5.120000000000000000e+02 3.985701372497143211e+02 0.000000000000000000e+00 0.000000000000000000e+00
5.130000000000000000e+02 4.000498963701944035e+02 0.000000000000000000e+00 0.000000000000000000e+00
5.140000000000000000e+02 4.001609847317996014e+02 0.000000000000000000e+00 0.000000000000000000e+00
5.150000000000000000e+02 4.025453975564126381e+02 0.000000000000000000e+00 0.000000000000000000e+00
5.160000000000000000e+02 4.029620341052647063e+02 0.000000000000000000e+00 0.000000000000000000e+00
5.170000000000000000e+02 4.042216280762160636e+02 0.000000000000000000e+00 0.000000000000000000e+00
5.180000000000000000e+02 4.046835844415185761e+02 0.000000000000000000e+00 0.000000000000000000e+00
5.190000000000000000e+02 4.071143889375312597e+02 0.000000000000000000e+00 0.000000000000000000e+00
5.200000000000000000e+02 4.069368112121044874e+02 0.000000000000000000e+00 0.000000000000000000e+00
5.210000000000000000e+02 4.081154084481095197e+02 0.000000000000000000e+00 0.000000000000000000e+00
5.220000000000000000e+02 4.087839198270841621e+02 0.000000000000000000e+00 0.000000000000000000e+00
5.230000000000000000e+02 4.086600708055063365e+02 1.000000000000000000e+00 0.000000000000000000e+00
5.240000000000000000e+02 4.094388011015981306e+02 0.000000000000000000e+00 0.000000000000000000e+00
5.250000000000000000e+02 4.101433682672784471e+02 0.000000000000000000e+00 0.000000000000000000e+00
5.260000000000000000e+02 4.118236168359256339e+02 0.000000000000000000e+00 0.000000000000000000e+00
5.270000000000000000e+02 4.138293473805658209e+02 0.000000000000000000e+00 0.000000000000000000e+00
5.280000000000000000e+02 4.142745163653177087e+02 0.000000000000000000e+00 0.000000000000000000e+00
5.290000000000000000e+02 4.141086527399901911e+02 0.000000000000000000e+00 0.000000000000000000e+00
5.300000000000000000e+02 4.135813200543457242e+02 2.000000000000000000e+00 0.000000000000000000e+00
5.310000000000000000e+02 4.125516499476958643e+02 2.000000000000000000e+00 0.000000000000000000e+00
5.320000000000000000e+02 4.110493486065887510e+02 2.000000000000000000e+00 0.000000000000000000e+00
5.330000000000000000e+02 4.122885179049563931e+02 2.000000000000000000e+00 0.000000000000000000e+00
5.340000000000000000e+02 4.119002234991676232e+02 0.000000000000000000e+00 0.000000000000000000e+00
5.350000000000000000e+02 4.120752182827481533e+02 0.000000000000000000e+00 0.000000000000000000e+00
5.360000000000000000e+02 4.138484075771016251e+02 0.000000000000000000e+00 0.000000000000000000e+00
5.370000000000000000e+02 4.147941510360082020e+02 0.000000000000000000e+00 0.000000000000000000e+00
5.380000000000000000e+02 4.155175517943132490e+02 0.000000000000000000e+00 0.000000000000000000e+00
5.390000000000000000e+02 4.167889385976684480e+02 0.000000000000000000e+00 0.000000000000000000e+00
5.400000000000000000e+02 4.182192635516472592e+02 0.000000000000000000e+00 0.000000000000000000e+00
5.410000000000000000e+02 4.194142345628050634e+02 0.000000000000000000e+00 0.000000000000000000e+00
5.420000000000000000e+02 4.199120080782656146e+02 0.000000000000000000e+00 0.000000000000000000e+00
5.430000000000000000e+02 4.209657698202409506e+02 0.000000000000000000e+00 0.000000000000000000e+00
5.440000000000000000e+02 4.221491502797979365e+02 0.000000000000000000e+00 0.000000000000000000e+00
5.450000000000000000e+02 4.229553707860405325e+02 0.000000000000000000e+00 0.000000000000000000e+00
5.460000000000000000e+02 4.227387462388971926e+02 2.000000000000000000e+00 0.000000000000000000e+00
5.470000000000000000e+02 4.232609746638348156e+02 0.000000000000000000e+00 0.000000000000000000e+00
5.480000000000000000e+02 4.240270742051675938e+02 0.000000000000000000e+00 0.000000000000000000e+00
5.490000000000000000e+02 4.224867802418347651e+02 2.000000000000000000e+00 0.000000000000000000e+00
5.500000000000000000e+02 4.236048828419826577e+02 0.000000000000000000e+00 0.000000000000000000e+00
5.510000000000000000e+02 4.237702438800571940e+02 0.000000000000000000e+00 0.000000000000000000e+00
5.520000000000000000e+02 4.259230653014269592e+02 0.000000000000000000e+00 0.000000000000000000e+00
5.530000000000000000e+02 4.274147268973615041e+02 0.000000000000000000e+00 0.000000000000000000e+00
5.540000000000000000e+02 4.277213338800715974e+02 0.000000000000000000e+00 0.000000000000000000e+00
5.550000000000000000e+02 4.286640961853336194e+02 0.000000000000000000e+00 0.000000000000000000e+00
5.560000000000000000e+02 4.295291551970894375e+02 0.000000000000000000e+00 0.000000000000000000e+00
5.570000000000000000e+02 4.312779783885092684e+02 0.000000000000000000e+00 0.000000000000000000e+00
5.580000000000000000e+02 4.326310960573890725e+02 0.000000000000000000e+00 0.000000000000000000e+00
5.590000000000000000e+02 4.332568438950210066e+02 0.000000000000000000e+00 0.000000000000000000e+00
5.600000000000000000e+02 4.353304542163173210e+02 0.000000000000000000e+00 0.000000000000000000e+00
5.610000000000000000e+02 4.326087811254547546e+02 2.000000000000000000e+00 0.000000000000000000e+00
5.620000000000000000e+02 4.338719728204941362e+02 0.000000000000000000e+00 0.000000000000000000e+00
5.630000000000000000e+02 4.353282512872828534e+02 0.000000000000000000e+00 0.000000000000000000e+00
5.640000000000000000e+02 4.354749516226787023e+02 0.000000000000000000e+00 0.000000000000000000e+00
5.650000000000000000e+02 4.351928250215287903e+02 2.000000000000000000e+00 0.000000000000000000e+00
5.660000000000000000e+02 4.373939172218281897e+02 0.000000000000000000e+00 0.000000000000000000e+00
5.670000000000000000e+02 4.375511790004830459e+02 0.000000000000000000e+00 0.000000000000000000e+00
5.680000000000000000e+02 4.375011542072367092e+02 0.000000000000000000e+00 0.000000000000000000e+00
5.690000000000000000e+02 4.389229932748322653e+02 0.000000000000000000e+00 0.000000000000000000e+00
5.700000000000000000e+02 4.401594789380545194e+02 0.000000000000000000e+00 0.000000000000000000e+00
5.710000000000000000e+02 4.405123530630261826e+02 0.000000000000000000e+00 0.000000000000000000e+00
5.720000000000000000e+02 4.420721521340323079e+02 0.000000000000000000e+00 0.000000000000000000e+00
5.730000000000000000e+02 4.433181013447511987e+02 0.000000000000000000e+00 0.000000000000000000e+00
5.740000000000000000e+02 4.434708261930681488e+02 0.000000000000000000e+00 0.000000000000000000e+00
5.750000000000000000e+02 4.451373098437363183e+02 0.000000000000000000e+00 0.000000000000000000e+00
5.760000000000000000e+02 4.472372818745803329e+02 0.000000000000000000e+00 0.000000000000000000e+00
5.770000000000000000e+02 4.465305391196398546e+02 0.000000000000000000e+00 0.000000000000000000e+00
5.780000000000000000e+02 4.490889634820764513e+02 0.000000000000000000e+00 0.000000000000000000e+00
5.790000000000000000e+02 4.488172690762822867e+02 0.000000000000000000e+00 0.000000000000000000e+00
5.800000000000000000e+02 4.505105681290878579e+02 0.000000000000000000e+00 0.000000000000000000e+00
5.810000000000000000e+02 4.513207129923713410e+02 0.000000000000000000e+00 0.000000000000000000e+00
5.820000000000000000e+02 4.524566201874035869e+02 0.000000000000000000e+00 0.000000000000000000e+00
5.830000000000000000e+02 4.505587666484246370e+02 2.000000000000000000e+00 0.000000000000000000e+00
5.840000000000000000e+02 4.495098483801910447e+02 2.000000000000000000e+00 0.000000000000000000e+00
5.850000000000000000e+02 4.513395807977324807e+02 0.000000000000000000e+00 0.000000000000000000e+00
5.860000000000000000e+02 4.520945806395795898e+02 0.000000000000000000e+00 0.000000000000000000e+00
5.870000000000000000e+02 4.519475928398204019e+02 0.000000000000000000e+00 0.000000000000000000e+00
5.880000000000000000e+02 4.539234882700833396e+02 0.000000000000000000e+00 0.000000000000000000e+00
5.890000000000000000e+02 4.530101783288454271e+02 2.000000000000000000e+00 0.000000000000000000e+00
5.900000000000000000e+02 4.540192186975601771e+02 0.000000000000000000e+00 0.000000000000000000e+00
5.910000000000000000e+02 4.548345291240577239e+02 0.000000000000000000e+00 0.000000000000000000e+00
5.920000000000000000e+02 4.559458249422686436e+02 0.000000000000000000e+00 0.000000000000000000e+00
5.930000000000000000e+02 4.570291461970441560e+02 0.000000000000000000e+00 0.000000000000000000e+00
5.940000000000000000e+02 4.573412644952130108e+02 0.000000000000000000e+00 0.000000000000000000e+00
5.950000000000000000e+02 4.596328282862709216e+02 0.000000000000000000e+00 0.000000000000000000e+00
5.960000000000000000e+02 4.601267827962196861e+02 0.000000000000000000e+00 0.000000000000000000e+00
5.970000000000000000e+02 4.613815237878702646e+02 0.000000000000000000e+00 0.000000000000000000e+00
5.980000000000000000e+02 4.620386740458102395e+02 0.000000000000000000e+00 0.000000000000000000e+00
5.990000000000000000e+02 4.631435862949184070e+02 0.000000000000000000e+00 0.000000000000000000e+00
6.000000000000000000e+02 4.638682344360233856e+02 0.000000000000000000e+00 0.000000000000000000e+00
6.010000000000000000e+02 4.652145657866184365e+02 0.000000000000000000e+00 0.000000000000000000e+00
6.020000000000000000e+02 4.662570427540091487e+02 0.000000000000000000e+00 0.000000000000000000e+00
6.030000000000000000e+02 4.670490367254819830e+02 0.000000000000000000e+00 0.000000000000000000e+00
6.040000000000000000e+02 4.686230019467301418e+02 0.000000000000000000e+00 0.000000000000000000e+00
6.050000000000000000e+02 4.686258956978959418e+02 0.000000000000000000e+00 0.000000000000000000e+00
6.060000000000000000e+02 4.687522968378731321e+02 0.000000000000000000e+00 0.000000000000000000e+00
6.070000000000000000e+02 4.710445425597205258e+02 0.000000000000000000e+00 0.000000000000000000e+00
6.080000000000000000e+02 4.706279200954608655e+02 2.000000000000000000e+00 0.000000000000000000e+00
6.090000000000000000e+02 4.694388610851067369e+02 2.000000000000000000e+00 0.000000000000000000e+00
6.100000000000000000e+02 4.674695845193055561e+02 2.000000000000000000e+00 0.000000000000000000e+00
6.110000000000000000e+02 4.672375139742301258e+02 2.000000000000000000e+00 0.000000000000000000e+00
6.120000000000000000e+02 4.681369899216139743e+02 0.000000000000000000e+00 0.000000000000000000e+00
6.130000000000000000e+02 4.687853844164079078e+02 0.000000000000000000e+00 0.000000000000000000e+00
6.140000000000000000e+02 4.688853604500624215e+02 0.000000000000000000e+00 0.000000000000000000e+00
6.150000000000000000e+02 4.715180376237933046e+02 0.000000000000000000e+00 0.000000000000000000e+00
6.160000000000000000e+02 4.725487878140551743e+02 0.000000000000000000e+00 0.000000000000000000e+00
6.170000000000000000e+02 4.733316975274514107e+02 0.000000000000000000e+00 0.000000000000000000e+00
6.180000000000000000e+02 4.743509499956553555e+02 0.000000000000000000e+00 0.000000000000000000e+00
6.190000000000000000e+02 4.754972724771308208e+02 0.000000000000000000e+00 0.000000000000000000e+00
6.200000000000000000e+02 4.753017533890285335e+02 0.000000000000000000e+00 0.000000000000000000e+00
6.210000000000000000e+02 4.763130396213038580e+02 0.000000000000000000e+00 0.000000000000000000e+00
6.220000000000000000e+02 4.772157424794231702e+02 0.000000000000000000e+00 0.000000000000000000e+00
6.230000000000000000e+02 4.788755714426530403e+02 0.000000000000000000e+00 0.000000000000000000e+00
6.240000000000000000e+02 4.802543581349625015e+02 0.000000000000000000e+00 0.000000000000000000e+00
6.250000000000000000e+02 4.820122074992610806e+02 0.000000000000000000e+00 0.000000000000000000e+00
6.260000000000000000e+02 4.815102434522720500e+02 0.000000000000000000e+00 0.000000000000000000e+00
6.270000000000000000e+02 4.836367378020777323e+02 0.000000000000000000e+00 0.000000000000000000e+00
6.280000000000000000e+02 4.833746578001361058e+02 0.000000000000000000e+00 0.000000000000000000e+00
6.290000000000000000e+02 4.854200439650716703e+02 0.000000000000000000e+00 0.000000000000000000e+00
6.300000000000000000e+02 4.840278618388203995e+02 2.000000000000000000e+00 0.000000000000000000e+00
6.310000000000000000e+02 4.854898482226147962e+02 0.000000000000000000e+00 0.000000000000000000e+00
6.320000000000000000e+02 4.866616507760126069e+02 0.000000000000000000e+00 0.000000000000000000e+00
6.330000000000000000e+02 4.874860234033070583e+02 0.000000000000000000e+00 0.000000000000000000e+00
6.340000000000000000e+02 4.872150113898682093e+02 0.000000000000000000e+00 0.000000000000000000e+00
6.350000000000000000e+02 4.888159476208277283e+02 0.000000000000000000e+00 0.000000000000000000e+00
6.360000000000000000e+02 4.902642879533473774e+02 0.000000000000000000e+00 0.000000000000000000e+00
6.370000000000000000e+02 4.912823111706271106e+02 0.000000000000000000e+00 0.000000000000000000e+00
6.380000000000000000e+02 4.918278595264902719e+02 0.000000000000000000e+00 0.000000000000000000e+00
6.390000000000000000e+02 4.933688374828370229e+02 0.000000000000000000e+00 0.000000000000000000e+00
6.400000000000000000e+02 4.930224133130304267e+02 0.000000000000000000e+00 0.000000000000000000e+00
6.410000000000000000e+02 4.948691266416977896e+02 0.000000000000000000e+00 0.000000000000000000e+00
6.420000000000000000e+02 4.957075398125908805e+02 0.000000000000000000e+00 0.000000000000000000e+00
6.430000000000000000e+02 4.956866986351136575e+02 1.000000000000000000e+00 0.000000000000000000e+00
6.440000000000000000e+02 4.956377737513650459e+02 1.000000000000000000e+00 0.000000000000000000e+00
6.450000000000000000e+02 4.963091129620537458e+02 0.000000000000000000e+00 0.000000000000000000e+00
6.460000000000000000e+02 4.976028389510598231e+02 0.000000000000000000e+00 0.000000000000000000e+00
6.470000000000000000e+02 4.986583430848153853e+02 0.000000000000000000e+00 0.000000000000000000e+00
6.480000000000000000e+02 4.983957471346261627e+02 2.000000000000000000e+00 0.000000000000000000e+00
6.490000000000000000e+02 4.965918195945602065e+02 2.000000000000000000e+00 0.000000000000000000e+00
6.500000000000000000e+02 4.966249985982112207e+02 1.000000000000000000e+00 0.000000000000000000e+00
6.510000000000000000e+02 4.979570838008265241e+02 0.000000000000000000e+00 0.000000000000000000e+00
6.520000000000000000e+02 4.987425582951117917e+02 0.000000000000000000e+00 0.000000000000000000e+00
6.530000000000000000e+02 4.990689921444339348e+02 1.000000000000000000e+00 0.000000000000000000e+00
6.540000000000000000e+02 5.000854220312386360e+02 0.000000000000000000e+00 0.000000000000000000e+00
6.550000000000000000e+02 5.009561105343295253e+02 0.000000000000000000e+00 0.000000000000000000e+00
6.560000000000000000e+02 5.024539647747238860e+02 0.000000000000000000e+00 0.000000000000000000e+00
6.570000000000000000e+02 5.024902084763684798e+02 0.000000000000000000e+00 0.000000000000000000e+00
6.580000000000000000e+02 5.038213838928980408e+02 0.000000000000000000e+00 0.000000000000000000e+00
6.590000000000000000e+02 5.048038983670388689e+02 0.000000000000000000e+00 0.000000000000000000e+00
6.600000000000000000e+02 5.042670812788309718e+02 2.000000000000000000e+00 0.000000000000000000e+00
6.610000000000000000e+02 5.028365944300784918e+02 2.000000000000000000e+00 0.000000000000000000e+00
6.620000000000000000e+02 5.036166988677319409e+02 0.000000000000000000e+00 0.000000000000000000e+00
6.630000000000000000e+02 5.046898179459153653e+02 0.000000000000000000e+00 0.000000000000000000e+00
6.640000000000000000e+02 5.048099861246848263e+02 1.000000000000000000e+00 0.000000000000000000e+00
6.650000000000000000e+02 5.040730076492559988e+02 2.000000000000000000e+00 0.000000000000000000e+00
6.660000000000000000e+02 5.043870767595744269e+02 0.000000000000000000e+00 0.000000000000000000e+00
6.670000000000000000e+02 5.056767670030278055e+02 0.000000000000000000e+00 0.000000000000000000e+00
6.680000000000000000e+02 5.072912038145612996e+02 0.000000000000000000e+00 0.000000000000000000e+00
6.690000000000000000e+02 5.059399238104799110e+02 2.000000000000000000e+00 0.000000000000000000e+00
6.700000000000000000e+02 5.050245272312506586e+02 2.000000000000000000e+00 0.000000000000000000e+00
6.710000000000000000e+02 5.056560402083272834e+02 0.000000000000000000e+00 0.000000000000000000e+00
6.720000000000000000e+02 5.072541049757622318e+02 0.000000000000000000e+00 0.000000000000000000e+00
6.730000000000000000e+02 5.080693296825479024e+02 0.000000000000000000e+00 0.000000000000000000e+00
6.740000000000000000e+02 5.100945853967680250e+02 0.000000000000000000e+00 0.000000000000000000e+00
6.750000000000000000e+02 5.099576650938316789e+02 0.000000000000000000e+00 0.000000000000000000e+00
6.760000000000000000e+02 5.098349053421973167e+02 1.000000000000000000e+00 0.000000000000000000e+00
6.770000000000000000e+02 5.108158776941531869e+02 0.000000000000000000e+00 0.000000000000000000e+00
6.780000000000000000e+02 5.116502859450117171e+02 0.000000000000000000e+00 0.000000000000000000e+00
6.790000000000000000e+02 5.129911800858570814e+02 0.000000000000000000e+00 0.000000000000000000e+00
6.800000000000000000e+02 5.143698769154209458e+02 0.000000000000000000e+00 0.000000000000000000e+00
6.810000000000000000e+02 5.149851882157023510e+02 0.000000000000000000e+00 0.000000000000000000e+00
6.820000000000000000e+02 5.161632089574715110e+02 0.000000000000000000e+00 0.000000000000000000e+00
6.830000000000000000e+02 5.182816360297268830e+02 0.000000000000000000e+00 0.000000000000000000e+00
6.840000000000000000e+02 5.191916146473076878e+02 0.000000000000000000e+00 0.000000000000000000e+00
6.850000000000000000e+02 5.184326397702409395e+02 0.000000000000000000e+00 0.000000000000000000e+00
6.860000000000000000e+02 5.191570047691521950e+02 0.000000000000000000e+00 0.000000000000000000e+00
6.870000000000000000e+02 5.211962192032355006e+02 0.000000000000000000e+00 0.000000000000000000e+00
6.880000000000000000e+02 5.218819680399791423e+02 0.000000000000000000e+00 0.000000000000000000e+00
6.890000000000000000e+02 5.233363568744524628e+02 0.000000000000000000e+00 0.000000000000000000e+00
6.900000000000000000e+02 5.245308065685513839e+02 0.000000000000000000e+00 0.000000000000000000e+00
6.910000000000000000e+02 5.248059237740260414e+02 0.000000000000000000e+00 0.000000000000000000e+00
6.920000000000000000e+02 5.264172621904291418e+02 0.000000000000000000e+00 0.000000000000000000e+00
6.930000000000000000e+02 5.265352536413068947e+02 0.000000000000000000e+00 0.000000000000000000e+00
6.940000000000000000e+02 5.288259798120519690e+02 0.000000000000000000e+00 0.000000000000000000e+00
6.950000000000000000e+02 5.267757687094984931e+02 2.000000000000000000e+00 0.000000000000000000e+00
6.960000000000000000e+02 5.259334164048688081e+02 2.000000000000000000e+00 0.000000000000000000e+00
6.970000000000000000e+02 5.266370136694332587e+02 0.000000000000000000e+00 0.000000000000000000e+00
6.980000000000000000e+02 5.289553401236915988e+02 0.000000000000000000e+00 0.000000000000000000e+00
6.990000000000000000e+02 5.289187294732354303e+02 0.000000000000000000e+00 0.000000000000000000e+00
7.000000000000000000e+02 5.305048088543469476e+02 0.000000000000000000e+00 0.000000000000000000e+00
7.010000000000000000e+02 5.311781285693497239e+02 0.000000000000000000e+00 0.000000000000000000e+00
7.020000000000000000e+02 5.317630622952858630e+02 0.000000000000000000e+00 0.000000000000000000e+00
7.030000000000000000e+02 5.334919470554707459e+02 0.000000000000000000e+00 0.000000000000000000e+00
7.040000000000000000e+02 5.334095992797030021e+02 0.000000000000000000e+00 0.000000000000000000e+00
7.050000000000000000e+02 5.351538922200605839e+02 0.000000000000000000e+00 0.000000000000000000e+00
7.060000000000000000e+02 5.356100272586227220e+02 0.000000000000000000e+00 0.000000000000000000e+00
7.070000000000000000e+02 5.374304955638124284e+02 0.000000000000000000e+00 0.000000000000000000e+00
7.080000000000000000e+02 5.384470367585294071e+02 0.000000000000000000e+00 0.000000000000000000e+00
7.090000000000000000e+02 5.391081361552631961e+02 0.000000000000000000e+00 0.000000000000000000e+00
7.100000000000000000e+02 5.400411259036158071e+02 0.000000000000000000e+00 0.000000000000000000e+00
7.110000000000000000e+02 5.402553500656872529e+02 0.000000000000000000e+00 0.000000000000000000e+00
7.120000000000000000e+02 5.430290780373965163e+02 0.000000000000000000e+00 0.000000000000000000e+00
7.130000000000000000e+02 5.432760560606453737e+02 0.000000000000000000e+00 0.000000000000000000e+00
7.140000000000000000e+02 5.437882486236889008e+02 0.000000000000000000e+00 0.000000000000000000e+00
7.150000000000000000e+02 5.441796405542194179e+02 0.000000000000000000e+00 0.000000000000000000e+00
7.160000000000000000e+02 5.467330036124218395e+02 0.000000000000000000e+00 0.000000000000000000e+00
7.170000000000000000e+02 5.475670841482800597e+02 0.000000000000000000e+00 0.000000000000000000e+00
7.180000000000000000e+02 5.482489723574898335e+02 0.000000000000000000e+00 0.000000000000000000e+00
7.190000000000000000e+02 5.462594711461940733e+02 2.000000000000000000e+00 0.000000000000000000e+00
7.200000000000000000e+02 5.453916944144314130e+02 2.000000000000000000e+00 0.000000000000000000e+00
7.210000000000000000e+02 5.446771089429919357e+02 2.000000000000000000e+00 0.000000000000000000e+00
7.220000000000000000e+02 5.440976551432347605e+02 2.000000000000000000e+00 0.000000000000000000e+00
7.230000000000000000e+02 5.447408510311562395e+02 1.000000000000000000e+00 0.000000000000000000e+00
7.240000000000000000e+02 5.452896349582695166e+02 0.000000000000000000e+00 0.000000000000000000e+00
7.250000000000000000e+02 5.458097489589154065e+02 0.000000000000000000e+00 0.000000000000000000e+00
7.260000000000000000e+02 5.474191653393393153e+02 0.000000000000000000e+00 0.000000000000000000e+00
7.270000000000000000e+02 5.477905763565992174e+02 0.000000000000000000e+00 0.000000000000000000e+00
7.280000000000000000e+02 5.470047173447331943e+02 2.000000000000000000e+00 0.000000000000000000e+00
7.290000000000000000e+02 5.475624480393923932e+02 1.000000000000000000e+00 0.000000000000000000e+00
7.300000000000000000e+02 5.467796465656032296e+02 1.000000000000000000e+00 0.000000000000000000e+00
7.310000000000000000e+02 5.475581247568427443e+02 0.000000000000000000e+00 0.000000000000000000e+00
7.320000000000000000e+02 5.486033515319849130e+02 0.000000000000000000e+00 0.000000000000000000e+00
7.330000000000000000e+02 5.494912019211858478e+02 0.000000000000000000e+00 0.000000000000000000e+00
7.340000000000000000e+02 5.513993533760555010e+02 0.000000000000000000e+00 0.000000000000000000e+00
7.350000000000000000e+02 5.523227270274139755e+02 0.000000000000000000e+00 0.000000000000000000e+00
7.360000000000000000e+02 5.526795997573608474e+02 0.000000000000000000e+00 0.000000000000000000e+00
7.370000000000000000e+02 5.539473250098091057e+02 0.000000000000000000e+00 0.000000000000000000e+00
7.380000000000000000e+02 5.546375530238821057e+02 0.000000000000000000e+00 0.000000000000000000e+00
7.390000000000000000e+02 5.555396343311314240e+02 0.000000000000000000e+00 0.000000000000000000e+00
7.400000000000000000e+02 5.562496380235990046e+02 0.000000000000000000e+00 0.000000000000000000e+00
7.410000000000000000e+02 5.576087978428894303e+02 0.000000000000000000e+00 0.000000000000000000e+00
7.420000000000000000e+02 5.591037406132484193e+02 0.000000000000000000e+00 0.000000000000000000e+00
7.430000000000000000e+02 5.579166659464581244e+02 1.000000000000000000e+00 0.000000000000000000e+00
7.440000000000000000e+02 5.604702119458515881e+02 0.000000000000000000e+00 0.000000000000000000e+00
7.450000000000000000e+02 5.596180674024475366e+02 0.000000000000000000e+00 0.000000000000000000e+00
7.460000000000000000e+02 5.621368514319757423e+02 0.000000000000000000e+00 0.000000000000000000e+00
7.470000000000000000e+02 5.624901126667856488e+02 0.000000000000000000e+00 0.000000000000000000e+00
7.480000000000000000e+02 5.634862308577497743e+02 0.000000000000000000e+00 0.000000000000000000e+00
7.490000000000000000e+02 5.646191873209852474e+02 0.000000000000000000e+00 0.000000000000000000e+00
7.500000000000000000e+02 5.659678388547857821e+02 0.000000000000000000e+00 0.000000000000000000e+00
7.510000000000000000e+02 5.665314800436231053e+02 0.000000000000000000e+00 0.000000000000000000e+00
7.520000000000000000e+02 5.683503872690371281e+02 0.000000000000000000e+00 0.000000000000000000e+00
7.530000000000000000e+02 5.689270054119225506e+02 0.000000000000000000e+00 0.000000000000000000e+00
7.540000000000000000e+02 5.697920794209793485e+02 0.000000000000000000e+00 0.000000000000000000e+00
7.550000000000000000e+02 5.711537261097373630e+02 0.000000000000000000e+00 0.000000000000000000e+00
7.560000000000000000e+02 5.720350492150364516e+02 0.000000000000000000e+00 0.000000000000000000e+00
7.570000000000000000e+02 5.729426241859714537e+02 0.000000000000000000e+00 0.000000000000000000e+00
7.580000000000000000e+02 5.728349178666819626e+02 0.000000000000000000e+00 0.000000000000000000e+00
7.590000000000000000e+02 5.759269964153729688e+02 0.000000000000000000e+00 0.000000000000000000e+00
7.600000000000000000e+02 5.764987795087496352e+02 0.000000000000000000e+00 0.000000000000000000e+00
7.610000000000000000e+02 5.764454131138735420e+02 0.000000000000000000e+00 0.000000000000000000e+00
7.620000000000000000e+02 5.783709519316533942e+02 0.000000000000000000e+00 0.000000000000000000e+00
7.630000000000000000e+02 5.779375162049891514e+02 1.000000000000000000e+00 0.000000000000000000e+00
7.640000000000000000e+02 5.794983463687813128e+02 0.000000000000000000e+00 0.000000000000000000e+00
7.650000000000000000e+02 5.802933974195460678e+02 0.000000000000000000e+00 0.000000000000000000e+00
7.660000000000000000e+02 5.791462668407647243e+02 1.000000000000000000e+00 0.000000000000000000e+00
7.670000000000000000e+02 5.785479284983396155e+02 2.000000000000000000e+00 0.000000000000000000e+00
7.680000000000000000e+02 5.774144146529529280e+02 2.000000000000000000e+00 0.000000000000000000e+00
7.690000000000000000e+02 5.772607682099761632e+02 2.000000000000000000e+00 0.000000000000000000e+00
7.700000000000000000e+02 5.768233610949087051e+02 2.000000000000000000e+00 0.000000000000000000e+00
7.710000000000000000e+02 5.762246947358449916e+02 1.000000000000000000e+00 0.000000000000000000e+00
7.720000000000000000e+02 5.771683294767321968e+02 0.000000000000000000e+00 0.000000000000000000e+00
7.730000000000000000e+02 5.780084211806638450e+02 0.000000000000000000e+00 0.000000000000000000e+00
7.740000000000000000e+02 5.794136477511202656e+02 0.000000000000000000e+00 0.000000000000000000e+00
7.750000000000000000e+02 5.793282636555544514e+02 0.000000000000000000e+00 0.000000000000000000e+00
7.760000000000000000e+02 5.811340271838180342e+02 0.000000000000000000e+00 0.000000000000000000e+00
7.770000000000000000e+02 5.821969042681829478e+02 0.000000000000000000e+00 0.000000000000000000e+00
7.780000000000000000e+02 5.825732149012765149e+02 0.000000000000000000e+00 0.000000000000000000e+00
7.790000000000000000e+02 5.839403423664518868e+02 0.000000000000000000e+00 0.000000000000000000e+00
7.800000000000000000e+02 5.835395384229201454e+02 1.000000000000000000e+00 0.000000000000000000e+00
7.810000000000000000e+02 5.853686918181596184e+02 0.000000000000000000e+00 0.000000000000000000e+00
7.820000000000000000e+02 5.874250226360292118e+02 0.000000000000000000e+00 0.000000000000000000e+00
7.830000000000000000e+02 5.869799864696582290e+02 0.000000000000000000e+00 0.000000000000000000e+00
7.840000000000000000e+02 5.883013407249513875e+02 0.000000000000000000e+00 0.000000000000000000e+00
7.850000000000000000e+02 5.881912283596427642e+02 0.000000000000000000e+00 0.000000000000000000e+00
7.860000000000000000e+02 5.900069727697081134e+02 0.000000000000000000e+00 0.000000000000000000e+00
7.870000000000000000e+02 5.910896235265930727e+02 0.000000000000000000e+00 0.000000000000000000e+00
7.880000000000000000e+02 5.924233981972788570e+02 0.000000000000000000e+00 0.000000000000000000e+00
7.890000000000000000e+02 5.924774764707059376e+02 0.000000000000000000e+00 0.000000000000000000e+00
7.900000000000000000e+02 5.935243181831542643e+02 0.000000000000000000e+00 0.000000000000000000e+00
7.910000000000000000e+02 5.958370410335021461e+02 0.000000000000000000e+00 0.000000000000000000e+00
7.920000000000000000e+02 5.955991270405013438e+02 0.000000000000000000e+00 0.000000000000000000e+00
7.930000000000000000e+02 5.971442767252864314e+02 0.000000000000000000e+00 0.000000000000000000e+00
7.940000000000000000e+02 5.978847011961526050e+02 0.000000000000000000e+00 0.000000000000000000e+00
7.950000000000000000e+02 5.991349500663153549e+02 0.000000000000000000e+00 0.000000000000000000e+00
7.960000000000000000e+02 5.998033621358257506e+02 0.000000000000000000e+00 0.000000000000000000e+00
7.970000000000000000e+02 6.005043120098541749e+02 0.000000000000000000e+00 0.000000000000000000e+00
7.980000000000000000e+02 6.023227031641511076e+02 0.000000000000000000e+00 0.000000000000000000e+00
7.990000000000000000e+02 6.028222948695993182e+02 0.000000000000000000e+00 0.000000000000000000e+00
8.000000000000000000e+02 6.036087521733228414e+02 0.000000000000000000e+00 0.000000000000000000e+00
