time	position	state	ATP_bound
1.000000000000000000e+00 2.379873952931886860e-01 0.000000000000000000e+00 0.000000000000000000e+00
2.000000000000000000e+00 2.085553232749347785e+00 0.000000000000000000e+00 0.000000000000000000e+00
3.000000000000000000e+00 3.025352843204868858e+00 0.000000000000000000e+00 0.000000000000000000e+00
4.000000000000000000e+00 3.887936849477675594e+00 0.000000000000000000e+00 0.000000000000000000e+00
5.000000000000000000e+00 5.522352753140682857e+00 0.000000000000000000e+00 0.000000000000000000e+00
6.000000000000000000e+00 5.210220291354739963e+00 0.000000000000000000e+00 0.000000000000000000e+00
7.000000000000000000e+00 6.523601924432598231e+00 0.000000000000000000e+00 0.000000000000000000e+00
8.000000000000000000e+00 7.826553284723354764e+00 0.000000000000000000e+00 0.000000000000000000e+00
9.000000000000000000e+00 7.394409553334019947e+00 2.000000000000000000e+00 0.000000000000000000e+00
1.000000000000000000e+01 6.462984723093090800e+00 2.000000000000000000e+00 0.000000000000000000e+00
1.100000000000000000e+01 5.184340605114203804e+00 2.000000000000000000e+00 0.000000000000000000e+00
1.200000000000000000e+01 4.150229542597916321e+00 2.000000000000000000e+00 0.000000000000000000e+00
1.300000000000000000e+01 3.978056831187611664e+00 1.000000000000000000e+00 0.000000000000000000e+00
1.400000000000000000e+01 5.005050644629836398e+00 0.000000000000000000e+00 0.000000000000000000e+00
1.500000000000000000e+01 6.280042459772268160e+00 0.000000000000000000e+00 0.000000000000000000e+00
1.600000000000000000e+01 6.959761443681952819e+00 0.000000000000000000e+00 0.000000000000000000e+00
1.700000000000000000e+01 8.400530503351919975e+00 0.000000000000000000e+00 0.000000000000000000e+00
1.800000000000000000e+01 9.434674085050925640e+00 0.000000000000000000e+00 0.000000000000000000e+00
1.900000000000000000e+01 1.061670760886056897e+01 0.000000000000000000e+00 0.000000000000000000e+00
2.000000000000000000e+01 1.134755328956515008e+01 0.000000000000000000e+00 0.000000000000000000e+00
2.100000000000000000e+01 1.124545010993308480e+01 0.000000000000000000e+00 0.000000000000000000e+00
2.200000000000000000e+01 1.370995101144622552e+01 0.000000000000000000e+00 0.000000000000000000e+00
2.300000000000000000e+01 1.372765989707455603e+01 0.000000000000000000e+00 0.000000000000000000e+00
2.400000000000000000e+01 1.408138109747256905e+01 0.000000000000000000e+00 0.000000000000000000e+00
2.500000000000000000e+01 1.586152111235733209e+01 0.000000000000000000e+00 0.000000000000000000e+00
2.600000000000000000e+01 1.723987131556457797e+01 0.000000000000000000e+00 0.000000000000000000e+00
2.700000000000000000e+01 1.754763511203378101e+01 0.000000000000000000e+00 0.000000000000000000e+00
2.800000000000000000e+01 1.866942875473146657e+01 0.000000000000000000e+00 0.000000000000000000e+00
2.900000000000000000e+01 2.050840899459402067e+01 0.000000000000000000e+00 0.000000000000000000e+00
3.000000000000000000e+01 2.091460997413550515e+01 0.000000000000000000e+00 0.000000000000000000e+00
3.100000000000000000e+01 2.229290785490676186e+01 0.000000000000000000e+00 0.000000000000000000e+00
3.200000000000000000e+01 2.112909755494020558e+01 2.000000000000000000e+00 0.000000000000000000e+00
3.300000000000000000e+01 2.048259621164969246e+01 2.000000000000000000e+00 0.000000000000000000e+00
3.400000000000000000e+01 1.872993964025932456e+01 2.000000000000000000e+00 0.000000000000000000e+00
3.500000000000000000e+01 1.880270264369096012e+01 1.000000000000000000e+00 0.000000000000000000e+00
3.600000000000000000e+01 2.054903829892758438e+01 0.000000000000000000e+00 0.000000000000000000e+00
3.700000000000000000e+01 2.065052962313104601e+01 0.000000000000000000e+00 0.000000000000000000e+00
3.800000000000000000e+01 2.215773191185665070e+01 0.000000000000000000e+00 0.000000000000000000e+00
3.900000000000000000e+01 2.318916718827806633e+01 0.000000000000000000e+00 0.000000000000000000e+00
4.000000000000000000e+01 2.183013702289910896e+01 2.000000000000000000e+00 0.000000000000000000e+00
4.100000000000000000e+01 2.133062940604640545e+01 2.000000000000000000e+00 0.000000000000000000e+00
4.200000000000000000e+01 2.245816451800943270e+01 0.000000000000000000e+00 0.000000000000000000e+00
4.300000000000000000e+01 2.403081303866471075e+01 0.000000000000000000e+00 0.000000000000000000e+00
4.400000000000000000e+01 2.505539808676215330e+01 0.000000000000000000e+00 0.000000000000000000e+00
4.500000000000000000e+01 2.502319087909062745e+01 0.000000000000000000e+00 0.000000000000000000e+00
4.600000000000000000e+01 2.526939612699123927e+01 0.000000000000000000e+00 0.000000000000000000e+00
4.700000000000000000e+01 2.756923269392735065e+01 0.000000000000000000e+00 0.000000000000000000e+00
4.800000000000000000e+01 2.787671419505195658e+01 0.000000000000000000e+00 0.000000000000000000e+00
4.900000000000000000e+01 2.846257569341271321e+01 0.000000000000000000e+00 0.000000000000000000e+00
5.000000000000000000e+01 2.982035944416763584e+01 0.000000000000000000e+00 0.000000000000000000e+00
5.100000000000000000e+01 3.144258805704262016e+01 0.000000000000000000e+00 0.000000000000000000e+00
5.200000000000000000e+01 3.085033012056057800e+01 0.000000000000000000e+00 0.000000000000000000e+00
5.300000000000000000e+01 3.306607065427517966e+01 0.000000000000000000e+00 0.000000000000000000e+00
5.400000000000000000e+01 3.325217859851675684e+01 0.000000000000000000e+00 0.000000000000000000e+00
5.500000000000000000e+01 3.458887489739227306e+01 0.000000000000000000e+00 0.000000000000000000e+00
5.600000000000000000e+01 3.480010570309492124e+01 0.000000000000000000e+00 0.000000000000000000e+00
5.700000000000000000e+01 3.730952021191391310e+01 0.000000000000000000e+00 0.000000000000000000e+00
5.800000000000000000e+01 3.897318220903135000e+01 0.000000000000000000e+00 0.000000000000000000e+00
5.900000000000000000e+01 3.907865424578194080e+01 0.000000000000000000e+00 0.000000000000000000e+00
6.000000000000000000e+01 3.931217641259478057e+01 0.000000000000000000e+00 0.000000000000000000e+00
6.100000000000000000e+01 4.096469539557321582e+01 0.000000000000000000e+00 0.000000000000000000e+00
6.200000000000000000e+01 4.233196546312957764e+01 0.000000000000000000e+00 0.000000000000000000e+00
6.300000000000000000e+01 4.355693987758569818e+01 0.000000000000000000e+00 0.000000000000000000e+00
6.400000000000000000e+01 4.355294834477376753e+01 0.000000000000000000e+00 0.000000000000000000e+00
6.500000000000000000e+01 4.509599795729403127e+01 0.000000000000000000e+00 0.000000000000000000e+00
6.600000000000000000e+01 4.568590128718963683e+01 0.000000000000000000e+00 0.000000000000000000e+00
6.700000000000000000e+01 4.722388861868138576e+01 0.000000000000000000e+00 0.000000000000000000e+00
6.800000000000000000e+01 4.635962634022177298e+01 2.000000000000000000e+00 0.000000000000000000e+00
6.900000000000000000e+01 4.492459091381327596e+01 2.000000000000000000e+00 0.000000000000000000e+00
7.000000000000000000e+01 4.581577576747704938e+01 0.000000000000000000e+00 0.000000000000000000e+00
7.100000000000000000e+01 4.698810287782581696e+01 0.000000000000000000e+00 0.000000000000000000e+00
7.200000000000000000e+01 4.817655308814850201e+01 0.000000000000000000e+00 0.000000000000000000e+00
7.300000000000000000e+01 4.882788636860364306e+01 0.000000000000000000e+00 0.000000000000000000e+00
7.400000000000000000e+01 5.022660466299362270e+01 0.000000000000000000e+00 0.000000000000000000e+00
7.500000000000000000e+01 5.238993659328314578e+01 0.000000000000000000e+00 0.000000000000000000e+00
7.600000000000000000e+01 5.133367462755082755e+01 0.000000000000000000e+00 0.000000000000000000e+00
7.700000000000000000e+01 5.364300985372896946e+01 0.000000000000000000e+00 0.000000000000000000e+00
7.800000000000000000e+01 5.304444029810015593e+01 0.000000000000000000e+00 0.000000000000000000e+00
7.900000000000000000e+01 5.480909666677972325e+01 0.000000000000000000e+00 0.000000000000000000e+00
8.000000000000000000e+01 5.602248629746721065e+01 0.000000000000000000e+00 0.000000000000000000e+00
8.100000000000000000e+01 5.678007259060735379e+01 0.000000000000000000e+00 0.000000000000000000e+00
8.200000000000000000e+01 5.814206808414277106e+01 0.000000000000000000e+00 0.000000000000000000e+00
8.300000000000000000e+01 5.677587760571955755e+01 2.000000000000000000e+00 0.000000000000000000e+00
8.400000000000000000e+01 5.662150864025083052e+01 1.000000000000000000e+00 0.000000000000000000e+00
8.500000000000000000e+01 5.630631099595843381e+01 2.000000000000000000e+00 0.000000000000000000e+00
8.600000000000000000e+01 5.729786875904098764e+01 0.000000000000000000e+00 0.000000000000000000e+00
8.700000000000000000e+01 5.672347283694762154e+01 0.000000000000000000e+00 0.000000000000000000e+00
8.800000000000000000e+01 5.886602738924563027e+01 0.000000000000000000e+00 0.000000000000000000e+00
8.900000000000000000e+01 5.976064945642456649e+01 0.000000000000000000e+00 0.000000000000000000e+00
9.000000000000000000e+01 6.154948003938839918e+01 0.000000000000000000e+00 0.000000000000000000e+00
9.100000000000000000e+01 6.198224357282535379e+01 0.000000000000000000e+00 0.000000000000000000e+00
9.200000000000000000e+01 6.339731225904802869e+01 0.000000000000000000e+00 0.000000000000000000e+00
9.300000000000000000e+01 6.159360885311977540e+01 2.000000000000000000e+00 0.000000000000000000e+00
9.400000000000000000e+01 6.130295663694474229e+01 2.000000000000000000e+00 0.000000000000000000e+00
9.500000000000000000e+01 6.344569858038581600e+01 0.000000000000000000e+00 0.000000000000000000e+00
9.600000000000000000e+01 6.350597180191500968e+01 0.000000000000000000e+00 0.000000000000000000e+00
9.700000000000000000e+01 6.421795837442631694e+01 0.000000000000000000e+00 0.000000000000000000e+00
9.800000000000000000e+01 6.520072676883154372e+01 0.000000000000000000e+00 0.000000000000000000e+00
9.900000000000000000e+01 6.653537989462613211e+01 0.000000000000000000e+00 0.000000000000000000e+00
1.000000000000000000e+02 6.784578007513216846e+01 0.000000000000000000e+00 0.000000000000000000e+00
1.010000000000000000e+02 6.793559584525026196e+01 1.000000000000000000e+00 0.000000000000000000e+00
1.020000000000000000e+02 6.789446438966852782e+01 0.000000000000000000e+00 0.000000000000000000e+00
1.030000000000000000e+02 7.024905302135394436e+01 0.000000000000000000e+00 0.000000000000000000e+00
1.040000000000000000e+02 7.002535810819510687e+01 0.000000000000000000e+00 0.000000000000000000e+00
1.050000000000000000e+02 7.130190505890911368e+01 0.000000000000000000e+00 0.000000000000000000e+00
1.060000000000000000e+02 7.154542636016779511e+01 0.000000000000000000e+00 0.000000000000000000e+00
1.070000000000000000e+02 7.265361822485536436e+01 0.000000000000000000e+00 0.000000000000000000e+00
1.080000000000000000e+02 7.399151479927488140e+01 0.000000000000000000e+00 0.000000000000000000e+00
1.090000000000000000e+02 7.441564580262422623e+01 0.000000000000000000e+00 0.000000000000000000e+00
1.100000000000000000e+02 7.691288859464370375e+01 0.000000000000000000e+00 0.000000000000000000e+00
1.110000000000000000e+02 7.644252378511643542e+01 0.000000000000000000e+00 0.000000000000000000e+00
1.120000000000000000e+02 7.745504671911177752e+01 0.000000000000000000e+00 0.000000000000000000e+00
1.130000000000000000e+02 7.856515105472307425e+01 0.000000000000000000e+00 0.000000000000000000e+00
1.140000000000000000e+02 7.950567526674713292e+01 0.000000000000000000e+00 0.000000000000000000e+00
1.150000000000000000e+02 8.115402683830859587e+01 0.000000000000000000e+00 0.000000000000000000e+00
1.160000000000000000e+02 8.169025601666913872e+01 0.000000000000000000e+00 0.000000000000000000e+00
1.170000000000000000e+02 8.366020114624676296e+01 0.000000000000000000e+00 0.000000000000000000e+00
1.180000000000000000e+02 8.401372950881349766e+01 0.000000000000000000e+00 0.000000000000000000e+00
1.190000000000000000e+02 8.467017141487961851e+01 0.000000000000000000e+00 0.000000000000000000e+00
1.200000000000000000e+02 8.624938348277082412e+01 0.000000000000000000e+00 0.000000000000000000e+00
1.210000000000000000e+02 8.530847450770767182e+01 2.000000000000000000e+00 0.000000000000000000e+00
1.220000000000000000e+02 8.639933227030302021e+01 0.000000000000000000e+00 0.000000000000000000e+00
1.230000000000000000e+02 8.701032156444637167e+01 0.000000000000000000e+00 0.000000000000000000e+00
1.240000000000000000e+02 8.930051753398693393e+01 0.000000000000000000e+00 0.000000000000000000e+00
1.250000000000000000e+02 8.917718951044140852e+01 0.000000000000000000e+00 0.000000000000000000e+00
1.260000000000000000e+02 8.997061826638544346e+01 0.000000000000000000e+00 0.000000000000000000e+00
1.270000000000000000e+02 8.918788274159751950e+01 2.000000000000000000e+00 0.000000000000000000e+00
1.280000000000000000e+02 8.842681494404401121e+01 2.000000000000000000e+00 0.000000000000000000e+00
1.290000000000000000e+02 8.943766703919692418e+01 0.000000000000000000e+00 0.000000000000000000e+00
1.300000000000000000e+02 8.982142529320833546e+01 0.000000000000000000e+00 0.000000000000000000e+00
1.310000000000000000e+02 9.127590562410945552e+01 0.000000000000000000e+00 0.000000000000000000e+00
1.320000000000000000e+02 9.197716531594484479e+01 0.000000000000000000e+00 0.000000000000000000e+00
1.330000000000000000e+02 9.193359204961603837e+01 1.000000000000000000e+00 0.000000000000000000e+00
1.340000000000000000e+02 9.160408832189897055e+01 1.000000000000000000e+00 0.000000000000000000e+00
1.350000000000000000e+02 9.257887626095352118e+01 0.000000000000000000e+00 0.000000000000000000e+00
1.360000000000000000e+02 9.399596657777387065e+01 0.000000000000000000e+00 0.000000000000000000e+00
1.370000000000000000e+02 9.387855823788568443e+01 1.000000000000000000e+00 0.000000000000000000e+00
1.380000000000000000e+02 9.475116976622766174e+01 0.000000000000000000e+00 0.000000000000000000e+00
1.390000000000000000e+02 9.469526334070631890e+01 2.000000000000000000e+00 0.000000000000000000e+00
1.400000000000000000e+02 9.479904846537334606e+01 0.000000000000000000e+00 0.000000000000000000e+00
1.410000000000000000e+02 9.631240791180493943e+01 0.000000000000000000e+00 0.000000000000000000e+00
1.420000000000000000e+02 9.700720376361249464e+01 0.000000000000000000e+00 0.000000000000000000e+00
1.430000000000000000e+02 9.663528950526773542e+01 1.000000000000000000e+00 0.000000000000000000e+00
1.440000000000000000e+02 9.632034164556820599e+01 1.000000000000000000e+00 0.000000000000000000e+00
1.450000000000000000e+02 9.519143048654714789e+01 2.000000000000000000e+00 0.000000000000000000e+00
1.460000000000000000e+02 9.474422038264896173e+01 2.000000000000000000e+00 0.000000000000000000e+00
1.470000000000000000e+02 9.545075570391354347e+01 0.000000000000000000e+00 0.000000000000000000e+00
1.480000000000000000e+02 9.715171885233014848e+01 0.000000000000000000e+00 0.000000000000000000e+00
1.490000000000000000e+02 9.705324181839607434e+01 0.000000000000000000e+00 0.000000000000000000e+00
1.500000000000000000e+02 9.845585939405499687e+01 0.000000000000000000e+00 0.000000000000000000e+00
1.510000000000000000e+02 1.000241833718640123e+02 0.000000000000000000e+00 0.000000000000000000e+00
1.520000000000000000e+02 1.016482428417987904e+02 0.000000000000000000e+00 0.000000000000000000e+00
1.530000000000000000e+02 1.015898066128111026e+02 0.000000000000000000e+00 0.000000000000000000e+00
1.540000000000000000e+02 1.023640408876123189e+02 0.000000000000000000e+00 0.000000000000000000e+00
1.550000000000000000e+02 1.030936647593999851e+02 0.000000000000000000e+00 0.000000000000000000e+00
1.560000000000000000e+02 1.050781190266032041e+02 0.000000000000000000e+00 0.000000000000000000e+00
1.570000000000000000e+02 1.055171580381532124e+02 0.000000000000000000e+00 0.000000000000000000e+00
1.580000000000000000e+02 1.071912417033608023e+02 0.000000000000000000e+00 0.000000000000000000e+00
1.590000000000000000e+02 1.075450806378345163e+02 0.000000000000000000e+00 0.000000000000000000e+00
1.600000000000000000e+02 1.079680997205193336e+02 0.000000000000000000e+00 0.000000000000000000e+00
1.610000000000000000e+02 1.097640818500984778e+02 0.000000000000000000e+00 0.000000000000000000e+00
1.620000000000000000e+02 1.114148104716587255e+02 0.000000000000000000e+00 0.000000000000000000e+00
1.630000000000000000e+02 1.122595745256840445e+02 0.000000000000000000e+00 0.000000000000000000e+00
1.640000000000000000e+02 1.110466726722955997e+02 2.000000000000000000e+00 0.000000000000000000e+00
1.650000000000000000e+02 1.105270176281156722e+02 0.000000000000000000e+00 0.000000000000000000e+00
1.660000000000000000e+02 1.131518438417232488e+02 0.000000000000000000e+00 0.000000000000000000e+00
1.670000000000000000e+02 1.143435176708369028e+02 0.000000000000000000e+00 0.000000000000000000e+00
1.680000000000000000e+02 1.135123760658946566e+02 1.000000000000000000e+00 0.000000000000000000e+00
1.690000000000000000e+02 1.154062169923639374e+02 0.000000000000000000e+00 0.000000000000000000e+00
1.700000000000000000e+02 1.156231107890126282e+02 0.000000000000000000e+00 0.000000000000000000e+00
1.710000000000000000e+02 1.168351006468687245e+02 0.000000000000000000e+00 0.000000000000000000e+00
1.720000000000000000e+02 1.170426798510149524e+02 0.000000000000000000e+00 0.000000000000000000e+00
1.730000000000000000e+02 1.192409309236052479e+02 0.000000000000000000e+00 0.000000000000000000e+00
1.740000000000000000e+02 1.192553261773822015e+02 0.000000000000000000e+00 0.000000000000000000e+00
1.750000000000000000e+02 1.210767261417651781e+02 0.000000000000000000e+00 0.000000000000000000e+00
1.760000000000000000e+02 1.214090195590370911e+02 0.000000000000000000e+00 0.000000000000000000e+00
1.770000000000000000e+02 1.216265355478757897e+02 0.000000000000000000e+00 0.000000000000000000e+00
1.780000000000000000e+02 1.218414587807516227e+02 2.000000000000000000e+00 0.000000000000000000e+00
1.790000000000000000e+02 1.203824285438262081e+02 2.000000000000000000e+00 0.000000000000000000e+00
1.800000000000000000e+02 1.217532827382027847e+02 0.000000000000000000e+00 0.000000000000000000e+00
1.810000000000000000e+02 1.225046180691293358e+02 0.000000000000000000e+00 0.000000000000000000e+00
1.820000000000000000e+02 1.239454652623940518e+02 0.000000000000000000e+00 0.000000000000000000e+00
1.830000000000000000e+02 1.242353245824756840e+02 0.000000000000000000e+00 0.000000000000000000e+00
1.840000000000000000e+02 1.256176478545406354e+02 0.000000000000000000e+00 0.000000000000000000e+00
1.850000000000000000e+02 1.275126465086863305e+02 0.000000000000000000e+00 0.000000000000000000e+00
1.860000000000000000e+02 1.268994150357159754e+02 1.000000000000000000e+00 0.000000000000000000e+00
1.870000000000000000e+02 1.288577151058698291e+02 0.000000000000000000e+00 0.000000000000000000e+00
1.880000000000000000e+02 1.288267738734331829e+02 0.000000000000000000e+00 0.000000000000000000e+00
1.890000000000000000e+02 1.292311999855267004e+02 0.000000000000000000e+00 0.000000000000000000e+00
1.900000000000000000e+02 1.313213242685632167e+02 0.000000000000000000e+00 0.000000000000000000e+00
1.910000000000000000e+02 1.303952331623577834e+02 2.000000000000000000e+00 0.000000000000000000e+00
1.920000000000000000e+02 1.287070578146980324e+02 2.000000000000000000e+00 0.000000000000000000e+00
1.930000000000000000e+02 1.303298126005317670e+02 0.000000000000000000e+00 0.000000000000000000e+00
1.940000000000000000e+02 1.308365116627340967e+02 0.000000000000000000e+00 0.000000000000000000e+00
1.950000000000000000e+02 1.316689501832722442e+02 0.000000000000000000e+00 0.000000000000000000e+00
1.960000000000000000e+02 1.334495648128935272e+02 0.000000000000000000e+00 0.000000000000000000e+00
1.970000000000000000e+02 1.332760430879931448e+02 0.000000000000000000e+00 0.000000000000000000e+00
1.980000000000000000e+02 1.349525656664611972e+02 0.000000000000000000e+00 0.000000000000000000e+00
1.990000000000000000e+02 1.360763168444507869e+02 0.000000000000000000e+00 0.000000000000000000e+00
2.000000000000000000e+02 1.367514192832443882e+02 0.000000000000000000e+00 0.000000000000000000e+00
2.010000000000000000e+02 1.356802403870367471e+02 2.000000000000000000e+00 0.000000000000000000e+00
2.020000000000000000e+02 1.363231008712105847e+02 0.000000000000000000e+00 0.000000000000000000e+00
2.030000000000000000e+02 1.375760010372950148e+02 0.000000000000000000e+00 0.000000000000000000e+00
2.040000000000000000e+02 1.388277724027618945e+02 0.000000000000000000e+00 0.000000000000000000e+00
2.050000000000000000e+02 1.398951474082692243e+02 0.000000000000000000e+00 0.000000000000000000e+00
2.060000000000000000e+02 1.414702719626169767e+02 0.000000000000000000e+00 0.000000000000000000e+00
2.070000000000000000e+02 1.433660072743552689e+02 0.000000000000000000e+00 0.000000000000000000e+00
2.080000000000000000e+02 1.435990413348318384e+02 0.000000000000000000e+00 0.000000000000000000e+00
2.090000000000000000e+02 1.442055075754904863e+02 0.000000000000000000e+00 0.000000000000000000e+00
2.100000000000000000e+02 1.461105721569307434e+02 0.000000000000000000e+00 0.000000000000000000e+00
2.110000000000000000e+02 1.458683058747359098e+02 0.000000000000000000e+00 0.000000000000000000e+00
2.120000000000000000e+02 1.467355407363819495e+02 0.000000000000000000e+00 0.000000000000000000e+00
2.130000000000000000e+02 1.485472015648275885e+02 0.000000000000000000e+00 0.000000000000000000e+00
2.140000000000000000e+02 1.491238230667029825e+02 0.000000000000000000e+00 0.000000000000000000e+00
2.150000000000000000e+02 1.505994409717779092e+02 0.000000000000000000e+00 0.000000000000000000e+00
2.160000000000000000e+02 1.511101800072776769e+02 0.000000000000000000e+00 0.000000000000000000e+00
2.170000000000000000e+02 1.520494457198916223e+02 0.000000000000000000e+00 0.000000000000000000e+00
2.180000000000000000e+02 1.530255496824266856e+02 0.000000000000000000e+00 0.000000000000000000e+00
2.190000000000000000e+02 1.536746494899634001e+02 0.000000000000000000e+00 0.000000000000000000e+00
2.200000000000000000e+02 1.544902690633964539e+02 1.000000000000000000e+00 0.000000000000000000e+00
2.210000000000000000e+02 1.546370440584464632e+02 0.000000000000000000e+00 0.000000000000000000e+00
2.220000000000000000e+02 1.568155619567804138e+02 0.000000000000000000e+00 0.000000000000000000e+00
2.230000000000000000e+02 1.572560745265033688e+02 0.000000000000000000e+00 0.000000000000000000e+00
2.240000000000000000e+02 1.574028851027476605e+02 0.000000000000000000e+00 0.000000000000000000e+00
2.250000000000000000e+02 1.584365398599884713e+02 0.000000000000000000e+00 0.000000000000000000e+00
2.260000000000000000e+02 1.609660626086555624e+02 0.000000000000000000e+00 0.000000000000000000e+00
2.270000000000000000e+02 1.604817588263737491e+02 0.000000000000000000e+00 0.000000000000000000e+00
2.280000000000000000e+02 1.622535836186147833e+02 0.000000000000000000e+00 0.000000000000000000e+00
2.290000000000000000e+02 1.631450283833936226e+02 0.000000000000000000e+00 0.000000000000000000e+00
2.300000000000000000e+02 1.626947995967230725e+02 0.000000000000000000e+00 0.000000000000000000e+00
2.310000000000000000e+02 1.650809120940134278e+02 0.000000000000000000e+00 0.000000000000000000e+00
2.320000000000000000e+02 1.660957109753629197e+02 0.000000000000000000e+00 0.000000000000000000e+00
2.330000000000000000e+02 1.680075535614261071e+02 0.000000000000000000e+00 0.000000000000000000e+00
2.340000000000000000e+02 1.678933919355275748e+02 0.000000000000000000e+00 0.000000000000000000e+00
2.350000000000000000e+02 1.687157902519868173e+02 0.000000000000000000e+00 0.000000000000000000e+00
2.360000000000000000e+02 1.695827155914095385e+02 1.000000000000000000e+00 0.000000000000000000e+00
2.370000000000000000e+02 1.691263289197554798e+02 1.000000000000000000e+00 0.000000000000000000e+00
2.380000000000000000e+02 1.696125165975149400e+02 0.000000000000000000e+00 0.000000000000000000e+00
2.390000000000000000e+02 1.705400023170527675e+02 0.000000000000000000e+00 0.000000000000000000e+00
2.400000000000000000e+02 1.718353713520777717e+02 0.000000000000000000e+00 0.000000000000000000e+00
2.410000000000000000e+02 1.728164230612867982e+02 0.000000000000000000e+00 0.000000000000000000e+00
2.420000000000000000e+02 1.743836712710285326e+02 0.000000000000000000e+00 0.000000000000000000e+00
2.430000000000000000e+02 1.743377762985286381e+02 0.000000000000000000e+00 0.000000000000000000e+00
2.440000000000000000e+02 1.759493385102505272e+02 0.000000000000000000e+00 0.000000000000000000e+00
2.450000000000000000e+02 1.782981206930561768e+02 0.000000000000000000e+00 0.000000000000000000e+00
2.460000000000000000e+02 1.783261996621065180e+02 0.000000000000000000e+00 0.000000000000000000e+00
2.470000000000000000e+02 1.798139353960388291e+02 0.000000000000000000e+00 0.000000000000000000e+00
2.480000000000000000e+02 1.801455789594927808e+02 0.000000000000000000e+00 0.000000000000000000e+00
2.490000000000000000e+02 1.808172247167716193e+02 0.000000000000000000e+00 0.000000000000000000e+00
2.500000000000000000e+02 1.821902861706569468e+02 0.000000000000000000e+00 0.000000000000000000e+00
2.510000000000000000e+02 1.828332364942202162e+02 0.000000000000000000e+00 0.000000000000000000e+00
2.520000000000000000e+02 1.842928074071797369e+02 0.000000000000000000e+00 0.000000000000000000e+00
2.530000000000000000e+02 1.850459892413359455e+02 0.000000000000000000e+00 0.000000000000000000e+00
2.540000000000000000e+02 1.865973558932919900e+02 0.000000000000000000e+00 0.000000000000000000e+00
2.550000000000000000e+02 1.868968713604026846e+02 0.000000000000000000e+00 0.000000000000000000e+00
2.560000000000000000e+02 1.879590450451155448e+02 0.000000000000000000e+00 0.000000000000000000e+00
2.570000000000000000e+02 1.879990100990817439e+02 0.000000000000000000e+00 0.000000000000000000e+00
2.580000000000000000e+02 1.893050432137920893e+02 1.000000000000000000e+00 0.000000000000000000e+00
2.590000000000000000e+02 1.906879244331280745e+02 0.000000000000000000e+00 0.000000000000000000e+00
2.600000000000000000e+02 1.910059797434512063e+02 0.000000000000000000e+00 0.000000000000000000e+00
2.610000000000000000e+02 1.917656471257970168e+02 0.000000000000000000e+00 0.000000000000000000e+00
2.620000000000000000e+02 1.930746017190119801e+02 0.000000000000000000e+00 0.000000000000000000e+00
2.630000000000000000e+02 1.939373858407531941e+02 0.000000000000000000e+00 0.000000000000000000e+00
2.640000000000000000e+02 1.955643369002207805e+02 0.000000000000000000e+00 0.000000000000000000e+00
2.650000000000000000e+02 1.959032744322516635e+02 0.000000000000000000e+00 0.000000000000000000e+00
2.660000000000000000e+02 1.973487073243917678e+02 0.000000000000000000e+00 0.000000000000000000e+00
2.670000000000000000e+02 1.980660508824690567e+02 0.000000000000000000e+00 0.000000000000000000e+00
2.680000000000000000e+02 1.978096765121509293e+02 1.000000000000000000e+00 0.000000000000000000e+00
2.690000000000000000e+02 1.975961416153151333e+02 1.000000000000000000e+00 0.000000000000000000e+00
2.700000000000000000e+02 1.975267011298574005e+02 1.000000000000000000e+00 0.000000000000000000e+00
2.710000000000000000e+02 1.965628924065280216e+02 2.000000000000000000e+00 0.000000000000000000e+00
2.720000000000000000e+02 1.995005652645521366e+02 0.000000000000000000e+00 0.000000000000000000e+00
2.730000000000000000e+02 1.968805500211093431e+02 1.000000000000000000e+00 0.000000000000000000e+00
2.740000000000000000e+02 1.992791841175620959e+02 0.000000000000000000e+00 0.000000000000000000e+00
2.750000000000000000e+02 2.008090784576142767e+02 0.000000000000000000e+00 0.000000000000000000e+00
2.760000000000000000e+02 2.015253058551811023e+02 0.000000000000000000e+00 0.000000000000000000e+00
2.770000000000000000e+02 2.013420213768477822e+02 0.000000000000000000e+00 0.000000000000000000e+00
2.780000000000000000e+02 2.028641578264819145e+02 0.000000000000000000e+00 0.000000000000000000e+00
2.790000000000000000e+02 2.041453968921191517e+02 0.000000000000000000e+00 0.000000000000000000e+00
2.800000000000000000e+02 2.045196029341278745e+02 0.000000000000000000e+00 0.000000000000000000e+00
2.810000000000000000e+02 2.060439438366279887e+02 0.000000000000000000e+00 0.000000000000000000e+00
2.820000000000000000e+02 2.074815560728975186e+02 0.000000000000000000e+00 0.000000000000000000e+00
2.830000000000000000e+02 2.084218562216804287e+02 0.000000000000000000e+00 0.000000000000000000e+00
2.840000000000000000e+02 2.084741663081922241e+02 0.000000000000000000e+00 0.000000000000000000e+00
2.850000000000000000e+02 2.101623972115615970e+02 0.000000000000000000e+00 0.000000000000000000e+00
2.860000000000000000e+02 2.113059843751164806e+02 0.000000000000000000e+00 0.000000000000000000e+00
2.870000000000000000e+02 2.118897383646149706e+02 0.000000000000000000e+00 0.000000000000000000e+00
2.880000000000000000e+02 2.139491230690006205e+02 0.000000000000000000e+00 0.000000000000000000e+00
2.890000000000000000e+02 2.137124901553492862e+02 0.000000000000000000e+00 0.000000000000000000e+00
2.900000000000000000e+02 2.147684282754722176e+02 0.000000000000000000e+00 0.000000000000000000e+00
2.910000000000000000e+02 2.163214625193088523e+02 0.000000000000000000e+00 0.000000000000000000e+00
2.920000000000000000e+02 2.158320880995013624e+02 1.000000000000000000e+00 0.000000000000000000e+00
2.930000000000000000e+02 2.168182785532045784e+02 0.000000000000000000e+00 0.000000000000000000e+00
2.940000000000000000e+02 2.186313227293004786e+02 0.000000000000000000e+00 0.000000000000000000e+00
2.950000000000000000e+02 2.192655352043730375e+02 0.000000000000000000e+00 0.000000000000000000e+00
2.960000000000000000e+02 2.206155704405545066e+02 0.000000000000000000e+00 0.000000000000000000e+00
2.970000000000000000e+02 2.211910337760361926e+02 0.000000000000000000e+00 0.000000000000000000e+00
2.980000000000000000e+02 2.223289757865485399e+02 0.000000000000000000e+00 0.000000000000000000e+00
2.990000000000000000e+02 2.228078542635021790e+02 0.000000000000000000e+00 0.000000000000000000e+00
3.000000000000000000e+02 2.243362114760683141e+02 0.000000000000000000e+00 0.000000000000000000e+00
3.010000000000000000e+02 2.247808657638500165e+02 0.000000000000000000e+00 0.000000000000000000e+00
3.020000000000000000e+02 2.264641801435270736e+02 0.000000000000000000e+00 0.000000000000000000e+00
3.030000000000000000e+02 2.256518451387724440e+02 1.000000000000000000e+00 0.000000000000000000e+00
3.040000000000000000e+02 2.269562905790629941e+02 0.000000000000000000e+00 0.000000000000000000e+00
3.050000000000000000e+02 2.258364014991456088e+02 2.000000000000000000e+00 0.000000000000000000e+00
3.060000000000000000e+02 2.248052369839891185e+02 2.000000000000000000e+00 0.000000000000000000e+00
3.070000000000000000e+02 2.237057585836136298e+02 2.000000000000000000e+00 0.000000000000000000e+00
3.080000000000000000e+02 2.248709886214085998e+02 0.000000000000000000e+00 0.000000000000000000e+00
3.090000000000000000e+02 2.255606597077509718e+02 0.000000000000000000e+00 0.000000000000000000e+00
3.100000000000000000e+02 2.269830478854006230e+02 0.000000000000000000e+00 0.000000000000000000e+00
3.110000000000000000e+02 2.285347518007122858e+02 0.000000000000000000e+00 0.000000000000000000e+00
3.120000000000000000e+02 2.281154273773298371e+02 0.000000000000000000e+00 0.000000000000000000e+00
3.130000000000000000e+02 2.303183957684286156e+02 0.000000000000000000e+00 0.000000000000000000e+00
3.140000000000000000e+02 2.314906210679299079e+02 0.000000000000000000e+00 0.000000000000000000e+00
3.150000000000000000e+02 2.326180231791238100e+02 0.000000000000000000e+00 0.000000000000000000e+00
3.160000000000000000e+02 2.336368077333740416e+02 0.000000000000000000e+00 0.000000000000000000e+00
3.170000000000000000e+02 2.341006904328317830e+02 0.000000000000000000e+00 0.000000000000000000e+00
3.180000000000000000e+02 2.348378798981624982e+02 0.000000000000000000e+00 0.000000000000000000e+00
3.190000000000000000e+02 2.359994671775707218e+02 0.000000000000000000e+00 0.000000000000000000e+00
3.200000000000000000e+02 2.372293431917600799e+02 0.000000000000000000e+00 0.000000000000000000e+00
3.210000000000000000e+02 2.385188009027167482e+02 0.000000000000000000e+00 0.000000000000000000e+00
3.220000000000000000e+02 2.392477634857007445e+02 0.000000000000000000e+00 0.000000000000000000e+00
3.230000000000000000e+02 2.397163002736866702e+02 0.000000000000000000e+00 0.000000000000000000e+00
3.240000000000000000e+02 2.407169965825077327e+02 0.000000000000000000e+00 0.000000000000000000e+00
3.250000000000000000e+02 2.417162634789985134e+02 0.000000000000000000e+00 0.000000000000000000e+00
3.260000000000000000e+02 2.436585626904201263e+02 0.000000000000000000e+00 0.000000000000000000e+00
3.270000000000000000e+02 2.442086405778094615e+02 0.000000000000000000e+00 0.000000000000000000e+00
3.280000000000000000e+02 2.446807046272204218e+02 0.000000000000000000e+00 0.000000000000000000e+00
3.290000000000000000e+02 2.462753870213282994e+02 0.000000000000000000e+00 0.000000000000000000e+00
3.300000000000000000e+02 2.468231957124391158e+02 0.000000000000000000e+00 0.000000000000000000e+00
3.310000000000000000e+02 2.487459353413197789e+02 0.000000000000000000e+00 0.000000000000000000e+00
3.320000000000000000e+02 2.495668860018737973e+02 0.000000000000000000e+00 0.000000000000000000e+00
3.330000000000000000e+02 2.505067897723562567e+02 0.000000000000000000e+00 0.000000000000000000e+00
3.340000000000000000e+02 2.507961915034402125e+02 0.000000000000000000e+00 0.000000000000000000e+00
3.350000000000000000e+02 2.520525486070734473e+02 0.000000000000000000e+00 0.000000000000000000e+00
3.360000000000000000e+02 2.518298316554824225e+02 0.000000000000000000e+00 0.000000000000000000e+00
3.370000000000000000e+02 2.521831105316888397e+02 2.000000000000000000e+00 0.000000000000000000e+00
3.380000000000000000e+02 2.538940300013394449e+02 0.000000000000000000e+00 0.000000000000000000e+00
3.390000000000000000e+02 2.536898873425967338e+02 0.000000000000000000e+00 0.000000000000000000e+00
3.400000000000000000e+02 2.557168406911457339e+02 0.000000000000000000e+00 0.000000000000000000e+00
3.410000000000000000e+02 2.556403842142042322e+02 0.000000000000000000e+00 0.000000000000000000e+00
3.420000000000000000e+02 2.565049226888230578e+02 0.000000000000000000e+00 0.000000000000000000e+00
3.430000000000000000e+02 2.575885561098401695e+02 0.000000000000000000e+00 0.000000000000000000e+00
3.440000000000000000e+02 2.587959838651834730e+02 0.000000000000000000e+00 0.000000000000000000e+00
3.450000000000000000e+02 2.597081909556459891e+02 0.000000000000000000e+00 0.000000000000000000e+00
3.460000000000000000e+02 2.615017504073180703e+02 0.000000000000000000e+00 0.000000000000000000e+00
3.470000000000000000e+02 2.614358783116795166e+02 1.000000000000000000e+00 0.000000000000000000e+00
3.480000000000000000e+02 2.611113022009355404e+02 1.000000000000000000e+00 0.000000000000000000e+00
3.490000000000000000e+02 2.627620511783950406e+02 0.000000000000000000e+00 0.000000000000000000e+00
3.500000000000000000e+02 2.636585773629397522e+02 0.000000000000000000e+00 0.000000000000000000e+00
3.510000000000000000e+02 2.640305523530648770e+02 0.000000000000000000e+00 0.000000000000000000e+00
3.520000000000000000e+02 2.651681710909864478e+02 0.000000000000000000e+00 0.000000000000000000e+00
3.530000000000000000e+02 2.658039592870723595e+02 0.000000000000000000e+00 0.000000000000000000e+00
3.540000000000000000e+02 2.669833096910022618e+02 0.000000000000000000e+00 0.000000000000000000e+00
3.550000000000000000e+02 2.681882394407614925e+02 0.000000000000000000e+00 0.000000000000000000e+00
3.560000000000000000e+02 2.685947965100283454e+02 0.000000000000000000e+00 0.000000000000000000e+00
3.570000000000000000e+02 2.706815809496633278e+02 0.000000000000000000e+00 0.000000000000000000e+00
3.580000000000000000e+02 2.715074246559206017e+02 0.000000000000000000e+00 0.000000000000000000e+00
3.590000000000000000e+02 2.727656190665865665e+02 0.000000000000000000e+00 0.000000000000000000e+00
3.600000000000000000e+02 2.731242002028395177e+02 0.000000000000000000e+00 0.000000000000000000e+00
3.610000000000000000e+02 2.745577032910629214e+02 0.000000000000000000e+00 0.000000000000000000e+00
3.620000000000000000e+02 2.759411821450413527e+02 0.000000000000000000e+00 0.000000000000000000e+00
3.630000000000000000e+02 2.753850846517576088e+02 0.000000000000000000e+00 0.000000000000000000e+00
3.640000000000000000e+02 2.771061159382271626e+02 0.000000000000000000e+00 0.000000000000000000e+00
3.650000000000000000e+02 2.780997943772320014e+02 0.000000000000000000e+00 0.000000000000000000e+00
3.660000000000000000e+02 2.798383896356414198e+02 0.000000000000000000e+00 0.000000000000000000e+00
3.670000000000000000e+02 2.799099904808745691e+02 0.000000000000000000e+00 0.000000000000000000e+00
3.680000000000000000e+02 2.805990621881966831e+02 0.000000000000000000e+00 0.000000000000000000e+00
3.690000000000000000e+02 2.829553102074006574e+02 0.000000000000000000e+00 0.000000000000000000e+00
3.700000000000000000e+02 2.835710727629289636e+02 0.000000000000000000e+00 0.000000000000000000e+00
3.710000000000000000e+02 2.838302515021077852e+02 0.000000000000000000e+00 0.000000000000000000e+00
3.720000000000000000e+02 2.843336393476929516e+02 0.000000000000000000e+00 0.000000000000000000e+00
3.730000000000000000e+02 2.868946690980186531e+02 0.000000000000000000e+00 0.000000000000000000e+00
3.740000000000000000e+02 2.868036950003129846e+02 0.000000000000000000e+00 0.000000000000000000e+00
3.750000000000000000e+02 2.871210816471200928e+02 0.000000000000000000e+00 0.000000000000000000e+00
3.760000000000000000e+02 2.880554831534137747e+02 1.000000000000000000e+00 0.000000000000000000e+00
3.770000000000000000e+02 2.890374388924730624e+02 0.000000000000000000e+00 0.000000000000000000e+00
3.780000000000000000e+02 2.901240835864234668e+02 0.000000000000000000e+00 0.000000000000000000e+00
3.790000000000000000e+02 2.909955360964117972e+02 0.000000000000000000e+00 0.000000000000000000e+00
3.800000000000000000e+02 2.931260827690443307e+02 0.000000000000000000e+00 0.000000000000000000e+00
3.810000000000000000e+02 2.934583099475706831e+02 0.000000000000000000e+00 0.000000000000000000e+00
3.820000000000000000e+02 2.945592343553071260e+02 0.000000000000000000e+00 0.000000000000000000e+00
3.830000000000000000e+02 2.953721093565477531e+02 0.000000000000000000e+00 0.000000000000000000e+00
3.840000000000000000e+02 2.952907167276121640e+02 0.000000000000000000e+00 0.000000000000000000e+00
3.850000000000000000e+02 2.964275339040169115e+02 0.000000000000000000e+00 0.000000000000000000e+00
3.860000000000000000e+02 2.971409706737995293e+02 1.000000000000000000e+00 0.000000000000000000e+00
3.870000000000000000e+02 2.986386553932113657e+02 0.000000000000000000e+00 0.000000000000000000e+00
3.880000000000000000e+02 2.986220678142283873e+02 0.000000000000000000e+00 0.000000000000000000e+00
3.890000000000000000e+02 2.997914970903153176e+02 0.000000000000000000e+00 0.000000000000000000e+00
3.900000000000000000e+02 3.007045414238513672e+02 1.000000000000000000e+00 0.000000000000000000e+00
3.910000000000000000e+02 3.007853711829181975e+02 0.000000000000000000e+00 0.000000000000000000e+00
3.920000000000000000e+02 3.019134464134721725e+02 0.000000000000000000e+00 0.000000000000000000e+00
3.930000000000000000e+02 3.029304207587490509e+02 0.000000000000000000e+00 0.000000000000000000e+00
3.940000000000000000e+02 3.024324025979704516e+02 2.000000000000000000e+00 0.000000000000000000e+00
3.950000000000000000e+02 3.030974668723074501e+02 0.000000000000000000e+00 0.000000000000000000e+00
3.960000000000000000e+02 3.039122286909636728e+02 0.000000000000000000e+00 0.000000000000000000e+00
3.970000000000000000e+02 3.048860039803254836e+02 0.000000000000000000e+00 0.000000000000000000e+00
3.980000000000000000e+02 3.059099254241586436e+02 0.000000000000000000e+00 0.000000000000000000e+00
3.990000000000000000e+02 3.068683772434809498e+02 0.000000000000000000e+00 0.000000000000000000e+00
4.000000000000000000e+02 3.083359467229172992e+02 0.000000000000000000e+00 0.000000000000000000e+00
4.010000000000000000e+02 3.087418303717267349e+02 0.000000000000000000e+00 0.000000000000000000e+00
4.020000000000000000e+02 3.097575918422814993e+02 0.000000000000000000e+00 0.000000000000000000e+00
4.030000000000000000e+02 3.103977683459898458e+02 0.000000000000000000e+00 0.000000000000000000e+00
4.040000000000000000e+02 3.123294567712523531e+02 0.000000000000000000e+00 0.000000000000000000e+00
4.050000000000000000e+02 3.132314597204954225e+02 0.000000000000000000e+00 0.000000000000000000e+00
4.060000000000000000e+02 3.148781606300967155e+02 0.000000000000000000e+00 0.000000000000000000e+00
4.070000000000000000e+02 3.134650065809099146e+02 2.000000000000000000e+00 0.000000000000000000e+00
4.080000000000000000e+02 3.142587689974927798e+02 0.000000000000000000e+00 0.000000000000000000e+00
4.090000000000000000e+02 3.139514102618845754e+02 0.000000000000000000e+00 0.000000000000000000e+00
4.100000000000000000e+02 3.157918466105715538e+02 0.000000000000000000e+00 0.000000000000000000e+00
4.110000000000000000e+02 3.164008220443986374e+02 0.000000000000000000e+00 0.000000000000000000e+00
4.120000000000000000e+02 3.178013664305105976e+02 0.000000000000000000e+00 0.000000000000000000e+00
4.130000000000000000e+02 3.184035703332303910e+02 0.000000000000000000e+00 0.000000000000000000e+00
4.140000000000000000e+02 3.197225534325643821e+02 0.000000000000000000e+00 0.000000000000000000e+00
4.150000000000000000e+02 3.212267155194546149e+02 0.000000000000000000e+00 0.000000000000000000e+00
4.160000000000000000e+02 3.202049339753364166e+02 2.000000000000000000e+00 0.000000000000000000e+00
4.170000000000000000e+02 3.194756185496821104e+02 1.000000000000000000e+00 0.000000000000000000e+00
4.180000000000000000e+02 3.198033231609553582e+02 1.000000000000000000e+00 0.000000000000000000e+00
4.190000000000000000e+02 3.206993485695044228e+02 0.000000000000000000e+00 0.000000000000000000e+00
4.200000000000000000e+02 3.214452285531405664e+02 0.000000000000000000e+00 0.000000000000000000e+00
4.210000000000000000e+02 3.235945916757547707e+02 0.000000000000000000e+00 0.000000000000000000e+00
4.220000000000000000e+02 3.245508486017623682e+02 0.000000000000000000e+00 0.000000000000000000e+00
4.230000000000000000e+02 3.253902424136448417e+02 0.000000000000000000e+00 0.000000000000000000e+00
4.240000000000000000e+02 3.261976357442392214e+02 0.000000000000000000e+00 0.000000000000000000e+00
4.250000000000000000e+02 3.275353793524251955e+02 0.000000000000000000e+00 0.000000000000000000e+00
4.260000000000000000e+02 3.269525202678025266e+02 1.000000000000000000e+00 0.000000000000000000e+00
4.270000000000000000e+02 3.266229648157938641e+02 2.000000000000000000e+00 0.000000000000000000e+00
4.280000000000000000e+02 3.252684242028470862e+02 2.000000000000000000e+00 0.000000000000000000e+00
4.290000000000000000e+02 3.250458242151993318e+02 1.000000000000000000e+00 0.000000000000000000e+00
4.300000000000000000e+02 3.254889503863445270e+02 0.000000000000000000e+00 0.000000000000000000e+00
4.310000000000000000e+02 3.261401019699374615e+02 0.000000000000000000e+00 0.000000000000000000e+00
4.320000000000000000e+02 3.284110458694442514e+02 0.000000000000000000e+00 0.000000000000000000e+00
4.330000000000000000e+02 3.283680235581350075e+02 0.000000000000000000e+00 0.000000000000000000e+00
4.340000000000000000e+02 3.295574606380693581e+02 0.000000000000000000e+00 0.000000000000000000e+00
4.350000000000000000e+02 3.312755775379386591e+02 0.000000000000000000e+00 0.000000000000000000e+00
4.360000000000000000e+02 3.318015976781144332e+02 0.000000000000000000e+00 0.000000000000000000e+00
4.370000000000000000e+02 3.330797255830661925e+02 0.000000000000000000e+00 0.000000000000000000e+00
4.380000000000000000e+02 3.335641574600909394e+02 0.000000000000000000e+00 0.000000000000000000e+00
4.390000000000000000e+02 3.329176324878212085e+02 2.000000000000000000e+00 0.000000000000000000e+00
4.400000000000000000e+02 3.337904120997391146e+02 0.000000000000000000e+00 0.000000000000000000e+00
4.410000000000000000e+02 3.350779468580936395e+02 0.000000000000000000e+00 0.000000000000000000e+00
4.420000000000000000e+02 3.363578964739648427e+02 0.000000000000000000e+00 0.000000000000000000e+00
4.430000000000000000e+02 3.369779124691231686e+02 0.000000000000000000e+00 0.000000000000000000e+00
4.440000000000000000e+02 3.369000129068812726e+02 0.000000000000000000e+00 0.000000000000000000e+00
4.450000000000000000e+02 3.390219619715522299e+02 0.000000000000000000e+00 0.000000000000000000e+00
4.460000000000000000e+02 3.403262941176848813e+02 0.000000000000000000e+00 0.000000000000000000e+00
4.470000000000000000e+02 3.399136970144322731e+02 0.000000000000000000e+00 0.000000000000000000e+00
4.480000000000000000e+02 3.422314695726340119e+02 0.000000000000000000e+00 0.000000000000000000e+00
4.490000000000000000e+02 3.429239290945610605e+02 0.000000000000000000e+00 0.000000000000000000e+00
4.500000000000000000e+02 3.448117757218481074e+02 0.000000000000000000e+00 0.000000000000000000e+00
4.510000000000000000e+02 3.442193137103026856e+02 0.000000000000000000e+00 0.000000000000000000e+00
4.520000000000000000e+02 3.448582756779907754e+02 0.000000000000000000e+00 0.000000000000000000e+00
4.530000000000000000e+02 3.465886577100711179e+02 0.000000000000000000e+00 0.000000000000000000e+00
4.540000000000000000e+02 3.481207831622463686e+02 0.000000000000000000e+00 0.000000000000000000e+00
4.550000000000000000e+02 3.497385655859964686e+02 0.000000000000000000e+00 0.000000000000000000e+00
4.560000000000000000e+02 3.503281477079310093e+02 0.000000000000000000e+00 0.000000000000000000e+00
4.570000000000000000e+02 3.515286626695699965e+02 0.000000000000000000e+00 0.000000000000000000e+00
4.580000000000000000e+02 3.522097458235302270e+02 0.000000000000000000e+00 0.000000000000000000e+00
4.590000000000000000e+02 3.528109157612216222e+02 0.000000000000000000e+00 0.000000000000000000e+00
4.600000000000000000e+02 3.544295579750780689e+02 0.000000000000000000e+00 0.000000000000000000e+00
4.610000000000000000e+02 3.554586168183402606e+02 0.000000000000000000e+00 0.000000000000000000e+00
4.620000000000000000e+02 3.559622659440313441e+02 0.000000000000000000e+00 0.000000000000000000e+00
4.630000000000000000e+02 3.568378678914176589e+02 0.000000000000000000e+00 0.000000000000000000e+00
4.640000000000000000e+02 3.574834916105098159e+02 0.000000000000000000e+00 0.000000000000000000e+00
4.650000000000000000e+02 3.583397547451935452e+02 0.000000000000000000e+00 0.000000000000000000e+00
4.660000000000000000e+02 3.596057153705956466e+02 0.000000000000000000e+00 0.000000000000000000e+00
4.670000000000000000e+02 3.611048804412806703e+02 0.000000000000000000e+00 0.000000000000000000e+00
4.680000000000000000e+02 3.619084305965094472e+02 0.000000000000000000e+00 0.000000000000000000e+00
4.690000000000000000e+02 3.621372179594646923e+02 1.000000000000000000e+00 0.000000000000000000e+00
4.700000000000000000e+02 3.621080525080206485e+02 1.000000000000000000e+00 0.000000000000000000e+00
4.710000000000000000e+02 3.623753635561030251e+02 0.000000000000000000e+00 0.000000000000000000e+00
4.720000000000000000e+02 3.644317137455376496e+02 0.000000000000000000e+00 0.000000000000000000e+00
4.730000000000000000e+02 3.656029187811321890e+02 0.000000000000000000e+00 0.000000000000000000e+00
4.740000000000000000e+02 3.659458982585790636e+02 0.000000000000000000e+00 0.000000000000000000e+00
4.750000000000000000e+02 3.666993960276925009e+02 0.000000000000000000e+00 0.000000000000000000e+00
4.760000000000000000e+02 3.680931593382496203e+02 0.000000000000000000e+00 0.000000000000000000e+00
4.770000000000000000e+02 3.689675073425589176e+02 0.000000000000000000e+00 0.000000000000000000e+00
4.780000000000000000e+02 3.703326890986451758e+02 0.000000000000000000e+00 0.000000000000000000e+00
4.790000000000000000e+02 3.697053866498681032e+02 1.000000000000000000e+00 0.000000000000000000e+00
4.800000000000000000e+02 3.694430776991691801e+02 1.000000000000000000e+00 0.000000000000000000e+00
4.810000000000000000e+02 3.708590509938673563e+02 0.000000000000000000e+00 0.000000000000000000e+00
4.820000000000000000e+02 3.705360155102113140e+02 2.000000000000000000e+00 0.000000000000000000e+00
4.830000000000000000e+02 3.704772639077772283e+02 0.000000000000000000e+00 0.000000000000000000e+00
4.840000000000000000e+02 3.710838002352380158e+02 0.000000000000000000e+00 0.000000000000000000e+00
4.850000000000000000e+02 3.723920578111176951e+02 0.000000000000000000e+00 0.000000000000000000e+00
4.860000000000000000e+02 3.743467582796523061e+02 0.000000000000000000e+00 0.000000000000000000e+00
4.870000000000000000e+02 3.753883532573132698e+02 0.000000000000000000e+00 0.000000000000000000e+00
4.880000000000000000e+02 3.762526510609510524e+02 0.000000000000000000e+00 0.000000000000000000e+00
4.890000000000000000e+02 3.780273373657022375e+02 0.000000000000000000e+00 0.000000000000000000e+00
4.900000000000000000e+02 3.780148339913378095e+02 0.000000000000000000e+00 0.000000000000000000e+00
4.910000000000000000e+02 3.790420245770987435e+02 0.000000000000000000e+00 0.000000000000000000e+00
4.920000000000000000e+02 3.775569121341771961e+02 2.000000000000000000e+00 0.000000000000000000e+00
4.930000000000000000e+02 3.778475955738251741e+02 1.000000000000000000e+00 0.000000000000000000e+00
4.940000000000000000e+02 3.788385592556013535e+02 1.000000000000000000e+00 0.000000000000000000e+00
4.950000000000000000e+02 3.766150241313792435e+02 2.000000000000000000e+00 0.000000000000000000e+00
4.960000000000000000e+02 3.781341824800250038e+02 0.000000000000000000e+00 0.000000000000000000e+00
4.970000000000000000e+02 3.770211338337154530e+02 2.000000000000000000e+00 0.000000000000000000e+00
4.980000000000000000e+02 3.771657989220474860e+02 1.000000000000000000e+00 0.000000000000000000e+00
4.990000000000000000e+02 3.769445050417904213e+02 1.000000000000000000e+00 0.000000000000000000e+00
5.000000000000000000e+02 3.773585712258150693e+02 1.000000000000000000e+00 0.000000000000000000e+00
5.010000000000000000e+02 3.781052443119893951e+02 0.000000000000000000e+00 0.000000000000000000e+00
5.020000000000000000e+02 3.794149722693837248e+02 0.000000000000000000e+00 0.000000000000000000e+00
5.030000000000000000e+02 3.788874484759899133e+02 2.000000000000000000e+00 0.000000000000000000e+00
5.040000000000000000e+02 3.767936772910683771e+02 2.000000000000000000e+00 0.000000000000000000e+00
5.050000000000000000e+02 3.753549861667542018e+02 2.000000000000000000e+00 0.000000000000000000e+00
5.060000000000000000e+02 3.756463218562441284e+02 1.000000000000000000e+00 0.000000000000000000e+00
5.070000000000000000e+02 3.746921925140366625e+02 2.000000000000000000e+00 0.000000000000000000e+00
5.080000000000000000e+02 3.738203017487772968e+02 2.000000000000000000e+00 0.000000000000000000e+00
5.090000000000000000e+02 3.727333420476657011e+02 2.000000000000000000e+00 0.000000000000000000e+00
5.100000000000000000e+02 3.723223679770812851e+02 1.000000000000000000e+00 0.000000000000000000e+00
5.110000000000000000e+02 3.747489295965843326e+02 0.000000000000000000e+00 0.000000000000000000e+00
5.120000000000000000e+02 3.753280908804000546e+02 0.000000000000000000e+00 0.000000000000000000e+00
5.130000000000000000e+02 3.756704532381566537e+02 0.000000000000000000e+00 0.000000000000000000e+00
5.140000000000000000e+02 3.770681195970704493e+02 0.000000000000000000e+00 0.000000000000000000e+00
5.150000000000000000e+02 3.782109574790805482e+02 0.000000000000000000e+00 0.000000000000000000e+00
5.160000000000000000e+02 3.789941977629267171e+02 0.000000000000000000e+00 0.000000000000000000e+00
5.170000000000000000e+02 3.816911895940551744e+02 0.000000000000000000e+00 0.000000000000000000e+00
5.180000000000000000e+02 3.805188343894533887e+02 0.000000000000000000e+00 0.000000000000000000e+00
5.190000000000000000e+02 3.827665118806927467e+02 0.000000000000000000e+00 0.000000000000000000e+00
5.200000000000000000e+02 3.827424032858812097e+02 0.000000000000000000e+00 0.000000000000000000e+00
5.210000000000000000e+02 3.840539659091047042e+02 0.000000000000000000e+00 0.000000000000000000e+00
5.220000000000000000e+02 3.848179373143123030e+02 0.000000000000000000e+00 0.000000000000000000e+00
5.230000000000000000e+02 3.856855436058323789e+02 0.000000000000000000e+00 0.000000000000000000e+00
5.240000000000000000e+02 3.863603481399022712e+02 1.000000000000000000e+00 0.000000000000000000e+00
5.250000000000000000e+02 3.875427850430045282e+02 0.000000000000000000e+00 0.000000000000000000e+00
5.260000000000000000e+02 3.868890174872433931e+02 0.000000000000000000e+00 0.000000000000000000e+00
5.270000000000000000e+02 3.892965379960373866e+02 0.000000000000000000e+00 0.000000000000000000e+00
5.280000000000000000e+02 3.902569831256290627e+02 0.000000000000000000e+00 0.000000000000000000e+00
5.290000000000000000e+02 3.902354337720811372e+02 0.000000000000000000e+00 0.000000000000000000e+00
5.300000000000000000e+02 3.923583283179098657e+02 0.000000000000000000e+00 0.000000000000000000e+00
5.310000000000000000e+02 3.924866278738699066e+02 1.000000000000000000e+00 0.000000000000000000e+00
5.320000000000000000e+02 3.933308037720272523e+02 0.000000000000000000e+00 0.000000000000000000e+00
5.330000000000000000e+02 3.941109267532470994e+02 0.000000000000000000e+00 0.000000000000000000e+00
5.340000000000000000e+02 3.933617106542099577e+02 1.000000000000000000e+00 0.000000000000000000e+00
5.350000000000000000e+02 3.935348796658202559e+02 2.000000000000000000e+00 0.000000000000000000e+00
5.360000000000000000e+02 3.917210291068549850e+02 2.000000000000000000e+00 0.000000000000000000e+00
5.370000000000000000e+02 3.937753473780227296e+02 0.000000000000000000e+00 0.000000000000000000e+00
5.380000000000000000e+02 3.941339613532822455e+02 0.000000000000000000e+00 0.000000000000000000e+00
5.390000000000000000e+02 3.951317717339745172e+02 0.000000000000000000e+00 0.000000000000000000e+00
5.400000000000000000e+02 3.963002379664119417e+02 0.000000000000000000e+00 0.000000000000000000e+00
5.410000000000000000e+02 3.966204129379835877e+02 0.000000000000000000e+00 0.000000000000000000e+00
5.420000000000000000e+02 3.978340078632082282e+02 0.000000000000000000e+00 0.000000000000000000e+00
5.430000000000000000e+02 3.979395331455367568e+02 0.000000000000000000e+00 0.000000000000000000e+00
5.440000000000000000e+02 4.004321245831762326e+02 0.000000000000000000e+00 0.000000000000000000e+00
5.450000000000000000e+02 4.009276221243592317e+02 0.000000000000000000e+00 0.000000000000000000e+00
5.460000000000000000e+02 4.021221694238353734e+02 0.000000000000000000e+00 0.000000000000000000e+00
5.470000000000000000e+02 4.033057507164284630e+02 0.000000000000000000e+00 0.000000000000000000e+00
5.480000000000000000e+02 4.030360597741232027e+02 0.000000000000000000e+00 0.000000000000000000e+00
5.490000000000000000e+02 4.041308580656697131e+02 1.000000000000000000e+00 0.000000000000000000e+00
5.500000000000000000e+02 4.044979568211064702e+02 0.000000000000000000e+00 0.000000000000000000e+00
5.510000000000000000e+02 4.061347455502028652e+02 0.000000000000000000e+00 0.000000000000000000e+00
5.520000000000000000e+02 4.067523263853663593e+02 0.000000000000000000e+00 0.000000000000000000e+00
5.530000000000000000e+02 4.083164019606564921e+02 0.000000000000000000e+00 0.000000000000000000e+00
5.540000000000000000e+02 4.095048191555832204e+02 0.000000000000000000e+00 0.000000000000000000e+00
5.550000000000000000e+02 4.104025495074760670e+02 0.000000000000000000e+00 0.000000000000000000e+00
5.560000000000000000e+02 4.101954711164659102e+02 0.000000000000000000e+00 0.000000000000000000e+00
5.570000000000000000e+02 4.120736565253914705e+02 0.000000000000000000e+00 0.000000000000000000e+00
5.580000000000000000e+02 4.131746092203446779e+02 0.000000000000000000e+00 0.000000000000000000e+00
5.590000000000000000e+02 4.143083941378590112e+02 0.000000000000000000e+00 0.000000000000000000e+00
5.600000000000000000e+02 4.150998718367810625e+02 0.000000000000000000e+00 0.000000000000000000e+00
5.610000000000000000e+02 4.155776822405972553e+02 0.000000000000000000e+00 0.000000000000000000e+00
5.620000000000000000e+02 4.173227548194506653e+02 0.000000000000000000e+00 0.000000000000000000e+00
5.630000000000000000e+02 4.175138639813003465e+02 0.000000000000000000e+00 0.000000000000000000e+00
5.640000000000000000e+02 4.182505107876877446e+02 0.000000000000000000e+00 0.000000000000000000e+00
5.650000000000000000e+02 4.194672996889834735e+02 0.000000000000000000e+00 0.000000000000000000e+00
5.660000000000000000e+02 4.213247249778697210e+02 0.000000000000000000e+00 0.000000000000000000e+00
5.670000000000000000e+02 4.228224278968487511e+02 0.000000000000000000e+00 0.000000000000000000e+00
5.680000000000000000e+02 4.221594735646802974e+02 0.000000000000000000e+00 0.000000000000000000e+00
5.690000000000000000e+02 4.238065390211620524e+02 0.000000000000000000e+00 0.000000000000000000e+00
5.700000000000000000e+02 4.238159307628999386e+02 0.000000000000000000e+00 0.000000000000000000e+00
5.710000000000000000e+02 4.269452913185683656e+02 0.000000000000000000e+00 0.000000000000000000e+00
5.720000000000000000e+02 4.267173918079616897e+02 1.000000000000000000e+00 0.000000000000000000e+00
5.730000000000000000e+02 4.266175621726088139e+02 0.000000000000000000e+00 0.000000000000000000e+00
5.740000000000000000e+02 4.280677099147248441e+02 0.000000000000000000e+00 0.000000000000000000e+00
5.750000000000000000e+02 4.290645893207110930e+02 0.000000000000000000e+00 0.000000000000000000e+00
5.760000000000000000e+02 4.304083037405544019e+02 0.000000000000000000e+00 0.000000000000000000e+00
5.770000000000000000e+02 4.318840377710587859e+02 0.000000000000000000e+00 0.000000000000000000e+00
5.780000000000000000e+02 4.327821372625500658e+02 0.000000000000000000e+00 0.000000000000000000e+00
5.790000000000000000e+02 4.332457701752397838e+02 0.000000000000000000e+00 0.000000000000000000e+00
5.800000000000000000e+02 4.336007084848291129e+02 0.000000000000000000e+00 0.000000000000000000e+00
5.810000000000000000e+02 4.356883820781320651e+02 0.000000000000000000e+00 0.000000000000000000e+00
5.820000000000000000e+02 4.344276783214704096e+02 2.000000000000000000e+00 0.000000000000000000e+00
5.830000000000000000e+02 4.350260112979852352e+02 0.000000000000000000e+00 0.000000000000000000e+00
5.840000000000000000e+02 4.360176648360431386e+02 0.000000000000000000e+00 0.000000000000000000e+00
5.850000000000000000e+02 4.373373638388758309e+02 0.000000000000000000e+00 0.000000000000000000e+00
5.860000000000000000e+02 4.381562518843545035e+02 0.000000000000000000e+00 0.000000000000000000e+00
5.870000000000000000e+02 4.399285583355527933e+02 0.000000000000000000e+00 0.000000000000000000e+00
5.880000000000000000e+02 4.405332145062225209e+02 0.000000000000000000e+00 0.000000000000000000e+00
5.890000000000000000e+02 4.412934250413653672e+02 0.000000000000000000e+00 0.000000000000000000e+00
5.900000000000000000e+02 4.419876524793526755e+02 0.000000000000000000e+00 0.000000000000000000e+00
5.910000000000000000e+02 4.433152399460726656e+02 0.000000000000000000e+00 0.000000000000000000e+00
5.920000000000000000e+02 4.434394997043119702e+02 0.000000000000000000e+00 0.000000000000000000e+00
5.930000000000000000e+02 4.441890412405862207e+02 0.000000000000000000e+00 0.000000000000000000e+00
5.940000000000000000e+02 4.457147200275766181e+02 0.000000000000000000e+00 0.000000000000000000e+00
5.950000000000000000e+02 4.470591007822833376e+02 0.000000000000000000e+00 0.000000000000000000e+00
5.960000000000000000e+02 4.474671427397900629e+02 0.000000000000000000e+00 0.000000000000000000e+00
5.970000000000000000e+02 4.485229501069227354e+02 0.000000000000000000e+00 0.000000000000000000e+00
5.980000000000000000e+02 4.495980296224151971e+02 0.000000000000000000e+00 0.000000000000000000e+00
5.990000000000000000e+02 4.507712395589586549e+02 0.000000000000000000e+00 0.000000000000000000e+00
6.000000000000000000e+02 4.520646106611698656e+02 0.000000000000000000e+00 0.000000000000000000e+00
6.010000000000000000e+02 4.530348083312564995e+02 0.000000000000000000e+00 0.000000000000000000e+00
6.020000000000000000e+02 4.515666840700445164e+02 2.000000000000000000e+00 0.000000000000000000e+00
6.030000000000000000e+02 4.534879170067012524e+02 0.000000000000000000e+00 0.000000000000000000e+00
6.040000000000000000e+02 4.546527284311455901e+02 0.000000000000000000e+00 0.000000000000000000e+00
6.050000000000000000e+02 4.553562162198343799e+02 0.000000000000000000e+00 0.000000000000000000e+00
6.060000000000000000e+02 4.552077967010892507e+02 0.000000000000000000e+00 0.000000000000000000e+00
6.070000000000000000e+02 4.548646898722495848e+02 2.000000000000000000e+00 0.000000000000000000e+00
6.080000000000000000e+02 4.550579886049315519e+02 1.000000000000000000e+00 0.000000000000000000e+00
6.090000000000000000e+02 4.544257316918670995e+02 2.000000000000000000e+00 0.000000000000000000e+00
6.100000000000000000e+02 4.529296481235454053e+02 2.000000000000000000e+00 0.000000000000000000e+00
6.110000000000000000e+02 4.527722198835027143e+02 2.000000000000000000e+00 0.000000000000000000e+00
6.120000000000000000e+02 4.522562993404133067e+02 2.000000000000000000e+00 0.000000000000000000e+00
6.130000000000000000e+02 4.503741966196636781e+02 1.000000000000000000e+00 0.000000000000000000e+00
6.140000000000000000e+02 4.524576949745677439e+02 0.000000000000000000e+00 0.000000000000000000e+00
6.150000000000000000e+02 4.526789207910532582e+02 0.000000000000000000e+00 0.000000000000000000e+00
6.160000000000000000e+02 4.542133761875299456e+02 0.000000000000000000e+00 0.000000000000000000e+00
6.170000000000000000e+02 4.554267366662900827e+02 0.000000000000000000e+00 0.000000000000000000e+00
6.180000000000000000e+02 4.549448806192290249e+02 1.000000000000000000e+00 0.000000000000000000e+00
6.190000000000000000e+02 4.552473121653825956e+02 0.000000000000000000e+00 0.000000000000000000e+00
6.200000000000000000e+02 4.574691130629486793e+02 0.000000000000000000e+00 0.000000000000000000e+00
6.210000000000000000e+02 4.578830376256939871e+02 0.000000000000000000e+00 0.000000000000000000e+00
6.220000000000000000e+02 4.590073428464908716e+02 0.000000000000000000e+00 0.000000000000000000e+00
6.230000000000000000e+02 4.603788728010948148e+02 0.000000000000000000e+00 0.000000000000000000e+00
6.240000000000000000e+02 4.608143172433910877e+02 0.000000000000000000e+00 0.000000000000000000e+00
6.250000000000000000e+02 4.620253308966996428e+02 0.000000000000000000e+00 0.000000000000000000e+00
6.260000000000000000e+02 4.630878591838083480e+02 0.000000000000000000e+00 0.000000000000000000e+00
6.270000000000000000e+02 4.628627241640022589e+02 0.000000000000000000e+00 0.000000000000000000e+00
6.280000000000000000e+02 4.649591158883491744e+02 0.000000000000000000e+00 0.000000000000000000e+00
6.290000000000000000e+02 4.654949291959765674e+02 0.000000000000000000e+00 0.000000000000000000e+00
6.300000000000000000e+02 4.665397129165223191e+02 0.000000000000000000e+00 0.000000000000000000e+00
6.310000000000000000e+02 4.683958718417090950e+02 0.000000000000000000e+00 0.000000000000000000e+00
6.320000000000000000e+02 4.681671050780764176e+02 0.000000000000000000e+00 0.000000000000000000e+00
6.330000000000000000e+02 4.704122370551767176e+02 0.000000000000000000e+00 0.000000000000000000e+00
6.340000000000000000e+02 4.711213753187547013e+02 0.000000000000000000e+00 0.000000000000000000e+00
6.350000000000000000e+02 4.718296345020725084e+02 0.000000000000000000e+00 0.000000000000000000e+00
6.360000000000000000e+02 4.720697327227003370e+02 0.000000000000000000e+00 0.000000000000000000e+00
6.370000000000000000e+02 4.727254667693239867e+02 1.000000000000000000e+00 0.000000000000000000e+00
6.380000000000000000e+02 4.728894744880450389e+02 0.000000000000000000e+00 0.000000000000000000e+00
6.390000000000000000e+02 4.760303722704694565e+02 0.000000000000000000e+00 0.000000000000000000e+00
6.400000000000000000e+02 4.758813509897493645e+02 0.000000000000000000e+00 0.000000000000000000e+00
6.410000000000000000e+02 4.773957083962948218e+02 0.000000000000000000e+00 0.000000000000000000e+00
6.420000000000000000e+02 4.769499281853077832e+02 1.000000000000000000e+00 0.000000000000000000e+00
6.430000000000000000e+02 4.776834593538839613e+02 0.000000000000000000e+00 0.000000000000000000e+00
6.440000000000000000e+02 4.788572895192126566e+02 0.000000000000000000e+00 0.000000000000000000e+00
6.450000000000000000e+02 4.786577372070917704e+02 2.000000000000000000e+00 0.000000000000000000e+00
6.460000000000000000e+02 4.763618908495388382e+02 2.000000000000000000e+00 0.000000000000000000e+00
6.470000000000000000e+02 4.780716680952001525e+02 0.000000000000000000e+00 0.000000000000000000e+00
6.480000000000000000e+02 4.790835406413477813e+02 0.000000000000000000e+00 0.000000000000000000e+00
6.490000000000000000e+02 4.799777614349188184e+02 0.000000000000000000e+00 0.000000000000000000e+00
6.500000000000000000e+02 4.808282859630920143e+02 0.000000000000000000e+00 0.000000000000000000e+00
6.510000000000000000e+02 4.820863877590036850e+02 0.000000000000000000e+00 0.000000000000000000e+00
6.520000000000000000e+02 4.815890222608025510e+02 2.000000000000000000e+00 0.000000000000000000e+00
6.530000000000000000e+02 4.817305347351066303e+02 1.000000000000000000e+00 0.000000000000000000e+00
6.540000000000000000e+02 4.821559111521245313e+02 0.000000000000000000e+00 0.000000000000000000e+00
6.550000000000000000e+02 4.830525755058626487e+02 0.000000000000000000e+00 0.000000000000000000e+00
6.560000000000000000e+02 4.837546335288452042e+02 0.000000000000000000e+00 0.000000000000000000e+00
6.570000000000000000e+02 4.852661270889760203e+02 0.000000000000000000e+00 0.000000000000000000e+00
6.580000000000000000e+02 4.857506245578462654e+02 0.000000000000000000e+00 0.000000000000000000e+00
6.590000000000000000e+02 4.872088128263771978e+02 0.000000000000000000e+00 0.000000000000000000e+00
6.600000000000000000e+02 4.876564339585899575e+02 0.000000000000000000e+00 0.000000000000000000e+00
6.610000000000000000e+02 4.892413573311687287e+02 0.000000000000000000e+00 0.000000000000000000e+00
6.620000000000000000e+02 4.895957007060526394e+02 0.000000000000000000e+00 0.000000000000000000e+00
6.630000000000000000e+02 4.913852544937563493e+02 0.000000000000000000e+00 0.000000000000000000e+00
6.640000000000000000e+02 4.917514008591948595e+02 0.000000000000000000e+00 0.000000000000000000e+00
6.650000000000000000e+02 4.929749411660512237e+02 0.000000000000000000e+00 0.000000000000000000e+00
6.660000000000000000e+02 4.944574565354974425e+02 0.000000000000000000e+00 0.000000000000000000e+00
6.670000000000000000e+02 4.949493890251580410e+02 0.000000000000000000e+00 0.000000000000000000e+00
6.680000000000000000e+02 4.965417064500886681e+02 0.000000000000000000e+00 0.000000000000000000e+00
6.690000000000000000e+02 4.972908825002790536e+02 0.000000000000000000e+00 0.000000000000000000e+00
6.700000000000000000e+02 4.983982123809006453e+02 0.000000000000000000e+00 0.000000000000000000e+00
6.710000000000000000e+02 4.992607347993696862e+02 0.000000000000000000e+00 0.000000000000000000e+00
6.720000000000000000e+02 5.004217154817981168e+02 0.000000000000000000e+00 0.000000000000000000e+00
6.730000000000000000e+02 5.002154759018270056e+02 0.000000000000000000e+00 0.000000000000000000e+00
6.740000000000000000e+02 5.019613522743485419e+02 0.000000000000000000e+00 0.000000000000000000e+00
6.750000000000000000e+02 5.016986567735223730e+02 1.000000000000000000e+00 0.000000000000000000e+00
6.760000000000000000e+02 5.024021872837896581e+02 1.000000000000000000e+00 0.000000000000000000e+00
6.770000000000000000e+02 5.018611324343677325e+02 1.000000000000000000e+00 0.000000000000000000e+00
6.780000000000000000e+02 5.034664936446083630e+02 0.000000000000000000e+00 0.000000000000000000e+00
6.790000000000000000e+02 5.037452797455600830e+02 0.000000000000000000e+00 0.000000000000000000e+00
6.800000000000000000e+02 5.052299792765013535e+02 0.000000000000000000e+00 0.000000000000000000e+00
6.810000000000000000e+02 5.057801277009810406e+02 0.000000000000000000e+00 0.000000000000000000e+00
6.820000000000000000e+02 5.073114145659092742e+02 0.000000000000000000e+00 0.000000000000000000e+00
6.830000000000000000e+02 5.088298912519285295e+02 0.000000000000000000e+00 0.000000000000000000e+00
6.840000000000000000e+02 5.064388005613131440e+02 2.000000000000000000e+00 0.000000000000000000e+00
6.850000000000000000e+02 5.076842827575095498e+02 1.000000000000000000e+00 0.000000000000000000e+00
6.860000000000000000e+02 5.081941854044675893e+02 0.000000000000000000e+00 0.000000000000000000e+00
6.870000000000000000e+02 5.086107524690207811e+02 0.000000000000000000e+00 0.000000000000000000e+00
6.880000000000000000e+02 5.098783509614586933e+02 0.000000000000000000e+00 0.000000000000000000e+00
6.890000000000000000e+02 5.095458289068984641e+02 2.000000000000000000e+00 0.000000000000000000e+00
6.900000000000000000e+02 5.107296752429720641e+02 0.000000000000000000e+00 0.000000000000000000e+00
6.910000000000000000e+02 5.102694622254904289e+02 0.000000000000000000e+00 0.000000000000000000e+00
6.920000000000000000e+02 5.112758825790060655e+02 0.000000000000000000e+00 0.000000000000000000e+00
6.930000000000000000e+02 5.131434447404731145e+02 0.000000000000000000e+00 0.000000000000000000e+00
6.940000000000000000e+02 5.137810098629998947e+02 0.000000000000000000e+00 0.000000000000000000e+00
6.950000000000000000e+02 5.143706864008150887e+02 0.000000000000000000e+00 0.000000000000000000e+00
6.960000000000000000e+02 5.157470839735512982e+02 0.000000000000000000e+00 0.000000000000000000e+00
6.970000000000000000e+02 5.178981059644835341e+02 0.000000000000000000e+00 0.000000000000000000e+00
6.980000000000000000e+02 5.183296188131010922e+02 0.000000000000000000e+00 0.000000000000000000e+00
6.990000000000000000e+02 5.193307998034158572e+02 0.000000000000000000e+00 0.000000000000000000e+00
7.000000000000000000e+02 5.194132739763552991e+02 0.000000000000000000e+00 0.000000000000000000e+00
7.010000000000000000e+02 5.214119742943277060e+02 0.000000000000000000e+00 0.000000000000000000e+00
7.020000000000000000e+02 5.216428024201552489e+02 0.000000000000000000e+00 0.000000000000000000e+00
7.030000000000000000e+02 5.237156007126715167e+02 0.000000000000000000e+00 0.000000000000000000e+00
7.040000000000000000e+02 5.246114364634980802e+02 0.000000000000000000e+00 0.000000000000000000e+00
7.050000000000000000e+02 5.227413308163240799e+02 2.000000000000000000e+00 0.000000000000000000e+00
7.060000000000000000e+02 5.218528728823702068e+02 2.000000000000000000e+00 0.000000000000000000e+00
7.070000000000000000e+02 5.224652562174131845e+02 0.000000000000000000e+00 0.000000000000000000e+00
7.080000000000000000e+02 5.244415971158084631e+02 0.000000000000000000e+00 0.000000000000000000e+00
7.090000000000000000e+02 5.253506161416057694e+02 0.000000000000000000e+00 0.000000000000000000e+00
7.100000000000000000e+02 5.261332584423730623e+02 0.000000000000000000e+00 0.000000000000000000e+00
7.110000000000000000e+02 5.264926980458121761e+02 0.000000000000000000e+00 0.000000000000000000e+00
7.120000000000000000e+02 5.276833070498825009e+02 0.000000000000000000e+00 0.000000000000000000e+00
7.130000000000000000e+02 5.281636969532546573e+02 0.000000000000000000e+00 0.000000000000000000e+00
7.140000000000000000e+02 5.307104903761396599e+02 0.000000000000000000e+00 0.000000000000000000e+00
7.150000000000000000e+02 5.305704474452622890e+02 1.000000000000000000e+00 0.000000000000000000e+00
7.160000000000000000e+02 5.297853791799865348e+02 0.000000000000000000e+00 0.000000000000000000e+00
7.170000000000000000e+02 5.327381961282051179e+02 0.000000000000000000e+00 0.000000000000000000e+00
7.180000000000000000e+02 5.326553465368276647e+02 0.000000000000000000e+00 0.000000000000000000e+00
7.190000000000000000e+02 5.340537051981716559e+02 0.000000000000000000e+00 0.000000000000000000e+00
7.200000000000000000e+02 5.352768241596598955e+02 0.000000000000000000e+00 0.000000000000000000e+00
7.210000000000000000e+02 5.356877708477567239e+02 0.000000000000000000e+00 0.000000000000000000e+00
7.220000000000000000e+02 5.361886703738713322e+02 0.000000000000000000e+00 0.000000000000000000e+00
7.230000000000000000e+02 5.381178498470832210e+02 0.000000000000000000e+00 0.000000000000000000e+00
7.240000000000000000e+02 5.398439309899861200e+02 0.000000000000000000e+00 0.000000000000000000e+00
7.250000000000000000e+02 5.410400503711638294e+02 0.000000000000000000e+00 0.000000000000000000e+00
7.260000000000000000e+02 5.404921817041238228e+02 0.000000000000000000e+00 0.000000000000000000e+00
7.270000000000000000e+02 5.421834902485280736e+02 0.000000000000000000e+00 0.000000000000000000e+00
7.280000000000000000e+02 5.440702726719475777e+02 0.000000000000000000e+00 0.000000000000000000e+00
7.290000000000000000e+02 5.444740516186292325e+02 0.000000000000000000e+00 0.000000000000000000e+00
7.300000000000000000e+02 5.444940414683160270e+02 0.000000000000000000e+00 0.000000000000000000e+00
7.310000000000000000e+02 5.462536446479952019e+02 0.000000000000000000e+00 0.000000000000000000e+00
7.320000000000000000e+02 5.480164014883209802e+02 0.000000000000000000e+00 0.000000000000000000e+00
7.330000000000000000e+02 5.483772352192916060e+02 0.000000000000000000e+00 0.000000000000000000e+00
7.340000000000000000e+02 5.469404118287210395e+02 2.000000000000000000e+00 0.000000000000000000e+00
7.350000000000000000e+02 5.476223520153494064e+02 0.000000000000000000e+00 0.000000000000000000e+00
7.360000000000000000e+02 5.485433250937862795e+02 0.000000000000000000e+00 0.000000000000000000e+00
7.370000000000000000e+02 5.497834386280657100e+02 0.000000000000000000e+00 0.000000000000000000e+00
7.380000000000000000e+02 5.513139695963199074e+02 0.000000000000000000e+00 0.000000000000000000e+00
7.390000000000000000e+02 5.524665989269475403e+02 1.000000000000000000e+00 0.000000000000000000e+00
7.400000000000000000e+02 5.514262289904947920e+02 0.000000000000000000e+00 0.000000000000000000e+00
7.410000000000000000e+02 5.532897369806918277e+02 0.000000000000000000e+00 0.000000000000000000e+00
7.420000000000000000e+02 5.548804940254906342e+02 0.000000000000000000e+00 0.000000000000000000e+00
7.430000000000000000e+02 5.546874533612104869e+02 0.000000000000000000e+00 0.000000000000000000e+00
7.440000000000000000e+02 5.564254227527486591e+02 0.000000000000000000e+00 0.000000000000000000e+00
7.450000000000000000e+02 5.568130064395546697e+02 0.000000000000000000e+00 0.000000000000000000e+00
7.460000000000000000e+02 5.579969495877890040e+02 0.000000000000000000e+00 0.000000000000000000e+00
7.470000000000000000e+02 5.581830271606778524e+02 0.000000000000000000e+00 0.000000000000000000e+00
7.480000000000000000e+02 5.609831000938370380e+02 0.000000000000000000e+00 0.000000000000000000e+00
7.490000000000000000e+02 5.600936417391770874e+02 0.000000000000000000e+00 0.000000000000000000e+00
7.500000000000000000e+02 5.630620281132997889e+02 0.000000000000000000e+00 0.000000000000000000e+00
7.510000000000000000e+02 5.623767364378588809e+02 0.000000000000000000e+00 0.000000000000000000e+00
7.520000000000000000e+02 5.632531517809236448e+02 0.000000000000000000e+00 0.000000000000000000e+00
7.530000000000000000e+02 5.644441217126037600e+02 0.000000000000000000e+00 0.000000000000000000e+00
7.540000000000000000e+02 5.657452729874657962e+02 0.000000000000000000e+00 0.000000000000000000e+00
7.550000000000000000e+02 5.673325058170700004e+02 0.000000000000000000e+00 0.000000000000000000e+00
7.560000000000000000e+02 5.682553730943261598e+02 0.000000000000000000e+00 0.000000000000000000e+00
7.570000000000000000e+02 5.692128042820219207e+02 0.000000000000000000e+00 0.000000000000000000e+00
7.580000000000000000e+02 5.699374584517495350e+02 0.000000000000000000e+00 0.000000000000000000e+00
7.590000000000000000e+02 5.709098737754809463e+02 0.000000000000000000e+00 0.000000000000000000e+00
7.600000000000000000e+02 5.713056513511991170e+02 0.000000000000000000e+00 0.000000000000000000e+00
7.610000000000000000e+02 5.721510961867891183e+02 0.000000000000000000e+00 0.000000000000000000e+00
7.620000000000000000e+02 5.736181640558131676e+02 0.000000000000000000e+00 0.000000000000000000e+00
7.630000000000000000e+02 5.744606928702980895e+02 0.000000000000000000e+00 0.000000000000000000e+00
7.640000000000000000e+02 5.753481765556604159e+02 0.000000000000000000e+00 0.000000000000000000e+00
7.650000000000000000e+02 5.768159668436891252e+02 0.000000000000000000e+00 0.000000000000000000e+00
7.660000000000000000e+02 5.778948944757190702e+02 0.000000000000000000e+00 0.000000000000000000e+00
7.670000000000000000e+02 5.794631122445040319e+02 0.000000000000000000e+00 0.000000000000000000e+00
7.680000000000000000e+02 5.803105851044273322e+02 0.000000000000000000e+00 0.000000000000000000e+00
7.690000000000000000e+02 5.806300358417006464e+02 0.000000000000000000e+00 0.000000000000000000e+00
7.700000000000000000e+02 5.822998642609107947e+02 0.000000000000000000e+00 0.000000000000000000e+00
7.710000000000000000e+02 5.829235331091210810e+02 0.000000000000000000e+00 0.000000000000000000e+00
7.720000000000000000e+02 5.839669224435588148e+02 0.000000000000000000e+00 0.000000000000000000e+00
7.730000000000000000e+02 5.843669285977723575e+02 0.000000000000000000e+00 0.000000000000000000e+00
7.740000000000000000e+02 5.861345524267036353e+02 0.000000000000000000e+00 0.000000000000000000e+00
7.750000000000000000e+02 5.863341325122004264e+02 0.000000000000000000e+00 0.000000000000000000e+00
7.760000000000000000e+02 5.884611332554286491e+02 0.000000000000000000e+00 0.000000000000000000e+00
7.770000000000000000e+02 5.892526391907047127e+02 0.000000000000000000e+00 0.000000000000000000e+00
7.780000000000000000e+02 5.907977028439726155e+02 0.000000000000000000e+00 0.000000000000000000e+00
7.790000000000000000e+02 5.909186326661282465e+02 0.000000000000000000e+00 0.000000000000000000e+00
7.800000000000000000e+02 5.920353883054366406e+02 0.000000000000000000e+00 0.000000000000000000e+00
7.810000000000000000e+02 5.937443141210087560e+02 0.000000000000000000e+00 0.000000000000000000e+00
7.820000000000000000e+02 5.939099838520775165e+02 0.000000000000000000e+00 0.000000000000000000e+00
7.830000000000000000e+02 5.936846740304858940e+02 2.000000000000000000e+00 0.000000000000000000e+00
7.840000000000000000e+02 5.921420675740702109e+02 2.000000000000000000e+00 0.000000000000000000e+00
7.850000000000000000e+02 5.914425649389304454e+02 2.000000000000000000e+00 0.000000000000000000e+00
7.860000000000000000e+02 5.900654363587829039e+02 1.000000000000000000e+00 0.000000000000000000e+00
7.870000000000000000e+02 5.906501336571120646e+02 2.000000000000000000e+00 0.000000000000000000e+00
7.880000000000000000e+02 5.895646015169849079e+02 2.000000000000000000e+00 0.000000000000000000e+00
7.890000000000000000e+02 5.889859552107626541e+02 1.000000000000000000e+00 0.000000000000000000e+00
7.900000000000000000e+02 5.886008681511016221e+02 2.000000000000000000e+00 0.000000000000000000e+00
7.910000000000000000e+02 5.881142868575276452e+02 1.000000000000000000e+00 0.000000000000000000e+00
7.920000000000000000e+02 5.883072798541861630e+02 1.000000000000000000e+00 0.000000000000000000e+00
7.930000000000000000e+02 5.879774240322921059e+02 1.000000000000000000e+00 0.000000000000000000e+00
7.940000000000000000e+02 5.870644760885334108e+02 2.000000000000000000e+00 0.000000000000000000e+00
7.950000000000000000e+02 5.878265118473568691e+02 0.000000000000000000e+00 0.000000000000000000e+00
7.960000000000000000e+02 5.883780994310349115e+02 0.000000000000000000e+00 0.000000000000000000e+00
7.970000000000000000e+02 5.900197608152843713e+02 0.000000000000000000e+00 0.000000000000000000e+00
7.980000000000000000e+02 5.911469903657396117e+02 1.000000000000000000e+00 0.000000000000000000e+00
7.990000000000000000e+02 5.907001953574192612e+02 0.000000000000000000e+00 0.000000000000000000e+00
8.000000000000000000e+02 5.923037940015487948e+02 0.000000000000000000e+00 0.000000000000000000e+00
