time	position	state	ATP_bound
1.000000000000000000e+00 8.008735430950146839e-01 0.000000000000000000e+00 0.000000000000000000e+00
2.000000000000000000e+00 2.162819667724928063e+00 0.000000000000000000e+00 0.000000000000000000e+00
3.000000000000000000e+00 3.700199284020658563e+00 0.000000000000000000e+00 0.000000000000000000e+00
4.000000000000000000e+00 4.340718137382373776e+00 0.000000000000000000e+00 0.000000000000000000e+00
5.000000000000000000e+00 5.130963981772579174e+00 0.000000000000000000e+00 0.000000000000000000e+00
6.000000000000000000e+00 5.462651736310419004e+00 0.000000000000000000e+00 0.000000000000000000e+00
7.000000000000000000e+00 6.230248307108803729e+00 0.000000000000000000e+00 0.000000000000000000e+00
8.000000000000000000e+00 7.795866112246192969e+00 1.000000000000000000e+00 0.000000000000000000e+00
9.000000000000000000e+00 8.357958948139399880e+00 0.000000000000000000e+00 0.000000000000000000e+00
1.000000000000000000e+01 9.248581024840961007e+00 0.000000000000000000e+00 0.000000000000000000e+00
1.100000000000000000e+01 9.830565075536698671e+00 0.000000000000000000e+00 0.000000000000000000e+00
1.200000000000000000e+01 1.112316016494562376e+01 0.000000000000000000e+00 0.000000000000000000e+00
1.300000000000000000e+01 1.321760487484200297e+01 0.000000000000000000e+00 0.000000000000000000e+00
1.400000000000000000e+01 1.284467755036451031e+01 0.000000000000000000e+00 0.000000000000000000e+00
1.500000000000000000e+01 1.404531569262935875e+01 0.000000000000000000e+00 0.000000000000000000e+00
1.600000000000000000e+01 1.552221681004447618e+01 0.000000000000000000e+00 0.000000000000000000e+00
1.700000000000000000e+01 1.615763270813073404e+01 0.000000000000000000e+00 0.000000000000000000e+00
1.800000000000000000e+01 1.655768830049393614e+01 0.000000000000000000e+00 0.000000000000000000e+00
1.900000000000000000e+01 1.572360740050850580e+01 2.000000000000000000e+00 0.000000000000000000e+00
2.000000000000000000e+01 1.704866711689787451e+01 0.000000000000000000e+00 0.000000000000000000e+00
2.100000000000000000e+01 1.791024497574360907e+01 0.000000000000000000e+00 0.000000000000000000e+00
2.200000000000000000e+01 1.848677617469492773e+01 1.000000000000000000e+00 0.000000000000000000e+00
2.300000000000000000e+01 1.780497414329372674e+01 1.000000000000000000e+00 0.000000000000000000e+00
2.400000000000000000e+01 1.856630021788277318e+01 0.000000000000000000e+00 0.000000000000000000e+00
2.500000000000000000e+01 2.020779163734677297e+01 0.000000000000000000e+00 0.000000000000000000e+00
2.600000000000000000e+01 2.116303889964984108e+01 0.000000000000000000e+00 0.000000000000000000e+00
2.700000000000000000e+01 2.295602409360932938e+01 0.000000000000000000e+00 0.000000000000000000e+00
2.800000000000000000e+01 2.274527655169755391e+01 0.000000000000000000e+00 0.000000000000000000e+00
2.900000000000000000e+01 2.361784205534026526e+01 0.000000000000000000e+00 0.000000000000000000e+00
3.000000000000000000e+01 2.201099649499532873e+01 2.000000000000000000e+00 0.000000000000000000e+00
3.100000000000000000e+01 2.295232885017805202e+01 1.000000000000000000e+00 0.000000000000000000e+00
3.200000000000000000e+01 2.393999479160175881e+01 0.000000000000000000e+00 0.000000000000000000e+00
3.300000000000000000e+01 2.458892681304863004e+01 0.000000000000000000e+00 0.000000000000000000e+00
3.400000000000000000e+01 2.617403181487681962e+01 0.000000000000000000e+00 0.000000000000000000e+00
3.500000000000000000e+01 2.657669279877784518e+01 0.000000000000000000e+00 0.000000000000000000e+00
3.600000000000000000e+01 2.778011828304084574e+01 0.000000000000000000e+00 0.000000000000000000e+00
3.700000000000000000e+01 2.945585454811002535e+01 0.000000000000000000e+00 0.000000000000000000e+00
3.800000000000000000e+01 2.941683422613983723e+01 0.000000000000000000e+00 0.000000000000000000e+00
3.900000000000000000e+01 3.131533291853572720e+01 0.000000000000000000e+00 0.000000000000000000e+00
4.000000000000000000e+01 3.192275248655123221e+01 0.000000000000000000e+00 0.000000000000000000e+00
4.100000000000000000e+01 3.361845067311778479e+01 0.000000000000000000e+00 0.000000000000000000e+00
4.200000000000000000e+01 3.393704835392135521e+01 0.000000000000000000e+00 0.000000000000000000e+00
4.300000000000000000e+01 3.465988189310910883e+01 0.000000000000000000e+00 0.000000000000000000e+00
4.400000000000000000e+01 3.629406419414834772e+01 0.000000000000000000e+00 0.000000000000000000e+00
4.500000000000000000e+01 3.724291537298846322e+01 0.000000000000000000e+00 0.000000000000000000e+00
4.600000000000000000e+01 3.851297652039997388e+01 0.000000000000000000e+00 0.000000000000000000e+00
4.700000000000000000e+01 3.855697039541057336e+01 0.000000000000000000e+00 0.000000000000000000e+00
4.800000000000000000e+01 4.009308896292671420e+01 0.000000000000000000e+00 0.000000000000000000e+00
4.900000000000000000e+01 4.114970647517521485e+01 0.000000000000000000e+00 0.000000000000000000e+00
5.000000000000000000e+01 4.173204282174273061e+01 0.000000000000000000e+00 0.000000000000000000e+00
5.100000000000000000e+01 4.259376923474685839e+01 1.000000000000000000e+00 0.000000000000000000e+00
5.200000000000000000e+01 4.360945604034209566e+01 0.000000000000000000e+00 0.000000000000000000e+00
5.300000000000000000e+01 4.311344624878739040e+01 0.000000000000000000e+00 0.000000000000000000e+00
5.400000000000000000e+01 4.461318865145248935e+01 0.000000000000000000e+00 0.000000000000000000e+00
5.500000000000000000e+01 4.602607155726603594e+01 0.000000000000000000e+00 0.000000000000000000e+00
5.600000000000000000e+01 4.680781201390763613e+01 0.000000000000000000e+00 0.000000000000000000e+00
5.700000000000000000e+01 4.816837885873795955e+01 0.000000000000000000e+00 0.000000000000000000e+00
5.800000000000000000e+01 4.904287915260583475e+01 0.000000000000000000e+00 0.000000000000000000e+00
5.900000000000000000e+01 4.994811419910813299e+01 0.000000000000000000e+00 0.000000000000000000e+00
6.000000000000000000e+01 5.053888644901383742e+01 0.000000000000000000e+00 0.000000000000000000e+00
6.100000000000000000e+01 5.216517401549469923e+01 0.000000000000000000e+00 0.000000000000000000e+00
6.200000000000000000e+01 5.298341333407181253e+01 0.000000000000000000e+00 0.000000000000000000e+00
6.300000000000000000e+01 5.370114517826679901e+01 0.000000000000000000e+00 0.000000000000000000e+00
6.400000000000000000e+01 5.467710131207918067e+01 0.000000000000000000e+00 0.000000000000000000e+00
6.500000000000000000e+01 5.593909790330581444e+01 0.000000000000000000e+00 0.000000000000000000e+00
6.600000000000000000e+01 5.697539422464208059e+01 0.000000000000000000e+00 0.000000000000000000e+00
6.700000000000000000e+01 5.832863235083754461e+01 0.000000000000000000e+00 0.000000000000000000e+00
6.800000000000000000e+01 5.924515960692772154e+01 0.000000000000000000e+00 0.000000000000000000e+00
6.900000000000000000e+01 5.976161930221839924e+01 0.000000000000000000e+00 0.000000000000000000e+00
7.000000000000000000e+01 6.097442591930912670e+01 0.000000000000000000e+00 0.000000000000000000e+00
7.100000000000000000e+01 6.219409125425507767e+01 0.000000000000000000e+00 0.000000000000000000e+00
7.200000000000000000e+01 6.259696006618018771e+01 0.000000000000000000e+00 0.000000000000000000e+00
7.300000000000000000e+01 6.229113371460634596e+01 1.000000000000000000e+00 0.000000000000000000e+00
7.400000000000000000e+01 6.334137346094366450e+01 0.000000000000000000e+00 0.000000000000000000e+00
7.500000000000000000e+01 6.480414280914527581e+01 0.000000000000000000e+00 0.000000000000000000e+00
7.600000000000000000e+01 6.489853096314433856e+01 0.000000000000000000e+00 0.000000000000000000e+00
7.700000000000000000e+01 6.654475133316825008e+01 0.000000000000000000e+00 0.000000000000000000e+00
7.800000000000000000e+01 6.795421642659275108e+01 0.000000000000000000e+00 0.000000000000000000e+00
7.900000000000000000e+01 6.894391088136765688e+01 0.000000000000000000e+00 0.000000000000000000e+00
8.000000000000000000e+01 7.122566210426856514e+01 0.000000000000000000e+00 0.000000000000000000e+00
8.100000000000000000e+01 7.105123679165815531e+01 0.000000000000000000e+00 0.000000000000000000e+00
8.200000000000000000e+01 7.151874538888289123e+01 0.000000000000000000e+00 0.000000000000000000e+00
8.300000000000000000e+01 7.272766888634126303e+01 0.000000000000000000e+00 0.000000000000000000e+00
8.400000000000000000e+01 7.378554856801572726e+01 0.000000000000000000e+00 0.000000000000000000e+00
8.500000000000000000e+01 7.491187191669635581e+01 0.000000000000000000e+00 0.000000000000000000e+00
8.600000000000000000e+01 7.651828131225784091e+01 0.000000000000000000e+00 0.000000000000000000e+00
8.700000000000000000e+01 7.624975944068764022e+01 1.000000000000000000e+00 0.000000000000000000e+00
8.800000000000000000e+01 7.625450166364251459e+01 0.000000000000000000e+00 0.000000000000000000e+00
8.900000000000000000e+01 7.722189327916098023e+01 0.000000000000000000e+00 0.000000000000000000e+00
9.000000000000000000e+01 7.839307913545015083e+01 0.000000000000000000e+00 0.000000000000000000e+00
9.100000000000000000e+01 7.738891276371998629e+01 2.000000000000000000e+00 0.000000000000000000e+00
9.200000000000000000e+01 7.571199677566430353e+01 2.000000000000000000e+00 0.000000000000000000e+00
9.300000000000000000e+01 7.593870019270794103e+01 2.000000000000000000e+00 0.000000000000000000e+00
9.400000000000000000e+01 7.500577245857674313e+01 2.000000000000000000e+00 0.000000000000000000e+00
9.500000000000000000e+01 7.374949299558029736e+01 2.000000000000000000e+00 0.000000000000000000e+00
9.600000000000000000e+01 7.619482897119019071e+01 0.000000000000000000e+00 0.000000000000000000e+00
9.700000000000000000e+01 7.595315046594356545e+01 0.000000000000000000e+00 0.000000000000000000e+00
9.800000000000000000e+01 7.733371795745858890e+01 0.000000000000000000e+00 0.000000000000000000e+00
9.900000000000000000e+01 7.859622220081350008e+01 0.000000000000000000e+00 0.000000000000000000e+00
1.000000000000000000e+02 7.977869486895542650e+01 0.000000000000000000e+00 0.000000000000000000e+00
1.010000000000000000e+02 7.987027162670875668e+01 0.000000000000000000e+00 0.000000000000000000e+00
1.020000000000000000e+02 8.160535184696421140e+01 0.000000000000000000e+00 0.000000000000000000e+00
1.030000000000000000e+02 8.235829141474694381e+01 0.000000000000000000e+00 0.000000000000000000e+00
1.040000000000000000e+02 8.284773095041187219e+01 0.000000000000000000e+00 0.000000000000000000e+00
1.050000000000000000e+02 8.334039058085343754e+01 0.000000000000000000e+00 0.000000000000000000e+00
1.060000000000000000e+02 8.511331333247181874e+01 0.000000000000000000e+00 0.000000000000000000e+00
1.070000000000000000e+02 8.597752460094798721e+01 0.000000000000000000e+00 0.000000000000000000e+00
1.080000000000000000e+02 8.705931696710777601e+01 0.000000000000000000e+00 0.000000000000000000e+00
1.090000000000000000e+02 8.810199793604537888e+01 0.000000000000000000e+00 0.000000000000000000e+00
1.100000000000000000e+02 8.908973719361675592e+01 0.000000000000000000e+00 0.000000000000000000e+00
1.110000000000000000e+02 8.975570025918126760e+01 0.000000000000000000e+00 0.000000000000000000e+00
1.120000000000000000e+02 9.221741337439317476e+01 0.000000000000000000e+00 0.000000000000000000e+00
1.130000000000000000e+02 9.160501558484850193e+01 0.000000000000000000e+00 0.000000000000000000e+00
1.140000000000000000e+02 9.323169834055113370e+01 0.000000000000000000e+00 0.000000000000000000e+00
1.150000000000000000e+02 9.360857903536539482e+01 0.000000000000000000e+00 0.000000000000000000e+00
1.160000000000000000e+02 9.535557700818414162e+01 0.000000000000000000e+00 0.000000000000000000e+00
1.170000000000000000e+02 9.566241009022347441e+01 0.000000000000000000e+00 0.000000000000000000e+00
1.180000000000000000e+02 9.666268021436559366e+01 0.000000000000000000e+00 0.000000000000000000e+00
1.190000000000000000e+02 9.561856083207202062e+01 2.000000000000000000e+00 0.000000000000000000e+00
1.200000000000000000e+02 9.714141563489725684e+01 0.000000000000000000e+00 0.000000000000000000e+00
1.210000000000000000e+02 9.818273668558884992e+01 0.000000000000000000e+00 0.000000000000000000e+00
1.220000000000000000e+02 9.860259098310248760e+01 1.000000000000000000e+00 0.000000000000000000e+00
1.230000000000000000e+02 9.906429339372591869e+01 0.000000000000000000e+00 0.000000000000000000e+00
1.240000000000000000e+02 1.008160161640835213e+02 0.000000000000000000e+00 0.000000000000000000e+00
1.250000000000000000e+02 1.005834747875187247e+02 0.000000000000000000e+00 0.000000000000000000e+00
1.260000000000000000e+02 1.019376602955559150e+02 0.000000000000000000e+00 0.000000000000000000e+00
1.270000000000000000e+02 1.023508810023188715e+02 0.000000000000000000e+00 0.000000000000000000e+00
1.280000000000000000e+02 1.043160829430035932e+02 0.000000000000000000e+00 0.000000000000000000e+00
1.290000000000000000e+02 1.054767366856938366e+02 0.000000000000000000e+00 0.000000000000000000e+00
1.300000000000000000e+02 1.065705226758222324e+02 0.000000000000000000e+00 0.000000000000000000e+00
1.310000000000000000e+02 1.070401684135107274e+02 0.000000000000000000e+00 0.000000000000000000e+00
1.320000000000000000e+02 1.070464646047681043e+02 0.000000000000000000e+00 0.000000000000000000e+00
1.330000000000000000e+02 1.087795303664572089e+02 0.000000000000000000e+00 0.000000000000000000e+00
1.340000000000000000e+02 1.097280881355151507e+02 0.000000000000000000e+00 0.000000000000000000e+00
1.350000000000000000e+02 1.107885795360381849e+02 0.000000000000000000e+00 0.000000000000000000e+00
1.360000000000000000e+02 1.127411275194278772e+02 0.000000000000000000e+00 0.000000000000000000e+00
1.370000000000000000e+02 1.134259395013755380e+02 0.000000000000000000e+00 0.000000000000000000e+00
1.380000000000000000e+02 1.141411185117704150e+02 0.000000000000000000e+00 0.000000000000000000e+00
1.390000000000000000e+02 1.151949244615500163e+02 0.000000000000000000e+00 0.000000000000000000e+00
1.400000000000000000e+02 1.157106584769698259e+02 0.000000000000000000e+00 0.000000000000000000e+00
1.410000000000000000e+02 1.163620315927197737e+02 0.000000000000000000e+00 0.000000000000000000e+00
1.420000000000000000e+02 1.172962314098450918e+02 0.000000000000000000e+00 0.000000000000000000e+00
1.430000000000000000e+02 1.182254799542480157e+02 0.000000000000000000e+00 0.000000000000000000e+00
1.440000000000000000e+02 1.195235697831217720e+02 0.000000000000000000e+00 0.000000000000000000e+00
1.450000000000000000e+02 1.217008736737896157e+02 0.000000000000000000e+00 0.000000000000000000e+00
1.460000000000000000e+02 1.194461355871531083e+02 2.000000000000000000e+00 0.000000000000000000e+00
1.470000000000000000e+02 1.211449285678052377e+02 0.000000000000000000e+00 0.000000000000000000e+00
1.480000000000000000e+02 1.216581795749635830e+02 0.000000000000000000e+00 0.000000000000000000e+00
1.490000000000000000e+02 1.232523868350685348e+02 0.000000000000000000e+00 0.000000000000000000e+00
1.500000000000000000e+02 1.236913803678834540e+02 0.000000000000000000e+00 0.000000000000000000e+00
1.510000000000000000e+02 1.254709662513813555e+02 0.000000000000000000e+00 0.000000000000000000e+00
1.520000000000000000e+02 1.266585369009343083e+02 0.000000000000000000e+00 0.000000000000000000e+00
1.530000000000000000e+02 1.259544042543281108e+02 0.000000000000000000e+00 0.000000000000000000e+00
1.540000000000000000e+02 1.266282266897170956e+02 1.000000000000000000e+00 0.000000000000000000e+00
1.550000000000000000e+02 1.275447661755758872e+02 1.000000000000000000e+00 0.000000000000000000e+00
1.560000000000000000e+02 1.276072684187368225e+02 0.000000000000000000e+00 0.000000000000000000e+00
1.570000000000000000e+02 1.288742387723173692e+02 0.000000000000000000e+00 0.000000000000000000e+00
1.580000000000000000e+02 1.303159979949591900e+02 0.000000000000000000e+00 0.000000000000000000e+00
1.590000000000000000e+02 1.307844746996544245e+02 0.000000000000000000e+00 0.000000000000000000e+00
1.600000000000000000e+02 1.315317328080514301e+02 0.000000000000000000e+00 0.000000000000000000e+00
1.610000000000000000e+02 1.324955713141195872e+02 0.000000000000000000e+00 0.000000000000000000e+00
1.620000000000000000e+02 1.339829514119315945e+02 0.000000000000000000e+00 0.000000000000000000e+00
1.630000000000000000e+02 1.350588392683361292e+02 0.000000000000000000e+00 0.000000000000000000e+00
1.640000000000000000e+02 1.364804180520087016e+02 0.000000000000000000e+00 0.000000000000000000e+00
1.650000000000000000e+02 1.366779351199505186e+02 0.000000000000000000e+00 0.000000000000000000e+00
1.660000000000000000e+02 1.371439217057621534e+02 0.000000000000000000e+00 0.000000000000000000e+00
1.670000000000000000e+02 1.373212735905496515e+02 2.000000000000000000e+00 0.000000000000000000e+00
1.680000000000000000e+02 1.373320851577477697e+02 1.000000000000000000e+00 0.000000000000000000e+00
1.690000000000000000e+02 1.357804962902969805e+02 2.000000000000000000e+00 0.000000000000000000e+00
1.700000000000000000e+02 1.353477482850209981e+02 2.000000000000000000e+00 0.000000000000000000e+00
1.710000000000000000e+02 1.359254216484856954e+02 0.000000000000000000e+00 0.000000000000000000e+00
1.720000000000000000e+02 1.368524628976401516e+02 0.000000000000000000e+00 0.000000000000000000e+00
1.730000000000000000e+02 1.373991068063986063e+02 0.000000000000000000e+00 0.000000000000000000e+00
1.740000000000000000e+02 1.389232101368856718e+02 0.000000000000000000e+00 0.000000000000000000e+00
1.750000000000000000e+02 1.398415693436171239e+02 0.000000000000000000e+00 0.000000000000000000e+00
1.760000000000000000e+02 1.410222200870701670e+02 0.000000000000000000e+00 0.000000000000000000e+00
1.770000000000000000e+02 1.420144743127336255e+02 0.000000000000000000e+00 0.000000000000000000e+00
1.780000000000000000e+02 1.411404762443371510e+02 2.000000000000000000e+00 0.000000000000000000e+00
1.790000000000000000e+02 1.405595131743219213e+02 1.000000000000000000e+00 0.000000000000000000e+00
1.800000000000000000e+02 1.421933314456319124e+02 0.000000000000000000e+00 0.000000000000000000e+00
1.810000000000000000e+02 1.433386815186608203e+02 0.000000000000000000e+00 0.000000000000000000e+00
1.820000000000000000e+02 1.440415943163930308e+02 0.000000000000000000e+00 0.000000000000000000e+00
1.830000000000000000e+02 1.448681882512873642e+02 0.000000000000000000e+00 0.000000000000000000e+00
1.840000000000000000e+02 1.459147550684797352e+02 0.000000000000000000e+00 0.000000000000000000e+00
1.850000000000000000e+02 1.467981545368673153e+02 0.000000000000000000e+00 0.000000000000000000e+00
1.860000000000000000e+02 1.481041568158831581e+02 0.000000000000000000e+00 0.000000000000000000e+00
1.870000000000000000e+02 1.483085922215090022e+02 0.000000000000000000e+00 0.000000000000000000e+00
1.880000000000000000e+02 1.504148683404774829e+02 0.000000000000000000e+00 0.000000000000000000e+00
1.890000000000000000e+02 1.493339864576721254e+02 1.000000000000000000e+00 0.000000000000000000e+00
1.900000000000000000e+02 1.518746798252004453e+02 0.000000000000000000e+00 0.000000000000000000e+00
1.910000000000000000e+02 1.527702602704194135e+02 0.000000000000000000e+00 0.000000000000000000e+00
1.920000000000000000e+02 1.529858881495446497e+02 0.000000000000000000e+00 0.000000000000000000e+00
1.930000000000000000e+02 1.538938695298285495e+02 0.000000000000000000e+00 0.000000000000000000e+00
1.940000000000000000e+02 1.547753431738443908e+02 0.000000000000000000e+00 0.000000000000000000e+00
1.950000000000000000e+02 1.560245091907657411e+02 0.000000000000000000e+00 0.000000000000000000e+00
1.960000000000000000e+02 1.569255833620468081e+02 0.000000000000000000e+00 0.000000000000000000e+00
1.970000000000000000e+02 1.579670995573667938e+02 0.000000000000000000e+00 0.000000000000000000e+00
1.980000000000000000e+02 1.583150694844891575e+02 0.000000000000000000e+00 0.000000000000000000e+00
1.990000000000000000e+02 1.598486699370698432e+02 0.000000000000000000e+00 0.000000000000000000e+00
2.000000000000000000e+02 1.606430124060660773e+02 0.000000000000000000e+00 0.000000000000000000e+00
2.010000000000000000e+02 1.625327655503528490e+02 0.000000000000000000e+00 0.000000000000000000e+00
2.020000000000000000e+02 1.633360348380258813e+02 0.000000000000000000e+00 0.000000000000000000e+00
2.030000000000000000e+02 1.611014908413551439e+02 2.000000000000000000e+00 0.000000000000000000e+00
2.040000000000000000e+02 1.634732286588425723e+02 0.000000000000000000e+00 0.000000000000000000e+00
2.050000000000000000e+02 1.637479255547199273e+02 0.000000000000000000e+00 0.000000000000000000e+00
2.060000000000000000e+02 1.649700856546087095e+02 0.000000000000000000e+00 0.000000000000000000e+00
2.070000000000000000e+02 1.659864673007545264e+02 0.000000000000000000e+00 0.000000000000000000e+00
2.080000000000000000e+02 1.675571145290096240e+02 0.000000000000000000e+00 0.000000000000000000e+00
2.090000000000000000e+02 1.681020304287778515e+02 0.000000000000000000e+00 0.000000000000000000e+00
2.100000000000000000e+02 1.687628387212540986e+02 0.000000000000000000e+00 0.000000000000000000e+00
2.110000000000000000e+02 1.699542942082998422e+02 0.000000000000000000e+00 0.000000000000000000e+00
2.120000000000000000e+02 1.703071615211389087e+02 0.000000000000000000e+00 0.000000000000000000e+00
2.130000000000000000e+02 1.709341014571216988e+02 0.000000000000000000e+00 0.000000000000000000e+00
2.140000000000000000e+02 1.731927060273545749e+02 0.000000000000000000e+00 0.000000000000000000e+00
2.150000000000000000e+02 1.735987537118559487e+02 0.000000000000000000e+00 0.000000000000000000e+00
2.160000000000000000e+02 1.755462646144679582e+02 0.000000000000000000e+00 0.000000000000000000e+00
2.170000000000000000e+02 1.760833029419192997e+02 0.000000000000000000e+00 0.000000000000000000e+00
2.180000000000000000e+02 1.778839578975717188e+02 0.000000000000000000e+00 0.000000000000000000e+00
2.190000000000000000e+02 1.771659967504770918e+02 0.000000000000000000e+00 0.000000000000000000e+00
2.200000000000000000e+02 1.782843325401398431e+02 0.000000000000000000e+00 0.000000000000000000e+00
2.210000000000000000e+02 1.795546701248015040e+02 0.000000000000000000e+00 0.000000000000000000e+00
2.220000000000000000e+02 1.809137262101035901e+02 0.000000000000000000e+00 0.000000000000000000e+00
2.230000000000000000e+02 1.823989846581920631e+02 0.000000000000000000e+00 0.000000000000000000e+00
2.240000000000000000e+02 1.833141339485235619e+02 0.000000000000000000e+00 0.000000000000000000e+00
2.250000000000000000e+02 1.842032739570583715e+02 0.000000000000000000e+00 0.000000000000000000e+00
2.260000000000000000e+02 1.848209285224674261e+02 0.000000000000000000e+00 0.000000000000000000e+00
2.270000000000000000e+02 1.854807466992941443e+02 0.000000000000000000e+00 0.000000000000000000e+00
2.280000000000000000e+02 1.870132709298860902e+02 0.000000000000000000e+00 0.000000000000000000e+00
2.290000000000000000e+02 1.877398971012560764e+02 0.000000000000000000e+00 0.000000000000000000e+00
2.300000000000000000e+02 1.868489737209372663e+02 2.000000000000000000e+00 0.000000000000000000e+00
2.310000000000000000e+02 1.877111009714835177e+02 1.000000000000000000e+00 0.000000000000000000e+00
2.320000000000000000e+02 1.887619801653676745e+02 0.000000000000000000e+00 0.000000000000000000e+00
2.330000000000000000e+02 1.896160937287302488e+02 0.000000000000000000e+00 0.000000000000000000e+00
2.340000000000000000e+02 1.904041577766884643e+02 0.000000000000000000e+00 0.000000000000000000e+00
2.350000000000000000e+02 1.909848034012547373e+02 0.000000000000000000e+00 0.000000000000000000e+00
2.360000000000000000e+02 1.925809708656405235e+02 0.000000000000000000e+00 0.000000000000000000e+00
2.370000000000000000e+02 1.938676262727443316e+02 0.000000000000000000e+00 0.000000000000000000e+00
2.380000000000000000e+02 1.937473610168607081e+02 0.000000000000000000e+00 0.000000000000000000e+00
2.390000000000000000e+02 1.949296472604030157e+02 0.000000000000000000e+00 0.000000000000000000e+00
2.400000000000000000e+02 1.960162641707698867e+02 0.000000000000000000e+00 0.000000000000000000e+00
2.410000000000000000e+02 1.967009856010597844e+02 0.000000000000000000e+00 0.000000000000000000e+00
2.420000000000000000e+02 1.978454080077515584e+02 0.000000000000000000e+00 0.000000000000000000e+00
2.430000000000000000e+02 1.994237256028820866e+02 0.000000000000000000e+00 0.000000000000000000e+00
2.440000000000000000e+02 1.997568586905442203e+02 0.000000000000000000e+00 0.000000000000000000e+00
2.450000000000000000e+02 2.008580761239047945e+02 0.000000000000000000e+00 0.000000000000000000e+00
2.460000000000000000e+02 2.022622015760458964e+02 0.000000000000000000e+00 0.000000000000000000e+00
2.470000000000000000e+02 2.039079723185135435e+02 0.000000000000000000e+00 0.000000000000000000e+00
2.480000000000000000e+02 2.043110518583408464e+02 0.000000000000000000e+00 0.000000000000000000e+00
2.490000000000000000e+02 2.045017774827461778e+02 0.000000000000000000e+00 0.000000000000000000e+00
2.500000000000000000e+02 2.051517185181703269e+02 0.000000000000000000e+00 0.000000000000000000e+00
2.510000000000000000e+02 2.067863562695060580e+02 0.000000000000000000e+00 0.000000000000000000e+00
2.520000000000000000e+02 2.082959557625587763e+02 0.000000000000000000e+00 0.000000000000000000e+00
2.530000000000000000e+02 2.088250977731796070e+02 0.000000000000000000e+00 0.000000000000000000e+00
2.540000000000000000e+02 2.096418897796853003e+02 0.000000000000000000e+00 0.000000000000000000e+00
2.550000000000000000e+02 2.110835698541134775e+02 0.000000000000000000e+00 0.000000000000000000e+00
2.560000000000000000e+02 2.126774605755358323e+02 0.000000000000000000e+00 0.000000000000000000e+00
2.570000000000000000e+02 2.128125096610683329e+02 0.000000000000000000e+00 0.000000000000000000e+00
2.580000000000000000e+02 2.144548841289843040e+02 0.000000000000000000e+00 0.000000000000000000e+00
2.590000000000000000e+02 2.150487973633160266e+02 0.000000000000000000e+00 0.000000000000000000e+00
2.600000000000000000e+02 2.155843229365345906e+02 0.000000000000000000e+00 0.000000000000000000e+00
2.610000000000000000e+02 2.168819216709117654e+02 0.000000000000000000e+00 0.000000000000000000e+00
2.620000000000000000e+02 2.178692906104791405e+02 0.000000000000000000e+00 0.000000000000000000e+00
2.630000000000000000e+02 2.192833445701625692e+02 0.000000000000000000e+00 0.000000000000000000e+00
2.640000000000000000e+02 2.203792263350515555e+02 0.000000000000000000e+00 0.000000000000000000e+00
2.650000000000000000e+02 2.203319190472247726e+02 0.000000000000000000e+00 0.000000000000000000e+00
2.660000000000000000e+02 2.216459199450816584e+02 0.000000000000000000e+00 0.000000000000000000e+00
2.670000000000000000e+02 2.209473042735778563e+02 2.000000000000000000e+00 0.000000000000000000e+00
2.680000000000000000e+02 2.211066846125431482e+02 1.000000000000000000e+00 0.000000000000000000e+00
2.690000000000000000e+02 2.227156236860537604e+02 0.000000000000000000e+00 0.000000000000000000e+00
2.700000000000000000e+02 2.230286720580852204e+02 0.000000000000000000e+00 0.000000000000000000e+00
2.710000000000000000e+02 2.237795699949593029e+02 0.000000000000000000e+00 0.000000000000000000e+00
2.720000000000000000e+02 2.251669058810892921e+02 0.000000000000000000e+00 0.000000000000000000e+00
2.730000000000000000e+02 2.264068071120398429e+02 0.000000000000000000e+00 0.000000000000000000e+00
2.740000000000000000e+02 2.266550011979391002e+02 0.000000000000000000e+00 0.000000000000000000e+00
2.750000000000000000e+02 2.277067043189926210e+02 0.000000000000000000e+00 0.000000000000000000e+00
2.760000000000000000e+02 2.294272970335108823e+02 0.000000000000000000e+00 0.000000000000000000e+00
2.770000000000000000e+02 2.300267714010552993e+02 0.000000000000000000e+00 0.000000000000000000e+00
2.780000000000000000e+02 2.308421382338048318e+02 0.000000000000000000e+00 0.000000000000000000e+00
2.790000000000000000e+02 2.321282035243668815e+02 0.000000000000000000e+00 0.000000000000000000e+00
2.800000000000000000e+02 2.330215011724423277e+02 0.000000000000000000e+00 0.000000000000000000e+00
2.810000000000000000e+02 2.333996902524848736e+02 0.000000000000000000e+00 0.000000000000000000e+00
2.820000000000000000e+02 2.327273729671892397e+02 2.000000000000000000e+00 0.000000000000000000e+00
2.830000000000000000e+02 2.317985879558080171e+02 2.000000000000000000e+00 0.000000000000000000e+00
2.840000000000000000e+02 2.323736709032500585e+02 0.000000000000000000e+00 0.000000000000000000e+00
2.850000000000000000e+02 2.333275055415189172e+02 0.000000000000000000e+00 0.000000000000000000e+00
2.860000000000000000e+02 2.344215387927256700e+02 0.000000000000000000e+00 0.000000000000000000e+00
2.870000000000000000e+02 2.361793887224883974e+02 0.000000000000000000e+00 0.000000000000000000e+00
2.880000000000000000e+02 2.372238169370688752e+02 0.000000000000000000e+00 0.000000000000000000e+00
2.890000000000000000e+02 2.379439250463245799e+02 0.000000000000000000e+00 0.000000000000000000e+00
2.900000000000000000e+02 2.398970061605698163e+02 0.000000000000000000e+00 0.000000000000000000e+00
2.910000000000000000e+02 2.400486595941445387e+02 0.000000000000000000e+00 0.000000000000000000e+00
2.920000000000000000e+02 2.410376370710693834e+02 0.000000000000000000e+00 0.000000000000000000e+00
2.930000000000000000e+02 2.425033517706522730e+02 0.000000000000000000e+00 0.000000000000000000e+00
2.940000000000000000e+02 2.427594857114677325e+02 0.000000000000000000e+00 0.000000000000000000e+00
2.950000000000000000e+02 2.447252714268903162e+02 0.000000000000000000e+00 0.000000000000000000e+00
2.960000000000000000e+02 2.451953529840450017e+02 0.000000000000000000e+00 0.000000000000000000e+00
2.970000000000000000e+02 2.466213095642494579e+02 0.000000000000000000e+00 0.000000000000000000e+00
2.980000000000000000e+02 2.471510585604961250e+02 0.000000000000000000e+00 0.000000000000000000e+00
2.990000000000000000e+02 2.478390221973539269e+02 0.000000000000000000e+00 0.000000000000000000e+00
3.000000000000000000e+02 2.492205647401617341e+02 0.000000000000000000e+00 0.000000000000000000e+00
3.010000000000000000e+02 2.507020435097975906e+02 0.000000000000000000e+00 0.000000000000000000e+00
3.020000000000000000e+02 2.506966686946562675e+02 0.000000000000000000e+00 0.000000000000000000e+00
3.030000000000000000e+02 2.506700153206759580e+02 0.000000000000000000e+00 0.000000000000000000e+00
3.040000000000000000e+02 2.532953618847463417e+02 0.000000000000000000e+00 0.000000000000000000e+00
3.050000000000000000e+02 2.525447126149699386e+02 1.000000000000000000e+00 0.000000000000000000e+00
3.060000000000000000e+02 2.527973037871163342e+02 1.000000000000000000e+00 0.000000000000000000e+00
3.070000000000000000e+02 2.535769448906678178e+02 0.000000000000000000e+00 0.000000000000000000e+00
3.080000000000000000e+02 2.542198139457949537e+02 0.000000000000000000e+00 0.000000000000000000e+00
3.090000000000000000e+02 2.557599013449174947e+02 0.000000000000000000e+00 0.000000000000000000e+00
3.100000000000000000e+02 2.571804343298746289e+02 0.000000000000000000e+00 0.000000000000000000e+00
3.110000000000000000e+02 2.580912023490968181e+02 0.000000000000000000e+00 0.000000000000000000e+00
3.120000000000000000e+02 2.587070439726013547e+02 0.000000000000000000e+00 0.000000000000000000e+00
3.130000000000000000e+02 2.603450598513927048e+02 0.000000000000000000e+00 0.000000000000000000e+00
3.140000000000000000e+02 2.613378672380771377e+02 0.000000000000000000e+00 0.000000000000000000e+00
3.150000000000000000e+02 2.616301540329474733e+02 0.000000000000000000e+00 0.000000000000000000e+00
3.160000000000000000e+02 2.624155390788091040e+02 0.000000000000000000e+00 0.000000000000000000e+00
3.170000000000000000e+02 2.641972943439303663e+02 0.000000000000000000e+00 0.000000000000000000e+00
3.180000000000000000e+02 2.645397829672904209e+02 0.000000000000000000e+00 0.000000000000000000e+00
3.190000000000000000e+02 2.660975350165201121e+02 0.000000000000000000e+00 0.000000000000000000e+00
3.200000000000000000e+02 2.664149024873996723e+02 0.000000000000000000e+00 0.000000000000000000e+00
3.210000000000000000e+02 2.675541487929681921e+02 0.000000000000000000e+00 0.000000000000000000e+00
3.220000000000000000e+02 2.691303233147275478e+02 0.000000000000000000e+00 0.000000000000000000e+00
3.230000000000000000e+02 2.702109349942388690e+02 0.000000000000000000e+00 0.000000000000000000e+00
3.240000000000000000e+02 2.714539333918385751e+02 0.000000000000000000e+00 0.000000000000000000e+00
3.250000000000000000e+02 2.717303501953720684e+02 0.000000000000000000e+00 0.000000000000000000e+00
3.260000000000000000e+02 2.732813310328798480e+02 0.000000000000000000e+00 0.000000000000000000e+00
3.270000000000000000e+02 2.734788555826527841e+02 0.000000000000000000e+00 0.000000000000000000e+00
3.280000000000000000e+02 2.755238670871851809e+02 0.000000000000000000e+00 0.000000000000000000e+00
3.290000000000000000e+02 2.764351057704197956e+02 0.000000000000000000e+00 0.000000000000000000e+00
3.300000000000000000e+02 2.764903502714126375e+02 0.000000000000000000e+00 0.000000000000000000e+00
3.310000000000000000e+02 2.783292321211970375e+02 0.000000000000000000e+00 0.000000000000000000e+00
3.320000000000000000e+02 2.795328578929135119e+02 0.000000000000000000e+00 0.000000000000000000e+00
3.330000000000000000e+02 2.796003775905103907e+02 0.000000000000000000e+00 0.000000000000000000e+00
3.340000000000000000e+02 2.816998174250496731e+02 0.000000000000000000e+00 0.000000000000000000e+00
3.350000000000000000e+02 2.816990558061442584e+02 0.000000000000000000e+00 0.000000000000000000e+00
3.360000000000000000e+02 2.828714950119216383e+02 0.000000000000000000e+00 0.000000000000000000e+00
3.370000000000000000e+02 2.833661891525881060e+02 0.000000000000000000e+00 0.000000000000000000e+00
3.380000000000000000e+02 2.848731996217359779e+02 0.000000000000000000e+00 0.000000000000000000e+00
3.390000000000000000e+02 2.865651335667898820e+02 0.000000000000000000e+00 0.000000000000000000e+00
3.400000000000000000e+02 2.864716083717091237e+02 0.000000000000000000e+00 0.000000000000000000e+00
3.410000000000000000e+02 2.878897489651619708e+02 0.000000000000000000e+00 0.000000000000000000e+00
3.420000000000000000e+02 2.885877511896678129e+02 0.000000000000000000e+00 0.000000000000000000e+00
3.430000000000000000e+02 2.890345538068564224e+02 0.000000000000000000e+00 0.000000000000000000e+00
3.440000000000000000e+02 2.906599229227705905e+02 0.000000000000000000e+00 0.000000000000000000e+00
3.450000000000000000e+02 2.908705956812279965e+02 0.000000000000000000e+00 0.000000000000000000e+00
3.460000000000000000e+02 2.932480230979961107e+02 0.000000000000000000e+00 0.000000000000000000e+00
3.470000000000000000e+02 2.938623895685844332e+02 0.000000000000000000e+00 0.000000000000000000e+00
3.480000000000000000e+02 2.943476897774975214e+02 0.000000000000000000e+00 0.000000000000000000e+00
3.490000000000000000e+02 2.960458638977119108e+02 0.000000000000000000e+00 0.000000000000000000e+00
3.500000000000000000e+02 2.970369881745622251e+02 0.000000000000000000e+00 0.000000000000000000e+00
3.510000000000000000e+02 2.970610682058278371e+02 1.000000000000000000e+00 0.000000000000000000e+00
3.520000000000000000e+02 2.966482360039995569e+02 1.000000000000000000e+00 0.000000000000000000e+00
3.530000000000000000e+02 2.984615863287764910e+02 0.000000000000000000e+00 0.000000000000000000e+00
3.540000000000000000e+02 2.976919593648427167e+02 1.000000000000000000e+00 0.000000000000000000e+00
3.550000000000000000e+02 2.975991867497550061e+02 1.000000000000000000e+00 0.000000000000000000e+00
3.560000000000000000e+02 2.988135249153007180e+02 0.000000000000000000e+00 0.000000000000000000e+00
3.570000000000000000e+02 2.996323924079442804e+02 0.000000000000000000e+00 0.000000000000000000e+00
3.580000000000000000e+02 3.011758655698193934e+02 0.000000000000000000e+00 0.000000000000000000e+00
3.590000000000000000e+02 3.017249774404627374e+02 0.000000000000000000e+00 0.000000000000000000e+00
3.600000000000000000e+02 3.027012423747307821e+02 0.000000000000000000e+00 0.000000000000000000e+00
3.610000000000000000e+02 3.043438173477403552e+02 0.000000000000000000e+00 0.000000000000000000e+00
3.620000000000000000e+02 3.046902444316397691e+02 0.000000000000000000e+00 0.000000000000000000e+00
3.630000000000000000e+02 3.062364808239203740e+02 0.000000000000000000e+00 0.000000000000000000e+00
3.640000000000000000e+02 3.074482669697351298e+02 0.000000000000000000e+00 0.000000000000000000e+00
3.650000000000000000e+02 3.079324409790269783e+02 0.000000000000000000e+00 0.000000000000000000e+00
3.660000000000000000e+02 3.091309323088831320e+02 0.000000000000000000e+00 0.000000000000000000e+00
3.670000000000000000e+02 3.088250027591338380e+02 0.000000000000000000e+00 0.000000000000000000e+00
3.680000000000000000e+02 3.106408798788547188e+02 0.000000000000000000e+00 0.000000000000000000e+00
3.690000000000000000e+02 3.129390867051931764e+02 0.000000000000000000e+00 0.000000000000000000e+00
3.700000000000000000e+02 3.127197291329923701e+02 0.000000000000000000e+00 0.000000000000000000e+00
3.710000000000000000e+02 3.138487963410195789e+02 0.000000000000000000e+00 0.000000000000000000e+00
3.720000000000000000e+02 3.150324273882437751e+02 0.000000000000000000e+00 0.000000000000000000e+00
3.730000000000000000e+02 3.160650398115399753e+02 0.000000000000000000e+00 0.000000000000000000e+00
3.740000000000000000e+02 3.171568965369839930e+02 0.000000000000000000e+00 0.000000000000000000e+00
3.750000000000000000e+02 3.188054008176954994e+02 0.000000000000000000e+00 0.000000000000000000e+00
3.760000000000000000e+02 3.189376341651414464e+02 0.000000000000000000e+00 0.000000000000000000e+00
3.770000000000000000e+02 3.198107874604398262e+02 0.000000000000000000e+00 0.000000000000000000e+00
3.780000000000000000e+02 3.188460025985208972e+02 2.000000000000000000e+00 0.000000000000000000e+00
3.790000000000000000e+02 3.181302202532755814e+02 1.000000000000000000e+00 0.000000000000000000e+00
3.800000000000000000e+02 3.194926013364079154e+02 1.000000000000000000e+00 0.000000000000000000e+00
3.810000000000000000e+02 3.192761298823896254e+02 1.000000000000000000e+00 0.000000000000000000e+00
3.820000000000000000e+02 3.186754115784189594e+02 1.000000000000000000e+00 0.000000000000000000e+00
3.830000000000000000e+02 3.195099210883091700e+02 1.000000000000000000e+00 0.000000000000000000e+00
3.840000000000000000e+02 3.201260361995786639e+02 0.000000000000000000e+00 0.000000000000000000e+00
3.850000000000000000e+02 3.209630441356986807e+02 0.000000000000000000e+00 0.000000000000000000e+00
3.860000000000000000e+02 3.224931620990537908e+02 0.000000000000000000e+00 0.000000000000000000e+00
3.870000000000000000e+02 3.238722525954541993e+02 0.000000000000000000e+00 0.000000000000000000e+00
3.880000000000000000e+02 3.242659656504436043e+02 0.000000000000000000e+00 0.000000000000000000e+00
3.890000000000000000e+02 3.257064287047587641e+02 0.000000000000000000e+00 0.000000000000000000e+00
3.900000000000000000e+02 3.256684650377594039e+02 0.000000000000000000e+00 0.000000000000000000e+00
3.910000000000000000e+02 3.276251865423488994e+02 0.000000000000000000e+00 0.000000000000000000e+00
3.920000000000000000e+02 3.280854859984300447e+02 0.000000000000000000e+00 0.000000000000000000e+00
3.930000000000000000e+02 3.290727142052693921e+02 0.000000000000000000e+00 0.000000000000000000e+00
3.940000000000000000e+02 3.280722667601193621e+02 1.000000000000000000e+00 0.000000000000000000e+00
3.950000000000000000e+02 3.298099841792108009e+02 0.000000000000000000e+00 0.000000000000000000e+00
3.960000000000000000e+02 3.307144012643935298e+02 0.000000000000000000e+00 0.000000000000000000e+00
3.970000000000000000e+02 3.312501853870951436e+02 0.000000000000000000e+00 0.000000000000000000e+00
3.980000000000000000e+02 3.331093802589218740e+02 0.000000000000000000e+00 0.000000000000000000e+00
3.990000000000000000e+02 3.329481594598265701e+02 0.000000000000000000e+00 0.000000000000000000e+00
4.000000000000000000e+02 3.335083107605200325e+02 2.000000000000000000e+00 0.000000000000000000e+00
4.010000000000000000e+02 3.343453707495893923e+02 0.000000000000000000e+00 0.000000000000000000e+00
4.020000000000000000e+02 3.348795856870892749e+02 0.000000000000000000e+00 0.000000000000000000e+00
4.030000000000000000e+02 3.340905551304268215e+02 2.000000000000000000e+00 0.000000000000000000e+00
4.040000000000000000e+02 3.332302417448066194e+02 2.000000000000000000e+00 0.000000000000000000e+00
4.050000000000000000e+02 3.321980770217269878e+02 2.000000000000000000e+00 0.000000000000000000e+00
4.060000000000000000e+02 3.322239508116402362e+02 0.000000000000000000e+00 0.000000000000000000e+00
4.070000000000000000e+02 3.337027492308542378e+02 0.000000000000000000e+00 0.000000000000000000e+00
4.080000000000000000e+02 3.340903268719790731e+02 1.000000000000000000e+00 0.000000000000000000e+00
4.090000000000000000e+02 3.351054107930477812e+02 0.000000000000000000e+00 0.000000000000000000e+00
4.100000000000000000e+02 3.356431451475960444e+02 0.000000000000000000e+00 0.000000000000000000e+00
4.110000000000000000e+02 3.379842509448873784e+02 0.000000000000000000e+00 0.000000000000000000e+00
4.120000000000000000e+02 3.381082542392719006e+02 0.000000000000000000e+00 0.000000000000000000e+00
4.130000000000000000e+02 3.382678330181658453e+02 0.000000000000000000e+00 0.000000000000000000e+00
4.140000000000000000e+02 3.408659016893620333e+02 0.000000000000000000e+00 0.000000000000000000e+00
4.150000000000000000e+02 3.413966788403594137e+02 0.000000000000000000e+00 0.000000000000000000e+00
4.160000000000000000e+02 3.421207615893711136e+02 0.000000000000000000e+00 0.000000000000000000e+00
4.170000000000000000e+02 3.436262434718632335e+02 0.000000000000000000e+00 0.000000000000000000e+00
4.180000000000000000e+02 3.438264794748188820e+02 0.000000000000000000e+00 0.000000000000000000e+00
4.190000000000000000e+02 3.446126693573320949e+02 0.000000000000000000e+00 0.000000000000000000e+00
4.200000000000000000e+02 3.459470461844322244e+02 0.000000000000000000e+00 0.000000000000000000e+00
4.210000000000000000e+02 3.457248691795252853e+02 1.000000000000000000e+00 0.000000000000000000e+00
4.220000000000000000e+02 3.467423011897159313e+02 0.000000000000000000e+00 0.000000000000000000e+00
4.230000000000000000e+02 3.477410758620100637e+02 0.000000000000000000e+00 0.000000000000000000e+00
4.240000000000000000e+02 3.487986479505437956e+02 0.000000000000000000e+00 0.000000000000000000e+00
4.250000000000000000e+02 3.499845994919213581e+02 0.000000000000000000e+00 0.000000000000000000e+00
4.260000000000000000e+02 3.515983380442272050e+02 0.000000000000000000e+00 0.000000000000000000e+00
4.270000000000000000e+02 3.518071981173260383e+02 0.000000000000000000e+00 0.000000000000000000e+00
4.280000000000000000e+02 3.523618001853188275e+02 0.000000000000000000e+00 0.000000000000000000e+00
4.290000000000000000e+02 3.550548013820350093e+02 0.000000000000000000e+00 0.000000000000000000e+00
4.300000000000000000e+02 3.548629378761262956e+02 0.000000000000000000e+00 0.000000000000000000e+00
4.310000000000000000e+02 3.560095953404081115e+02 0.000000000000000000e+00 0.000000000000000000e+00
4.320000000000000000e+02 3.562259645886450130e+02 0.000000000000000000e+00 0.000000000000000000e+00
4.330000000000000000e+02 3.569761956242620613e+02 1.000000000000000000e+00 0.000000000000000000e+00
4.340000000000000000e+02 3.559911601861039685e+02 1.000000000000000000e+00 0.000000000000000000e+00
4.350000000000000000e+02 3.576073702413871729e+02 0.000000000000000000e+00 0.000000000000000000e+00
4.360000000000000000e+02 3.585463250770525860e+02 0.000000000000000000e+00 0.000000000000000000e+00
4.370000000000000000e+02 3.606596819537176088e+02 0.000000000000000000e+00 0.000000000000000000e+00
4.380000000000000000e+02 3.605076768984949354e+02 0.000000000000000000e+00 0.000000000000000000e+00
4.390000000000000000e+02 3.599626258011999198e+02 2.000000000000000000e+00 0.000000000000000000e+00
4.400000000000000000e+02 3.592860249470609801e+02 1.000000000000000000e+00 0.000000000000000000e+00
4.410000000000000000e+02 3.609819087852551434e+02 0.000000000000000000e+00 0.000000000000000000e+00
4.420000000000000000e+02 3.612502959724379821e+02 0.000000000000000000e+00 0.000000000000000000e+00
4.430000000000000000e+02 3.626283371220744698e+02 0.000000000000000000e+00 0.000000000000000000e+00
4.440000000000000000e+02 3.636073650057775239e+02 0.000000000000000000e+00 0.000000000000000000e+00
4.450000000000000000e+02 3.648904369358385225e+02 0.000000000000000000e+00 0.000000000000000000e+00
4.460000000000000000e+02 3.650735606562138855e+02 0.000000000000000000e+00 0.000000000000000000e+00
4.470000000000000000e+02 3.653506990434403860e+02 2.000000000000000000e+00 0.000000000000000000e+00
4.480000000000000000e+02 3.656531113342662138e+02 0.000000000000000000e+00 0.000000000000000000e+00
4.490000000000000000e+02 3.670257159608002553e+02 0.000000000000000000e+00 0.000000000000000000e+00
4.500000000000000000e+02 3.683484032733981621e+02 0.000000000000000000e+00 0.000000000000000000e+00
4.510000000000000000e+02 3.680560324838717747e+02 0.000000000000000000e+00 0.000000000000000000e+00
4.520000000000000000e+02 3.704659410584913530e+02 0.000000000000000000e+00 0.000000000000000000e+00
4.530000000000000000e+02 3.706416348616002097e+02 0.000000000000000000e+00 0.000000000000000000e+00
4.540000000000000000e+02 3.714776396280371955e+02 0.000000000000000000e+00 0.000000000000000000e+00
4.550000000000000000e+02 3.742989767415030542e+02 0.000000000000000000e+00 0.000000000000000000e+00
4.560000000000000000e+02 3.740558739780893802e+02 0.000000000000000000e+00 0.000000000000000000e+00
4.570000000000000000e+02 3.751836142079188789e+02 0.000000000000000000e+00 0.000000000000000000e+00
4.580000000000000000e+02 3.769719514700464060e+02 0.000000000000000000e+00 0.000000000000000000e+00
4.590000000000000000e+02 3.768307754751324410e+02 0.000000000000000000e+00 0.000000000000000000e+00
4.600000000000000000e+02 3.778929318740290455e+02 0.000000000000000000e+00 0.000000000000000000e+00
4.610000000000000000e+02 3.783041401134852890e+02 0.000000000000000000e+00 0.000000000000000000e+00
4.620000000000000000e+02 3.796953651211136389e+02 0.000000000000000000e+00 0.000000000000000000e+00
4.630000000000000000e+02 3.814372342342241495e+02 0.000000000000000000e+00 0.000000000000000000e+00
4.640000000000000000e+02 3.817299112477955418e+02 0.000000000000000000e+00 0.000000000000000000e+00
4.650000000000000000e+02 3.827081480533133231e+02 0.000000000000000000e+00 0.000000000000000000e+00
4.660000000000000000e+02 3.831944548107038599e+02 0.000000000000000000e+00 0.000000000000000000e+00
4.670000000000000000e+02 3.854768596775253400e+02 0.000000000000000000e+00 0.000000000000000000e+00
4.680000000000000000e+02 3.847730193583421965e+02 2.000000000000000000e+00 0.000000000000000000e+00
4.690000000000000000e+02 3.852570751844625647e+02 0.000000000000000000e+00 0.000000000000000000e+00
4.700000000000000000e+02 3.858191280344410075e+02 0.000000000000000000e+00 0.000000000000000000e+00
4.710000000000000000e+02 3.873526409056245257e+02 0.000000000000000000e+00 0.000000000000000000e+00
4.720000000000000000e+02 3.882023194160586854e+02 0.000000000000000000e+00 0.000000000000000000e+00
4.730000000000000000e+02 3.895771091767343819e+02 0.000000000000000000e+00 0.000000000000000000e+00
4.740000000000000000e+02 3.903753912086737046e+02 0.000000000000000000e+00 0.000000000000000000e+00
4.750000000000000000e+02 3.904143310489204168e+02 0.000000000000000000e+00 0.000000000000000000e+00
4.760000000000000000e+02 3.919765574758225171e+02 0.000000000000000000e+00 0.000000000000000000e+00
4.770000000000000000e+02 3.931847522181525392e+02 0.000000000000000000e+00 0.000000000000000000e+00
4.780000000000000000e+02 3.926078859075966534e+02 2.000000000000000000e+00 0.000000000000000000e+00
4.790000000000000000e+02 3.936638378721091840e+02 0.000000000000000000e+00 0.000000000000000000e+00
4.800000000000000000e+02 3.949422064072632566e+02 0.000000000000000000e+00 0.000000000000000000e+00
4.810000000000000000e+02 3.941030428515807102e+02 0.000000000000000000e+00 0.000000000000000000e+00
4.820000000000000000e+02 3.959273331291277600e+02 0.000000000000000000e+00 0.000000000000000000e+00
4.830000000000000000e+02 3.974870823878684973e+02 0.000000000000000000e+00 0.000000000000000000e+00
4.840000000000000000e+02 3.975890323506415029e+02 0.000000000000000000e+00 0.000000000000000000e+00
4.850000000000000000e+02 3.987284164618149020e+02 0.000000000000000000e+00 0.000000000000000000e+00
4.860000000000000000e+02 3.999878569122100771e+02 0.000000000000000000e+00 0.000000000000000000e+00
4.870000000000000000e+02 4.004169831208500909e+02 0.000000000000000000e+00 0.000000000000000000e+00
4.880000000000000000e+02 4.016136798735342950e+02 0.000000000000000000e+00 0.000000000000000000e+00
4.890000000000000000e+02 4.030990493304159941e+02 0.000000000000000000e+00 0.000000000000000000e+00
4.900000000000000000e+02 4.034826706160583285e+02 0.000000000000000000e+00 0.000000000000000000e+00
4.910000000000000000e+02 4.046635055422970595e+02 0.000000000000000000e+00 0.000000000000000000e+00
4.920000000000000000e+02 4.046754710355006637e+02 2.000000000000000000e+00 0.000000000000000000e+00
4.930000000000000000e+02 4.037069488997183839e+02 1.000000000000000000e+00 0.000000000000000000e+00
4.940000000000000000e+02 4.046557071404535009e+02 0.000000000000000000e+00 0.000000000000000000e+00
4.950000000000000000e+02 4.061175598363326458e+02 0.000000000000000000e+00 0.000000000000000000e+00
4.960000000000000000e+02 4.071172054837865630e+02 0.000000000000000000e+00 0.000000000000000000e+00
4.970000000000000000e+02 4.076147732366921446e+02 0.000000000000000000e+00 0.000000000000000000e+00
4.980000000000000000e+02 4.073592760421145726e+02 2.000000000000000000e+00 0.000000000000000000e+00
4.990000000000000000e+02 4.087970099594421072e+02 0.000000000000000000e+00 0.000000000000000000e+00
5.000000000000000000e+02 4.083812913873787238e+02 0.000000000000000000e+00 0.000000000000000000e+00
5.010000000000000000e+02 4.097038958779236850e+02 0.000000000000000000e+00 0.000000000000000000e+00
5.020000000000000000e+02 4.101501362946353879e+02 0.000000000000000000e+00 0.000000000000000000e+00
5.030000000000000000e+02 4.122967184003524039e+02 0.000000000000000000e+00 0.000000000000000000e+00
5.040000000000000000e+02 4.122928795454712940e+02 0.000000000000000000e+00 0.000000000000000000e+00
5.050000000000000000e+02 4.137668099822321324e+02 0.000000000000000000e+00 0.000000000000000000e+00
5.060000000000000000e+02 4.150883836862712428e+02 0.000000000000000000e+00 0.000000000000000000e+00
5.070000000000000000e+02 4.140940365623611683e+02 2.000000000000000000e+00 0.000000000000000000e+00
5.080000000000000000e+02 4.135861715530063520e+02 1.000000000000000000e+00 0.000000000000000000e+00
5.090000000000000000e+02 4.147210350854008425e+02 0.000000000000000000e+00 0.000000000000000000e+00
5.100000000000000000e+02 4.153565713160659811e+02 0.000000000000000000e+00 0.000000000000000000e+00
5.110000000000000000e+02 4.167113728770319767e+02 0.000000000000000000e+00 0.000000000000000000e+00
5.120000000000000000e+02 4.185573795254757670e+02 0.000000000000000000e+00 0.000000000000000000e+00
5.130000000000000000e+02 4.202660499128114111e+02 0.000000000000000000e+00 0.000000000000000000e+00
5.140000000000000000e+02 4.198277222073850226e+02 0.000000000000000000e+00 0.000000000000000000e+00
5.150000000000000000e+02 4.205714490958959573e+02 0.000000000000000000e+00 0.000000000000000000e+00
5.160000000000000000e+02 4.232834318565019771e+02 0.000000000000000000e+00 0.000000000000000000e+00
5.170000000000000000e+02 4.234320673102247383e+02 0.000000000000000000e+00 0.000000000000000000e+00
5.180000000000000000e+02 4.246582170867354193e+02 0.000000000000000000e+00 0.000000000000000000e+00
5.190000000000000000e+02 4.253998587503560316e+02 0.000000000000000000e+00 0.000000000000000000e+00
5.200000000000000000e+02 4.240353720194513016e+02 2.000000000000000000e+00 0.000000000000000000e+00
5.210000000000000000e+02 4.245442743488143833e+02 0.000000000000000000e+00 0.000000000000000000e+00
5.220000000000000000e+02 4.266863748848657565e+02 0.000000000000000000e+00 0.000000000000000000e+00
5.230000000000000000e+02 4.259080884349110647e+02 0.000000000000000000e+00 0.000000000000000000e+00
5.240000000000000000e+02 4.277152894345785512e+02 0.000000000000000000e+00 0.000000000000000000e+00
5.250000000000000000e+02 4.294765504506809748e+02 0.000000000000000000e+00 0.000000000000000000e+00
5.260000000000000000e+02 4.306374905183050146e+02 0.000000000000000000e+00 0.000000000000000000e+00
5.270000000000000000e+02 4.319238754720881275e+02 0.000000000000000000e+00 0.000000000000000000e+00
5.280000000000000000e+02 4.329359826119581953e+02 0.000000000000000000e+00 0.000000000000000000e+00
5.290000000000000000e+02 4.326208821454310396e+02 0.000000000000000000e+00 0.000000000000000000e+00
5.300000000000000000e+02 4.334536655119940178e+02 0.000000000000000000e+00 0.000000000000000000e+00
5.310000000000000000e+02 4.354507118915436195e+02 0.000000000000000000e+00 0.000000000000000000e+00
5.320000000000000000e+02 4.360741358704252093e+02 0.000000000000000000e+00 0.000000000000000000e+00
5.330000000000000000e+02 4.371968376612729799e+02 0.000000000000000000e+00 0.000000000000000000e+00
5.340000000000000000e+02 4.376370237022761671e+02 0.000000000000000000e+00 0.000000000000000000e+00
5.350000000000000000e+02 4.388900439868996841e+02 0.000000000000000000e+00 0.000000000000000000e+00
5.360000000000000000e+02 4.398974636611362143e+02 0.000000000000000000e+00 0.000000000000000000e+00
5.370000000000000000e+02 4.412165349465949475e+02 0.000000000000000000e+00 0.000000000000000000e+00
5.380000000000000000e+02 4.421827556145789799e+02 0.000000000000000000e+00 0.000000000000000000e+00
5.390000000000000000e+02 4.427144491606827046e+02 0.000000000000000000e+00 0.000000000000000000e+00
5.400000000000000000e+02 4.444718697456549421e+02 0.000000000000000000e+00 0.000000000000000000e+00
5.410000000000000000e+02 4.456431626929842764e+02 0.000000000000000000e+00 0.000000000000000000e+00
5.420000000000000000e+02 4.456218337399988627e+02 0.000000000000000000e+00 0.000000000000000000e+00
5.430000000000000000e+02 4.475570692127968755e+02 0.000000000000000000e+00 0.000000000000000000e+00
5.440000000000000000e+02 4.483587198761151171e+02 0.000000000000000000e+00 0.000000000000000000e+00
5.450000000000000000e+02 4.477092543960232547e+02 0.000000000000000000e+00 0.000000000000000000e+00
5.460000000000000000e+02 4.496735522239192164e+02 0.000000000000000000e+00 0.000000000000000000e+00
5.470000000000000000e+02 4.509182211044956716e+02 0.000000000000000000e+00 0.000000000000000000e+00
5.480000000000000000e+02 4.513906149765829241e+02 1.000000000000000000e+00 0.000000000000000000e+00
5.490000000000000000e+02 4.510747333997557575e+02 1.000000000000000000e+00 0.000000000000000000e+00
5.500000000000000000e+02 4.504325799163663646e+02 1.000000000000000000e+00 0.000000000000000000e+00
5.510000000000000000e+02 4.515479936930911435e+02 0.000000000000000000e+00 0.000000000000000000e+00
5.520000000000000000e+02 4.539385469977275989e+02 0.000000000000000000e+00 0.000000000000000000e+00
5.530000000000000000e+02 4.546772444319529995e+02 0.000000000000000000e+00 0.000000000000000000e+00
5.540000000000000000e+02 4.541797153319768654e+02 0.000000000000000000e+00 0.000000000000000000e+00
5.550000000000000000e+02 4.557448168424962205e+02 0.000000000000000000e+00 0.000000000000000000e+00
5.560000000000000000e+02 4.574776826718882603e+02 0.000000000000000000e+00 0.000000000000000000e+00
5.570000000000000000e+02 4.570632271471445733e+02 1.000000000000000000e+00 0.000000000000000000e+00
5.580000000000000000e+02 4.560483541284214652e+02 2.000000000000000000e+00 0.000000000000000000e+00
5.590000000000000000e+02 4.565946278628019854e+02 0.000000000000000000e+00 0.000000000000000000e+00
5.600000000000000000e+02 4.587201169245719257e+02 0.000000000000000000e+00 0.000000000000000000e+00
5.610000000000000000e+02 4.590549820397541794e+02 0.000000000000000000e+00 0.000000000000000000e+00
5.620000000000000000e+02 4.596330017375353805e+02 0.000000000000000000e+00 0.000000000000000000e+00
5.630000000000000000e+02 4.604877956807835062e+02 0.000000000000000000e+00 0.000000000000000000e+00
5.640000000000000000e+02 4.617633230905236132e+02 0.000000000000000000e+00 0.000000000000000000e+00
5.650000000000000000e+02 4.632763253013660005e+02 0.000000000000000000e+00 0.000000000000000000e+00
5.660000000000000000e+02 4.641967527154258732e+02 0.000000000000000000e+00 0.000000000000000000e+00
5.670000000000000000e+02 4.648159958074963356e+02 0.000000000000000000e+00 0.000000000000000000e+00
5.680000000000000000e+02 4.637548125821127201e+02 2.000000000000000000e+00 0.000000000000000000e+00
5.690000000000000000e+02 4.635360570832717713e+02 1.000000000000000000e+00 0.000000000000000000e+00
5.700000000000000000e+02 4.646788559211419738e+02 1.000000000000000000e+00 0.000000000000000000e+00
5.710000000000000000e+02 4.644254816715205152e+02 1.000000000000000000e+00 0.000000000000000000e+00
5.720000000000000000e+02 4.648683866847723607e+02 0.000000000000000000e+00 0.000000000000000000e+00
5.730000000000000000e+02 4.661182507422084313e+02 0.000000000000000000e+00 0.000000000000000000e+00
5.740000000000000000e+02 4.665002219437217263e+02 0.000000000000000000e+00 0.000000000000000000e+00
5.750000000000000000e+02 4.679471194481637326e+02 0.000000000000000000e+00 0.000000000000000000e+00
5.760000000000000000e+02 4.683926180217933393e+02 0.000000000000000000e+00 0.000000000000000000e+00
5.770000000000000000e+02 4.694708223903191424e+02 0.000000000000000000e+00 0.000000000000000000e+00
5.780000000000000000e+02 4.704703746314719410e+02 0.000000000000000000e+00 0.000000000000000000e+00
5.790000000000000000e+02 4.722147261144064032e+02 0.000000000000000000e+00 0.000000000000000000e+00
5.800000000000000000e+02 4.725458561491394107e+02 0.000000000000000000e+00 0.000000000000000000e+00
5.810000000000000000e+02 4.745862188431779032e+02 0.000000000000000000e+00 0.000000000000000000e+00
5.820000000000000000e+02 4.734156209059155458e+02 1.000000000000000000e+00 0.000000000000000000e+00
5.830000000000000000e+02 4.733795030595816229e+02 2.000000000000000000e+00 0.000000000000000000e+00
5.840000000000000000e+02 4.731030729166059245e+02 1.000000000000000000e+00 0.000000000000000000e+00
5.850000000000000000e+02 4.747304249345308449e+02 0.000000000000000000e+00 0.000000000000000000e+00
5.860000000000000000e+02 4.744149825977114006e+02 0.000000000000000000e+00 0.000000000000000000e+00
5.870000000000000000e+02 4.762256828828661241e+02 0.000000000000000000e+00 0.000000000000000000e+00
5.880000000000000000e+02 4.768138315814982207e+02 0.000000000000000000e+00 0.000000000000000000e+00
5.890000000000000000e+02 4.779157877163533499e+02 0.000000000000000000e+00 0.000000000000000000e+00
5.900000000000000000e+02 4.774591900750991726e+02 2.000000000000000000e+00 0.000000000000000000e+00
5.910000000000000000e+02 4.777758293067438444e+02 1.000000000000000000e+00 0.000000000000000000e+00
5.920000000000000000e+02 4.776628861659380618e+02 1.000000000000000000e+00 0.000000000000000000e+00
5.930000000000000000e+02 4.773349542952720981e+02 0.000000000000000000e+00 0.000000000000000000e+00
5.940000000000000000e+02 4.794442025575272623e+02 0.000000000000000000e+00 0.000000000000000000e+00
5.950000000000000000e+02 4.803102688389498667e+02 0.000000000000000000e+00 0.000000000000000000e+00
5.960000000000000000e+02 4.805421925405386219e+02 0.000000000000000000e+00 0.000000000000000000e+00
5.970000000000000000e+02 4.820365229871110273e+02 0.000000000000000000e+00 0.000000000000000000e+00
5.980000000000000000e+02 4.828287652917999253e+02 0.000000000000000000e+00 0.000000000000000000e+00
5.990000000000000000e+02 4.840905572309881677e+02 0.000000000000000000e+00 0.000000000000000000e+00
6.000000000000000000e+02 4.853519126515960807e+02 0.000000000000000000e+00 0.000000000000000000e+00
6.010000000000000000e+02 4.854794345366497055e+02 1.000000000000000000e+00 0.000000000000000000e+00
6.020000000000000000e+02 4.850002394984208536e+02 0.000000000000000000e+00 0.000000000000000000e+00
6.030000000000000000e+02 4.860191387776616807e+02 0.000000000000000000e+00 0.000000000000000000e+00
6.040000000000000000e+02 4.878896610286109308e+02 0.000000000000000000e+00 0.000000000000000000e+00
6.050000000000000000e+02 4.894901325463405897e+02 0.000000000000000000e+00 0.000000000000000000e+00
6.060000000000000000e+02 4.909985149198360546e+02 0.000000000000000000e+00 0.000000000000000000e+00
6.070000000000000000e+02 4.909390818446588014e+02 0.000000000000000000e+00 0.000000000000000000e+00
6.080000000000000000e+02 4.919526562855926954e+02 0.000000000000000000e+00 0.000000000000000000e+00
6.090000000000000000e+02 4.928478641471378410e+02 0.000000000000000000e+00 0.000000000000000000e+00
6.100000000000000000e+02 4.938888558674782416e+02 0.000000000000000000e+00 0.000000000000000000e+00
6.110000000000000000e+02 4.945085837047330415e+02 0.000000000000000000e+00 0.000000000000000000e+00
6.120000000000000000e+02 4.951496082539689496e+02 0.000000000000000000e+00 0.000000000000000000e+00
6.130000000000000000e+02 4.967968481060747195e+02 0.000000000000000000e+00 0.000000000000000000e+00
6.140000000000000000e+02 4.973121593927836557e+02 0.000000000000000000e+00 0.000000000000000000e+00
6.150000000000000000e+02 4.994893829169759556e+02 0.000000000000000000e+00 0.000000000000000000e+00
6.160000000000000000e+02 5.001311983751016896e+02 0.000000000000000000e+00 0.000000000000000000e+00
6.170000000000000000e+02 5.008602762268092761e+02 0.000000000000000000e+00 0.000000000000000000e+00
6.180000000000000000e+02 5.026127545832766828e+02 0.000000000000000000e+00 0.000000000000000000e+00
6.190000000000000000e+02 5.025766877782327811e+02 0.000000000000000000e+00 0.000000000000000000e+00
6.200000000000000000e+02 5.035326747574583237e+02 0.000000000000000000e+00 0.000000000000000000e+00
6.210000000000000000e+02 5.044386197124239857e+02 0.000000000000000000e+00 0.000000000000000000e+00
6.220000000000000000e+02 5.056586272551908223e+02 0.000000000000000000e+00 0.000000000000000000e+00
6.230000000000000000e+02 5.070210100171947261e+02 0.000000000000000000e+00 0.000000000000000000e+00
6.240000000000000000e+02 5.078950521351265479e+02 0.000000000000000000e+00 0.000000000000000000e+00
6.250000000000000000e+02 5.078545342598187631e+02 1.000000000000000000e+00 0.000000000000000000e+00
6.260000000000000000e+02 5.079112726076903073e+02 1.000000000000000000e+00 0.000000000000000000e+00
6.270000000000000000e+02 5.087433489013974963e+02 0.000000000000000000e+00 0.000000000000000000e+00
6.280000000000000000e+02 5.104606679373889619e+02 0.000000000000000000e+00 0.000000000000000000e+00
6.290000000000000000e+02 5.110788149428852876e+02 0.000000000000000000e+00 0.000000000000000000e+00
6.300000000000000000e+02 5.116273828991437540e+02 0.000000000000000000e+00 0.000000000000000000e+00
6.310000000000000000e+02 5.133420640944704019e+02 0.000000000000000000e+00 0.000000000000000000e+00
6.320000000000000000e+02 5.128894679010784330e+02 0.000000000000000000e+00 0.000000000000000000e+00
6.330000000000000000e+02 5.141528014557580946e+02 0.000000000000000000e+00 0.000000000000000000e+00
6.340000000000000000e+02 5.156058756830947232e+02 0.000000000000000000e+00 0.000000000000000000e+00
6.350000000000000000e+02 5.172608200613815370e+02 0.000000000000000000e+00 0.000000000000000000e+00
6.360000000000000000e+02 5.180869196025300880e+02 0.000000000000000000e+00 0.000000000000000000e+00
6.370000000000000000e+02 5.192697611950638930e+02 0.000000000000000000e+00 0.000000000000000000e+00
6.380000000000000000e+02 5.171393701897862911e+02 2.000000000000000000e+00 0.000000000000000000e+00
6.390000000000000000e+02 5.173061457473098699e+02 2.000000000000000000e+00 0.000000000000000000e+00
6.400000000000000000e+02 5.166646474733386185e+02 1.000000000000000000e+00 0.000000000000000000e+00
6.410000000000000000e+02 5.187139744689590088e+02 0.000000000000000000e+00 0.000000000000000000e+00
6.420000000000000000e+02 5.193558088358582836e+02 0.000000000000000000e+00 0.000000000000000000e+00
6.430000000000000000e+02 5.205800658637393781e+02 0.000000000000000000e+00 0.000000000000000000e+00
6.440000000000000000e+02 5.202490307312943969e+02 0.000000000000000000e+00 0.000000000000000000e+00
6.450000000000000000e+02 5.219873097029893643e+02 0.000000000000000000e+00 0.000000000000000000e+00
6.460000000000000000e+02 5.237278777484982584e+02 0.000000000000000000e+00 0.000000000000000000e+00
6.470000000000000000e+02 5.223408618642645251e+02 0.000000000000000000e+00 0.000000000000000000e+00
6.480000000000000000e+02 5.251940117072235807e+02 0.000000000000000000e+00 0.000000000000000000e+00
6.490000000000000000e+02 5.256214583025096090e+02 0.000000000000000000e+00 0.000000000000000000e+00
6.500000000000000000e+02 5.252176372794029930e+02 2.000000000000000000e+00 0.000000000000000000e+00
6.510000000000000000e+02 5.258187566623124667e+02 1.000000000000000000e+00 0.000000000000000000e+00
6.520000000000000000e+02 5.247134530801648680e+02 1.000000000000000000e+00 0.000000000000000000e+00
6.530000000000000000e+02 5.258017835873768036e+02 0.000000000000000000e+00 0.000000000000000000e+00
6.540000000000000000e+02 5.273557463295679781e+02 0.000000000000000000e+00 0.000000000000000000e+00
6.550000000000000000e+02 5.260360163917514456e+02 2.000000000000000000e+00 0.000000000000000000e+00
6.560000000000000000e+02 5.245365116596212829e+02 2.000000000000000000e+00 0.000000000000000000e+00
6.570000000000000000e+02 5.261868765744419534e+02 0.000000000000000000e+00 0.000000000000000000e+00
6.580000000000000000e+02 5.267491841570756606e+02 0.000000000000000000e+00 0.000000000000000000e+00
6.590000000000000000e+02 5.284572597993961836e+02 0.000000000000000000e+00 0.000000000000000000e+00
6.600000000000000000e+02 5.283489865548873468e+02 1.000000000000000000e+00 0.000000000000000000e+00
6.610000000000000000e+02 5.281289163038482002e+02 1.000000000000000000e+00 0.000000000000000000e+00
6.620000000000000000e+02 5.286721481145012831e+02 0.000000000000000000e+00 0.000000000000000000e+00
6.630000000000000000e+02 5.303508970620698619e+02 0.000000000000000000e+00 0.000000000000000000e+00
6.640000000000000000e+02 5.302177743750854688e+02 0.000000000000000000e+00 0.000000000000000000e+00
6.650000000000000000e+02 5.321387586909800120e+02 0.000000000000000000e+00 0.000000000000000000e+00
6.660000000000000000e+02 5.335788446763327784e+02 0.000000000000000000e+00 0.000000000000000000e+00
6.670000000000000000e+02 5.343345238958470418e+02 0.000000000000000000e+00 0.000000000000000000e+00
6.680000000000000000e+02 5.347448782453932381e+02 0.000000000000000000e+00 0.000000000000000000e+00
6.690000000000000000e+02 5.336225559959016209e+02 2.000000000000000000e+00 0.000000000000000000e+00
6.700000000000000000e+02 5.346581395733841191e+02 0.000000000000000000e+00 0.000000000000000000e+00
6.710000000000000000e+02 5.365393254485462649e+02 0.000000000000000000e+00 0.000000000000000000e+00
6.720000000000000000e+02 5.373651077814095061e+02 0.000000000000000000e+00 0.000000000000000000e+00
6.730000000000000000e+02 5.373192707110312085e+02 1.000000000000000000e+00 0.000000000000000000e+00
6.740000000000000000e+02 5.370327901237892547e+02 1.000000000000000000e+00 0.000000000000000000e+00
6.750000000000000000e+02 5.350053180551576588e+02 2.000000000000000000e+00 0.000000000000000000e+00
6.760000000000000000e+02 5.374250611183497313e+02 0.000000000000000000e+00 0.000000000000000000e+00
6.770000000000000000e+02 5.379524036279274242e+02 0.000000000000000000e+00 0.000000000000000000e+00
6.780000000000000000e+02 5.389061120925346131e+02 0.000000000000000000e+00 0.000000000000000000e+00
6.790000000000000000e+02 5.402078073116604173e+02 0.000000000000000000e+00 0.000000000000000000e+00
6.800000000000000000e+02 5.407480426265606184e+02 0.000000000000000000e+00 0.000000000000000000e+00
6.810000000000000000e+02 5.420184055597073893e+02 0.000000000000000000e+00 0.000000000000000000e+00
6.820000000000000000e+02 5.425526678301092716e+02 0.000000000000000000e+00 0.000000000000000000e+00
6.830000000000000000e+02 5.437195494445918484e+02 0.000000000000000000e+00 0.000000000000000000e+00
6.840000000000000000e+02 5.435447523807271182e+02 2.000000000000000000e+00 0.000000000000000000e+00
6.850000000000000000e+02 5.435807453033247612e+02 1.000000000000000000e+00 0.000000000000000000e+00
6.860000000000000000e+02 5.442959915113057150e+02 0.000000000000000000e+00 0.000000000000000000e+00
6.870000000000000000e+02 5.452553962571219017e+02 0.000000000000000000e+00 0.000000000000000000e+00
6.880000000000000000e+02 5.461855962048554147e+02 0.000000000000000000e+00 0.000000000000000000e+00
6.890000000000000000e+02 5.465733457003738067e+02 0.000000000000000000e+00 0.000000000000000000e+00
6.900000000000000000e+02 5.477353659166507214e+02 0.000000000000000000e+00 0.000000000000000000e+00
6.910000000000000000e+02 5.482349048287335336e+02 0.000000000000000000e+00 0.000000000000000000e+00
6.920000000000000000e+02 5.503195882100002336e+02 0.000000000000000000e+00 0.000000000000000000e+00
6.930000000000000000e+02 5.508117498739719622e+02 0.000000000000000000e+00 0.000000000000000000e+00
6.940000000000000000e+02 5.518492355367916389e+02 0.000000000000000000e+00 0.000000000000000000e+00
6.950000000000000000e+02 5.511387228651391297e+02 2.000000000000000000e+00 0.000000000000000000e+00
6.960000000000000000e+02 5.519663272046651628e+02 0.000000000000000000e+00 0.000000000000000000e+00
6.970000000000000000e+02 5.527874744851129662e+02 0.000000000000000000e+00 0.000000000000000000e+00
6.980000000000000000e+02 5.538323462354194362e+02 0.000000000000000000e+00 0.000000000000000000e+00
6.990000000000000000e+02 5.549826788873289161e+02 0.000000000000000000e+00 0.000000000000000000e+00
7.000000000000000000e+02 5.564150319043912987e+02 0.000000000000000000e+00 0.000000000000000000e+00
7.010000000000000000e+02 5.563138213206676710e+02 0.000000000000000000e+00 0.000000000000000000e+00
7.020000000000000000e+02 5.574716646409885925e+02 0.000000000000000000e+00 0.000000000000000000e+00
7.030000000000000000e+02 5.584765106928879277e+02 0.000000000000000000e+00 0.000000000000000000e+00
7.040000000000000000e+02 5.598749960367268841e+02 0.000000000000000000e+00 0.000000000000000000e+00
7.050000000000000000e+02 5.611086879807660353e+02 0.000000000000000000e+00 0.000000000000000000e+00
7.060000000000000000e+02 5.623263341536719508e+02 0.000000000000000000e+00 0.000000000000000000e+00
7.070000000000000000e+02 5.611106279116690985e+02 2.000000000000000000e+00 0.000000000000000000e+00
7.080000000000000000e+02 5.616649258052942741e+02 0.000000000000000000e+00 0.000000000000000000e+00
7.090000000000000000e+02 5.629653365080546337e+02 0.000000000000000000e+00 0.000000000000000000e+00
7.100000000000000000e+02 5.643894419870471211e+02 0.000000000000000000e+00 0.000000000000000000e+00
7.110000000000000000e+02 5.650463492790610189e+02 0.000000000000000000e+00 0.000000000000000000e+00
7.120000000000000000e+02 5.660387790387461564e+02 0.000000000000000000e+00 0.000000000000000000e+00
7.130000000000000000e+02 5.676231074472027558e+02 0.000000000000000000e+00 0.000000000000000000e+00
7.140000000000000000e+02 5.679858336071253007e+02 0.000000000000000000e+00 0.000000000000000000e+00
7.150000000000000000e+02 5.695307609864239566e+02 0.000000000000000000e+00 0.000000000000000000e+00
7.160000000000000000e+02 5.702343469167008152e+02 0.000000000000000000e+00 0.000000000000000000e+00
7.170000000000000000e+02 5.706735221629919579e+02 0.000000000000000000e+00 0.000000000000000000e+00
7.180000000000000000e+02 5.716835576701899981e+02 0.000000000000000000e+00 0.000000000000000000e+00
7.190000000000000000e+02 5.739287973624817596e+02 0.000000000000000000e+00 0.000000000000000000e+00
7.200000000000000000e+02 5.727201332477005735e+02 1.000000000000000000e+00 0.000000000000000000e+00
7.210000000000000000e+02 5.735666236178260533e+02 1.000000000000000000e+00 0.000000000000000000e+00
7.220000000000000000e+02 5.743817390517976946e+02 0.000000000000000000e+00 0.000000000000000000e+00
7.230000000000000000e+02 5.748448969810194740e+02 0.000000000000000000e+00 0.000000000000000000e+00
7.240000000000000000e+02 5.760017520186349884e+02 0.000000000000000000e+00 0.000000000000000000e+00
7.250000000000000000e+02 5.770919327837033279e+02 0.000000000000000000e+00 0.000000000000000000e+00
7.260000000000000000e+02 5.783644177974308604e+02 0.000000000000000000e+00 0.000000000000000000e+00
7.270000000000000000e+02 5.790559725657294621e+02 0.000000000000000000e+00 0.000000000000000000e+00
7.280000000000000000e+02 5.805376894999023989e+02 0.000000000000000000e+00 0.000000000000000000e+00
7.290000000000000000e+02 5.814567966375288961e+02 0.000000000000000000e+00 0.000000000000000000e+00
7.300000000000000000e+02 5.823916178037253530e+02 0.000000000000000000e+00 0.000000000000000000e+00
7.310000000000000000e+02 5.831092280873384652e+02 0.000000000000000000e+00 0.000000000000000000e+00
7.320000000000000000e+02 5.833925309074530787e+02 0.000000000000000000e+00 0.000000000000000000e+00
7.330000000000000000e+02 5.845567589018818353e+02 0.000000000000000000e+00 0.000000000000000000e+00
7.340000000000000000e+02 5.859828820232957014e+02 0.000000000000000000e+00 0.000000000000000000e+00
7.350000000000000000e+02 5.867506182903148328e+02 0.000000000000000000e+00 0.000000000000000000e+00
7.360000000000000000e+02 5.887939767820719226e+02 0.000000000000000000e+00 0.000000000000000000e+00
7.370000000000000000e+02 5.889807811340045873e+02 0.000000000000000000e+00 0.000000000000000000e+00
7.380000000000000000e+02 5.903550248252984147e+02 0.000000000000000000e+00 0.000000000000000000e+00
7.390000000000000000e+02 5.913790376801811135e+02 0.000000000000000000e+00 0.000000000000000000e+00
7.400000000000000000e+02 5.917314666348225956e+02 1.000000000000000000e+00 0.000000000000000000e+00
7.410000000000000000e+02 5.910799751678611074e+02 1.000000000000000000e+00 0.000000000000000000e+00
7.420000000000000000e+02 5.917845754215563829e+02 1.000000000000000000e+00 0.000000000000000000e+00
7.430000000000000000e+02 5.920897389278500214e+02 0.000000000000000000e+00 0.000000000000000000e+00
7.440000000000000000e+02 5.911728418723392906e+02 2.000000000000000000e+00 0.000000000000000000e+00
7.450000000000000000e+02 5.894690472676012405e+02 2.000000000000000000e+00 0.000000000000000000e+00
7.460000000000000000e+02 5.900989600145343275e+02 1.000000000000000000e+00 0.000000000000000000e+00
7.470000000000000000e+02 5.906246197676545080e+02 1.000000000000000000e+00 0.000000000000000000e+00
7.480000000000000000e+02 5.913524188546929281e+02 0.000000000000000000e+00 0.000000000000000000e+00
7.490000000000000000e+02 5.925302031523796131e+02 0.000000000000000000e+00 0.000000000000000000e+00
7.500000000000000000e+02 5.932516215171248177e+02 0.000000000000000000e+00 0.000000000000000000e+00
7.510000000000000000e+02 5.942806591829325953e+02 0.000000000000000000e+00 0.000000000000000000e+00
7.520000000000000000e+02 5.954927336122739234e+02 0.000000000000000000e+00 0.000000000000000000e+00
7.530000000000000000e+02 5.960909126247177028e+02 0.000000000000000000e+00 0.000000000000000000e+00
7.540000000000000000e+02 5.962250664109637910e+02 0.000000000000000000e+00 0.000000000000000000e+00
7.550000000000000000e+02 5.973544761146680457e+02 0.000000000000000000e+00 0.000000000000000000e+00
7.560000000000000000e+02 5.985058223912395761e+02 0.000000000000000000e+00 0.000000000000000000e+00
7.570000000000000000e+02 6.008139360442720545e+02 0.000000000000000000e+00 0.000000000000000000e+00
7.580000000000000000e+02 6.007792574848182312e+02 0.000000000000000000e+00 0.000000000000000000e+00
7.590000000000000000e+02 6.019349056300525262e+02 0.000000000000000000e+00 0.000000000000000000e+00
7.600000000000000000e+02 6.025615475189836161e+02 0.000000000000000000e+00 0.000000000000000000e+00
7.610000000000000000e+02 6.046596531635576639e+02 0.000000000000000000e+00 0.000000000000000000e+00
7.620000000000000000e+02 6.049283288513837533e+02 0.000000000000000000e+00 0.000000000000000000e+00
7.630000000000000000e+02 6.068621250073089186e+02 0.000000000000000000e+00 0.000000000000000000e+00
7.640000000000000000e+02 6.067863695143332734e+02 0.000000000000000000e+00 0.000000000000000000e+00
7.650000000000000000e+02 6.089612190496793573e+02 0.000000000000000000e+00 0.000000000000000000e+00
7.660000000000000000e+02 6.089947473683197359e+02 0.000000000000000000e+00 0.000000000000000000e+00
7.670000000000000000e+02 6.108255756596554420e+02 0.000000000000000000e+00 0.000000000000000000e+00
7.680000000000000000e+02 6.107804388871392121e+02 1.000000000000000000e+00 0.000000000000000000e+00
7.690000000000000000e+02 6.094608045456409400e+02 1.000000000000000000e+00 0.000000000000000000e+00
7.700000000000000000e+02 6.115670553876227586e+02 0.000000000000000000e+00 0.000000000000000000e+00
7.710000000000000000e+02 6.119353440030091633e+02 0.000000000000000000e+00 0.000000000000000000e+00
7.720000000000000000e+02 6.134472053935692202e+02 0.000000000000000000e+00 0.000000000000000000e+00
7.730000000000000000e+02 6.140346457637330104e+02 0.000000000000000000e+00 0.000000000000000000e+00
7.740000000000000000e+02 6.148071795724415551e+02 0.000000000000000000e+00 0.000000000000000000e+00
7.750000000000000000e+02 6.158948823969435580e+02 0.000000000000000000e+00 0.000000000000000000e+00
7.760000000000000000e+02 6.161050124761212601e+02 0.000000000000000000e+00 0.000000000000000000e+00
7.770000000000000000e+02 6.184285219603680162e+02 0.000000000000000000e+00 0.000000000000000000e+00
7.780000000000000000e+02 6.199683828330740880e+02 0.000000000000000000e+00 0.000000000000000000e+00
7.790000000000000000e+02 6.204906839216263279e+02 0.000000000000000000e+00 0.000000000000000000e+00
7.800000000000000000e+02 6.197322661080348780e+02 0.000000000000000000e+00 0.000000000000000000e+00
7.810000000000000000e+02 6.215654374323008824e+02 0.000000000000000000e+00 0.000000000000000000e+00
7.820000000000000000e+02 6.240153210132582444e+02 0.000000000000000000e+00 0.000000000000000000e+00
7.830000000000000000e+02 6.242423860082284364e+02 0.000000000000000000e+00 0.000000000000000000e+00
7.840000000000000000e+02 6.250980142954675784e+02 0.000000000000000000e+00 0.000000000000000000e+00
7.850000000000000000e+02 6.256300296611714202e+02 1.000000000000000000e+00 0.000000000000000000e+00
7.860000000000000000e+02 6.257350272374028464e+02 0.000000000000000000e+00 0.000000000000000000e+00
7.870000000000000000e+02 6.251137150819556609e+02 1.000000000000000000e+00 0.000000000000000000e+00
7.880000000000000000e+02 6.262678465349729322e+02 0.000000000000000000e+00 0.000000000000000000e+00
7.890000000000000000e+02 6.277024748429852252e+02 0.000000000000000000e+00 0.000000000000000000e+00
7.900000000000000000e+02 6.292682276003962443e+02 0.000000000000000000e+00 0.000000000000000000e+00
7.910000000000000000e+02 6.313905139314483677e+02 0.000000000000000000e+00 0.000000000000000000e+00
7.920000000000000000e+02 6.306603246054340843e+02 0.000000000000000000e+00 0.000000000000000000e+00
7.930000000000000000e+02 6.320702650265337752e+02 0.000000000000000000e+00 0.000000000000000000e+00
7.940000000000000000e+02 6.329205272664319182e+02 0.000000000000000000e+00 0.000000000000000000e+00
7.950000000000000000e+02 6.335515169507890505e+02 0.000000000000000000e+00 0.000000000000000000e+00
7.960000000000000000e+02 6.350299871362997237e+02 0.000000000000000000e+00 0.000000000000000000e+00
7.970000000000000000e+02 6.358885205014430539e+02 0.000000000000000000e+00 0.000000000000000000e+00
7.980000000000000000e+02 6.371185424273024864e+02 0.000000000000000000e+00 0.000000000000000000e+00
7.990000000000000000e+02 6.377008300791097781e+02 0.000000000000000000e+00 0.000000000000000000e+00
8.000000000000000000e+02 6.383335923125418958e+02 0.000000000000000000e+00 0.000000000000000000e+00
