time	position	state	ATP_bound
1.000000000000000000e+00 0.000000000000000000e+00 1.000000000000000000e+00 0.000000000000000000e+00
2.000000000000000000e+00 5.264401555856649262e-01 1.000000000000000000e+00 0.000000000000000000e+00
3.000000000000000000e+00 1.277909097608441735e+00 0.000000000000000000e+00 0.000000000000000000e+00
4.000000000000000000e+00 1.422401640117787247e+00 0.000000000000000000e+00 0.000000000000000000e+00
5.000000000000000000e+00 2.823411958879559869e+00 0.000000000000000000e+00 0.000000000000000000e+00
6.000000000000000000e+00 4.112628044473848554e+00 0.000000000000000000e+00 0.000000000000000000e+00
7.000000000000000000e+00 5.707737022360332091e+00 0.000000000000000000e+00 0.000000000000000000e+00
8.000000000000000000e+00 6.895475610170069380e+00 0.000000000000000000e+00 0.000000000000000000e+00
9.000000000000000000e+00 6.895857265794202995e+00 0.000000000000000000e+00 0.000000000000000000e+00
1.000000000000000000e+01 7.404179311300521427e+00 0.000000000000000000e+00 0.000000000000000000e+00
1.100000000000000000e+01 9.336860281397472150e+00 0.000000000000000000e+00 0.000000000000000000e+00
1.200000000000000000e+01 1.004897114428726468e+01 0.000000000000000000e+00 0.000000000000000000e+00
1.300000000000000000e+01 1.137906037662292746e+01 0.000000000000000000e+00 0.000000000000000000e+00
1.400000000000000000e+01 1.206767626907880064e+01 0.000000000000000000e+00 0.000000000000000000e+00
1.500000000000000000e+01 1.244082795931929830e+01 0.000000000000000000e+00 0.000000000000000000e+00
1.600000000000000000e+01 1.262380481453591941e+01 0.000000000000000000e+00 0.000000000000000000e+00
1.700000000000000000e+01 1.525086273802532411e+01 0.000000000000000000e+00 0.000000000000000000e+00
1.800000000000000000e+01 1.669700939105672788e+01 0.000000000000000000e+00 0.000000000000000000e+00
1.900000000000000000e+01 1.540986260132385866e+01 1.000000000000000000e+00 0.000000000000000000e+00
2.000000000000000000e+01 1.769280244891845655e+01 0.000000000000000000e+00 0.000000000000000000e+00
2.100000000000000000e+01 1.842193963174944926e+01 0.000000000000000000e+00 0.000000000000000000e+00
2.200000000000000000e+01 1.937585610675177250e+01 0.000000000000000000e+00 0.000000000000000000e+00
2.300000000000000000e+01 1.988967762803310535e+01 0.000000000000000000e+00 0.000000000000000000e+00
2.400000000000000000e+01 2.055543407040778092e+01 0.000000000000000000e+00 0.000000000000000000e+00
2.500000000000000000e+01 2.175525203765320015e+01 0.000000000000000000e+00 0.000000000000000000e+00
2.600000000000000000e+01 2.283107594619195879e+01 0.000000000000000000e+00 0.000000000000000000e+00
2.700000000000000000e+01 2.385516466640033428e+01 0.000000000000000000e+00 0.000000000000000000e+00
2.800000000000000000e+01 2.540382060843331047e+01 0.000000000000000000e+00 0.000000000000000000e+00
2.900000000000000000e+01 2.587192275923212037e+01 0.000000000000000000e+00 0.000000000000000000e+00
3.000000000000000000e+01 2.739633248999744453e+01 0.000000000000000000e+00 0.000000000000000000e+00
3.100000000000000000e+01 2.901197940925521834e+01 0.000000000000000000e+00 0.000000000000000000e+00
3.200000000000000000e+01 2.843047900382849491e+01 0.000000000000000000e+00 0.000000000000000000e+00
3.300000000000000000e+01 3.091771307021803494e+01 0.000000000000000000e+00 0.000000000000000000e+00
3.400000000000000000e+01 3.076474303436262758e+01 0.000000000000000000e+00 0.000000000000000000e+00
3.500000000000000000e+01 2.954988496118245678e+01 2.000000000000000000e+00 0.000000000000000000e+00
3.600000000000000000e+01 3.098381109440381564e+01 0.000000000000000000e+00 0.000000000000000000e+00
3.700000000000000000e+01 3.161274484229655712e+01 0.000000000000000000e+00 0.000000000000000000e+00
3.800000000000000000e+01 3.336078356676772216e+01 0.000000000000000000e+00 0.000000000000000000e+00
3.900000000000000000e+01 3.430335298448914472e+01 0.000000000000000000e+00 0.000000000000000000e+00
4.000000000000000000e+01 3.519524310627305397e+01 0.000000000000000000e+00 0.000000000000000000e+00
4.100000000000000000e+01 3.580238497932070629e+01 0.000000000000000000e+00 0.000000000000000000e+00
4.200000000000000000e+01 3.677652562872178521e+01 0.000000000000000000e+00 0.000000000000000000e+00
4.300000000000000000e+01 3.851998720526628972e+01 0.000000000000000000e+00 0.000000000000000000e+00
4.400000000000000000e+01 3.886403080196715365e+01 0.000000000000000000e+00 0.000000000000000000e+00
4.500000000000000000e+01 4.069071960797387533e+01 0.000000000000000000e+00 0.000000000000000000e+00
4.600000000000000000e+01 4.093760951153711858e+01 0.000000000000000000e+00 0.000000000000000000e+00
4.700000000000000000e+01 4.202877050610828036e+01 0.000000000000000000e+00 0.000000000000000000e+00
4.800000000000000000e+01 4.242206965267980934e+01 0.000000000000000000e+00 0.000000000000000000e+00
4.900000000000000000e+01 4.337883270603289532e+01 0.000000000000000000e+00 0.000000000000000000e+00
5.000000000000000000e+01 4.525561281485911991e+01 0.000000000000000000e+00 0.000000000000000000e+00
5.100000000000000000e+01 4.655815818817811191e+01 0.000000000000000000e+00 0.000000000000000000e+00
5.200000000000000000e+01 4.633247067351783954e+01 0.000000000000000000e+00 0.000000000000000000e+00
5.300000000000000000e+01 4.745193453760352043e+01 0.000000000000000000e+00 0.000000000000000000e+00
5.400000000000000000e+01 4.911516737155380241e+01 0.000000000000000000e+00 0.000000000000000000e+00
5.500000000000000000e+01 5.035791308062998439e+01 0.000000000000000000e+00 0.000000000000000000e+00
5.600000000000000000e+01 5.073226340602648321e+01 0.000000000000000000e+00 0.000000000000000000e+00
5.700000000000000000e+01 5.202835296876450144e+01 0.000000000000000000e+00 0.000000000000000000e+00
5.800000000000000000e+01 5.261150249273534030e+01 0.000000000000000000e+00 0.000000000000000000e+00
5.900000000000000000e+01 5.437138824987643915e+01 0.000000000000000000e+00 0.000000000000000000e+00
6.000000000000000000e+01 5.443786640730746029e+01 1.000000000000000000e+00 0.000000000000000000e+00
6.100000000000000000e+01 5.487729051261553082e+01 0.000000000000000000e+00 0.000000000000000000e+00
6.200000000000000000e+01 5.521290855375123385e+01 0.000000000000000000e+00 0.000000000000000000e+00
6.300000000000000000e+01 5.725365217348068114e+01 0.000000000000000000e+00 0.000000000000000000e+00
6.400000000000000000e+01 5.807963049879150219e+01 0.000000000000000000e+00 0.000000000000000000e+00
6.500000000000000000e+01 5.835522490174859200e+01 0.000000000000000000e+00 0.000000000000000000e+00
6.600000000000000000e+01 6.094263914266337423e+01 0.000000000000000000e+00 0.000000000000000000e+00
6.700000000000000000e+01 6.026154871505713118e+01 1.000000000000000000e+00 0.000000000000000000e+00
6.800000000000000000e+01 5.851080830957049272e+01 2.000000000000000000e+00 0.000000000000000000e+00
6.900000000000000000e+01 6.039502951386612040e+01 0.000000000000000000e+00 0.000000000000000000e+00
7.000000000000000000e+01 6.119574336411869098e+01 0.000000000000000000e+00 0.000000000000000000e+00
7.100000000000000000e+01 6.130146250291529242e+01 1.000000000000000000e+00 0.000000000000000000e+00
7.200000000000000000e+01 6.175923771627279280e+01 0.000000000000000000e+00 0.000000000000000000e+00
7.300000000000000000e+01 6.195598705502209924e+01 0.000000000000000000e+00 0.000000000000000000e+00
7.400000000000000000e+01 6.430905317894900008e+01 0.000000000000000000e+00 0.000000000000000000e+00
7.500000000000000000e+01 6.505212106821595341e+01 0.000000000000000000e+00 0.000000000000000000e+00
7.600000000000000000e+01 6.474371873425107538e+01 0.000000000000000000e+00 0.000000000000000000e+00
7.700000000000000000e+01 6.707947484833600527e+01 0.000000000000000000e+00 0.000000000000000000e+00
7.800000000000000000e+01 6.815067711177596266e+01 0.000000000000000000e+00 0.000000000000000000e+00
7.900000000000000000e+01 6.893042906232022915e+01 0.000000000000000000e+00 0.000000000000000000e+00
8.000000000000000000e+01 7.033420930594543563e+01 0.000000000000000000e+00 0.000000000000000000e+00
8.100000000000000000e+01 7.107429520235039888e+01 0.000000000000000000e+00 0.000000000000000000e+00
8.200000000000000000e+01 7.271761711885227442e+01 0.000000000000000000e+00 0.000000000000000000e+00
8.300000000000000000e+01 7.311589103592170602e+01 0.000000000000000000e+00 0.000000000000000000e+00
8.400000000000000000e+01 7.296109001887644752e+01 0.000000000000000000e+00 0.000000000000000000e+00
8.500000000000000000e+01 7.285142937535846386e+01 2.000000000000000000e+00 0.000000000000000000e+00
8.600000000000000000e+01 7.290619973590411007e+01 1.000000000000000000e+00 0.000000000000000000e+00
8.700000000000000000e+01 7.412994905703372694e+01 0.000000000000000000e+00 0.000000000000000000e+00
8.800000000000000000e+01 7.390179638619669333e+01 0.000000000000000000e+00 0.000000000000000000e+00
8.900000000000000000e+01 7.587495026320338809e+01 0.000000000000000000e+00 0.000000000000000000e+00
9.000000000000000000e+01 7.633020114295659653e+01 0.000000000000000000e+00 0.000000000000000000e+00
9.100000000000000000e+01 7.821730911901697425e+01 0.000000000000000000e+00 0.000000000000000000e+00
9.200000000000000000e+01 7.956498336016143469e+01 0.000000000000000000e+00 0.000000000000000000e+00
9.300000000000000000e+01 7.874253712338081357e+01 2.000000000000000000e+00 0.000000000000000000e+00
9.400000000000000000e+01 7.830828963357640760e+01 0.000000000000000000e+00 0.000000000000000000e+00
9.500000000000000000e+01 7.965333338877022129e+01 0.000000000000000000e+00 0.000000000000000000e+00
9.600000000000000000e+01 8.081777962024500539e+01 0.000000000000000000e+00 0.000000000000000000e+00
9.700000000000000000e+01 8.201850022425453801e+01 0.000000000000000000e+00 0.000000000000000000e+00
9.800000000000000000e+01 8.295152751147359993e+01 0.000000000000000000e+00 0.000000000000000000e+00
9.900000000000000000e+01 8.306531441837745433e+01 0.000000000000000000e+00 0.000000000000000000e+00
1.000000000000000000e+02 8.489736555918815952e+01 0.000000000000000000e+00 0.000000000000000000e+00
1.010000000000000000e+02 8.577840348445676000e+01 0.000000000000000000e+00 0.000000000000000000e+00
1.020000000000000000e+02 8.706844088785419444e+01 0.000000000000000000e+00 0.000000000000000000e+00
1.030000000000000000e+02 8.851083717014064689e+01 0.000000000000000000e+00 0.000000000000000000e+00
1.040000000000000000e+02 8.917450703848230376e+01 0.000000000000000000e+00 0.000000000000000000e+00
1.050000000000000000e+02 8.964810107643201320e+01 0.000000000000000000e+00 0.000000000000000000e+00
1.060000000000000000e+02 9.042640008110143413e+01 0.000000000000000000e+00 0.000000000000000000e+00
1.070000000000000000e+02 9.189613865010059612e+01 0.000000000000000000e+00 0.000000000000000000e+00
1.080000000000000000e+02 9.306411201152967294e+01 0.000000000000000000e+00 0.000000000000000000e+00
1.090000000000000000e+02 9.316748507605451834e+01 0.000000000000000000e+00 0.000000000000000000e+00
1.100000000000000000e+02 9.518792832548646743e+01 0.000000000000000000e+00 0.000000000000000000e+00
1.110000000000000000e+02 9.571461214721266231e+01 0.000000000000000000e+00 0.000000000000000000e+00
1.120000000000000000e+02 9.782067911556302420e+01 0.000000000000000000e+00 0.000000000000000000e+00
1.130000000000000000e+02 9.660050846335231256e+01 0.000000000000000000e+00 0.000000000000000000e+00
1.140000000000000000e+02 9.777447422867273019e+01 1.000000000000000000e+00 0.000000000000000000e+00
1.150000000000000000e+02 9.765400697265752683e+01 1.000000000000000000e+00 0.000000000000000000e+00
1.160000000000000000e+02 9.815282842668302976e+01 1.000000000000000000e+00 0.000000000000000000e+00
1.170000000000000000e+02 9.937800687620429585e+01 0.000000000000000000e+00 0.000000000000000000e+00
1.180000000000000000e+02 9.958672792022900921e+01 0.000000000000000000e+00 0.000000000000000000e+00
1.190000000000000000e+02 1.020594623515415975e+02 0.000000000000000000e+00 0.000000000000000000e+00
1.200000000000000000e+02 1.019437977968287328e+02 0.000000000000000000e+00 0.000000000000000000e+00
1.210000000000000000e+02 1.031476401840817942e+02 0.000000000000000000e+00 0.000000000000000000e+00
1.220000000000000000e+02 1.038031025005094818e+02 0.000000000000000000e+00 0.000000000000000000e+00
1.230000000000000000e+02 1.032379610253597235e+02 2.000000000000000000e+00 0.000000000000000000e+00
1.240000000000000000e+02 1.022657596226342207e+02 2.000000000000000000e+00 0.000000000000000000e+00
1.250000000000000000e+02 1.022767493530637779e+02 1.000000000000000000e+00 0.000000000000000000e+00
1.260000000000000000e+02 1.025311444419528755e+02 0.000000000000000000e+00 0.000000000000000000e+00
1.270000000000000000e+02 1.046800613861987017e+02 0.000000000000000000e+00 0.000000000000000000e+00
1.280000000000000000e+02 1.050739876718523362e+02 0.000000000000000000e+00 0.000000000000000000e+00
1.290000000000000000e+02 1.056817303372709063e+02 0.000000000000000000e+00 0.000000000000000000e+00
1.300000000000000000e+02 1.076102122245484480e+02 0.000000000000000000e+00 0.000000000000000000e+00
1.310000000000000000e+02 1.080473504368202384e+02 0.000000000000000000e+00 0.000000000000000000e+00
1.320000000000000000e+02 1.089206439115455254e+02 0.000000000000000000e+00 0.000000000000000000e+00
1.330000000000000000e+02 1.098430756707160612e+02 0.000000000000000000e+00 0.000000000000000000e+00
1.340000000000000000e+02 1.112800712547215056e+02 0.000000000000000000e+00 0.000000000000000000e+00
1.350000000000000000e+02 1.119036993376811040e+02 0.000000000000000000e+00 0.000000000000000000e+00
1.360000000000000000e+02 1.126091876433051482e+02 0.000000000000000000e+00 0.000000000000000000e+00
1.370000000000000000e+02 1.134897768474738200e+02 0.000000000000000000e+00 0.000000000000000000e+00
1.380000000000000000e+02 1.153289629682560218e+02 0.000000000000000000e+00 0.000000000000000000e+00
1.390000000000000000e+02 1.161494503283819313e+02 0.000000000000000000e+00 0.000000000000000000e+00
1.400000000000000000e+02 1.174694431967329962e+02 0.000000000000000000e+00 0.000000000000000000e+00
1.410000000000000000e+02 1.179757013695075187e+02 0.000000000000000000e+00 0.000000000000000000e+00
1.420000000000000000e+02 1.197576069606212741e+02 0.000000000000000000e+00 0.000000000000000000e+00
1.430000000000000000e+02 1.199979004553039630e+02 0.000000000000000000e+00 0.000000000000000000e+00
1.440000000000000000e+02 1.213041033400147910e+02 0.000000000000000000e+00 0.000000000000000000e+00
1.450000000000000000e+02 1.218800138729871065e+02 1.000000000000000000e+00 0.000000000000000000e+00
1.460000000000000000e+02 1.220490628056478926e+02 0.000000000000000000e+00 0.000000000000000000e+00
1.470000000000000000e+02 1.210045738141036651e+02 2.000000000000000000e+00 0.000000000000000000e+00
1.480000000000000000e+02 1.221291037426123012e+02 0.000000000000000000e+00 0.000000000000000000e+00
1.490000000000000000e+02 1.237672494764270112e+02 0.000000000000000000e+00 0.000000000000000000e+00
1.500000000000000000e+02 1.239605603978856720e+02 0.000000000000000000e+00 0.000000000000000000e+00
1.510000000000000000e+02 1.254890974818413127e+02 0.000000000000000000e+00 0.000000000000000000e+00
1.520000000000000000e+02 1.266737799506044553e+02 0.000000000000000000e+00 0.000000000000000000e+00
1.530000000000000000e+02 1.276628226758843141e+02 0.000000000000000000e+00 0.000000000000000000e+00
1.540000000000000000e+02 1.284265554937966556e+02 0.000000000000000000e+00 0.000000000000000000e+00
1.550000000000000000e+02 1.291899773565434373e+02 0.000000000000000000e+00 0.000000000000000000e+00
1.560000000000000000e+02 1.297845201201604084e+02 0.000000000000000000e+00 0.000000000000000000e+00
1.570000000000000000e+02 1.312588456807880846e+02 0.000000000000000000e+00 0.000000000000000000e+00
1.580000000000000000e+02 1.324178790764100597e+02 0.000000000000000000e+00 0.000000000000000000e+00
1.590000000000000000e+02 1.324195786105917989e+02 1.000000000000000000e+00 0.000000000000000000e+00
1.600000000000000000e+02 1.311491179332134891e+02 1.000000000000000000e+00 0.000000000000000000e+00
1.610000000000000000e+02 1.326674010539970823e+02 0.000000000000000000e+00 0.000000000000000000e+00
1.620000000000000000e+02 1.339387632239180164e+02 0.000000000000000000e+00 0.000000000000000000e+00
1.630000000000000000e+02 1.344384984203941542e+02 0.000000000000000000e+00 0.000000000000000000e+00
1.640000000000000000e+02 1.351847258770942801e+02 0.000000000000000000e+00 0.000000000000000000e+00
1.650000000000000000e+02 1.356393291353058430e+02 0.000000000000000000e+00 0.000000000000000000e+00
1.660000000000000000e+02 1.371895698122660860e+02 0.000000000000000000e+00 0.000000000000000000e+00
1.670000000000000000e+02 1.394948088746036490e+02 0.000000000000000000e+00 0.000000000000000000e+00
1.680000000000000000e+02 1.390823191546854787e+02 1.000000000000000000e+00 0.000000000000000000e+00
1.690000000000000000e+02 1.393045628291127969e+02 0.000000000000000000e+00 0.000000000000000000e+00
1.700000000000000000e+02 1.411048199874567501e+02 0.000000000000000000e+00 0.000000000000000000e+00
1.710000000000000000e+02 1.421562988456907135e+02 0.000000000000000000e+00 0.000000000000000000e+00
1.720000000000000000e+02 1.421951829203152329e+02 0.000000000000000000e+00 0.000000000000000000e+00
1.730000000000000000e+02 1.439493564367040790e+02 0.000000000000000000e+00 0.000000000000000000e+00
1.740000000000000000e+02 1.454300434158561188e+02 0.000000000000000000e+00 0.000000000000000000e+00
1.750000000000000000e+02 1.454317866175041729e+02 0.000000000000000000e+00 0.000000000000000000e+00
1.760000000000000000e+02 1.464309789091298342e+02 0.000000000000000000e+00 0.000000000000000000e+00
1.770000000000000000e+02 1.480578449412369082e+02 0.000000000000000000e+00 0.000000000000000000e+00
1.780000000000000000e+02 1.483398910714104488e+02 0.000000000000000000e+00 0.000000000000000000e+00
1.790000000000000000e+02 1.498509370690807998e+02 0.000000000000000000e+00 0.000000000000000000e+00
1.800000000000000000e+02 1.509786613231306376e+02 0.000000000000000000e+00 0.000000000000000000e+00
1.810000000000000000e+02 1.511858479846501098e+02 0.000000000000000000e+00 0.000000000000000000e+00
1.820000000000000000e+02 1.538230545135129717e+02 0.000000000000000000e+00 0.000000000000000000e+00
1.830000000000000000e+02 1.540743440901671590e+02 0.000000000000000000e+00 0.000000000000000000e+00
1.840000000000000000e+02 1.537470970179593337e+02 0.000000000000000000e+00 0.000000000000000000e+00
1.850000000000000000e+02 1.562063306794812831e+02 0.000000000000000000e+00 0.000000000000000000e+00
1.860000000000000000e+02 1.575323288485408284e+02 0.000000000000000000e+00 0.000000000000000000e+00
1.870000000000000000e+02 1.562101835261625524e+02 2.000000000000000000e+00 0.000000000000000000e+00
1.880000000000000000e+02 1.548034001504273931e+02 2.000000000000000000e+00 0.000000000000000000e+00
1.890000000000000000e+02 1.532724980750449788e+02 2.000000000000000000e+00 0.000000000000000000e+00
1.900000000000000000e+02 1.541914898086772041e+02 1.000000000000000000e+00 0.000000000000000000e+00
1.910000000000000000e+02 1.538120510996563723e+02 1.000000000000000000e+00 0.000000000000000000e+00
1.920000000000000000e+02 1.536163676231714703e+02 1.000000000000000000e+00 0.000000000000000000e+00
1.930000000000000000e+02 1.559548185684575117e+02 0.000000000000000000e+00 0.000000000000000000e+00
1.940000000000000000e+02 1.552055097682142559e+02 0.000000000000000000e+00 0.000000000000000000e+00
1.950000000000000000e+02 1.577637738800857790e+02 0.000000000000000000e+00 0.000000000000000000e+00
1.960000000000000000e+02 1.573904462973419811e+02 0.000000000000000000e+00 0.000000000000000000e+00
1.970000000000000000e+02 1.594387263529673646e+02 0.000000000000000000e+00 0.000000000000000000e+00
1.980000000000000000e+02 1.606244661199426105e+02 0.000000000000000000e+00 0.000000000000000000e+00
1.990000000000000000e+02 1.581753577196211609e+02 2.000000000000000000e+00 0.000000000000000000e+00
2.000000000000000000e+02 1.606602208125855498e+02 0.000000000000000000e+00 0.000000000000000000e+00
2.010000000000000000e+02 1.616509284788586740e+02 0.000000000000000000e+00 0.000000000000000000e+00
2.020000000000000000e+02 1.617736304023690934e+02 0.000000000000000000e+00 0.000000000000000000e+00
2.030000000000000000e+02 1.621757750298538667e+02 0.000000000000000000e+00 0.000000000000000000e+00
2.040000000000000000e+02 1.642830092967374469e+02 0.000000000000000000e+00 0.000000000000000000e+00
2.050000000000000000e+02 1.644469084818890110e+02 0.000000000000000000e+00 0.000000000000000000e+00
2.060000000000000000e+02 1.659545392832301047e+02 0.000000000000000000e+00 0.000000000000000000e+00
2.070000000000000000e+02 1.671357331845715919e+02 0.000000000000000000e+00 0.000000000000000000e+00
2.080000000000000000e+02 1.675058290114672843e+02 0.000000000000000000e+00 0.000000000000000000e+00
2.090000000000000000e+02 1.691838212760844726e+02 0.000000000000000000e+00 0.000000000000000000e+00
2.100000000000000000e+02 1.691685693532671451e+02 0.000000000000000000e+00 0.000000000000000000e+00
2.110000000000000000e+02 1.694744823042687472e+02 1.000000000000000000e+00 0.000000000000000000e+00
2.120000000000000000e+02 1.699934965687043871e+02 0.000000000000000000e+00 0.000000000000000000e+00
2.130000000000000000e+02 1.723607713576292326e+02 0.000000000000000000e+00 0.000000000000000000e+00
2.140000000000000000e+02 1.715603682195995532e+02 1.000000000000000000e+00 0.000000000000000000e+00
2.150000000000000000e+02 1.738617347706631335e+02 0.000000000000000000e+00 0.000000000000000000e+00
2.160000000000000000e+02 1.741448763046557247e+02 0.000000000000000000e+00 0.000000000000000000e+00
2.170000000000000000e+02 1.746981826533890967e+02 0.000000000000000000e+00 0.000000000000000000e+00
2.180000000000000000e+02 1.762147131252687302e+02 0.000000000000000000e+00 0.000000000000000000e+00
2.190000000000000000e+02 1.775991929731967502e+02 0.000000000000000000e+00 0.000000000000000000e+00
2.200000000000000000e+02 1.781124813735693806e+02 0.000000000000000000e+00 0.000000000000000000e+00
2.210000000000000000e+02 1.791417801812803248e+02 0.000000000000000000e+00 0.000000000000000000e+00
2.220000000000000000e+02 1.805343465497874433e+02 0.000000000000000000e+00 0.000000000000000000e+00
2.230000000000000000e+02 1.806992346870974018e+02 0.000000000000000000e+00 0.000000000000000000e+00
2.240000000000000000e+02 1.827413434645386872e+02 0.000000000000000000e+00 0.000000000000000000e+00
2.250000000000000000e+02 1.827653687636274356e+02 0.000000000000000000e+00 0.000000000000000000e+00
2.260000000000000000e+02 1.832822871879070021e+02 1.000000000000000000e+00 0.000000000000000000e+00
2.270000000000000000e+02 1.839029452307503050e+02 0.000000000000000000e+00 0.000000000000000000e+00
2.280000000000000000e+02 1.851319505491804875e+02 0.000000000000000000e+00 0.000000000000000000e+00
2.290000000000000000e+02 1.862913795233440055e+02 0.000000000000000000e+00 0.000000000000000000e+00
2.300000000000000000e+02 1.867703074244074628e+02 0.000000000000000000e+00 0.000000000000000000e+00
2.310000000000000000e+02 1.879219391747280383e+02 0.000000000000000000e+00 0.000000000000000000e+00
2.320000000000000000e+02 1.889402286178816723e+02 0.000000000000000000e+00 0.000000000000000000e+00
2.330000000000000000e+02 1.877941695155016930e+02 2.000000000000000000e+00 0.000000000000000000e+00
2.340000000000000000e+02 1.893928334987494964e+02 0.000000000000000000e+00 0.000000000000000000e+00
2.350000000000000000e+02 1.892187052687141318e+02 1.000000000000000000e+00 0.000000000000000000e+00
2.360000000000000000e+02 1.890902698067167762e+02 1.000000000000000000e+00 0.000000000000000000e+00
2.370000000000000000e+02 1.879479676301069162e+02 2.000000000000000000e+00 0.000000000000000000e+00
2.380000000000000000e+02 1.892752446927455310e+02 0.000000000000000000e+00 0.000000000000000000e+00
2.390000000000000000e+02 1.905717010603085271e+02 0.000000000000000000e+00 0.000000000000000000e+00
2.400000000000000000e+02 1.912886517062061102e+02 0.000000000000000000e+00 0.000000000000000000e+00
2.410000000000000000e+02 1.916511713102170802e+02 0.000000000000000000e+00 0.000000000000000000e+00
2.420000000000000000e+02 1.936469777705060267e+02 0.000000000000000000e+00 0.000000000000000000e+00
2.430000000000000000e+02 1.947673007887647998e+02 0.000000000000000000e+00 0.000000000000000000e+00
2.440000000000000000e+02 1.949030739943441972e+02 0.000000000000000000e+00 0.000000000000000000e+00
2.450000000000000000e+02 1.961444288241020217e+02 0.000000000000000000e+00 0.000000000000000000e+00
2.460000000000000000e+02 1.973720919450671829e+02 0.000000000000000000e+00 0.000000000000000000e+00
2.470000000000000000e+02 1.981245054707090958e+02 0.000000000000000000e+00 0.000000000000000000e+00
2.480000000000000000e+02 1.987669208407706947e+02 0.000000000000000000e+00 0.000000000000000000e+00
2.490000000000000000e+02 2.002771221836163420e+02 0.000000000000000000e+00 0.000000000000000000e+00
2.500000000000000000e+02 2.012810235613090981e+02 0.000000000000000000e+00 0.000000000000000000e+00
2.510000000000000000e+02 2.016996899355786752e+02 0.000000000000000000e+00 0.000000000000000000e+00
2.520000000000000000e+02 2.035548635727900546e+02 0.000000000000000000e+00 0.000000000000000000e+00
2.530000000000000000e+02 2.038949175839862562e+02 0.000000000000000000e+00 0.000000000000000000e+00
2.540000000000000000e+02 2.056304137815267836e+02 0.000000000000000000e+00 0.000000000000000000e+00
2.550000000000000000e+02 2.033991084216363276e+02 2.000000000000000000e+00 0.000000000000000000e+00
2.560000000000000000e+02 2.032001084589943787e+02 2.000000000000000000e+00 0.000000000000000000e+00
2.570000000000000000e+02 2.027154945000558257e+02 1.000000000000000000e+00 0.000000000000000000e+00
2.580000000000000000e+02 2.034480636524060913e+02 1.000000000000000000e+00 0.000000000000000000e+00
2.590000000000000000e+02 2.039817945186853478e+02 0.000000000000000000e+00 0.000000000000000000e+00
2.600000000000000000e+02 2.044505960154789079e+02 0.000000000000000000e+00 0.000000000000000000e+00
2.610000000000000000e+02 2.057959470935616650e+02 0.000000000000000000e+00 0.000000000000000000e+00
2.620000000000000000e+02 2.061510186135205061e+02 0.000000000000000000e+00 0.000000000000000000e+00
2.630000000000000000e+02 2.084873931067494368e+02 0.000000000000000000e+00 0.000000000000000000e+00
2.640000000000000000e+02 2.091099923615837497e+02 0.000000000000000000e+00 0.000000000000000000e+00
2.650000000000000000e+02 2.108881126914414210e+02 0.000000000000000000e+00 0.000000000000000000e+00
2.660000000000000000e+02 2.115325295138094930e+02 0.000000000000000000e+00 0.000000000000000000e+00
2.670000000000000000e+02 2.127396652379049442e+02 0.000000000000000000e+00 0.000000000000000000e+00
2.680000000000000000e+02 2.122642973255594541e+02 0.000000000000000000e+00 0.000000000000000000e+00
2.690000000000000000e+02 2.146351350376432663e+02 0.000000000000000000e+00 0.000000000000000000e+00
2.700000000000000000e+02 2.159891081042567009e+02 0.000000000000000000e+00 0.000000000000000000e+00
2.710000000000000000e+02 2.159604972328139638e+02 0.000000000000000000e+00 0.000000000000000000e+00
2.720000000000000000e+02 2.168883353658181363e+02 0.000000000000000000e+00 0.000000000000000000e+00
2.730000000000000000e+02 2.173422993347320187e+02 1.000000000000000000e+00 0.000000000000000000e+00
2.740000000000000000e+02 2.155827013270162524e+02 2.000000000000000000e+00 0.000000000000000000e+00
2.750000000000000000e+02 2.153568119645100296e+02 2.000000000000000000e+00 0.000000000000000000e+00
2.760000000000000000e+02 2.162913552136663782e+02 0.000000000000000000e+00 0.000000000000000000e+00
2.770000000000000000e+02 2.149734618210611075e+02 2.000000000000000000e+00 0.000000000000000000e+00
2.780000000000000000e+02 2.145475905966901564e+02 1.000000000000000000e+00 0.000000000000000000e+00
2.790000000000000000e+02 2.162221278701981078e+02 0.000000000000000000e+00 0.000000000000000000e+00
2.800000000000000000e+02 2.165578480770925580e+02 0.000000000000000000e+00 0.000000000000000000e+00
2.810000000000000000e+02 2.188376099744573935e+02 0.000000000000000000e+00 0.000000000000000000e+00
2.820000000000000000e+02 2.197189115941672810e+02 0.000000000000000000e+00 0.000000000000000000e+00
2.830000000000000000e+02 2.194513629780757356e+02 0.000000000000000000e+00 0.000000000000000000e+00
2.840000000000000000e+02 2.214607034591136028e+02 0.000000000000000000e+00 0.000000000000000000e+00
2.850000000000000000e+02 2.218726652701944602e+02 0.000000000000000000e+00 0.000000000000000000e+00
2.860000000000000000e+02 2.235281283753172943e+02 0.000000000000000000e+00 0.000000000000000000e+00
2.870000000000000000e+02 2.241419730293961834e+02 0.000000000000000000e+00 0.000000000000000000e+00
2.880000000000000000e+02 2.256562522766939480e+02 0.000000000000000000e+00 0.000000000000000000e+00
2.890000000000000000e+02 2.260962911870202277e+02 0.000000000000000000e+00 0.000000000000000000e+00
2.900000000000000000e+02 2.269423205044131748e+02 0.000000000000000000e+00 0.000000000000000000e+00
2.910000000000000000e+02 2.279216020085477794e+02 0.000000000000000000e+00 0.000000000000000000e+00
2.920000000000000000e+02 2.293185137179927438e+02 0.000000000000000000e+00 0.000000000000000000e+00
2.930000000000000000e+02 2.303992041463515932e+02 0.000000000000000000e+00 0.000000000000000000e+00
2.940000000000000000e+02 2.300983702760536858e+02 0.000000000000000000e+00 0.000000000000000000e+00
2.950000000000000000e+02 2.318506312170852937e+02 0.000000000000000000e+00 0.000000000000000000e+00
2.960000000000000000e+02 2.328822528647366141e+02 0.000000000000000000e+00 0.000000000000000000e+00
2.970000000000000000e+02 2.336880352531781568e+02 0.000000000000000000e+00 0.000000000000000000e+00
2.980000000000000000e+02 2.349812775614110478e+02 0.000000000000000000e+00 0.000000000000000000e+00
2.990000000000000000e+02 2.356613880084725281e+02 0.000000000000000000e+00 0.000000000000000000e+00
3.000000000000000000e+02 2.369533449401698704e+02 0.000000000000000000e+00 0.000000000000000000e+00
3.010000000000000000e+02 2.381378489232414211e+02 0.000000000000000000e+00 0.000000000000000000e+00
3.020000000000000000e+02 2.392869982136332681e+02 0.000000000000000000e+00 0.000000000000000000e+00
3.030000000000000000e+02 2.401790616750280662e+02 0.000000000000000000e+00 0.000000000000000000e+00
3.040000000000000000e+02 2.412664216742486474e+02 0.000000000000000000e+00 0.000000000000000000e+00
3.050000000000000000e+02 2.420633454714342179e+02 0.000000000000000000e+00 0.000000000000000000e+00
3.060000000000000000e+02 2.426274925612058269e+02 0.000000000000000000e+00 0.000000000000000000e+00
3.070000000000000000e+02 2.446228780870052049e+02 0.000000000000000000e+00 0.000000000000000000e+00
3.080000000000000000e+02 2.458905268383634279e+02 0.000000000000000000e+00 0.000000000000000000e+00
3.090000000000000000e+02 2.461870305072246197e+02 0.000000000000000000e+00 0.000000000000000000e+00
3.100000000000000000e+02 2.469452022447354125e+02 0.000000000000000000e+00 0.000000000000000000e+00
3.110000000000000000e+02 2.474508075980315027e+02 0.000000000000000000e+00 0.000000000000000000e+00
3.120000000000000000e+02 2.487367187251471421e+02 0.000000000000000000e+00 0.000000000000000000e+00
3.130000000000000000e+02 2.508749175375380389e+02 0.000000000000000000e+00 0.000000000000000000e+00
3.140000000000000000e+02 2.499525262771996381e+02 0.000000000000000000e+00 0.000000000000000000e+00
3.150000000000000000e+02 2.527502338665926800e+02 0.000000000000000000e+00 0.000000000000000000e+00
3.160000000000000000e+02 2.530198894588725693e+02 0.000000000000000000e+00 0.000000000000000000e+00
3.170000000000000000e+02 2.543394406428263324e+02 0.000000000000000000e+00 0.000000000000000000e+00
3.180000000000000000e+02 2.550717413639908102e+02 0.000000000000000000e+00 0.000000000000000000e+00
3.190000000000000000e+02 2.561587227820672865e+02 0.000000000000000000e+00 0.000000000000000000e+00
3.200000000000000000e+02 2.577734797346056439e+02 0.000000000000000000e+00 0.000000000000000000e+00
3.210000000000000000e+02 2.585498779557597686e+02 0.000000000000000000e+00 0.000000000000000000e+00
3.220000000000000000e+02 2.590110004218952326e+02 0.000000000000000000e+00 0.000000000000000000e+00
3.230000000000000000e+02 2.601314213657298069e+02 0.000000000000000000e+00 0.000000000000000000e+00
3.240000000000000000e+02 2.611525419090390301e+02 1.000000000000000000e+00 0.000000000000000000e+00
3.250000000000000000e+02 2.604498692397843342e+02 1.000000000000000000e+00 0.000000000000000000e+00
3.260000000000000000e+02 2.607831302427202900e+02 0.000000000000000000e+00 0.000000000000000000e+00
3.270000000000000000e+02 2.618932945672777350e+02 0.000000000000000000e+00 0.000000000000000000e+00
3.280000000000000000e+02 2.611145521507566514e+02 1.000000000000000000e+00 0.000000000000000000e+00
3.290000000000000000e+02 2.631539336007588190e+02 0.000000000000000000e+00 0.000000000000000000e+00
3.300000000000000000e+02 2.632780384328549417e+02 0.000000000000000000e+00 0.000000000000000000e+00
3.310000000000000000e+02 2.635444216250089084e+02 1.000000000000000000e+00 0.000000000000000000e+00
3.320000000000000000e+02 2.643190273923394784e+02 1.000000000000000000e+00 0.000000000000000000e+00
3.330000000000000000e+02 2.641214186332398413e+02 1.000000000000000000e+00 0.000000000000000000e+00
3.340000000000000000e+02 2.651630878744476831e+02 0.000000000000000000e+00 0.000000000000000000e+00
3.350000000000000000e+02 2.664999156505073188e+02 0.000000000000000000e+00 0.000000000000000000e+00
3.360000000000000000e+02 2.668329840910959661e+02 0.000000000000000000e+00 0.000000000000000000e+00
3.370000000000000000e+02 2.690711097949125019e+02 0.000000000000000000e+00 0.000000000000000000e+00
3.380000000000000000e+02 2.694193970458616718e+02 0.000000000000000000e+00 0.000000000000000000e+00
3.390000000000000000e+02 2.697579495870872393e+02 0.000000000000000000e+00 0.000000000000000000e+00
3.400000000000000000e+02 2.709163769286537899e+02 0.000000000000000000e+00 0.000000000000000000e+00
3.410000000000000000e+02 2.721533565064040658e+02 0.000000000000000000e+00 0.000000000000000000e+00
3.420000000000000000e+02 2.725454997210325701e+02 0.000000000000000000e+00 0.000000000000000000e+00
3.430000000000000000e+02 2.739634722504289925e+02 0.000000000000000000e+00 0.000000000000000000e+00
3.440000000000000000e+02 2.743509331969175946e+02 0.000000000000000000e+00 0.000000000000000000e+00
3.450000000000000000e+02 2.763692789581031661e+02 0.000000000000000000e+00 0.000000000000000000e+00
3.460000000000000000e+02 2.760534830872955467e+02 1.000000000000000000e+00 0.000000000000000000e+00
3.470000000000000000e+02 2.766136131487909324e+02 1.000000000000000000e+00 0.000000000000000000e+00
3.480000000000000000e+02 2.772028821977552298e+02 0.000000000000000000e+00 0.000000000000000000e+00
3.490000000000000000e+02 2.778346752733355061e+02 0.000000000000000000e+00 0.000000000000000000e+00
3.500000000000000000e+02 2.779797218276214039e+02 1.000000000000000000e+00 0.000000000000000000e+00
3.510000000000000000e+02 2.793658841440955030e+02 1.000000000000000000e+00 0.000000000000000000e+00
3.520000000000000000e+02 2.778365763061003690e+02 2.000000000000000000e+00 0.000000000000000000e+00
3.530000000000000000e+02 2.773806024153119552e+02 1.000000000000000000e+00 0.000000000000000000e+00
3.540000000000000000e+02 2.780619233473587428e+02 0.000000000000000000e+00 0.000000000000000000e+00
3.550000000000000000e+02 2.792784291226592472e+02 0.000000000000000000e+00 0.000000000000000000e+00
3.560000000000000000e+02 2.801970525104517833e+02 0.000000000000000000e+00 0.000000000000000000e+00
3.570000000000000000e+02 2.817766788858955351e+02 0.000000000000000000e+00 0.000000000000000000e+00
3.580000000000000000e+02 2.816672277535396347e+02 0.000000000000000000e+00 0.000000000000000000e+00
3.590000000000000000e+02 2.813847665969103105e+02 1.000000000000000000e+00 0.000000000000000000e+00
3.600000000000000000e+02 2.832589594545044065e+02 0.000000000000000000e+00 0.000000000000000000e+00
3.610000000000000000e+02 2.843681922687669044e+02 0.000000000000000000e+00 0.000000000000000000e+00
3.620000000000000000e+02 2.844429398315596700e+02 0.000000000000000000e+00 0.000000000000000000e+00
3.630000000000000000e+02 2.859031679459242241e+02 0.000000000000000000e+00 0.000000000000000000e+00
3.640000000000000000e+02 2.882739439774616699e+02 0.000000000000000000e+00 0.000000000000000000e+00
3.650000000000000000e+02 2.875321645249785547e+02 0.000000000000000000e+00 0.000000000000000000e+00
3.660000000000000000e+02 2.891196775708540372e+02 0.000000000000000000e+00 0.000000000000000000e+00
3.670000000000000000e+02 2.899543782661664295e+02 0.000000000000000000e+00 0.000000000000000000e+00
3.680000000000000000e+02 2.912820940038942581e+02 0.000000000000000000e+00 0.000000000000000000e+00
3.690000000000000000e+02 2.925636394610053230e+02 0.000000000000000000e+00 0.000000000000000000e+00
3.700000000000000000e+02 2.928122749455291682e+02 0.000000000000000000e+00 0.000000000000000000e+00
3.710000000000000000e+02 2.943432416969900487e+02 0.000000000000000000e+00 0.000000000000000000e+00
3.720000000000000000e+02 2.955185741926486003e+02 0.000000000000000000e+00 0.000000000000000000e+00
3.730000000000000000e+02 2.954155232605666583e+02 0.000000000000000000e+00 0.000000000000000000e+00
3.740000000000000000e+02 2.971845725637743385e+02 0.000000000000000000e+00 0.000000000000000000e+00
3.750000000000000000e+02 2.984426953892183860e+02 0.000000000000000000e+00 0.000000000000000000e+00
3.760000000000000000e+02 2.981505204679764915e+02 0.000000000000000000e+00 0.000000000000000000e+00
3.770000000000000000e+02 3.012659205532955866e+02 0.000000000000000000e+00 0.000000000000000000e+00
3.780000000000000000e+02 3.013058021427050335e+02 0.000000000000000000e+00 0.000000000000000000e+00
3.790000000000000000e+02 3.024501704735802718e+02 0.000000000000000000e+00 0.000000000000000000e+00
3.800000000000000000e+02 3.022116674736811319e+02 1.000000000000000000e+00 0.000000000000000000e+00
3.810000000000000000e+02 3.009355074897090958e+02 2.000000000000000000e+00 0.000000000000000000e+00
3.820000000000000000e+02 3.007275180597764574e+02 2.000000000000000000e+00 0.000000000000000000e+00
3.830000000000000000e+02 3.011010322104344823e+02 0.000000000000000000e+00 0.000000000000000000e+00
3.840000000000000000e+02 2.997651683531408935e+02 2.000000000000000000e+00 0.000000000000000000e+00
3.850000000000000000e+02 3.018686305090232054e+02 0.000000000000000000e+00 0.000000000000000000e+00
3.860000000000000000e+02 3.015843081991562258e+02 0.000000000000000000e+00 0.000000000000000000e+00
3.870000000000000000e+02 3.036408134154103777e+02 0.000000000000000000e+00 0.000000000000000000e+00
3.880000000000000000e+02 3.046635348472117357e+02 0.000000000000000000e+00 0.000000000000000000e+00
3.890000000000000000e+02 3.038113015839810487e+02 1.000000000000000000e+00 0.000000000000000000e+00
3.900000000000000000e+02 3.050324915544491660e+02 0.000000000000000000e+00 0.000000000000000000e+00
3.910000000000000000e+02 3.058030735690973643e+02 0.000000000000000000e+00 0.000000000000000000e+00
3.920000000000000000e+02 3.065054727269661043e+02 0.000000000000000000e+00 0.000000000000000000e+00
3.930000000000000000e+02 3.077650891585753357e+02 0.000000000000000000e+00 0.000000000000000000e+00
3.940000000000000000e+02 3.091674813414268783e+02 0.000000000000000000e+00 0.000000000000000000e+00
3.950000000000000000e+02 3.102557957461689284e+02 0.000000000000000000e+00 0.000000000000000000e+00
3.960000000000000000e+02 3.109816684948882539e+02 1.000000000000000000e+00 0.000000000000000000e+00
3.970000000000000000e+02 3.113922681678590720e+02 0.000000000000000000e+00 0.000000000000000000e+00
3.980000000000000000e+02 3.125506750939287599e+02 0.000000000000000000e+00 0.000000000000000000e+00
3.990000000000000000e+02 3.125911289147424554e+02 0.000000000000000000e+00 0.000000000000000000e+00
4.000000000000000000e+02 3.135701986057705426e+02 0.000000000000000000e+00 0.000000000000000000e+00
4.010000000000000000e+02 3.139829139644701854e+02 0.000000000000000000e+00 0.000000000000000000e+00
4.020000000000000000e+02 3.157517287358681415e+02 0.000000000000000000e+00 0.000000000000000000e+00
4.030000000000000000e+02 3.170771404902067161e+02 0.000000000000000000e+00 0.000000000000000000e+00
4.040000000000000000e+02 3.181619437145482152e+02 0.000000000000000000e+00 0.000000000000000000e+00
4.050000000000000000e+02 3.184597376691523323e+02 0.000000000000000000e+00 0.000000000000000000e+00
4.060000000000000000e+02 3.197247430911669426e+02 0.000000000000000000e+00 0.000000000000000000e+00
4.070000000000000000e+02 3.202165388187759731e+02 0.000000000000000000e+00 0.000000000000000000e+00
4.080000000000000000e+02 3.224852246895613348e+02 0.000000000000000000e+00 0.000000000000000000e+00
4.090000000000000000e+02 3.227586041691999412e+02 0.000000000000000000e+00 0.000000000000000000e+00
4.100000000000000000e+02 3.236696096518758168e+02 1.000000000000000000e+00 0.000000000000000000e+00
4.110000000000000000e+02 3.247250099895804283e+02 0.000000000000000000e+00 0.000000000000000000e+00
4.120000000000000000e+02 3.246606857243000945e+02 0.000000000000000000e+00 0.000000000000000000e+00
4.130000000000000000e+02 3.261825853817994698e+02 0.000000000000000000e+00 0.000000000000000000e+00
4.140000000000000000e+02 3.244217195958221964e+02 2.000000000000000000e+00 0.000000000000000000e+00
4.150000000000000000e+02 3.254586132213944438e+02 0.000000000000000000e+00 0.000000000000000000e+00
4.160000000000000000e+02 3.266108116765243494e+02 0.000000000000000000e+00 0.000000000000000000e+00
4.170000000000000000e+02 3.276118379074371774e+02 0.000000000000000000e+00 0.000000000000000000e+00
4.180000000000000000e+02 3.289629210382146312e+02 0.000000000000000000e+00 0.000000000000000000e+00
4.190000000000000000e+02 3.301572913819120458e+02 0.000000000000000000e+00 0.000000000000000000e+00
4.200000000000000000e+02 3.307577427125284544e+02 0.000000000000000000e+00 0.000000000000000000e+00
4.210000000000000000e+02 3.322105701638186019e+02 0.000000000000000000e+00 0.000000000000000000e+00
4.220000000000000000e+02 3.331576587301119048e+02 0.000000000000000000e+00 0.000000000000000000e+00
4.230000000000000000e+02 3.342006832505273906e+02 0.000000000000000000e+00 0.000000000000000000e+00
4.240000000000000000e+02 3.353015075188608876e+02 0.000000000000000000e+00 0.000000000000000000e+00
4.250000000000000000e+02 3.363597368163778469e+02 0.000000000000000000e+00 0.000000000000000000e+00
4.260000000000000000e+02 3.367482661476725525e+02 0.000000000000000000e+00 0.000000000000000000e+00
4.270000000000000000e+02 3.386969673410259247e+02 0.000000000000000000e+00 0.000000000000000000e+00
4.280000000000000000e+02 3.383415482470338134e+02 0.000000000000000000e+00 0.000000000000000000e+00
4.290000000000000000e+02 3.400912863276515168e+02 0.000000000000000000e+00 0.000000000000000000e+00
4.300000000000000000e+02 3.414218573808387305e+02 0.000000000000000000e+00 0.000000000000000000e+00
4.310000000000000000e+02 3.419111018437316147e+02 0.000000000000000000e+00 0.000000000000000000e+00
4.320000000000000000e+02 3.426755030095330881e+02 0.000000000000000000e+00 0.000000000000000000e+00
4.330000000000000000e+02 3.437446260304394059e+02 0.000000000000000000e+00 0.000000000000000000e+00
4.340000000000000000e+02 3.445956707621193686e+02 0.000000000000000000e+00 0.000000000000000000e+00
4.350000000000000000e+02 3.455017664499599164e+02 0.000000000000000000e+00 0.000000000000000000e+00
4.360000000000000000e+02 3.477516242375452293e+02 0.000000000000000000e+00 0.000000000000000000e+00
4.370000000000000000e+02 3.463098743071301442e+02 1.000000000000000000e+00 0.000000000000000000e+00
4.380000000000000000e+02 3.466321057700045003e+02 2.000000000000000000e+00 0.000000000000000000e+00
4.390000000000000000e+02 3.477353553317925616e+02 0.000000000000000000e+00 0.000000000000000000e+00
4.400000000000000000e+02 3.486489634787434966e+02 0.000000000000000000e+00 0.000000000000000000e+00
4.410000000000000000e+02 3.494013374259009197e+02 0.000000000000000000e+00 0.000000000000000000e+00
4.420000000000000000e+02 3.506253950734847535e+02 0.000000000000000000e+00 0.000000000000000000e+00
4.430000000000000000e+02 3.503773408295680838e+02 0.000000000000000000e+00 0.000000000000000000e+00
4.440000000000000000e+02 3.517363783342036072e+02 0.000000000000000000e+00 0.000000000000000000e+00
4.450000000000000000e+02 3.531626715079100904e+02 0.000000000000000000e+00 0.000000000000000000e+00
4.460000000000000000e+02 3.545805892911483852e+02 0.000000000000000000e+00 0.000000000000000000e+00
4.470000000000000000e+02 3.544288497352818581e+02 0.000000000000000000e+00 0.000000000000000000e+00
4.480000000000000000e+02 3.562106302097421917e+02 0.000000000000000000e+00 0.000000000000000000e+00
4.490000000000000000e+02 3.574684191926782546e+02 0.000000000000000000e+00 0.000000000000000000e+00
4.500000000000000000e+02 3.582798699499812187e+02 0.000000000000000000e+00 0.000000000000000000e+00
4.510000000000000000e+02 3.586216957613176533e+02 1.000000000000000000e+00 0.000000000000000000e+00
4.520000000000000000e+02 3.596033575087662939e+02 0.000000000000000000e+00 0.000000000000000000e+00
4.530000000000000000e+02 3.595583274063342856e+02 0.000000000000000000e+00 0.000000000000000000e+00
4.540000000000000000e+02 3.613128546979787643e+02 0.000000000000000000e+00 0.000000000000000000e+00
4.550000000000000000e+02 3.621259195925257472e+02 0.000000000000000000e+00 0.000000000000000000e+00
4.560000000000000000e+02 3.630770482762507072e+02 0.000000000000000000e+00 0.000000000000000000e+00
4.570000000000000000e+02 3.640011129010254081e+02 0.000000000000000000e+00 0.000000000000000000e+00
4.580000000000000000e+02 3.651620771825691349e+02 0.000000000000000000e+00 0.000000000000000000e+00
4.590000000000000000e+02 3.653666591604921905e+02 0.000000000000000000e+00 0.000000000000000000e+00
4.600000000000000000e+02 3.664617470063931819e+02 1.000000000000000000e+00 0.000000000000000000e+00
4.610000000000000000e+02 3.651348922818902452e+02 2.000000000000000000e+00 0.000000000000000000e+00
4.620000000000000000e+02 3.644598422367684520e+02 2.000000000000000000e+00 0.000000000000000000e+00
4.630000000000000000e+02 3.643740045999056179e+02 0.000000000000000000e+00 0.000000000000000000e+00
4.640000000000000000e+02 3.658224112495402665e+02 0.000000000000000000e+00 0.000000000000000000e+00
4.650000000000000000e+02 3.668493814938809123e+02 0.000000000000000000e+00 0.000000000000000000e+00
4.660000000000000000e+02 3.687241422232827972e+02 0.000000000000000000e+00 0.000000000000000000e+00
4.670000000000000000e+02 3.692124404455058766e+02 0.000000000000000000e+00 0.000000000000000000e+00
4.680000000000000000e+02 3.699633753617502521e+02 0.000000000000000000e+00 0.000000000000000000e+00
4.690000000000000000e+02 3.712962999426446231e+02 0.000000000000000000e+00 0.000000000000000000e+00
4.700000000000000000e+02 3.715185183076904423e+02 0.000000000000000000e+00 0.000000000000000000e+00
4.710000000000000000e+02 3.736810803522178048e+02 0.000000000000000000e+00 0.000000000000000000e+00
4.720000000000000000e+02 3.745607097445003433e+02 0.000000000000000000e+00 0.000000000000000000e+00
4.730000000000000000e+02 3.752896104264112864e+02 0.000000000000000000e+00 0.000000000000000000e+00
4.740000000000000000e+02 3.762933768435123625e+02 0.000000000000000000e+00 0.000000000000000000e+00
4.750000000000000000e+02 3.751325220611868190e+02 2.000000000000000000e+00 0.000000000000000000e+00
4.760000000000000000e+02 3.731112016001690677e+02 2.000000000000000000e+00 0.000000000000000000e+00
4.770000000000000000e+02 3.753626874025579809e+02 0.000000000000000000e+00 0.000000000000000000e+00
4.780000000000000000e+02 3.764767342420587966e+02 0.000000000000000000e+00 0.000000000000000000e+00
4.790000000000000000e+02 3.773162182775504334e+02 0.000000000000000000e+00 0.000000000000000000e+00
4.800000000000000000e+02 3.771663760223806889e+02 1.000000000000000000e+00 0.000000000000000000e+00
4.810000000000000000e+02 3.778957088759177623e+02 0.000000000000000000e+00 0.000000000000000000e+00
4.820000000000000000e+02 3.788627353898828574e+02 0.000000000000000000e+00 0.000000000000000000e+00
4.830000000000000000e+02 3.800070852454831538e+02 0.000000000000000000e+00 0.000000000000000000e+00
4.840000000000000000e+02 3.815440807325280161e+02 0.000000000000000000e+00 0.000000000000000000e+00
4.850000000000000000e+02 3.812986363707635746e+02 0.000000000000000000e+00 0.000000000000000000e+00
4.860000000000000000e+02 3.834036668506797128e+02 0.000000000000000000e+00 0.000000000000000000e+00
4.870000000000000000e+02 3.837637586709342941e+02 0.000000000000000000e+00 0.000000000000000000e+00
4.880000000000000000e+02 3.846583015345003105e+02 0.000000000000000000e+00 0.000000000000000000e+00
4.890000000000000000e+02 3.854062237480933959e+02 0.000000000000000000e+00 0.000000000000000000e+00
4.900000000000000000e+02 3.869476249398410914e+02 0.000000000000000000e+00 0.000000000000000000e+00
4.910000000000000000e+02 3.879713089699530997e+02 0.000000000000000000e+00 0.000000000000000000e+00
4.920000000000000000e+02 3.887036011819840837e+02 0.000000000000000000e+00 0.000000000000000000e+00
4.930000000000000000e+02 3.897444073344444746e+02 0.000000000000000000e+00 0.000000000000000000e+00
4.940000000000000000e+02 3.907306783649167414e+02 0.000000000000000000e+00 0.000000000000000000e+00
4.950000000000000000e+02 3.920516044188161686e+02 0.000000000000000000e+00 0.000000000000000000e+00
4.960000000000000000e+02 3.925300520983889214e+02 0.000000000000000000e+00 0.000000000000000000e+00
4.970000000000000000e+02 3.949418124766463052e+02 0.000000000000000000e+00 0.000000000000000000e+00
4.980000000000000000e+02 3.950155713800328385e+02 0.000000000000000000e+00 0.000000000000000000e+00
4.990000000000000000e+02 3.963537987976461068e+02 0.000000000000000000e+00 0.000000000000000000e+00
5.000000000000000000e+02 3.977327869239437632e+02 0.000000000000000000e+00 0.000000000000000000e+00
5.010000000000000000e+02 3.978699149567657400e+02 0.000000000000000000e+00 0.000000000000000000e+00
5.020000000000000000e+02 3.997880271723299188e+02 0.000000000000000000e+00 0.000000000000000000e+00
5.030000000000000000e+02 3.998729807604856319e+02 0.000000000000000000e+00 0.000000000000000000e+00
5.040000000000000000e+02 4.000582076647567646e+02 0.000000000000000000e+00 0.000000000000000000e+00
5.050000000000000000e+02 4.023654866119238704e+02 0.000000000000000000e+00 0.000000000000000000e+00
5.060000000000000000e+02 4.034534953989485189e+02 0.000000000000000000e+00 0.000000000000000000e+00
5.070000000000000000e+02 4.044127757298587085e+02 0.000000000000000000e+00 0.000000000000000000e+00
5.080000000000000000e+02 4.041456525592550975e+02 0.000000000000000000e+00 0.000000000000000000e+00
5.090000000000000000e+02 4.065957808949930836e+02 0.000000000000000000e+00 0.000000000000000000e+00
5.100000000000000000e+02 4.063399119423611978e+02 1.000000000000000000e+00 0.000000000000000000e+00
5.110000000000000000e+02 4.068007431407479544e+02 0.000000000000000000e+00 0.000000000000000000e+00
5.120000000000000000e+02 4.072154518655626134e+02 1.000000000000000000e+00 0.000000000000000000e+00
5.130000000000000000e+02 4.077532435869075016e+02 0.000000000000000000e+00 0.000000000000000000e+00
5.140000000000000000e+02 4.073705800396178915e+02 2.000000000000000000e+00 0.000000000000000000e+00
5.150000000000000000e+02 4.067999932578468929e+02 1.000000000000000000e+00 0.000000000000000000e+00
5.160000000000000000e+02 4.077724596057159943e+02 0.000000000000000000e+00 0.000000000000000000e+00
5.170000000000000000e+02 4.089070605336061703e+02 0.000000000000000000e+00 0.000000000000000000e+00
5.180000000000000000e+02 4.100111577237760230e+02 0.000000000000000000e+00 0.000000000000000000e+00
5.190000000000000000e+02 4.103090093903887237e+02 1.000000000000000000e+00 0.000000000000000000e+00
5.200000000000000000e+02 4.104988968304942887e+02 0.000000000000000000e+00 0.000000000000000000e+00
5.210000000000000000e+02 4.124028014750435887e+02 0.000000000000000000e+00 0.000000000000000000e+00
5.220000000000000000e+02 4.123983812828141708e+02 0.000000000000000000e+00 0.000000000000000000e+00
5.230000000000000000e+02 4.141273194937372182e+02 0.000000000000000000e+00 0.000000000000000000e+00
5.240000000000000000e+02 4.151183921117506657e+02 0.000000000000000000e+00 0.000000000000000000e+00
5.250000000000000000e+02 4.149944857530600189e+02 1.000000000000000000e+00 0.000000000000000000e+00
5.260000000000000000e+02 4.162202792242817395e+02 0.000000000000000000e+00 0.000000000000000000e+00
5.270000000000000000e+02 4.174127316176393379e+02 0.000000000000000000e+00 0.000000000000000000e+00
5.280000000000000000e+02 4.173678829907399859e+02 0.000000000000000000e+00 0.000000000000000000e+00
5.290000000000000000e+02 4.189693768689845683e+02 0.000000000000000000e+00 0.000000000000000000e+00
5.300000000000000000e+02 4.192614506164639465e+02 0.000000000000000000e+00 0.000000000000000000e+00
5.310000000000000000e+02 4.209604293850406975e+02 0.000000000000000000e+00 0.000000000000000000e+00
5.320000000000000000e+02 4.226797723005752232e+02 0.000000000000000000e+00 0.000000000000000000e+00
5.330000000000000000e+02 4.210888854266200951e+02 2.000000000000000000e+00 0.000000000000000000e+00
5.340000000000000000e+02 4.217560669602889334e+02 1.000000000000000000e+00 0.000000000000000000e+00
5.350000000000000000e+02 4.217616760774482145e+02 0.000000000000000000e+00 0.000000000000000000e+00
5.360000000000000000e+02 4.226625225568332667e+02 0.000000000000000000e+00 0.000000000000000000e+00
5.370000000000000000e+02 4.240955395118125466e+02 0.000000000000000000e+00 0.000000000000000000e+00
5.380000000000000000e+02 4.226087909911274210e+02 2.000000000000000000e+00 0.000000000000000000e+00
5.390000000000000000e+02 4.244390445135604750e+02 0.000000000000000000e+00 0.000000000000000000e+00
5.400000000000000000e+02 4.255799774075351820e+02 0.000000000000000000e+00 0.000000000000000000e+00
5.410000000000000000e+02 4.262867780541499769e+02 0.000000000000000000e+00 0.000000000000000000e+00
5.420000000000000000e+02 4.266430412724268990e+02 0.000000000000000000e+00 0.000000000000000000e+00
5.430000000000000000e+02 4.286406508701588223e+02 0.000000000000000000e+00 0.000000000000000000e+00
5.440000000000000000e+02 4.294538966421378063e+02 0.000000000000000000e+00 0.000000000000000000e+00
5.450000000000000000e+02 4.302286927631693061e+02 0.000000000000000000e+00 0.000000000000000000e+00
5.460000000000000000e+02 4.304858719056920222e+02 0.000000000000000000e+00 0.000000000000000000e+00
5.470000000000000000e+02 4.317098857179894935e+02 0.000000000000000000e+00 0.000000000000000000e+00
5.480000000000000000e+02 4.320345177504981393e+02 1.000000000000000000e+00 0.000000000000000000e+00
5.490000000000000000e+02 4.330811121793897200e+02 0.000000000000000000e+00 0.000000000000000000e+00
5.500000000000000000e+02 4.349143506434297137e+02 0.000000000000000000e+00 0.000000000000000000e+00
5.510000000000000000e+02 4.342602992664599810e+02 0.000000000000000000e+00 0.000000000000000000e+00
5.520000000000000000e+02 4.361959640985990632e+02 0.000000000000000000e+00 0.000000000000000000e+00
5.530000000000000000e+02 4.368636226713696260e+02 0.000000000000000000e+00 0.000000000000000000e+00
5.540000000000000000e+02 4.377934109624218308e+02 0.000000000000000000e+00 0.000000000000000000e+00
5.550000000000000000e+02 4.390472344483229108e+02 0.000000000000000000e+00 0.000000000000000000e+00
5.560000000000000000e+02 4.401300209125828360e+02 0.000000000000000000e+00 0.000000000000000000e+00
5.570000000000000000e+02 4.404180601844221883e+02 0.000000000000000000e+00 0.000000000000000000e+00
5.580000000000000000e+02 4.423080911504522419e+02 0.000000000000000000e+00 0.000000000000000000e+00
5.590000000000000000e+02 4.433651918405464016e+02 0.000000000000000000e+00 0.000000000000000000e+00
5.600000000000000000e+02 4.441796118879008191e+02 0.000000000000000000e+00 0.000000000000000000e+00
5.610000000000000000e+02 4.448456732505175637e+02 0.000000000000000000e+00 0.000000000000000000e+00
5.620000000000000000e+02 4.453946120523751233e+02 0.000000000000000000e+00 0.000000000000000000e+00
5.630000000000000000e+02 4.466859951090038408e+02 0.000000000000000000e+00 0.000000000000000000e+00
5.640000000000000000e+02 4.463673034297394793e+02 2.000000000000000000e+00 0.000000000000000000e+00
5.650000000000000000e+02 4.440807063886952051e+02 2.000000000000000000e+00 0.000000000000000000e+00
5.660000000000000000e+02 4.464277979852021758e+02 0.000000000000000000e+00 0.000000000000000000e+00
5.670000000000000000e+02 4.469820375252523945e+02 0.000000000000000000e+00 0.000000000000000000e+00
5.680000000000000000e+02 4.477339254480355635e+02 0.000000000000000000e+00 0.000000000000000000e+00
5.690000000000000000e+02 4.470355691960385229e+02 2.000000000000000000e+00 0.000000000000000000e+00
5.700000000000000000e+02 4.481366931171729107e+02 0.000000000000000000e+00 0.000000000000000000e+00
5.710000000000000000e+02 4.494222312608829384e+02 0.000000000000000000e+00 0.000000000000000000e+00
5.720000000000000000e+02 4.500452109775180247e+02 0.000000000000000000e+00 0.000000000000000000e+00
5.730000000000000000e+02 4.513001734275515560e+02 0.000000000000000000e+00 0.000000000000000000e+00
5.740000000000000000e+02 4.513368461450161249e+02 0.000000000000000000e+00 0.000000000000000000e+00
5.750000000000000000e+02 4.529358280090322069e+02 0.000000000000000000e+00 0.000000000000000000e+00
5.760000000000000000e+02 4.530493326592460903e+02 0.000000000000000000e+00 0.000000000000000000e+00
5.770000000000000000e+02 4.549316883330254768e+02 0.000000000000000000e+00 0.000000000000000000e+00
5.780000000000000000e+02 4.551525718214457470e+02 0.000000000000000000e+00 0.000000000000000000e+00
5.790000000000000000e+02 4.561593725145603457e+02 0.000000000000000000e+00 0.000000000000000000e+00
5.800000000000000000e+02 4.588192948000025808e+02 0.000000000000000000e+00 0.000000000000000000e+00
5.810000000000000000e+02 4.590595371231818831e+02 0.000000000000000000e+00 0.000000000000000000e+00
5.820000000000000000e+02 4.608537748910379150e+02 0.000000000000000000e+00 0.000000000000000000e+00
5.830000000000000000e+02 4.617570744011258057e+02 0.000000000000000000e+00 0.000000000000000000e+00
5.840000000000000000e+02 4.624031290266473775e+02 0.000000000000000000e+00 0.000000000000000000e+00
5.850000000000000000e+02 4.626369881163659556e+02 0.000000000000000000e+00 0.000000000000000000e+00
5.860000000000000000e+02 4.647396953937843591e+02 0.000000000000000000e+00 0.000000000000000000e+00
5.870000000000000000e+02 4.644522119671378846e+02 0.000000000000000000e+00 0.000000000000000000e+00
5.880000000000000000e+02 4.661867184442807570e+02 0.000000000000000000e+00 0.000000000000000000e+00
5.890000000000000000e+02 4.670472621628610455e+02 0.000000000000000000e+00 0.000000000000000000e+00
5.900000000000000000e+02 4.684018711017826035e+02 0.000000000000000000e+00 0.000000000000000000e+00
5.910000000000000000e+02 4.691436423107131759e+02 0.000000000000000000e+00 0.000000000000000000e+00
5.920000000000000000e+02 4.702908981474523102e+02 0.000000000000000000e+00 0.000000000000000000e+00
5.930000000000000000e+02 4.699676276172478993e+02 2.000000000000000000e+00 0.000000000000000000e+00
5.940000000000000000e+02 4.677795509105837368e+02 2.000000000000000000e+00 0.000000000000000000e+00
5.950000000000000000e+02 4.695781599761025404e+02 0.000000000000000000e+00 0.000000000000000000e+00
5.960000000000000000e+02 4.693013681054788435e+02 0.000000000000000000e+00 0.000000000000000000e+00
5.970000000000000000e+02 4.686850471401133973e+02 2.000000000000000000e+00 0.000000000000000000e+00
5.980000000000000000e+02 4.705787983963215311e+02 0.000000000000000000e+00 0.000000000000000000e+00
5.990000000000000000e+02 4.720167099274254383e+02 0.000000000000000000e+00 0.000000000000000000e+00
6.000000000000000000e+02 4.710194524399237253e+02 0.000000000000000000e+00 0.000000000000000000e+00
6.010000000000000000e+02 4.733609440208893488e+02 0.000000000000000000e+00 0.000000000000000000e+00
6.020000000000000000e+02 4.740714244604595820e+02 0.000000000000000000e+00 0.000000000000000000e+00
6.030000000000000000e+02 4.749920747417655775e+02 0.000000000000000000e+00 0.000000000000000000e+00
6.040000000000000000e+02 4.747945048233063403e+02 2.000000000000000000e+00 0.000000000000000000e+00
6.050000000000000000e+02 4.738355539716312137e+02 2.000000000000000000e+00 0.000000000000000000e+00
6.060000000000000000e+02 4.739809462413134042e+02 0.000000000000000000e+00 0.000000000000000000e+00
6.070000000000000000e+02 4.750038612235852611e+02 0.000000000000000000e+00 0.000000000000000000e+00
6.080000000000000000e+02 4.758567404813223902e+02 0.000000000000000000e+00 0.000000000000000000e+00
6.090000000000000000e+02 4.769474770402488844e+02 0.000000000000000000e+00 0.000000000000000000e+00
6.100000000000000000e+02 4.773575400287608659e+02 0.000000000000000000e+00 0.000000000000000000e+00
6.110000000000000000e+02 4.798631045579691090e+02 0.000000000000000000e+00 0.000000000000000000e+00
6.120000000000000000e+02 4.808362476259526943e+02 0.000000000000000000e+00 0.000000000000000000e+00
6.130000000000000000e+02 4.812283499231876931e+02 0.000000000000000000e+00 0.000000000000000000e+00
6.140000000000000000e+02 4.813617429025958927e+02 0.000000000000000000e+00 0.000000000000000000e+00
6.150000000000000000e+02 4.831510582295417180e+02 0.000000000000000000e+00 0.000000000000000000e+00
6.160000000000000000e+02 4.837987883192914182e+02 0.000000000000000000e+00 0.000000000000000000e+00
6.170000000000000000e+02 4.862377469070403322e+02 0.000000000000000000e+00 0.000000000000000000e+00
6.180000000000000000e+02 4.861278114063029534e+02 0.000000000000000000e+00 0.000000000000000000e+00
6.190000000000000000e+02 4.865972519799072984e+02 0.000000000000000000e+00 0.000000000000000000e+00
6.200000000000000000e+02 4.873602442599361666e+02 0.000000000000000000e+00 0.000000000000000000e+00
6.210000000000000000e+02 4.896687651426160528e+02 0.000000000000000000e+00 0.000000000000000000e+00
6.220000000000000000e+02 4.902252471595368206e+02 0.000000000000000000e+00 0.000000000000000000e+00
6.230000000000000000e+02 4.911837652775915899e+02 0.000000000000000000e+00 0.000000000000000000e+00
6.240000000000000000e+02 4.920800465420107344e+02 0.000000000000000000e+00 0.000000000000000000e+00
6.250000000000000000e+02 4.930472368638469902e+02 0.000000000000000000e+00 0.000000000000000000e+00
6.260000000000000000e+02 4.940203727344751883e+02 0.000000000000000000e+00 0.000000000000000000e+00
6.270000000000000000e+02 4.954324312805407544e+02 0.000000000000000000e+00 0.000000000000000000e+00
6.280000000000000000e+02 4.958863287225545378e+02 0.000000000000000000e+00 0.000000000000000000e+00
6.290000000000000000e+02 4.969267288028299276e+02 0.000000000000000000e+00 0.000000000000000000e+00
6.300000000000000000e+02 4.979954665530659668e+02 0.000000000000000000e+00 0.000000000000000000e+00
6.310000000000000000e+02 4.988630779802174402e+02 0.000000000000000000e+00 0.000000000000000000e+00
6.320000000000000000e+02 5.000419795486192811e+02 0.000000000000000000e+00 0.000000000000000000e+00
6.330000000000000000e+02 5.013475325028839507e+02 0.000000000000000000e+00 0.000000000000000000e+00
6.340000000000000000e+02 5.022063834393929369e+02 0.000000000000000000e+00 0.000000000000000000e+00
6.350000000000000000e+02 5.033122610259542853e+02 0.000000000000000000e+00 0.000000000000000000e+00
6.360000000000000000e+02 5.039627932345306363e+02 0.000000000000000000e+00 0.000000000000000000e+00
6.370000000000000000e+02 5.046493448524367409e+02 0.000000000000000000e+00 0.000000000000000000e+00
6.380000000000000000e+02 5.057290271875235703e+02 0.000000000000000000e+00 0.000000000000000000e+00
6.390000000000000000e+02 5.069327149986341396e+02 0.000000000000000000e+00 0.000000000000000000e+00
6.400000000000000000e+02 5.076112268041124480e+02 0.000000000000000000e+00 0.000000000000000000e+00
6.410000000000000000e+02 5.089096116992946577e+02 0.000000000000000000e+00 0.000000000000000000e+00
6.420000000000000000e+02 5.110294981712778508e+02 0.000000000000000000e+00 0.000000000000000000e+00
6.430000000000000000e+02 5.115086444595026478e+02 0.000000000000000000e+00 0.000000000000000000e+00
6.440000000000000000e+02 5.118747310744494143e+02 0.000000000000000000e+00 0.000000000000000000e+00
6.450000000000000000e+02 5.134159206266904221e+02 0.000000000000000000e+00 0.000000000000000000e+00
6.460000000000000000e+02 5.147590902507323563e+02 0.000000000000000000e+00 0.000000000000000000e+00
6.470000000000000000e+02 5.142559243912025977e+02 0.000000000000000000e+00 0.000000000000000000e+00
6.480000000000000000e+02 5.160980662468115270e+02 0.000000000000000000e+00 0.000000000000000000e+00
6.490000000000000000e+02 5.167911314422465239e+02 0.000000000000000000e+00 0.000000000000000000e+00
6.500000000000000000e+02 5.170556188414052485e+02 0.000000000000000000e+00 0.000000000000000000e+00
6.510000000000000000e+02 5.168568477225351216e+02 2.000000000000000000e+00 0.000000000000000000e+00
6.520000000000000000e+02 5.164932223175920853e+02 2.000000000000000000e+00 0.000000000000000000e+00
6.530000000000000000e+02 5.178633436959383971e+02 0.000000000000000000e+00 0.000000000000000000e+00
6.540000000000000000e+02 5.156626803986719096e+02 2.000000000000000000e+00 0.000000000000000000e+00
6.550000000000000000e+02 5.148842617381095579e+02 2.000000000000000000e+00 0.000000000000000000e+00
6.560000000000000000e+02 5.153220519033467326e+02 1.000000000000000000e+00 0.000000000000000000e+00
6.570000000000000000e+02 5.164199742977027654e+02 0.000000000000000000e+00 0.000000000000000000e+00
6.580000000000000000e+02 5.170719215250467187e+02 0.000000000000000000e+00 0.000000000000000000e+00
6.590000000000000000e+02 5.183882513404147403e+02 0.000000000000000000e+00 0.000000000000000000e+00
6.600000000000000000e+02 5.190615114599376057e+02 0.000000000000000000e+00 0.000000000000000000e+00
6.610000000000000000e+02 5.199047981873674189e+02 0.000000000000000000e+00 0.000000000000000000e+00
6.620000000000000000e+02 5.214947744239431131e+02 0.000000000000000000e+00 0.000000000000000000e+00
6.630000000000000000e+02 5.223386588409183560e+02 0.000000000000000000e+00 0.000000000000000000e+00
6.640000000000000000e+02 5.221207664604276033e+02 1.000000000000000000e+00 0.000000000000000000e+00
6.650000000000000000e+02 5.233081386692724664e+02 0.000000000000000000e+00 0.000000000000000000e+00
6.660000000000000000e+02 5.233783489784362928e+02 0.000000000000000000e+00 0.000000000000000000e+00
6.670000000000000000e+02 5.246523400253062164e+02 0.000000000000000000e+00 0.000000000000000000e+00
6.680000000000000000e+02 5.265756837783040964e+02 0.000000000000000000e+00 0.000000000000000000e+00
6.690000000000000000e+02 5.273546974297229326e+02 0.000000000000000000e+00 0.000000000000000000e+00
6.700000000000000000e+02 5.273569461536110339e+02 0.000000000000000000e+00 0.000000000000000000e+00
6.710000000000000000e+02 5.279400118483226834e+02 0.000000000000000000e+00 0.000000000000000000e+00
6.720000000000000000e+02 5.279790711204695981e+02 1.000000000000000000e+00 0.000000000000000000e+00
6.730000000000000000e+02 5.293938591545377221e+02 1.000000000000000000e+00 0.000000000000000000e+00
6.740000000000000000e+02 5.301259029186966245e+02 0.000000000000000000e+00 0.000000000000000000e+00
6.750000000000000000e+02 5.312107933801603394e+02 0.000000000000000000e+00 0.000000000000000000e+00
6.760000000000000000e+02 5.322691975720377968e+02 0.000000000000000000e+00 0.000000000000000000e+00
6.770000000000000000e+02 5.326582700365916025e+02 0.000000000000000000e+00 0.000000000000000000e+00
6.780000000000000000e+02 5.346920572486357059e+02 0.000000000000000000e+00 0.000000000000000000e+00
6.790000000000000000e+02 5.339954869605379599e+02 0.000000000000000000e+00 0.000000000000000000e+00
6.800000000000000000e+02 5.357209239540574117e+02 0.000000000000000000e+00 0.000000000000000000e+00
6.810000000000000000e+02 5.366502764609042515e+02 0.000000000000000000e+00 0.000000000000000000e+00
6.820000000000000000e+02 5.381332104713314948e+02 0.000000000000000000e+00 0.000000000000000000e+00
6.830000000000000000e+02 5.388422292514572973e+02 0.000000000000000000e+00 0.000000000000000000e+00
6.840000000000000000e+02 5.388640488356176093e+02 0.000000000000000000e+00 0.000000000000000000e+00
6.850000000000000000e+02 5.413748668174772547e+02 0.000000000000000000e+00 0.000000000000000000e+00
6.860000000000000000e+02 5.397348946699000862e+02 2.000000000000000000e+00 0.000000000000000000e+00
6.870000000000000000e+02 5.409203506395741670e+02 0.000000000000000000e+00 0.000000000000000000e+00
6.880000000000000000e+02 5.408106918096945037e+02 0.000000000000000000e+00 0.000000000000000000e+00
6.890000000000000000e+02 5.427796586076749463e+02 0.000000000000000000e+00 0.000000000000000000e+00
6.900000000000000000e+02 5.432246261895701309e+02 1.000000000000000000e+00 0.000000000000000000e+00
6.910000000000000000e+02 5.446656450854771947e+02 0.000000000000000000e+00 0.000000000000000000e+00
6.920000000000000000e+02 5.453543239549065902e+02 0.000000000000000000e+00 0.000000000000000000e+00
6.930000000000000000e+02 5.460524558545682794e+02 0.000000000000000000e+00 0.000000000000000000e+00
6.940000000000000000e+02 5.481896128257905048e+02 0.000000000000000000e+00 0.000000000000000000e+00
6.950000000000000000e+02 5.491709621291588519e+02 0.000000000000000000e+00 0.000000000000000000e+00
6.960000000000000000e+02 5.488785684777448068e+02 0.000000000000000000e+00 0.000000000000000000e+00
6.970000000000000000e+02 5.499749784862912065e+02 0.000000000000000000e+00 0.000000000000000000e+00
6.980000000000000000e+02 5.511679344478143321e+02 0.000000000000000000e+00 0.000000000000000000e+00
6.990000000000000000e+02 5.512588240094520415e+02 0.000000000000000000e+00 0.000000000000000000e+00
7.000000000000000000e+02 5.534879660333668880e+02 0.000000000000000000e+00 0.000000000000000000e+00
7.010000000000000000e+02 5.540511914275377876e+02 0.000000000000000000e+00 0.000000000000000000e+00
7.020000000000000000e+02 5.557424445773295929e+02 0.000000000000000000e+00 0.000000000000000000e+00
7.030000000000000000e+02 5.555025093169384718e+02 0.000000000000000000e+00 0.000000000000000000e+00
7.040000000000000000e+02 5.571884902462093123e+02 0.000000000000000000e+00 0.000000000000000000e+00
7.050000000000000000e+02 5.579366480666739108e+02 0.000000000000000000e+00 0.000000000000000000e+00
7.060000000000000000e+02 5.586591454141449731e+02 0.000000000000000000e+00 0.000000000000000000e+00
7.070000000000000000e+02 5.597649368458733079e+02 0.000000000000000000e+00 0.000000000000000000e+00
7.080000000000000000e+02 5.606366184963374053e+02 0.000000000000000000e+00 0.000000000000000000e+00
7.090000000000000000e+02 5.633819050506698431e+02 0.000000000000000000e+00 0.000000000000000000e+00
7.100000000000000000e+02 5.639567554819102497e+02 0.000000000000000000e+00 0.000000000000000000e+00
7.110000000000000000e+02 5.644439809715029241e+02 0.000000000000000000e+00 0.000000000000000000e+00
7.120000000000000000e+02 5.650123640768376845e+02 0.000000000000000000e+00 0.000000000000000000e+00
7.130000000000000000e+02 5.652839039336072346e+02 0.000000000000000000e+00 0.000000000000000000e+00
7.140000000000000000e+02 5.670294852161418930e+02 0.000000000000000000e+00 0.000000000000000000e+00
7.150000000000000000e+02 5.666753466337695500e+02 2.000000000000000000e+00 0.000000000000000000e+00
7.160000000000000000e+02 5.667156011132686899e+02 0.000000000000000000e+00 0.000000000000000000e+00
7.170000000000000000e+02 5.672096604237484598e+02 0.000000000000000000e+00 0.000000000000000000e+00
7.180000000000000000e+02 5.686999943088281952e+02 0.000000000000000000e+00 0.000000000000000000e+00
7.190000000000000000e+02 5.701890475275142762e+02 0.000000000000000000e+00 0.000000000000000000e+00
7.200000000000000000e+02 5.714172933223305790e+02 0.000000000000000000e+00 0.000000000000000000e+00
7.210000000000000000e+02 5.727617038753834322e+02 0.000000000000000000e+00 0.000000000000000000e+00
7.220000000000000000e+02 5.724656131515679363e+02 0.000000000000000000e+00 0.000000000000000000e+00
7.230000000000000000e+02 5.745603737804103730e+02 0.000000000000000000e+00 0.000000000000000000e+00
7.240000000000000000e+02 5.756417421264042105e+02 0.000000000000000000e+00 0.000000000000000000e+00
7.250000000000000000e+02 5.757169633768763788e+02 0.000000000000000000e+00 0.000000000000000000e+00
7.260000000000000000e+02 5.758696412831297948e+02 0.000000000000000000e+00 0.000000000000000000e+00
7.270000000000000000e+02 5.781682385697226891e+02 0.000000000000000000e+00 0.000000000000000000e+00
7.280000000000000000e+02 5.785464445121419885e+02 0.000000000000000000e+00 0.000000000000000000e+00
7.290000000000000000e+02 5.793563942777157081e+02 0.000000000000000000e+00 0.000000000000000000e+00
7.300000000000000000e+02 5.811259314991175415e+02 0.000000000000000000e+00 0.000000000000000000e+00
7.310000000000000000e+02 5.808962306948229752e+02 0.000000000000000000e+00 0.000000000000000000e+00
7.320000000000000000e+02 5.826892328838027879e+02 0.000000000000000000e+00 0.000000000000000000e+00
7.330000000000000000e+02 5.837355536145175847e+02 0.000000000000000000e+00 0.000000000000000000e+00
7.340000000000000000e+02 5.853478560559693733e+02 0.000000000000000000e+00 0.000000000000000000e+00
7.350000000000000000e+02 5.868534855946687685e+02 0.000000000000000000e+00 0.000000000000000000e+00
7.360000000000000000e+02 5.880066557901325268e+02 0.000000000000000000e+00 0.000000000000000000e+00
7.370000000000000000e+02 5.874531454540091318e+02 0.000000000000000000e+00 0.000000000000000000e+00
7.380000000000000000e+02 5.895498861190385469e+02 0.000000000000000000e+00 0.000000000000000000e+00
7.390000000000000000e+02 5.899420771401825050e+02 0.000000000000000000e+00 0.000000000000000000e+00
7.400000000000000000e+02 5.904989017482234885e+02 0.000000000000000000e+00 0.000000000000000000e+00
7.410000000000000000e+02 5.916871517475202609e+02 0.000000000000000000e+00 0.000000000000000000e+00
7.420000000000000000e+02 5.927484047616547969e+02 0.000000000000000000e+00 0.000000000000000000e+00
7.430000000000000000e+02 5.943295983871157659e+02 0.000000000000000000e+00 0.000000000000000000e+00
7.440000000000000000e+02 5.950628283372412852e+02 0.000000000000000000e+00 0.000000000000000000e+00
7.450000000000000000e+02 5.964068331974715420e+02 0.000000000000000000e+00 0.000000000000000000e+00
7.460000000000000000e+02 5.971453040542500048e+02 0.000000000000000000e+00 0.000000000000000000e+00
7.470000000000000000e+02 5.980978676947133863e+02 0.000000000000000000e+00 0.000000000000000000e+00
7.480000000000000000e+02 5.970033871746973091e+02 2.000000000000000000e+00 0.000000000000000000e+00
7.490000000000000000e+02 5.954878002574250786e+02 2.000000000000000000e+00 0.000000000000000000e+00
7.500000000000000000e+02 5.969770505839401267e+02 0.000000000000000000e+00 0.000000000000000000e+00
7.510000000000000000e+02 5.975426986904498108e+02 0.000000000000000000e+00 0.000000000000000000e+00
7.520000000000000000e+02 5.984350959911685095e+02 1.000000000000000000e+00 0.000000000000000000e+00
7.530000000000000000e+02 5.988628310666085781e+02 0.000000000000000000e+00 0.000000000000000000e+00
7.540000000000000000e+02 5.999094155328108400e+02 0.000000000000000000e+00 0.000000000000000000e+00
7.550000000000000000e+02 6.011738127000903660e+02 0.000000000000000000e+00 0.000000000000000000e+00
7.560000000000000000e+02 6.024718925231386493e+02 0.000000000000000000e+00 0.000000000000000000e+00
7.570000000000000000e+02 6.035602057343959359e+02 0.000000000000000000e+00 0.000000000000000000e+00
7.580000000000000000e+02 6.035042672801997696e+02 0.000000000000000000e+00 0.000000000000000000e+00
7.590000000000000000e+02 6.061727929824492094e+02 0.000000000000000000e+00 0.000000000000000000e+00
7.600000000000000000e+02 6.062080024056738239e+02 0.000000000000000000e+00 0.000000000000000000e+00
7.610000000000000000e+02 6.072152457051139436e+02 0.000000000000000000e+00 0.000000000000000000e+00
7.620000000000000000e+02 6.065027766111154506e+02 1.000000000000000000e+00 0.000000000000000000e+00
7.630000000000000000e+02 6.081364607333814547e+02 0.000000000000000000e+00 0.000000000000000000e+00
7.640000000000000000e+02 6.088909265261419250e+02 0.000000000000000000e+00 0.000000000000000000e+00
7.650000000000000000e+02 6.093838408500911328e+02 0.000000000000000000e+00 0.000000000000000000e+00
7.660000000000000000e+02 6.120894420599582872e+02 0.000000000000000000e+00 0.000000000000000000e+00
7.670000000000000000e+02 6.113419224831989141e+02 1.000000000000000000e+00 0.000000000000000000e+00
7.680000000000000000e+02 6.118489624257696278e+02 0.000000000000000000e+00 0.000000000000000000e+00
7.690000000000000000e+02 6.131413422742324428e+02 0.000000000000000000e+00 0.000000000000000000e+00
7.700000000000000000e+02 6.141362767994876322e+02 0.000000000000000000e+00 0.000000000000000000e+00
7.710000000000000000e+02 6.158460346937131362e+02 0.000000000000000000e+00 0.000000000000000000e+00
7.720000000000000000e+02 6.149757996604085974e+02 0.000000000000000000e+00 0.000000000000000000e+00
7.730000000000000000e+02 6.178167429170856622e+02 0.000000000000000000e+00 0.000000000000000000e+00
7.740000000000000000e+02 6.182081925540109069e+02 0.000000000000000000e+00 0.000000000000000000e+00
7.750000000000000000e+02 6.199803984819524203e+02 0.000000000000000000e+00 0.000000000000000000e+00
7.760000000000000000e+02 6.197033874353354577e+02 0.000000000000000000e+00 0.000000000000000000e+00
7.770000000000000000e+02 6.207898480293451939e+02 0.000000000000000000e+00 0.000000000000000000e+00
7.780000000000000000e+02 6.220458441625354453e+02 0.000000000000000000e+00 0.000000000000000000e+00
7.790000000000000000e+02 6.229543253002092342e+02 0.000000000000000000e+00 0.000000000000000000e+00
7.800000000000000000e+02 6.235774380428835002e+02 0.000000000000000000e+00 0.000000000000000000e+00
7.810000000000000000e+02 6.249202922173443540e+02 0.000000000000000000e+00 0.000000000000000000e+00
7.820000000000000000e+02 6.253639280337407627e+02 0.000000000000000000e+00 0.000000000000000000e+00
7.830000000000000000e+02 6.271105234268737831e+02 0.000000000000000000e+00 0.000000000000000000e+00
7.840000000000000000e+02 6.281069330826879877e+02 0.000000000000000000e+00 0.000000000000000000e+00
7.850000000000000000e+02 6.296488959617927321e+02 0.000000000000000000e+00 0.000000000000000000e+00
7.860000000000000000e+02 6.306201618259983661e+02 0.000000000000000000e+00 0.000000000000000000e+00
7.870000000000000000e+02 6.313408797232805227e+02 0.000000000000000000e+00 0.000000000000000000e+00
7.880000000000000000e+02 6.322604652199009934e+02 0.000000000000000000e+00 0.000000000000000000e+00
7.890000000000000000e+02 6.319038251989320543e+02 1.000000000000000000e+00 0.000000000000000000e+00
7.900000000000000000e+02 6.328472262429327202e+02 0.000000000000000000e+00 0.000000000000000000e+00
7.910000000000000000e+02 6.338404087482018667e+02 0.000000000000000000e+00 0.000000000000000000e+00
7.920000000000000000e+02 6.348990005790593614e+02 0.000000000000000000e+00 0.000000000000000000e+00
7.930000000000000000e+02 6.356225387010658778e+02 0.000000000000000000e+00 0.000000000000000000e+00
7.940000000000000000e+02 6.373474349524041145e+02 0.000000000000000000e+00 0.000000000000000000e+00
7.950000000000000000e+02 6.388394189383567436e+02 0.000000000000000000e+00 0.000000000000000000e+00
7.960000000000000000e+02 6.381280029114853960e+02 1.000000000000000000e+00 0.000000000000000000e+00
7.970000000000000000e+02 6.390221922391243652e+02 0.000000000000000000e+00 0.000000000000000000e+00
7.980000000000000000e+02 6.399933849707401805e+02 0.000000000000000000e+00 0.000000000000000000e+00
7.990000000000000000e+02 6.418402715259738898e+02 0.000000000000000000e+00 0.000000000000000000e+00
8.000000000000000000e+02 6.416602339576077156e+02 0.000000000000000000e+00 0.000000000000000000e+00
