time	position	state	ATP_bound
1.000000000000000000e+00 9.686848592424612825e-01 0.000000000000000000e+00 0.000000000000000000e+00
2.000000000000000000e+00 1.968698338948912552e+00 0.000000000000000000e+00 0.000000000000000000e+00
3.000000000000000000e+00 2.694820643022527662e+00 0.000000000000000000e+00 0.000000000000000000e+00
4.000000000000000000e+00 3.965671075986208383e+00 0.000000000000000000e+00 0.000000000000000000e+00
5.000000000000000000e+00 5.940421094700205629e+00 0.000000000000000000e+00 0.000000000000000000e+00
6.000000000000000000e+00 6.255210963883427233e+00 0.000000000000000000e+00 0.000000000000000000e+00
7.000000000000000000e+00 6.841265813107475502e+00 0.000000000000000000e+00 0.000000000000000000e+00
8.000000000000000000e+00 7.465778962335963165e+00 0.000000000000000000e+00 0.000000000000000000e+00
9.000000000000000000e+00 9.151528934568570861e+00 0.000000000000000000e+00 0.000000000000000000e+00
1.000000000000000000e+01 9.493042171243240901e+00 0.000000000000000000e+00 0.000000000000000000e+00
1.100000000000000000e+01 1.119990340326653211e+01 0.000000000000000000e+00 0.000000000000000000e+00
1.200000000000000000e+01 1.214818358978692991e+01 0.000000000000000000e+00 0.000000000000000000e+00
1.300000000000000000e+01 1.214699253997950379e+01 0.000000000000000000e+00 0.000000000000000000e+00
1.400000000000000000e+01 1.491604107592782213e+01 0.000000000000000000e+00 0.000000000000000000e+00
1.500000000000000000e+01 1.538918220443300910e+01 0.000000000000000000e+00 0.000000000000000000e+00
1.600000000000000000e+01 1.648588364064410072e+01 0.000000000000000000e+00 0.000000000000000000e+00
1.700000000000000000e+01 1.606264261769862856e+01 0.000000000000000000e+00 0.000000000000000000e+00
1.800000000000000000e+01 1.784038618374523111e+01 0.000000000000000000e+00 0.000000000000000000e+00
1.900000000000000000e+01 1.901069122670372735e+01 0.000000000000000000e+00 0.000000000000000000e+00
2.000000000000000000e+01 2.060785679377092450e+01 0.000000000000000000e+00 0.000000000000000000e+00
2.100000000000000000e+01 2.084527691120566928e+01 0.000000000000000000e+00 0.000000000000000000e+00
2.200000000000000000e+01 2.123922322856946110e+01 0.000000000000000000e+00 0.000000000000000000e+00
2.300000000000000000e+01 2.259242521095733380e+01 0.000000000000000000e+00 0.000000000000000000e+00
2.400000000000000000e+01 2.337004959939589099e+01 0.000000000000000000e+00 0.000000000000000000e+00
2.500000000000000000e+01 2.547852130268571358e+01 0.000000000000000000e+00 0.000000000000000000e+00
2.600000000000000000e+01 2.613343753742085696e+01 0.000000000000000000e+00 0.000000000000000000e+00
2.700000000000000000e+01 2.626748517309395226e+01 0.000000000000000000e+00 0.000000000000000000e+00
2.800000000000000000e+01 2.771487894045653988e+01 0.000000000000000000e+00 0.000000000000000000e+00
2.900000000000000000e+01 2.902057022656438434e+01 0.000000000000000000e+00 0.000000000000000000e+00
3.000000000000000000e+01 2.897027092649772584e+01 0.000000000000000000e+00 0.000000000000000000e+00
3.100000000000000000e+01 3.116454438085897749e+01 0.000000000000000000e+00 0.000000000000000000e+00
3.200000000000000000e+01 3.226007402548857783e+01 0.000000000000000000e+00 0.000000000000000000e+00
3.300000000000000000e+01 3.230101903629859805e+01 0.000000000000000000e+00 0.000000000000000000e+00
3.400000000000000000e+01 3.430603804803357804e+01 0.000000000000000000e+00 0.000000000000000000e+00
3.500000000000000000e+01 3.478117653403860743e+01 0.000000000000000000e+00 0.000000000000000000e+00
3.600000000000000000e+01 3.661886085327218154e+01 0.000000000000000000e+00 0.000000000000000000e+00
3.700000000000000000e+01 3.724021404413311132e+01 0.000000000000000000e+00 0.000000000000000000e+00
3.800000000000000000e+01 3.756995943616762190e+01 0.000000000000000000e+00 0.000000000000000000e+00
3.900000000000000000e+01 3.987628475121596949e+01 0.000000000000000000e+00 0.000000000000000000e+00
4.000000000000000000e+01 4.012095351614977545e+01 0.000000000000000000e+00 0.000000000000000000e+00
4.100000000000000000e+01 4.023032534375555258e+01 0.000000000000000000e+00 0.000000000000000000e+00
4.200000000000000000e+01 4.217793212801682046e+01 0.000000000000000000e+00 0.000000000000000000e+00
4.300000000000000000e+01 4.297310152450575060e+01 0.000000000000000000e+00 0.000000000000000000e+00
4.400000000000000000e+01 4.246896653456552428e+01 1.000000000000000000e+00 0.000000000000000000e+00
4.500000000000000000e+01 4.325473226570203877e+01 0.000000000000000000e+00 0.000000000000000000e+00
4.600000000000000000e+01 4.544136025200804596e+01 0.000000000000000000e+00 0.000000000000000000e+00
4.700000000000000000e+01 4.657100184207661187e+01 0.000000000000000000e+00 0.000000000000000000e+00
4.800000000000000000e+01 4.707039011186013511e+01 0.000000000000000000e+00 0.000000000000000000e+00
4.900000000000000000e+01 4.849560965683583902e+01 0.000000000000000000e+00 0.000000000000000000e+00
5.000000000000000000e+01 4.924677373354413845e+01 0.000000000000000000e+00 0.000000000000000000e+00
5.100000000000000000e+01 4.870677912789217601e+01 0.000000000000000000e+00 0.000000000000000000e+00
5.200000000000000000e+01 5.071686535182241329e+01 0.000000000000000000e+00 0.000000000000000000e+00
5.300000000000000000e+01 5.275101578412189696e+01 0.000000000000000000e+00 0.000000000000000000e+00
5.400000000000000000e+01 5.164858825916427776e+01 2.000000000000000000e+00 0.000000000000000000e+00
5.500000000000000000e+01 5.029499266499374244e+01 2.000000000000000000e+00 0.000000000000000000e+00
5.600000000000000000e+01 4.998088077283212272e+01 1.000000000000000000e+00 0.000000000000000000e+00
5.700000000000000000e+01 5.107551715542395243e+01 0.000000000000000000e+00 0.000000000000000000e+00
5.800000000000000000e+01 5.184952440321396239e+01 0.000000000000000000e+00 0.000000000000000000e+00
5.900000000000000000e+01 5.271923769274684446e+01 0.000000000000000000e+00 0.000000000000000000e+00
6.000000000000000000e+01 5.415716365761002749e+01 0.000000000000000000e+00 0.000000000000000000e+00
6.100000000000000000e+01 5.537026377111647690e+01 0.000000000000000000e+00 0.000000000000000000e+00
6.200000000000000000e+01 5.624593591356242683e+01 0.000000000000000000e+00 0.000000000000000000e+00
6.300000000000000000e+01 5.679685707448705756e+01 0.000000000000000000e+00 0.000000000000000000e+00
6.400000000000000000e+01 5.749131513277042416e+01 0.000000000000000000e+00 0.000000000000000000e+00
6.500000000000000000e+01 5.896873101172543130e+01 0.000000000000000000e+00 0.000000000000000000e+00
6.600000000000000000e+01 6.021159413774061875e+01 0.000000000000000000e+00 0.000000000000000000e+00
6.700000000000000000e+01 6.185165978499608741e+01 0.000000000000000000e+00 0.000000000000000000e+00
6.800000000000000000e+01 6.277828566826688217e+01 0.000000000000000000e+00 0.000000000000000000e+00
6.900000000000000000e+01 6.113058174023302627e+01 2.000000000000000000e+00 0.000000000000000000e+00
7.000000000000000000e+01 6.183547465259349707e+01 0.000000000000000000e+00 0.000000000000000000e+00
7.100000000000000000e+01 6.250258736386813041e+01 0.000000000000000000e+00 0.000000000000000000e+00
7.200000000000000000e+01 6.382953323473802953e+01 0.000000000000000000e+00 0.000000000000000000e+00
7.300000000000000000e+01 6.477247719185105268e+01 0.000000000000000000e+00 0.000000000000000000e+00
7.400000000000000000e+01 6.543389356080831476e+01 0.000000000000000000e+00 0.000000000000000000e+00
7.500000000000000000e+01 6.679684945933159668e+01 0.000000000000000000e+00 0.000000000000000000e+00
7.600000000000000000e+01 6.675666434642828051e+01 2.000000000000000000e+00 0.000000000000000000e+00
7.700000000000000000e+01 6.570861469833192814e+01 2.000000000000000000e+00 0.000000000000000000e+00
7.800000000000000000e+01 6.406487517101508899e+01 2.000000000000000000e+00 0.000000000000000000e+00
7.900000000000000000e+01 6.416956593427769917e+01 0.000000000000000000e+00 0.000000000000000000e+00
8.000000000000000000e+01 6.647841137682351587e+01 0.000000000000000000e+00 0.000000000000000000e+00
8.100000000000000000e+01 6.662939057230681783e+01 0.000000000000000000e+00 0.000000000000000000e+00
8.200000000000000000e+01 6.881418412690604214e+01 0.000000000000000000e+00 0.000000000000000000e+00
8.300000000000000000e+01 6.665112113703898444e+01 2.000000000000000000e+00 0.000000000000000000e+00
8.400000000000000000e+01 6.751508302484752733e+01 0.000000000000000000e+00 0.000000000000000000e+00
8.500000000000000000e+01 6.925759601023770529e+01 0.000000000000000000e+00 0.000000000000000000e+00
8.600000000000000000e+01 7.049609923018410029e+01 0.000000000000000000e+00 0.000000000000000000e+00
8.700000000000000000e+01 7.139554800046541061e+01 0.000000000000000000e+00 0.000000000000000000e+00
8.800000000000000000e+01 7.187266185298418009e+01 0.000000000000000000e+00 0.000000000000000000e+00
8.900000000000000000e+01 7.310872647583562411e+01 0.000000000000000000e+00 0.000000000000000000e+00
9.000000000000000000e+01 7.381824734617539718e+01 0.000000000000000000e+00 0.000000000000000000e+00
9.100000000000000000e+01 7.467966328337105608e+01 0.000000000000000000e+00 0.000000000000000000e+00
9.200000000000000000e+01 7.682826075132015831e+01 0.000000000000000000e+00 0.000000000000000000e+00
9.300000000000000000e+01 7.677338248967332390e+01 0.000000000000000000e+00 0.000000000000000000e+00
9.400000000000000000e+01 7.538256081633092265e+01 2.000000000000000000e+00 0.000000000000000000e+00
9.500000000000000000e+01 7.630868136634929044e+01 0.000000000000000000e+00 0.000000000000000000e+00
9.600000000000000000e+01 7.778091203430517453e+01 0.000000000000000000e+00 0.000000000000000000e+00
9.700000000000000000e+01 7.823056165088726743e+01 0.000000000000000000e+00 0.000000000000000000e+00
9.800000000000000000e+01 8.003380260107554989e+01 0.000000000000000000e+00 0.000000000000000000e+00
9.900000000000000000e+01 8.138818355485015843e+01 0.000000000000000000e+00 0.000000000000000000e+00
1.000000000000000000e+02 8.254493565418151491e+01 0.000000000000000000e+00 0.000000000000000000e+00
1.010000000000000000e+02 8.383486746953768431e+01 0.000000000000000000e+00 0.000000000000000000e+00
1.020000000000000000e+02 8.410806726806538336e+01 0.000000000000000000e+00 0.000000000000000000e+00
1.030000000000000000e+02 8.476633732868758386e+01 0.000000000000000000e+00 0.000000000000000000e+00
1.040000000000000000e+02 8.664322793708018366e+01 0.000000000000000000e+00 0.000000000000000000e+00
1.050000000000000000e+02 8.573946076666287297e+01 0.000000000000000000e+00 0.000000000000000000e+00
1.060000000000000000e+02 8.778200575272146011e+01 0.000000000000000000e+00 0.000000000000000000e+00
1.070000000000000000e+02 8.911734439080430548e+01 0.000000000000000000e+00 0.000000000000000000e+00
1.080000000000000000e+02 8.946898322412525317e+01 0.000000000000000000e+00 0.000000000000000000e+00
1.090000000000000000e+02 9.048849739931789316e+01 0.000000000000000000e+00 0.000000000000000000e+00
1.100000000000000000e+02 9.138687737679141776e+01 0.000000000000000000e+00 0.000000000000000000e+00
1.110000000000000000e+02 9.399089073404333305e+01 0.000000000000000000e+00 0.000000000000000000e+00
1.120000000000000000e+02 9.384846175950045222e+01 0.000000000000000000e+00 0.000000000000000000e+00
1.130000000000000000e+02 9.451533661170195444e+01 0.000000000000000000e+00 0.000000000000000000e+00
1.140000000000000000e+02 9.663829919281769776e+01 0.000000000000000000e+00 0.000000000000000000e+00
1.150000000000000000e+02 9.688682560001687705e+01 0.000000000000000000e+00 0.000000000000000000e+00
1.160000000000000000e+02 9.760020114463169705e+01 0.000000000000000000e+00 0.000000000000000000e+00
1.170000000000000000e+02 9.900951342194638016e+01 0.000000000000000000e+00 0.000000000000000000e+00
1.180000000000000000e+02 1.004996728760053060e+02 0.000000000000000000e+00 0.000000000000000000e+00
1.190000000000000000e+02 1.003678386294646288e+02 1.000000000000000000e+00 0.000000000000000000e+00
1.200000000000000000e+02 1.008507882345512030e+02 0.000000000000000000e+00 0.000000000000000000e+00
1.210000000000000000e+02 1.024509013185096222e+02 0.000000000000000000e+00 0.000000000000000000e+00
1.220000000000000000e+02 1.032297361281411838e+02 0.000000000000000000e+00 0.000000000000000000e+00
1.230000000000000000e+02 1.044255874891009057e+02 0.000000000000000000e+00 0.000000000000000000e+00
1.240000000000000000e+02 1.044288426416634934e+02 0.000000000000000000e+00 0.000000000000000000e+00
1.250000000000000000e+02 1.055765537534216776e+02 0.000000000000000000e+00 0.000000000000000000e+00
1.260000000000000000e+02 1.077102054578887191e+02 0.000000000000000000e+00 0.000000000000000000e+00
1.270000000000000000e+02 1.082072006299129470e+02 0.000000000000000000e+00 0.000000000000000000e+00
1.280000000000000000e+02 1.083022307445031345e+02 1.000000000000000000e+00 0.000000000000000000e+00
1.290000000000000000e+02 1.074054944015777124e+02 2.000000000000000000e+00 0.000000000000000000e+00
1.300000000000000000e+02 1.070432058081467659e+02 0.000000000000000000e+00 0.000000000000000000e+00
1.310000000000000000e+02 1.079998855432185678e+02 1.000000000000000000e+00 0.000000000000000000e+00
1.320000000000000000e+02 1.091931175353606989e+02 0.000000000000000000e+00 0.000000000000000000e+00
1.330000000000000000e+02 1.091772700012849526e+02 0.000000000000000000e+00 0.000000000000000000e+00
1.340000000000000000e+02 1.114517092679733423e+02 0.000000000000000000e+00 0.000000000000000000e+00
1.350000000000000000e+02 1.118280042552838864e+02 0.000000000000000000e+00 0.000000000000000000e+00
1.360000000000000000e+02 1.127100236167251666e+02 0.000000000000000000e+00 0.000000000000000000e+00
1.370000000000000000e+02 1.142908120660784164e+02 0.000000000000000000e+00 0.000000000000000000e+00
1.380000000000000000e+02 1.134928870000726420e+02 1.000000000000000000e+00 0.000000000000000000e+00
1.390000000000000000e+02 1.149808521898442848e+02 0.000000000000000000e+00 0.000000000000000000e+00
1.400000000000000000e+02 1.155033967654560314e+02 0.000000000000000000e+00 0.000000000000000000e+00
1.410000000000000000e+02 1.169505220333144422e+02 0.000000000000000000e+00 0.000000000000000000e+00
1.420000000000000000e+02 1.180523660864299984e+02 0.000000000000000000e+00 0.000000000000000000e+00
1.430000000000000000e+02 1.184723363396219469e+02 0.000000000000000000e+00 0.000000000000000000e+00
1.440000000000000000e+02 1.206526531158898621e+02 0.000000000000000000e+00 0.000000000000000000e+00
1.450000000000000000e+02 1.209795634595757576e+02 0.000000000000000000e+00 0.000000000000000000e+00
1.460000000000000000e+02 1.227103782856470815e+02 0.000000000000000000e+00 0.000000000000000000e+00
1.470000000000000000e+02 1.233198324761103493e+02 0.000000000000000000e+00 0.000000000000000000e+00
1.480000000000000000e+02 1.235284000236396764e+02 0.000000000000000000e+00 0.000000000000000000e+00
1.490000000000000000e+02 1.252455971350255197e+02 0.000000000000000000e+00 0.000000000000000000e+00
1.500000000000000000e+02 1.245837993604232992e+02 2.000000000000000000e+00 0.000000000000000000e+00
1.510000000000000000e+02 1.224862011624994409e+02 2.000000000000000000e+00 0.000000000000000000e+00
1.520000000000000000e+02 1.213533496616496308e+02 2.000000000000000000e+00 0.000000000000000000e+00
1.530000000000000000e+02 1.234742517886769519e+02 0.000000000000000000e+00 0.000000000000000000e+00
1.540000000000000000e+02 1.239051092841390584e+02 0.000000000000000000e+00 0.000000000000000000e+00
1.550000000000000000e+02 1.244322881264781557e+02 0.000000000000000000e+00 0.000000000000000000e+00
1.560000000000000000e+02 1.257398044926929970e+02 0.000000000000000000e+00 0.000000000000000000e+00
1.570000000000000000e+02 1.271266751051967105e+02 0.000000000000000000e+00 0.000000000000000000e+00
1.580000000000000000e+02 1.278921560820534182e+02 0.000000000000000000e+00 0.000000000000000000e+00
1.590000000000000000e+02 1.294447989403868462e+02 0.000000000000000000e+00 0.000000000000000000e+00
1.600000000000000000e+02 1.304732713379595452e+02 0.000000000000000000e+00 0.000000000000000000e+00
1.610000000000000000e+02 1.307120940259698614e+02 0.000000000000000000e+00 0.000000000000000000e+00
1.620000000000000000e+02 1.317432673841582300e+02 0.000000000000000000e+00 0.000000000000000000e+00
1.630000000000000000e+02 1.338043972660542238e+02 0.000000000000000000e+00 0.000000000000000000e+00
1.640000000000000000e+02 1.341974519257264831e+02 0.000000000000000000e+00 0.000000000000000000e+00
1.650000000000000000e+02 1.354258277753043274e+02 0.000000000000000000e+00 0.000000000000000000e+00
1.660000000000000000e+02 1.353049231772029373e+02 0.000000000000000000e+00 0.000000000000000000e+00
1.670000000000000000e+02 1.366211409472522291e+02 0.000000000000000000e+00 0.000000000000000000e+00
1.680000000000000000e+02 1.372522030321163697e+02 1.000000000000000000e+00 0.000000000000000000e+00
1.690000000000000000e+02 1.368202361700388110e+02 1.000000000000000000e+00 0.000000000000000000e+00
1.700000000000000000e+02 1.374574135213837280e+02 0.000000000000000000e+00 0.000000000000000000e+00
1.710000000000000000e+02 1.392454872006420032e+02 0.000000000000000000e+00 0.000000000000000000e+00
1.720000000000000000e+02 1.392324515697348772e+02 1.000000000000000000e+00 0.000000000000000000e+00
1.730000000000000000e+02 1.394715156340142244e+02 0.000000000000000000e+00 0.000000000000000000e+00
1.740000000000000000e+02 1.415177167763213504e+02 0.000000000000000000e+00 0.000000000000000000e+00
1.750000000000000000e+02 1.423285629836569228e+02 0.000000000000000000e+00 0.000000000000000000e+00
1.760000000000000000e+02 1.424854274534237106e+02 0.000000000000000000e+00 0.000000000000000000e+00
1.770000000000000000e+02 1.434888302153342181e+02 0.000000000000000000e+00 0.000000000000000000e+00
1.780000000000000000e+02 1.449613061481319392e+02 0.000000000000000000e+00 0.000000000000000000e+00
1.790000000000000000e+02 1.454043582352363728e+02 0.000000000000000000e+00 0.000000000000000000e+00
1.800000000000000000e+02 1.480940310249877712e+02 0.000000000000000000e+00 0.000000000000000000e+00
1.810000000000000000e+02 1.481997710420471321e+02 0.000000000000000000e+00 0.000000000000000000e+00
1.820000000000000000e+02 1.486365874072664326e+02 0.000000000000000000e+00 0.000000000000000000e+00
1.830000000000000000e+02 1.501155672105242900e+02 0.000000000000000000e+00 0.000000000000000000e+00
1.840000000000000000e+02 1.507777788957310463e+02 0.000000000000000000e+00 0.000000000000000000e+00
1.850000000000000000e+02 1.513548487965046263e+02 0.000000000000000000e+00 0.000000000000000000e+00
1.860000000000000000e+02 1.530664950762756291e+02 0.000000000000000000e+00 0.000000000000000000e+00
1.870000000000000000e+02 1.537004553133866693e+02 0.000000000000000000e+00 0.000000000000000000e+00
1.880000000000000000e+02 1.548662254034094872e+02 0.000000000000000000e+00 0.000000000000000000e+00
1.890000000000000000e+02 1.548223882918600509e+02 0.000000000000000000e+00 0.000000000000000000e+00
1.900000000000000000e+02 1.572760765763889026e+02 0.000000000000000000e+00 0.000000000000000000e+00
1.910000000000000000e+02 1.578668039917272949e+02 0.000000000000000000e+00 0.000000000000000000e+00
1.920000000000000000e+02 1.597307589299372239e+02 0.000000000000000000e+00 0.000000000000000000e+00
1.930000000000000000e+02 1.599388759156905451e+02 0.000000000000000000e+00 0.000000000000000000e+00
1.940000000000000000e+02 1.608949729067482224e+02 0.000000000000000000e+00 0.000000000000000000e+00
1.950000000000000000e+02 1.622345425224309281e+02 0.000000000000000000e+00 0.000000000000000000e+00
1.960000000000000000e+02 1.627451054615753776e+02 0.000000000000000000e+00 0.000000000000000000e+00
1.970000000000000000e+02 1.642981877210624759e+02 0.000000000000000000e+00 0.000000000000000000e+00
1.980000000000000000e+02 1.652598572150697009e+02 0.000000000000000000e+00 0.000000000000000000e+00
1.990000000000000000e+02 1.654029508345817874e+02 0.000000000000000000e+00 0.000000000000000000e+00
2.000000000000000000e+02 1.662579379572120217e+02 0.000000000000000000e+00 0.000000000000000000e+00
2.010000000000000000e+02 1.680202829724617004e+02 1.000000000000000000e+00 0.000000000000000000e+00
2.020000000000000000e+02 1.673218104868123817e+02 1.000000000000000000e+00 0.000000000000000000e+00
2.030000000000000000e+02 1.674904147875485023e+02 0.000000000000000000e+00 0.000000000000000000e+00
2.040000000000000000e+02 1.690716787637254868e+02 0.000000000000000000e+00 0.000000000000000000e+00
2.050000000000000000e+02 1.699933133234946467e+02 0.000000000000000000e+00 0.000000000000000000e+00
2.060000000000000000e+02 1.713927284250724483e+02 0.000000000000000000e+00 0.000000000000000000e+00
2.070000000000000000e+02 1.707728426284924126e+02 0.000000000000000000e+00 0.000000000000000000e+00
2.080000000000000000e+02 1.717744987621290704e+02 1.000000000000000000e+00 0.000000000000000000e+00
2.090000000000000000e+02 1.734549222908998161e+02 0.000000000000000000e+00 0.000000000000000000e+00
2.100000000000000000e+02 1.741125071871672958e+02 0.000000000000000000e+00 0.000000000000000000e+00
2.110000000000000000e+02 1.746279102940208361e+02 0.000000000000000000e+00 0.000000000000000000e+00
2.120000000000000000e+02 1.759224265034905841e+02 0.000000000000000000e+00 0.000000000000000000e+00
2.130000000000000000e+02 1.762928583862737071e+02 0.000000000000000000e+00 0.000000000000000000e+00
2.140000000000000000e+02 1.778365427716954912e+02 0.000000000000000000e+00 0.000000000000000000e+00
2.150000000000000000e+02 1.789889495990470891e+02 0.000000000000000000e+00 0.000000000000000000e+00
2.160000000000000000e+02 1.799166260762450804e+02 0.000000000000000000e+00 0.000000000000000000e+00
2.170000000000000000e+02 1.815653032213045606e+02 0.000000000000000000e+00 0.000000000000000000e+00
2.180000000000000000e+02 1.824805094026387735e+02 0.000000000000000000e+00 0.000000000000000000e+00
2.190000000000000000e+02 1.833038462075828363e+02 0.000000000000000000e+00 0.000000000000000000e+00
2.200000000000000000e+02 1.839967113277892850e+02 0.000000000000000000e+00 0.000000000000000000e+00
2.210000000000000000e+02 1.846261578417765179e+02 0.000000000000000000e+00 0.000000000000000000e+00
2.220000000000000000e+02 1.837163530827333204e+02 2.000000000000000000e+00 0.000000000000000000e+00
2.230000000000000000e+02 1.849830669307335427e+02 0.000000000000000000e+00 0.000000000000000000e+00
2.240000000000000000e+02 1.860088822527653178e+02 0.000000000000000000e+00 0.000000000000000000e+00
2.250000000000000000e+02 1.853071064643700936e+02 2.000000000000000000e+00 0.000000000000000000e+00
2.260000000000000000e+02 1.854522498283334642e+02 0.000000000000000000e+00 0.000000000000000000e+00
2.270000000000000000e+02 1.876319490474239160e+02 0.000000000000000000e+00 0.000000000000000000e+00
2.280000000000000000e+02 1.878966119672045920e+02 0.000000000000000000e+00 0.000000000000000000e+00
2.290000000000000000e+02 1.882282652412185939e+02 0.000000000000000000e+00 0.000000000000000000e+00
2.300000000000000000e+02 1.906697261702864807e+02 0.000000000000000000e+00 0.000000000000000000e+00
2.310000000000000000e+02 1.912991791023447377e+02 0.000000000000000000e+00 0.000000000000000000e+00
2.320000000000000000e+02 1.921925747860028935e+02 0.000000000000000000e+00 0.000000000000000000e+00
2.330000000000000000e+02 1.927772856301394029e+02 0.000000000000000000e+00 0.000000000000000000e+00
2.340000000000000000e+02 1.937909902860473892e+02 0.000000000000000000e+00 0.000000000000000000e+00
2.350000000000000000e+02 1.946496178046420482e+02 0.000000000000000000e+00 0.000000000000000000e+00
2.360000000000000000e+02 1.960084199871341184e+02 0.000000000000000000e+00 0.000000000000000000e+00
2.370000000000000000e+02 1.962305244837818918e+02 0.000000000000000000e+00 0.000000000000000000e+00
2.380000000000000000e+02 1.960897785817014096e+02 2.000000000000000000e+00 0.000000000000000000e+00
2.390000000000000000e+02 1.959951711335861546e+02 1.000000000000000000e+00 0.000000000000000000e+00
2.400000000000000000e+02 1.962182546408663484e+02 1.000000000000000000e+00 0.000000000000000000e+00
2.410000000000000000e+02 1.971626158294733671e+02 0.000000000000000000e+00 0.000000000000000000e+00
2.420000000000000000e+02 1.981627814879545042e+02 0.000000000000000000e+00 0.000000000000000000e+00
2.430000000000000000e+02 1.998569123562509446e+02 0.000000000000000000e+00 0.000000000000000000e+00
2.440000000000000000e+02 1.996273436110331829e+02 0.000000000000000000e+00 0.000000000000000000e+00
2.450000000000000000e+02 2.012500445170291528e+02 0.000000000000000000e+00 0.000000000000000000e+00
2.460000000000000000e+02 2.021316520775480967e+02 0.000000000000000000e+00 0.000000000000000000e+00
2.470000000000000000e+02 2.035753222163621672e+02 0.000000000000000000e+00 0.000000000000000000e+00
2.480000000000000000e+02 2.041746448661622537e+02 0.000000000000000000e+00 0.000000000000000000e+00
2.490000000000000000e+02 2.052606454990194322e+02 0.000000000000000000e+00 0.000000000000000000e+00
2.500000000000000000e+02 2.064931647431620263e+02 0.000000000000000000e+00 0.000000000000000000e+00
2.510000000000000000e+02 2.078195594607305736e+02 0.000000000000000000e+00 0.000000000000000000e+00
2.520000000000000000e+02 2.078767059106565682e+02 0.000000000000000000e+00 0.000000000000000000e+00
2.530000000000000000e+02 2.095031215577887451e+02 0.000000000000000000e+00 0.000000000000000000e+00
2.540000000000000000e+02 2.101516541024602702e+02 0.000000000000000000e+00 0.000000000000000000e+00
2.550000000000000000e+02 2.095629159218678126e+02 1.000000000000000000e+00 0.000000000000000000e+00
2.560000000000000000e+02 2.102602579289652738e+02 0.000000000000000000e+00 0.000000000000000000e+00
2.570000000000000000e+02 2.115898197484610250e+02 0.000000000000000000e+00 0.000000000000000000e+00
2.580000000000000000e+02 2.126279639836861861e+02 0.000000000000000000e+00 0.000000000000000000e+00
2.590000000000000000e+02 2.150272833924786369e+02 0.000000000000000000e+00 0.000000000000000000e+00
2.600000000000000000e+02 2.142300628331876169e+02 0.000000000000000000e+00 0.000000000000000000e+00
2.610000000000000000e+02 2.166494577210239640e+02 0.000000000000000000e+00 0.000000000000000000e+00
2.620000000000000000e+02 2.174218344795704922e+02 0.000000000000000000e+00 0.000000000000000000e+00
2.630000000000000000e+02 2.185103400506808384e+02 0.000000000000000000e+00 0.000000000000000000e+00
2.640000000000000000e+02 2.185836565615217921e+02 0.000000000000000000e+00 0.000000000000000000e+00
2.650000000000000000e+02 2.196552262434776708e+02 0.000000000000000000e+00 0.000000000000000000e+00
2.660000000000000000e+02 2.206082432247723375e+02 0.000000000000000000e+00 0.000000000000000000e+00
2.670000000000000000e+02 2.220904177833465099e+02 0.000000000000000000e+00 0.000000000000000000e+00
2.680000000000000000e+02 2.228718882170878999e+02 0.000000000000000000e+00 0.000000000000000000e+00
2.690000000000000000e+02 2.238938967653022019e+02 0.000000000000000000e+00 0.000000000000000000e+00
2.700000000000000000e+02 2.245454978726137938e+02 0.000000000000000000e+00 0.000000000000000000e+00
2.710000000000000000e+02 2.264989318216698848e+02 0.000000000000000000e+00 0.000000000000000000e+00
2.720000000000000000e+02 2.268724794227296115e+02 0.000000000000000000e+00 0.000000000000000000e+00
2.730000000000000000e+02 2.281572496652233326e+02 0.000000000000000000e+00 0.000000000000000000e+00
2.740000000000000000e+02 2.290986239052025724e+02 1.000000000000000000e+00 0.000000000000000000e+00
2.750000000000000000e+02 2.282579085298330028e+02 1.000000000000000000e+00 0.000000000000000000e+00
2.760000000000000000e+02 2.292901846556058558e+02 1.000000000000000000e+00 0.000000000000000000e+00
2.770000000000000000e+02 2.279185920787836892e+02 1.000000000000000000e+00 0.000000000000000000e+00
2.780000000000000000e+02 2.287593432390242185e+02 0.000000000000000000e+00 0.000000000000000000e+00
2.790000000000000000e+02 2.300399058059681181e+02 0.000000000000000000e+00 0.000000000000000000e+00
2.800000000000000000e+02 2.311772585288231028e+02 0.000000000000000000e+00 0.000000000000000000e+00
2.810000000000000000e+02 2.315926796941734551e+02 0.000000000000000000e+00 0.000000000000000000e+00
2.820000000000000000e+02 2.331895436418895144e+02 0.000000000000000000e+00 0.000000000000000000e+00
2.830000000000000000e+02 2.342863904851334951e+02 0.000000000000000000e+00 0.000000000000000000e+00
2.840000000000000000e+02 2.359426674972760338e+02 0.000000000000000000e+00 0.000000000000000000e+00
2.850000000000000000e+02 2.359033529871708765e+02 0.000000000000000000e+00 0.000000000000000000e+00
2.860000000000000000e+02 2.373238497973234757e+02 0.000000000000000000e+00 0.000000000000000000e+00
2.870000000000000000e+02 2.382688146424872002e+02 0.000000000000000000e+00 0.000000000000000000e+00
2.880000000000000000e+02 2.369472793036328540e+02 2.000000000000000000e+00 0.000000000000000000e+00
2.890000000000000000e+02 2.379186006067292851e+02 0.000000000000000000e+00 0.000000000000000000e+00
2.900000000000000000e+02 2.391607789344279524e+02 0.000000000000000000e+00 0.000000000000000000e+00
2.910000000000000000e+02 2.398641656659371506e+02 0.000000000000000000e+00 0.000000000000000000e+00
2.920000000000000000e+02 2.417035433274993750e+02 0.000000000000000000e+00 0.000000000000000000e+00
2.930000000000000000e+02 2.422705160044802994e+02 0.000000000000000000e+00 0.000000000000000000e+00
2.940000000000000000e+02 2.430393355768150911e+02 0.000000000000000000e+00 0.000000000000000000e+00
2.950000000000000000e+02 2.424382970212304542e+02 1.000000000000000000e+00 0.000000000000000000e+00
2.960000000000000000e+02 2.437954712093630292e+02 0.000000000000000000e+00 0.000000000000000000e+00
2.970000000000000000e+02 2.446836044127708760e+02 0.000000000000000000e+00 0.000000000000000000e+00
2.980000000000000000e+02 2.451526372248778216e+02 0.000000000000000000e+00 0.000000000000000000e+00
2.990000000000000000e+02 2.465105186556348542e+02 0.000000000000000000e+00 0.000000000000000000e+00
3.000000000000000000e+02 2.460632735068723491e+02 2.000000000000000000e+00 0.000000000000000000e+00
3.010000000000000000e+02 2.449353430934311575e+02 2.000000000000000000e+00 0.000000000000000000e+00
3.020000000000000000e+02 2.441239330885556740e+02 2.000000000000000000e+00 0.000000000000000000e+00
3.030000000000000000e+02 2.449981877939470962e+02 0.000000000000000000e+00 0.000000000000000000e+00
3.040000000000000000e+02 2.456032892212779188e+02 0.000000000000000000e+00 0.000000000000000000e+00
3.050000000000000000e+02 2.452099726311710413e+02 1.000000000000000000e+00 0.000000000000000000e+00
3.060000000000000000e+02 2.475714388329139126e+02 0.000000000000000000e+00 0.000000000000000000e+00
3.070000000000000000e+02 2.480683672056364628e+02 0.000000000000000000e+00 0.000000000000000000e+00
3.080000000000000000e+02 2.496322684288631137e+02 0.000000000000000000e+00 0.000000000000000000e+00
3.090000000000000000e+02 2.503555134660377348e+02 0.000000000000000000e+00 0.000000000000000000e+00
3.100000000000000000e+02 2.507906159856045747e+02 0.000000000000000000e+00 0.000000000000000000e+00
3.110000000000000000e+02 2.521811014476647017e+02 0.000000000000000000e+00 0.000000000000000000e+00
3.120000000000000000e+02 2.535369720782682634e+02 0.000000000000000000e+00 0.000000000000000000e+00
3.130000000000000000e+02 2.536328249282698266e+02 0.000000000000000000e+00 0.000000000000000000e+00
3.140000000000000000e+02 2.549056948673840282e+02 0.000000000000000000e+00 0.000000000000000000e+00
3.150000000000000000e+02 2.560137006356687834e+02 0.000000000000000000e+00 0.000000000000000000e+00
3.160000000000000000e+02 2.572188521836576456e+02 0.000000000000000000e+00 0.000000000000000000e+00
3.170000000000000000e+02 2.585325047197308663e+02 0.000000000000000000e+00 0.000000000000000000e+00
3.180000000000000000e+02 2.584352383383034066e+02 0.000000000000000000e+00 0.000000000000000000e+00
3.190000000000000000e+02 2.576702909454226642e+02 2.000000000000000000e+00 0.000000000000000000e+00
3.200000000000000000e+02 2.589895097403336308e+02 0.000000000000000000e+00 0.000000000000000000e+00
3.210000000000000000e+02 2.602191319721632112e+02 0.000000000000000000e+00 0.000000000000000000e+00
3.220000000000000000e+02 2.616504455011821051e+02 0.000000000000000000e+00 0.000000000000000000e+00
3.230000000000000000e+02 2.625433089456849416e+02 0.000000000000000000e+00 0.000000000000000000e+00
3.240000000000000000e+02 2.638155371717319895e+02 0.000000000000000000e+00 0.000000000000000000e+00
3.250000000000000000e+02 2.641676832116693276e+02 0.000000000000000000e+00 0.000000000000000000e+00
3.260000000000000000e+02 2.644814522222179676e+02 0.000000000000000000e+00 0.000000000000000000e+00
3.270000000000000000e+02 2.658139161598712690e+02 0.000000000000000000e+00 0.000000000000000000e+00
3.280000000000000000e+02 2.666065712942298092e+02 0.000000000000000000e+00 0.000000000000000000e+00
3.290000000000000000e+02 2.683241765494164497e+02 0.000000000000000000e+00 0.000000000000000000e+00
3.300000000000000000e+02 2.675448646038191782e+02 2.000000000000000000e+00 0.000000000000000000e+00
3.310000000000000000e+02 2.664210332717185565e+02 2.000000000000000000e+00 0.000000000000000000e+00
3.320000000000000000e+02 2.669588359654583201e+02 0.000000000000000000e+00 0.000000000000000000e+00
3.330000000000000000e+02 2.679621267423311792e+02 0.000000000000000000e+00 0.000000000000000000e+00
3.340000000000000000e+02 2.692310154219022706e+02 0.000000000000000000e+00 0.000000000000000000e+00
3.350000000000000000e+02 2.695399651821597331e+02 0.000000000000000000e+00 0.000000000000000000e+00
3.360000000000000000e+02 2.708674268973011294e+02 0.000000000000000000e+00 0.000000000000000000e+00
3.370000000000000000e+02 2.712197522592113614e+02 0.000000000000000000e+00 0.000000000000000000e+00
3.380000000000000000e+02 2.726035771843706357e+02 0.000000000000000000e+00 0.000000000000000000e+00
3.390000000000000000e+02 2.728866283430044177e+02 2.000000000000000000e+00 0.000000000000000000e+00
3.400000000000000000e+02 2.733114667895811181e+02 0.000000000000000000e+00 0.000000000000000000e+00
3.410000000000000000e+02 2.743261301529057619e+02 0.000000000000000000e+00 0.000000000000000000e+00
3.420000000000000000e+02 2.753359775941628413e+02 0.000000000000000000e+00 0.000000000000000000e+00
3.430000000000000000e+02 2.770834559828355168e+02 0.000000000000000000e+00 0.000000000000000000e+00
3.440000000000000000e+02 2.764474582917400767e+02 0.000000000000000000e+00 0.000000000000000000e+00
3.450000000000000000e+02 2.786548276111076348e+02 0.000000000000000000e+00 0.000000000000000000e+00
3.460000000000000000e+02 2.803158600033288508e+02 0.000000000000000000e+00 0.000000000000000000e+00
3.470000000000000000e+02 2.799906051493124437e+02 0.000000000000000000e+00 0.000000000000000000e+00
3.480000000000000000e+02 2.811952803711241131e+02 0.000000000000000000e+00 0.000000000000000000e+00
3.490000000000000000e+02 2.828281535923893557e+02 0.000000000000000000e+00 0.000000000000000000e+00
3.500000000000000000e+02 2.828137745716487643e+02 0.000000000000000000e+00 0.000000000000000000e+00
3.510000000000000000e+02 2.831670116134623640e+02 0.000000000000000000e+00 0.000000000000000000e+00
3.520000000000000000e+02 2.826789406352225456e+02 2.000000000000000000e+00 0.000000000000000000e+00
3.530000000000000000e+02 2.822960485040297840e+02 2.000000000000000000e+00 0.000000000000000000e+00
3.540000000000000000e+02 2.811839447484384777e+02 2.000000000000000000e+00 0.000000000000000000e+00
3.550000000000000000e+02 2.800114863764207485e+02 2.000000000000000000e+00 0.000000000000000000e+00
3.560000000000000000e+02 2.809657610569528288e+02 0.000000000000000000e+00 0.000000000000000000e+00
3.570000000000000000e+02 2.802703362613095806e+02 2.000000000000000000e+00 0.000000000000000000e+00
3.580000000000000000e+02 2.782059322968585775e+02 2.000000000000000000e+00 0.000000000000000000e+00
3.590000000000000000e+02 2.802037669587201094e+02 0.000000000000000000e+00 0.000000000000000000e+00
3.600000000000000000e+02 2.786775581847329022e+02 2.000000000000000000e+00 0.000000000000000000e+00
3.610000000000000000e+02 2.793212227397230549e+02 0.000000000000000000e+00 0.000000000000000000e+00
3.620000000000000000e+02 2.807875181381000402e+02 0.000000000000000000e+00 0.000000000000000000e+00
3.630000000000000000e+02 2.823725620633256312e+02 0.000000000000000000e+00 0.000000000000000000e+00
3.640000000000000000e+02 2.825888761435522838e+02 0.000000000000000000e+00 0.000000000000000000e+00
3.650000000000000000e+02 2.835204582609882209e+02 0.000000000000000000e+00 0.000000000000000000e+00
3.660000000000000000e+02 2.850972487698119266e+02 1.000000000000000000e+00 0.000000000000000000e+00
3.670000000000000000e+02 2.855223826053451717e+02 0.000000000000000000e+00 0.000000000000000000e+00
3.680000000000000000e+02 2.861276458523845463e+02 0.000000000000000000e+00 0.000000000000000000e+00
3.690000000000000000e+02 2.868450229864629932e+02 0.000000000000000000e+00 0.000000000000000000e+00
3.700000000000000000e+02 2.885489438880792932e+02 0.000000000000000000e+00 0.000000000000000000e+00
3.710000000000000000e+02 2.885284310806023313e+02 0.000000000000000000e+00 0.000000000000000000e+00
3.720000000000000000e+02 2.902788223657475442e+02 0.000000000000000000e+00 0.000000000000000000e+00
3.730000000000000000e+02 2.903349264281034721e+02 0.000000000000000000e+00 0.000000000000000000e+00
3.740000000000000000e+02 2.916128560206436191e+02 0.000000000000000000e+00 0.000000000000000000e+00
3.750000000000000000e+02 2.922863558291573440e+02 0.000000000000000000e+00 0.000000000000000000e+00
3.760000000000000000e+02 2.934382324106941269e+02 0.000000000000000000e+00 0.000000000000000000e+00
3.770000000000000000e+02 2.957870794379477957e+02 0.000000000000000000e+00 0.000000000000000000e+00
3.780000000000000000e+02 2.959549479950649129e+02 0.000000000000000000e+00 0.000000000000000000e+00
3.790000000000000000e+02 2.967612528759681254e+02 0.000000000000000000e+00 0.000000000000000000e+00
3.800000000000000000e+02 2.985801479745655911e+02 0.000000000000000000e+00 0.000000000000000000e+00
3.810000000000000000e+02 2.990656855655091704e+02 0.000000000000000000e+00 0.000000000000000000e+00
3.820000000000000000e+02 3.006952345188625486e+02 0.000000000000000000e+00 0.000000000000000000e+00
3.830000000000000000e+02 3.007922680987182957e+02 0.000000000000000000e+00 0.000000000000000000e+00
3.840000000000000000e+02 3.020995523960420996e+02 0.000000000000000000e+00 0.000000000000000000e+00
3.850000000000000000e+02 3.024423723467170362e+02 1.000000000000000000e+00 0.000000000000000000e+00
3.860000000000000000e+02 3.017365376218573374e+02 2.000000000000000000e+00 0.000000000000000000e+00
3.870000000000000000e+02 3.000292757142744335e+02 2.000000000000000000e+00 0.000000000000000000e+00
3.880000000000000000e+02 2.996268605223390864e+02 2.000000000000000000e+00 0.000000000000000000e+00
3.890000000000000000e+02 2.977962980726179012e+02 2.000000000000000000e+00 0.000000000000000000e+00
3.900000000000000000e+02 2.980803441729436258e+02 1.000000000000000000e+00 0.000000000000000000e+00
3.910000000000000000e+02 2.982384742480107889e+02 1.000000000000000000e+00 0.000000000000000000e+00
3.920000000000000000e+02 2.992035928929464603e+02 0.000000000000000000e+00 0.000000000000000000e+00
3.930000000000000000e+02 2.999149451734227796e+02 0.000000000000000000e+00 0.000000000000000000e+00
3.940000000000000000e+02 3.012024837612308943e+02 0.000000000000000000e+00 0.000000000000000000e+00
3.950000000000000000e+02 3.018311239479224355e+02 0.000000000000000000e+00 0.000000000000000000e+00
3.960000000000000000e+02 3.032774191048920898e+02 0.000000000000000000e+00 0.000000000000000000e+00
3.970000000000000000e+02 3.037752899268145939e+02 0.000000000000000000e+00 0.000000000000000000e+00
3.980000000000000000e+02 3.052536850021442092e+02 0.000000000000000000e+00 0.000000000000000000e+00
3.990000000000000000e+02 3.045702954498423196e+02 1.000000000000000000e+00 0.000000000000000000e+00
4.000000000000000000e+02 3.040330867984182532e+02 2.000000000000000000e+00 0.000000000000000000e+00
4.010000000000000000e+02 3.056155036477491080e+02 0.000000000000000000e+00 0.000000000000000000e+00
4.020000000000000000e+02 3.058080726819669053e+02 0.000000000000000000e+00 0.000000000000000000e+00
4.030000000000000000e+02 3.060486471676588280e+02 0.000000000000000000e+00 0.000000000000000000e+00
4.040000000000000000e+02 3.088423707572109151e+02 0.000000000000000000e+00 0.000000000000000000e+00
4.050000000000000000e+02 3.092166090251222954e+02 0.000000000000000000e+00 0.000000000000000000e+00
4.060000000000000000e+02 3.099716676048627733e+02 0.000000000000000000e+00 0.000000000000000000e+00
4.070000000000000000e+02 3.104132760295381672e+02 0.000000000000000000e+00 0.000000000000000000e+00
4.080000000000000000e+02 3.125215272586177093e+02 0.000000000000000000e+00 0.000000000000000000e+00
4.090000000000000000e+02 3.128130474280527551e+02 0.000000000000000000e+00 0.000000000000000000e+00
4.100000000000000000e+02 3.149153071386858755e+02 0.000000000000000000e+00 0.000000000000000000e+00
4.110000000000000000e+02 3.145709854550748332e+02 0.000000000000000000e+00 0.000000000000000000e+00
4.120000000000000000e+02 3.166854754099613274e+02 0.000000000000000000e+00 0.000000000000000000e+00
4.130000000000000000e+02 3.174422826083138034e+02 0.000000000000000000e+00 0.000000000000000000e+00
4.140000000000000000e+02 3.180784973466889483e+02 0.000000000000000000e+00 0.000000000000000000e+00
4.150000000000000000e+02 3.182172916051725338e+02 0.000000000000000000e+00 0.000000000000000000e+00
4.160000000000000000e+02 3.193472764074223278e+02 0.000000000000000000e+00 0.000000000000000000e+00
4.170000000000000000e+02 3.209100277765419378e+02 0.000000000000000000e+00 0.000000000000000000e+00
4.180000000000000000e+02 3.217494608762527832e+02 0.000000000000000000e+00 0.000000000000000000e+00
4.190000000000000000e+02 3.231964525877431811e+02 0.000000000000000000e+00 0.000000000000000000e+00
4.200000000000000000e+02 3.240942204731401830e+02 0.000000000000000000e+00 0.000000000000000000e+00
4.210000000000000000e+02 3.254523192510400236e+02 0.000000000000000000e+00 0.000000000000000000e+00
4.220000000000000000e+02 3.254498878370854982e+02 0.000000000000000000e+00 0.000000000000000000e+00
4.230000000000000000e+02 3.267596240027428394e+02 0.000000000000000000e+00 0.000000000000000000e+00
4.240000000000000000e+02 3.275040019781869773e+02 0.000000000000000000e+00 0.000000000000000000e+00
4.250000000000000000e+02 3.290384407203668502e+02 0.000000000000000000e+00 0.000000000000000000e+00
4.260000000000000000e+02 3.304895161130943961e+02 0.000000000000000000e+00 0.000000000000000000e+00
4.270000000000000000e+02 3.294969145376438746e+02 1.000000000000000000e+00 0.000000000000000000e+00
4.280000000000000000e+02 3.311141121855555980e+02 0.000000000000000000e+00 0.000000000000000000e+00
4.290000000000000000e+02 3.307278032203883527e+02 0.000000000000000000e+00 0.000000000000000000e+00
4.300000000000000000e+02 3.333109376382065534e+02 0.000000000000000000e+00 0.000000000000000000e+00
4.310000000000000000e+02 3.326883143702201551e+02 1.000000000000000000e+00 0.000000000000000000e+00
4.320000000000000000e+02 3.341649804138925219e+02 0.000000000000000000e+00 0.000000000000000000e+00
4.330000000000000000e+02 3.347589659361943859e+02 0.000000000000000000e+00 0.000000000000000000e+00
4.340000000000000000e+02 3.357986083877891019e+02 0.000000000000000000e+00 0.000000000000000000e+00
4.350000000000000000e+02 3.363512598735300116e+02 0.000000000000000000e+00 0.000000000000000000e+00
4.360000000000000000e+02 3.378891042424951934e+02 0.000000000000000000e+00 0.000000000000000000e+00
4.370000000000000000e+02 3.390376326383008063e+02 0.000000000000000000e+00 0.000000000000000000e+00
4.380000000000000000e+02 3.395815178859238017e+02 0.000000000000000000e+00 0.000000000000000000e+00
4.390000000000000000e+02 3.403495449540398567e+02 0.000000000000000000e+00 0.000000000000000000e+00
4.400000000000000000e+02 3.414803537658298183e+02 0.000000000000000000e+00 0.000000000000000000e+00
4.410000000000000000e+02 3.409784076762778113e+02 2.000000000000000000e+00 0.000000000000000000e+00
4.420000000000000000e+02 3.398794031248037868e+02 2.000000000000000000e+00 0.000000000000000000e+00
4.430000000000000000e+02 3.404342375907315841e+02 1.000000000000000000e+00 0.000000000000000000e+00
4.440000000000000000e+02 3.409458430662621140e+02 0.000000000000000000e+00 0.000000000000000000e+00
4.450000000000000000e+02 3.399041230175668602e+02 2.000000000000000000e+00 0.000000000000000000e+00
4.460000000000000000e+02 3.405449921080931972e+02 0.000000000000000000e+00 0.000000000000000000e+00
4.470000000000000000e+02 3.421697739675619800e+02 0.000000000000000000e+00 0.000000000000000000e+00
4.480000000000000000e+02 3.434676071325447992e+02 0.000000000000000000e+00 0.000000000000000000e+00
4.490000000000000000e+02 3.435090773821652874e+02 0.000000000000000000e+00 0.000000000000000000e+00
4.500000000000000000e+02 3.453065716536971763e+02 0.000000000000000000e+00 0.000000000000000000e+00
4.510000000000000000e+02 3.457106450098280561e+02 0.000000000000000000e+00 0.000000000000000000e+00
4.520000000000000000e+02 3.466414364390726064e+02 0.000000000000000000e+00 0.000000000000000000e+00
4.530000000000000000e+02 3.485442263634739106e+02 0.000000000000000000e+00 0.000000000000000000e+00
4.540000000000000000e+02 3.489564580285385773e+02 0.000000000000000000e+00 0.000000000000000000e+00
4.550000000000000000e+02 3.500258558574549284e+02 0.000000000000000000e+00 0.000000000000000000e+00
4.560000000000000000e+02 3.507268279591180544e+02 0.000000000000000000e+00 0.000000000000000000e+00
4.570000000000000000e+02 3.523541880325552711e+02 0.000000000000000000e+00 0.000000000000000000e+00
4.580000000000000000e+02 3.538282373785854702e+02 0.000000000000000000e+00 0.000000000000000000e+00
4.590000000000000000e+02 3.544622035435465932e+02 0.000000000000000000e+00 0.000000000000000000e+00
4.600000000000000000e+02 3.546596032445904711e+02 0.000000000000000000e+00 0.000000000000000000e+00
4.610000000000000000e+02 3.563347247550397583e+02 0.000000000000000000e+00 0.000000000000000000e+00
4.620000000000000000e+02 3.576732896285034258e+02 0.000000000000000000e+00 0.000000000000000000e+00
4.630000000000000000e+02 3.581845327157108727e+02 0.000000000000000000e+00 0.000000000000000000e+00
4.640000000000000000e+02 3.594929217819591258e+02 0.000000000000000000e+00 0.000000000000000000e+00
4.650000000000000000e+02 3.597655694701624043e+02 0.000000000000000000e+00 0.000000000000000000e+00
4.660000000000000000e+02 3.607781481182697689e+02 0.000000000000000000e+00 0.000000000000000000e+00
4.670000000000000000e+02 3.616338730869655933e+02 0.000000000000000000e+00 0.000000000000000000e+00
4.680000000000000000e+02 3.630933791679852334e+02 0.000000000000000000e+00 0.000000000000000000e+00
4.690000000000000000e+02 3.631859151602158136e+02 0.000000000000000000e+00 0.000000000000000000e+00
4.700000000000000000e+02 3.651995594343442235e+02 0.000000000000000000e+00 0.000000000000000000e+00
4.710000000000000000e+02 3.653565960219598878e+02 0.000000000000000000e+00 0.000000000000000000e+00
4.720000000000000000e+02 3.663549445624759073e+02 0.000000000000000000e+00 0.000000000000000000e+00
4.730000000000000000e+02 3.676862110435925501e+02 0.000000000000000000e+00 0.000000000000000000e+00
4.740000000000000000e+02 3.686605582658043545e+02 0.000000000000000000e+00 0.000000000000000000e+00
4.750000000000000000e+02 3.698959209981551908e+02 0.000000000000000000e+00 0.000000000000000000e+00
4.760000000000000000e+02 3.708917855459001771e+02 0.000000000000000000e+00 0.000000000000000000e+00
4.770000000000000000e+02 3.721580832098722453e+02 0.000000000000000000e+00 0.000000000000000000e+00
4.780000000000000000e+02 3.732140519543255550e+02 0.000000000000000000e+00 0.000000000000000000e+00
4.790000000000000000e+02 3.735726667341632492e+02 0.000000000000000000e+00 0.000000000000000000e+00
4.800000000000000000e+02 3.742760340649340947e+02 1.000000000000000000e+00 0.000000000000000000e+00
4.810000000000000000e+02 3.755417225693435057e+02 0.000000000000000000e+00 0.000000000000000000e+00
4.820000000000000000e+02 3.760200170092738858e+02 0.000000000000000000e+00 0.000000000000000000e+00
4.830000000000000000e+02 3.761945426582439040e+02 1.000000000000000000e+00 0.000000000000000000e+00
4.840000000000000000e+02 3.764603747680046695e+02 0.000000000000000000e+00 0.000000000000000000e+00
4.850000000000000000e+02 3.789810184808229678e+02 0.000000000000000000e+00 0.000000000000000000e+00
4.860000000000000000e+02 3.798459228117998236e+02 0.000000000000000000e+00 0.000000000000000000e+00
4.870000000000000000e+02 3.790417401812001685e+02 1.000000000000000000e+00 0.000000000000000000e+00
4.880000000000000000e+02 3.786575852234354329e+02 2.000000000000000000e+00 0.000000000000000000e+00
4.890000000000000000e+02 3.769913158924582604e+02 1.000000000000000000e+00 0.000000000000000000e+00
4.900000000000000000e+02 3.791869815524008231e+02 0.000000000000000000e+00 0.000000000000000000e+00
4.910000000000000000e+02 3.801912251273045626e+02 0.000000000000000000e+00 0.000000000000000000e+00
4.920000000000000000e+02 3.809377117476035437e+02 0.000000000000000000e+00 0.000000000000000000e+00
4.930000000000000000e+02 3.818445411334138839e+02 0.000000000000000000e+00 0.000000000000000000e+00
4.940000000000000000e+02 3.838921030856424750e+02 0.000000000000000000e+00 0.000000000000000000e+00
4.950000000000000000e+02 3.836828477426045652e+02 0.000000000000000000e+00 0.000000000000000000e+00
4.960000000000000000e+02 3.851208804682754021e+02 0.000000000000000000e+00 0.000000000000000000e+00
4.970000000000000000e+02 3.863300378993083086e+02 0.000000000000000000e+00 0.000000000000000000e+00
4.980000000000000000e+02 3.869918651614455598e+02 0.000000000000000000e+00 0.000000000000000000e+00
4.990000000000000000e+02 3.884509434738004643e+02 0.000000000000000000e+00 0.000000000000000000e+00
5.000000000000000000e+02 3.893008242612655181e+02 0.000000000000000000e+00 0.000000000000000000e+00
5.010000000000000000e+02 3.900377833707707964e+02 0.000000000000000000e+00 0.000000000000000000e+00
5.020000000000000000e+02 3.897234994236607690e+02 1.000000000000000000e+00 0.000000000000000000e+00
5.030000000000000000e+02 3.898004990421415528e+02 1.000000000000000000e+00 0.000000000000000000e+00
5.040000000000000000e+02 3.903743907287183106e+02 0.000000000000000000e+00 0.000000000000000000e+00
5.050000000000000000e+02 3.922770186771696217e+02 0.000000000000000000e+00 0.000000000000000000e+00
5.060000000000000000e+02 3.929869496989092568e+02 0.000000000000000000e+00 0.000000000000000000e+00
5.070000000000000000e+02 3.927780231137053875e+02 0.000000000000000000e+00 0.000000000000000000e+00
5.080000000000000000e+02 3.951329381656587998e+02 0.000000000000000000e+00 0.000000000000000000e+00
5.090000000000000000e+02 3.958469255960297914e+02 0.000000000000000000e+00 0.000000000000000000e+00
5.100000000000000000e+02 3.965402862075102917e+02 0.000000000000000000e+00 0.000000000000000000e+00
5.110000000000000000e+02 3.980079216081126106e+02 0.000000000000000000e+00 0.000000000000000000e+00
5.120000000000000000e+02 3.984049996554194308e+02 0.000000000000000000e+00 0.000000000000000000e+00
5.130000000000000000e+02 4.000261479456494840e+02 0.000000000000000000e+00 0.000000000000000000e+00
5.140000000000000000e+02 4.014414733460874913e+02 0.000000000000000000e+00 0.000000000000000000e+00
5.150000000000000000e+02 4.019397515662848264e+02 0.000000000000000000e+00 0.000000000000000000e+00
5.160000000000000000e+02 4.012834064895416759e+02 2.000000000000000000e+00 0.000000000000000000e+00
5.170000000000000000e+02 4.005511126103180004e+02 1.000000000000000000e+00 0.000000000000000000e+00
5.180000000000000000e+02 4.013316128975685046e+02 1.000000000000000000e+00 0.000000000000000000e+00
5.190000000000000000e+02 4.012408071747371423e+02 0.000000000000000000e+00 0.000000000000000000e+00
5.200000000000000000e+02 4.030833081465851819e+02 0.000000000000000000e+00 0.000000000000000000e+00
5.210000000000000000e+02 4.037999674781647741e+02 0.000000000000000000e+00 0.000000000000000000e+00
5.220000000000000000e+02 4.054268501928158344e+02 0.000000000000000000e+00 0.000000000000000000e+00
5.230000000000000000e+02 4.069702430000104982e+02 0.000000000000000000e+00 0.000000000000000000e+00
5.240000000000000000e+02 4.067947747997810097e+02 0.000000000000000000e+00 0.000000000000000000e+00
5.250000000000000000e+02 4.078499278430221011e+02 0.000000000000000000e+00 0.000000000000000000e+00
5.260000000000000000e+02 4.085440660233123253e+02 0.000000000000000000e+00 0.000000000000000000e+00
5.270000000000000000e+02 4.095928766781292438e+02 0.000000000000000000e+00 0.000000000000000000e+00
5.280000000000000000e+02 4.106399217057140163e+02 0.000000000000000000e+00 0.000000000000000000e+00
5.290000000000000000e+02 4.113477306065290691e+02 0.000000000000000000e+00 0.000000000000000000e+00
5.300000000000000000e+02 4.137583854355635822e+02 0.000000000000000000e+00 0.000000000000000000e+00
5.310000000000000000e+02 4.148086682771158848e+02 0.000000000000000000e+00 0.000000000000000000e+00
5.320000000000000000e+02 4.149265874195140782e+02 0.000000000000000000e+00 0.000000000000000000e+00
5.330000000000000000e+02 4.165362908913572255e+02 0.000000000000000000e+00 0.000000000000000000e+00
5.340000000000000000e+02 4.179038077839879293e+02 0.000000000000000000e+00 0.000000000000000000e+00
5.350000000000000000e+02 4.176493298662735469e+02 1.000000000000000000e+00 0.000000000000000000e+00
5.360000000000000000e+02 4.183883635554194598e+02 0.000000000000000000e+00 0.000000000000000000e+00
5.370000000000000000e+02 4.188501053563090863e+02 0.000000000000000000e+00 0.000000000000000000e+00
5.380000000000000000e+02 4.203067922786439112e+02 0.000000000000000000e+00 0.000000000000000000e+00
5.390000000000000000e+02 4.222339745021895965e+02 0.000000000000000000e+00 0.000000000000000000e+00
5.400000000000000000e+02 4.221012530232764561e+02 0.000000000000000000e+00 0.000000000000000000e+00
5.410000000000000000e+02 4.239244442403839344e+02 0.000000000000000000e+00 0.000000000000000000e+00
5.420000000000000000e+02 4.248042280950230065e+02 0.000000000000000000e+00 0.000000000000000000e+00
5.430000000000000000e+02 4.253014047875022925e+02 0.000000000000000000e+00 0.000000000000000000e+00
5.440000000000000000e+02 4.265487270446918160e+02 0.000000000000000000e+00 0.000000000000000000e+00
5.450000000000000000e+02 4.268233424842134696e+02 0.000000000000000000e+00 0.000000000000000000e+00
5.460000000000000000e+02 4.272075468472503985e+02 0.000000000000000000e+00 0.000000000000000000e+00
5.470000000000000000e+02 4.280075630184355191e+02 0.000000000000000000e+00 0.000000000000000000e+00
5.480000000000000000e+02 4.305224607204654035e+02 0.000000000000000000e+00 0.000000000000000000e+00
5.490000000000000000e+02 4.307563957500345850e+02 0.000000000000000000e+00 0.000000000000000000e+00
5.500000000000000000e+02 4.320585534732346673e+02 0.000000000000000000e+00 0.000000000000000000e+00
5.510000000000000000e+02 4.315990426476397488e+02 1.000000000000000000e+00 0.000000000000000000e+00
5.520000000000000000e+02 4.317380143996768993e+02 1.000000000000000000e+00 0.000000000000000000e+00
5.530000000000000000e+02 4.310809073410762267e+02 2.000000000000000000e+00 0.000000000000000000e+00
5.540000000000000000e+02 4.304126634339136785e+02 1.000000000000000000e+00 0.000000000000000000e+00
5.550000000000000000e+02 4.313594511208808058e+02 1.000000000000000000e+00 0.000000000000000000e+00
5.560000000000000000e+02 4.309870825724152041e+02 0.000000000000000000e+00 0.000000000000000000e+00
5.570000000000000000e+02 4.306137781608438218e+02 2.000000000000000000e+00 0.000000000000000000e+00
5.580000000000000000e+02 4.318829868411792745e+02 1.000000000000000000e+00 0.000000000000000000e+00
5.590000000000000000e+02 4.316128450011580071e+02 0.000000000000000000e+00 0.000000000000000000e+00
5.600000000000000000e+02 4.300183280532187950e+02 2.000000000000000000e+00 0.000000000000000000e+00
5.610000000000000000e+02 4.310188109175176123e+02 1.000000000000000000e+00 0.000000000000000000e+00
5.620000000000000000e+02 4.303154279347019155e+02 1.000000000000000000e+00 0.000000000000000000e+00
5.630000000000000000e+02 4.310684422435328997e+02 0.000000000000000000e+00 0.000000000000000000e+00
5.640000000000000000e+02 4.324840170170647298e+02 0.000000000000000000e+00 0.000000000000000000e+00
5.650000000000000000e+02 4.338331346838817240e+02 0.000000000000000000e+00 0.000000000000000000e+00
5.660000000000000000e+02 4.350828081894148909e+02 0.000000000000000000e+00 0.000000000000000000e+00
5.670000000000000000e+02 4.354914445940723340e+02 0.000000000000000000e+00 0.000000000000000000e+00
5.680000000000000000e+02 4.373937135741005022e+02 0.000000000000000000e+00 0.000000000000000000e+00
5.690000000000000000e+02 4.374477938389713927e+02 0.000000000000000000e+00 0.000000000000000000e+00
5.700000000000000000e+02 4.393021231719504840e+02 0.000000000000000000e+00 0.000000000000000000e+00
5.710000000000000000e+02 4.401575337416226716e+02 0.000000000000000000e+00 0.000000000000000000e+00
5.720000000000000000e+02 4.407283764185689847e+02 0.000000000000000000e+00 0.000000000000000000e+00
5.730000000000000000e+02 4.419116291991640537e+02 0.000000000000000000e+00 0.000000000000000000e+00
5.740000000000000000e+02 4.425047467192489421e+02 0.000000000000000000e+00 0.000000000000000000e+00
5.750000000000000000e+02 4.436432045842871048e+02 1.000000000000000000e+00 0.000000000000000000e+00
5.760000000000000000e+02 4.436984180225097703e+02 1.000000000000000000e+00 0.000000000000000000e+00
5.770000000000000000e+02 4.442565066271218370e+02 0.000000000000000000e+00 0.000000000000000000e+00
5.780000000000000000e+02 4.447872765592294400e+02 0.000000000000000000e+00 0.000000000000000000e+00
5.790000000000000000e+02 4.465476745944287700e+02 0.000000000000000000e+00 0.000000000000000000e+00
5.800000000000000000e+02 4.475129760732230011e+02 0.000000000000000000e+00 0.000000000000000000e+00
5.810000000000000000e+02 4.479622498460855127e+02 0.000000000000000000e+00 0.000000000000000000e+00
5.820000000000000000e+02 4.484845851283383240e+02 0.000000000000000000e+00 0.000000000000000000e+00
5.830000000000000000e+02 4.502142503766713730e+02 0.000000000000000000e+00 0.000000000000000000e+00
5.840000000000000000e+02 4.503963733542536261e+02 0.000000000000000000e+00 0.000000000000000000e+00
5.850000000000000000e+02 4.505296178165103242e+02 2.000000000000000000e+00 0.000000000000000000e+00
5.860000000000000000e+02 4.518528966041498620e+02 0.000000000000000000e+00 0.000000000000000000e+00
5.870000000000000000e+02 4.502547140541753379e+02 2.000000000000000000e+00 0.000000000000000000e+00
5.880000000000000000e+02 4.503911322472557117e+02 0.000000000000000000e+00 0.000000000000000000e+00
5.890000000000000000e+02 4.517571166208215345e+02 0.000000000000000000e+00 0.000000000000000000e+00
5.900000000000000000e+02 4.531454722413752734e+02 0.000000000000000000e+00 0.000000000000000000e+00
5.910000000000000000e+02 4.554258433131595325e+02 0.000000000000000000e+00 0.000000000000000000e+00
5.920000000000000000e+02 4.541639519798167726e+02 0.000000000000000000e+00 0.000000000000000000e+00
5.930000000000000000e+02 4.564306716342455843e+02 0.000000000000000000e+00 0.000000000000000000e+00
5.940000000000000000e+02 4.563694275071138122e+02 0.000000000000000000e+00 0.000000000000000000e+00
5.950000000000000000e+02 4.587078552318980655e+02 0.000000000000000000e+00 0.000000000000000000e+00
5.960000000000000000e+02 4.587684475054936684e+02 0.000000000000000000e+00 0.000000000000000000e+00
5.970000000000000000e+02 4.608627921030970356e+02 0.000000000000000000e+00 0.000000000000000000e+00
5.980000000000000000e+02 4.606553054602758834e+02 0.000000000000000000e+00 0.000000000000000000e+00
5.990000000000000000e+02 4.598456441726885942e+02 2.000000000000000000e+00 0.000000000000000000e+00
6.000000000000000000e+02 4.612726396758314422e+02 0.000000000000000000e+00 0.000000000000000000e+00
6.010000000000000000e+02 4.611793064980140002e+02 0.000000000000000000e+00 0.000000000000000000e+00
6.020000000000000000e+02 4.626943841539209075e+02 0.000000000000000000e+00 0.000000000000000000e+00
6.030000000000000000e+02 4.631276899873100206e+02 0.000000000000000000e+00 0.000000000000000000e+00
6.040000000000000000e+02 4.643909434954184690e+02 0.000000000000000000e+00 0.000000000000000000e+00
6.050000000000000000e+02 4.658103600277568717e+02 0.000000000000000000e+00 0.000000000000000000e+00
6.060000000000000000e+02 4.674165492300328992e+02 0.000000000000000000e+00 0.000000000000000000e+00
6.070000000000000000e+02 4.681099744480998197e+02 0.000000000000000000e+00 0.000000000000000000e+00
6.080000000000000000e+02 4.691514422890930973e+02 0.000000000000000000e+00 0.000000000000000000e+00
6.090000000000000000e+02 4.695382909789523183e+02 0.000000000000000000e+00 0.000000000000000000e+00
6.100000000000000000e+02 4.721865883943199265e+02 0.000000000000000000e+00 0.000000000000000000e+00
6.110000000000000000e+02 4.720764701931693139e+02 0.000000000000000000e+00 0.000000000000000000e+00
6.120000000000000000e+02 4.730825858975202891e+02 0.000000000000000000e+00 0.000000000000000000e+00
6.130000000000000000e+02 4.733222520605804107e+02 0.000000000000000000e+00 0.000000000000000000e+00
6.140000000000000000e+02 4.753262998368988406e+02 0.000000000000000000e+00 0.000000000000000000e+00
6.150000000000000000e+02 4.760297742607375540e+02 0.000000000000000000e+00 0.000000000000000000e+00
6.160000000000000000e+02 4.764545148757374022e+02 0.000000000000000000e+00 0.000000000000000000e+00
6.170000000000000000e+02 4.791378460444745997e+02 0.000000000000000000e+00 0.000000000000000000e+00
6.180000000000000000e+02 4.790277361240103460e+02 0.000000000000000000e+00 0.000000000000000000e+00
6.190000000000000000e+02 4.796815178735890868e+02 0.000000000000000000e+00 0.000000000000000000e+00
6.200000000000000000e+02 4.816681452370185070e+02 0.000000000000000000e+00 0.000000000000000000e+00
6.210000000000000000e+02 4.800387844949468104e+02 2.000000000000000000e+00 0.000000000000000000e+00
6.220000000000000000e+02 4.786133019736632832e+02 2.000000000000000000e+00 0.000000000000000000e+00
6.230000000000000000e+02 4.792933814669411845e+02 0.000000000000000000e+00 0.000000000000000000e+00
6.240000000000000000e+02 4.809272363050902754e+02 0.000000000000000000e+00 0.000000000000000000e+00
6.250000000000000000e+02 4.833482829512051353e+02 0.000000000000000000e+00 0.000000000000000000e+00
6.260000000000000000e+02 4.805726550707049682e+02 2.000000000000000000e+00 0.000000000000000000e+00
6.270000000000000000e+02 4.815886754969854451e+02 0.000000000000000000e+00 0.000000000000000000e+00
6.280000000000000000e+02 4.830096064705747949e+02 0.000000000000000000e+00 0.000000000000000000e+00
6.290000000000000000e+02 4.839286400167067654e+02 0.000000000000000000e+00 0.000000000000000000e+00
6.300000000000000000e+02 4.848633722820796379e+02 0.000000000000000000e+00 0.000000000000000000e+00
6.310000000000000000e+02 4.838059154124151746e+02 2.000000000000000000e+00 0.000000000000000000e+00
6.320000000000000000e+02 4.833243354155451357e+02 1.000000000000000000e+00 0.000000000000000000e+00
6.330000000000000000e+02 4.853891486375035811e+02 0.000000000000000000e+00 0.000000000000000000e+00
6.340000000000000000e+02 4.857295879141056503e+02 0.000000000000000000e+00 0.000000000000000000e+00
6.350000000000000000e+02 4.851972312596213897e+02 2.000000000000000000e+00 0.000000000000000000e+00
6.360000000000000000e+02 4.861380018323097829e+02 0.000000000000000000e+00 0.000000000000000000e+00
6.370000000000000000e+02 4.862933746220797389e+02 0.000000000000000000e+00 0.000000000000000000e+00
6.380000000000000000e+02 4.884725060808214039e+02 0.000000000000000000e+00 0.000000000000000000e+00
6.390000000000000000e+02 4.891784453235280807e+02 0.000000000000000000e+00 0.000000000000000000e+00
6.400000000000000000e+02 4.888951966199508661e+02 0.000000000000000000e+00 0.000000000000000000e+00
6.410000000000000000e+02 4.914673774572014509e+02 0.000000000000000000e+00 0.000000000000000000e+00
6.420000000000000000e+02 4.919133823387510347e+02 0.000000000000000000e+00 0.000000000000000000e+00
6.430000000000000000e+02 4.928219418977554369e+02 0.000000000000000000e+00 0.000000000000000000e+00
6.440000000000000000e+02 4.928328306860498174e+02 1.000000000000000000e+00 0.000000000000000000e+00
6.450000000000000000e+02 4.945482104500310925e+02 0.000000000000000000e+00 0.000000000000000000e+00
6.460000000000000000e+02 4.944244470220986614e+02 0.000000000000000000e+00 0.000000000000000000e+00
6.470000000000000000e+02 4.951102415340516245e+02 0.000000000000000000e+00 0.000000000000000000e+00
6.480000000000000000e+02 4.969244482156786944e+02 0.000000000000000000e+00 0.000000000000000000e+00
6.490000000000000000e+02 4.977575360537338724e+02 0.000000000000000000e+00 0.000000000000000000e+00
6.500000000000000000e+02 4.989947218495186121e+02 0.000000000000000000e+00 0.000000000000000000e+00
6.510000000000000000e+02 4.998034358619333375e+02 0.000000000000000000e+00 0.000000000000000000e+00
6.520000000000000000e+02 5.016456602054640825e+02 0.000000000000000000e+00 0.000000000000000000e+00
6.530000000000000000e+02 5.011048692720125359e+02 0.000000000000000000e+00 0.000000000000000000e+00
6.540000000000000000e+02 5.013421356710386476e+02 0.000000000000000000e+00 0.000000000000000000e+00
6.550000000000000000e+02 5.048934728781694616e+02 0.000000000000000000e+00 0.000000000000000000e+00
6.560000000000000000e+02 5.061501589181895611e+02 0.000000000000000000e+00 0.000000000000000000e+00
6.570000000000000000e+02 5.058944469362697873e+02 0.000000000000000000e+00 0.000000000000000000e+00
6.580000000000000000e+02 5.074675255132173106e+02 0.000000000000000000e+00 0.000000000000000000e+00
6.590000000000000000e+02 5.086556444061274647e+02 0.000000000000000000e+00 0.000000000000000000e+00
6.600000000000000000e+02 5.064980549625974504e+02 2.000000000000000000e+00 0.000000000000000000e+00
6.610000000000000000e+02 5.056145295036363336e+02 2.000000000000000000e+00 0.000000000000000000e+00
6.620000000000000000e+02 5.068109992554761334e+02 0.000000000000000000e+00 0.000000000000000000e+00
6.630000000000000000e+02 5.077235875989997567e+02 0.000000000000000000e+00 0.000000000000000000e+00
6.640000000000000000e+02 5.096406517122890136e+02 0.000000000000000000e+00 0.000000000000000000e+00
6.650000000000000000e+02 5.089964757052143796e+02 0.000000000000000000e+00 0.000000000000000000e+00
6.660000000000000000e+02 5.118967519719452639e+02 0.000000000000000000e+00 0.000000000000000000e+00
6.670000000000000000e+02 5.099938195364410376e+02 2.000000000000000000e+00 0.000000000000000000e+00
6.680000000000000000e+02 5.115870042708567667e+02 0.000000000000000000e+00 0.000000000000000000e+00
6.690000000000000000e+02 5.101670777771593634e+02 2.000000000000000000e+00 0.000000000000000000e+00
6.700000000000000000e+02 5.112958448832229124e+02 0.000000000000000000e+00 0.000000000000000000e+00
6.710000000000000000e+02 5.122143941334522879e+02 0.000000000000000000e+00 0.000000000000000000e+00
6.720000000000000000e+02 5.128443070502913770e+02 0.000000000000000000e+00 0.000000000000000000e+00
6.730000000000000000e+02 5.145859891890590916e+02 0.000000000000000000e+00 0.000000000000000000e+00
6.740000000000000000e+02 5.146399242338948170e+02 0.000000000000000000e+00 0.000000000000000000e+00
6.750000000000000000e+02 5.154251840227990442e+02 0.000000000000000000e+00 0.000000000000000000e+00
6.760000000000000000e+02 5.182220148813437390e+02 0.000000000000000000e+00 0.000000000000000000e+00
6.770000000000000000e+02 5.175820067092538466e+02 0.000000000000000000e+00 0.000000000000000000e+00
6.780000000000000000e+02 5.186495855936599355e+02 0.000000000000000000e+00 0.000000000000000000e+00
6.790000000000000000e+02 5.206757062485000915e+02 0.000000000000000000e+00 0.000000000000000000e+00
6.800000000000000000e+02 5.211516231574294125e+02 0.000000000000000000e+00 0.000000000000000000e+00
6.810000000000000000e+02 5.210841048092287338e+02 0.000000000000000000e+00 0.000000000000000000e+00
6.820000000000000000e+02 5.235591650410533475e+02 0.000000000000000000e+00 0.000000000000000000e+00
6.830000000000000000e+02 5.239336777717617224e+02 0.000000000000000000e+00 0.000000000000000000e+00
6.840000000000000000e+02 5.254882454074720499e+02 0.000000000000000000e+00 0.000000000000000000e+00
6.850000000000000000e+02 5.263253722299172068e+02 0.000000000000000000e+00 0.000000000000000000e+00
6.860000000000000000e+02 5.270794544445863039e+02 0.000000000000000000e+00 0.000000000000000000e+00
6.870000000000000000e+02 5.274095927265192358e+02 0.000000000000000000e+00 0.000000000000000000e+00
6.880000000000000000e+02 5.288774467200298659e+02 0.000000000000000000e+00 0.000000000000000000e+00
6.890000000000000000e+02 5.296703228913953581e+02 0.000000000000000000e+00 0.000000000000000000e+00
6.900000000000000000e+02 5.311073113213529950e+02 0.000000000000000000e+00 0.000000000000000000e+00
6.910000000000000000e+02 5.328663410478528704e+02 0.000000000000000000e+00 0.000000000000000000e+00
6.920000000000000000e+02 5.327636641188295243e+02 0.000000000000000000e+00 0.000000000000000000e+00
6.930000000000000000e+02 5.339047831836278419e+02 0.000000000000000000e+00 0.000000000000000000e+00
6.940000000000000000e+02 5.350297273845901600e+02 0.000000000000000000e+00 0.000000000000000000e+00
6.950000000000000000e+02 5.353953720217332375e+02 0.000000000000000000e+00 0.000000000000000000e+00
6.960000000000000000e+02 5.365999702472532817e+02 0.000000000000000000e+00 0.000000000000000000e+00
6.970000000000000000e+02 5.385260625979805127e+02 0.000000000000000000e+00 0.000000000000000000e+00
6.980000000000000000e+02 5.392916626903346469e+02 0.000000000000000000e+00 0.000000000000000000e+00
6.990000000000000000e+02 5.397213137710562023e+02 0.000000000000000000e+00 0.000000000000000000e+00
7.000000000000000000e+02 5.413210163812655082e+02 0.000000000000000000e+00 0.000000000000000000e+00
7.010000000000000000e+02 5.395124667367272195e+02 2.000000000000000000e+00 0.000000000000000000e+00
7.020000000000000000e+02 5.408720142277403511e+02 0.000000000000000000e+00 0.000000000000000000e+00
7.030000000000000000e+02 5.410817045595866830e+02 0.000000000000000000e+00 0.000000000000000000e+00
7.040000000000000000e+02 5.411115081870877930e+02 1.000000000000000000e+00 0.000000000000000000e+00
7.050000000000000000e+02 5.422103607278614845e+02 0.000000000000000000e+00 0.000000000000000000e+00
7.060000000000000000e+02 5.439282114744072487e+02 0.000000000000000000e+00 0.000000000000000000e+00
7.070000000000000000e+02 5.446710330872880377e+02 0.000000000000000000e+00 0.000000000000000000e+00
7.080000000000000000e+02 5.463407658045869084e+02 0.000000000000000000e+00 0.000000000000000000e+00
7.090000000000000000e+02 5.458477922197412227e+02 1.000000000000000000e+00 0.000000000000000000e+00
7.100000000000000000e+02 5.472646044105628107e+02 0.000000000000000000e+00 0.000000000000000000e+00
7.110000000000000000e+02 5.477305992528852130e+02 0.000000000000000000e+00 0.000000000000000000e+00
7.120000000000000000e+02 5.503320813275259979e+02 0.000000000000000000e+00 0.000000000000000000e+00
7.130000000000000000e+02 5.500915799277699989e+02 0.000000000000000000e+00 0.000000000000000000e+00
7.140000000000000000e+02 5.510700140139379073e+02 0.000000000000000000e+00 0.000000000000000000e+00
7.150000000000000000e+02 5.513506561118618947e+02 0.000000000000000000e+00 0.000000000000000000e+00
7.160000000000000000e+02 5.525837858667838418e+02 0.000000000000000000e+00 0.000000000000000000e+00
7.170000000000000000e+02 5.538346960189024912e+02 0.000000000000000000e+00 0.000000000000000000e+00
7.180000000000000000e+02 5.542772708234411994e+02 0.000000000000000000e+00 0.000000000000000000e+00
7.190000000000000000e+02 5.555388471292577606e+02 0.000000000000000000e+00 0.000000000000000000e+00
7.200000000000000000e+02 5.569358247117243081e+02 0.000000000000000000e+00 0.000000000000000000e+00
7.210000000000000000e+02 5.582156591832424510e+02 0.000000000000000000e+00 0.000000000000000000e+00
7.220000000000000000e+02 5.594166633056082674e+02 0.000000000000000000e+00 0.000000000000000000e+00
7.230000000000000000e+02 5.600069646773320073e+02 0.000000000000000000e+00 0.000000000000000000e+00
7.240000000000000000e+02 5.606543982465829004e+02 0.000000000000000000e+00 0.000000000000000000e+00
7.250000000000000000e+02 5.617466150264073121e+02 0.000000000000000000e+00 0.000000000000000000e+00
7.260000000000000000e+02 5.628896195514587362e+02 0.000000000000000000e+00 0.000000000000000000e+00
7.270000000000000000e+02 5.638129556026860882e+02 0.000000000000000000e+00 0.000000000000000000e+00
7.280000000000000000e+02 5.654105767003524079e+02 0.000000000000000000e+00 0.000000000000000000e+00
7.290000000000000000e+02 5.670034972012257413e+02 0.000000000000000000e+00 0.000000000000000000e+00
7.300000000000000000e+02 5.656907268448071591e+02 2.000000000000000000e+00 0.000000000000000000e+00
7.310000000000000000e+02 5.659402566024466523e+02 0.000000000000000000e+00 0.000000000000000000e+00
7.320000000000000000e+02 5.674455281784646559e+02 0.000000000000000000e+00 0.000000000000000000e+00
7.330000000000000000e+02 5.673907775570531840e+02 0.000000000000000000e+00 0.000000000000000000e+00
7.340000000000000000e+02 5.692073397369782697e+02 0.000000000000000000e+00 0.000000000000000000e+00
7.350000000000000000e+02 5.695028761190442310e+02 0.000000000000000000e+00 0.000000000000000000e+00
7.360000000000000000e+02 5.719203892394398281e+02 0.000000000000000000e+00 0.000000000000000000e+00
7.370000000000000000e+02 5.710554795810710402e+02 0.000000000000000000e+00 0.000000000000000000e+00
7.380000000000000000e+02 5.721157416828990563e+02 0.000000000000000000e+00 0.000000000000000000e+00
7.390000000000000000e+02 5.742478058158333170e+02 0.000000000000000000e+00 0.000000000000000000e+00
7.400000000000000000e+02 5.747161160354281719e+02 0.000000000000000000e+00 0.000000000000000000e+00
7.410000000000000000e+02 5.762048975293409967e+02 0.000000000000000000e+00 0.000000000000000000e+00
7.420000000000000000e+02 5.763547880617304600e+02 0.000000000000000000e+00 0.000000000000000000e+00
7.430000000000000000e+02 5.778233943894722415e+02 0.000000000000000000e+00 0.000000000000000000e+00
7.440000000000000000e+02 5.784578978561077065e+02 1.000000000000000000e+00 0.000000000000000000e+00
7.450000000000000000e+02 5.791195274512444939e+02 0.000000000000000000e+00 0.000000000000000000e+00
7.460000000000000000e+02 5.778120012192671311e+02 2.000000000000000000e+00 0.000000000000000000e+00
7.470000000000000000e+02 5.773546319702649043e+02 1.000000000000000000e+00 0.000000000000000000e+00
7.480000000000000000e+02 5.792390838660152212e+02 0.000000000000000000e+00 0.000000000000000000e+00
7.490000000000000000e+02 5.793758307203538607e+02 0.000000000000000000e+00 0.000000000000000000e+00
7.500000000000000000e+02 5.813972772177453407e+02 0.000000000000000000e+00 0.000000000000000000e+00
7.510000000000000000e+02 5.826471310329569633e+02 0.000000000000000000e+00 0.000000000000000000e+00
7.520000000000000000e+02 5.823232042951481162e+02 1.000000000000000000e+00 0.000000000000000000e+00
7.530000000000000000e+02 5.829610849207659840e+02 0.000000000000000000e+00 0.000000000000000000e+00
7.540000000000000000e+02 5.843790184094416418e+02 0.000000000000000000e+00 0.000000000000000000e+00
7.550000000000000000e+02 5.850545225443108848e+02 0.000000000000000000e+00 0.000000000000000000e+00
7.560000000000000000e+02 5.847419432162663497e+02 1.000000000000000000e+00 0.000000000000000000e+00
7.570000000000000000e+02 5.859286935428468723e+02 0.000000000000000000e+00 0.000000000000000000e+00
7.580000000000000000e+02 5.866650980670860918e+02 0.000000000000000000e+00 0.000000000000000000e+00
7.590000000000000000e+02 5.884113922551623546e+02 0.000000000000000000e+00 0.000000000000000000e+00
7.600000000000000000e+02 5.895758169214527697e+02 0.000000000000000000e+00 0.000000000000000000e+00
7.610000000000000000e+02 5.897114441763761761e+02 0.000000000000000000e+00 0.000000000000000000e+00
7.620000000000000000e+02 5.906611751634052325e+02 0.000000000000000000e+00 0.000000000000000000e+00
7.630000000000000000e+02 5.917475762139156359e+02 0.000000000000000000e+00 0.000000000000000000e+00
7.640000000000000000e+02 5.930894941609735724e+02 0.000000000000000000e+00 0.000000000000000000e+00
7.650000000000000000e+02 5.933455081385598078e+02 0.000000000000000000e+00 0.000000000000000000e+00
7.660000000000000000e+02 5.955231645160240532e+02 0.000000000000000000e+00 0.000000000000000000e+00
7.670000000000000000e+02 5.966035002810120886e+02 0.000000000000000000e+00 0.000000000000000000e+00
7.680000000000000000e+02 5.964511839775235558e+02 0.000000000000000000e+00 0.000000000000000000e+00
7.690000000000000000e+02 5.975188211382153440e+02 1.000000000000000000e+00 0.000000000000000000e+00
7.700000000000000000e+02 5.970477852849177225e+02 1.000000000000000000e+00 0.000000000000000000e+00
7.710000000000000000e+02 5.973821653133500149e+02 1.000000000000000000e+00 0.000000000000000000e+00
7.720000000000000000e+02 5.983071237337467210e+02 0.000000000000000000e+00 0.000000000000000000e+00
7.730000000000000000e+02 5.989118924149497616e+02 0.000000000000000000e+00 0.000000000000000000e+00
7.740000000000000000e+02 5.992750892726143093e+02 0.000000000000000000e+00 0.000000000000000000e+00
7.750000000000000000e+02 6.012065707546445310e+02 0.000000000000000000e+00 0.000000000000000000e+00
7.760000000000000000e+02 6.014211342477391327e+02 0.000000000000000000e+00 0.000000000000000000e+00
7.770000000000000000e+02 6.027720187752124730e+02 0.000000000000000000e+00 0.000000000000000000e+00
7.780000000000000000e+02 6.044826018245294108e+02 0.000000000000000000e+00 0.000000000000000000e+00
7.790000000000000000e+02 6.045831718857399437e+02 0.000000000000000000e+00 0.000000000000000000e+00
7.800000000000000000e+02 6.063396261314545654e+02 0.000000000000000000e+00 0.000000000000000000e+00
7.810000000000000000e+02 6.065817142843177407e+02 0.000000000000000000e+00 0.000000000000000000e+00
7.820000000000000000e+02 6.073664644748880619e+02 0.000000000000000000e+00 0.000000000000000000e+00
7.830000000000000000e+02 6.092040550958009817e+02 0.000000000000000000e+00 0.000000000000000000e+00
7.840000000000000000e+02 6.110238452244627751e+02 0.000000000000000000e+00 0.000000000000000000e+00
7.850000000000000000e+02 6.104184830262490777e+02 0.000000000000000000e+00 0.000000000000000000e+00
7.860000000000000000e+02 6.114413739677528383e+02 1.000000000000000000e+00 0.000000000000000000e+00
7.870000000000000000e+02 6.106000228617521088e+02 1.000000000000000000e+00 0.000000000000000000e+00
7.880000000000000000e+02 6.109373892060201570e+02 1.000000000000000000e+00 0.000000000000000000e+00
7.890000000000000000e+02 6.130252468075626666e+02 0.000000000000000000e+00 0.000000000000000000e+00
7.900000000000000000e+02 6.125424338265480628e+02 0.000000000000000000e+00 0.000000000000000000e+00
7.910000000000000000e+02 6.133620924016028084e+02 0.000000000000000000e+00 0.000000000000000000e+00
7.920000000000000000e+02 6.147954542243232936e+02 0.000000000000000000e+00 0.000000000000000000e+00
7.930000000000000000e+02 6.155275242142328125e+02 0.000000000000000000e+00 0.000000000000000000e+00
7.940000000000000000e+02 6.165908637550826370e+02 0.000000000000000000e+00 0.000000000000000000e+00
7.950000000000000000e+02 6.173877226054869425e+02 0.000000000000000000e+00 0.000000000000000000e+00
7.960000000000000000e+02 6.192240694005593014e+02 0.000000000000000000e+00 0.000000000000000000e+00
7.970000000000000000e+02 6.199935674582159209e+02 0.000000000000000000e+00 0.000000000000000000e+00
7.980000000000000000e+02 6.211594512512750725e+02 0.000000000000000000e+00 0.000000000000000000e+00
7.990000000000000000e+02 6.217187359661465962e+02 0.000000000000000000e+00 0.000000000000000000e+00
8.000000000000000000e+02 6.211768603163077387e+02 2.000000000000000000e+00 0.000000000000000000e+00
