time	position	state	ATP_bound
1.000000000000000000e+00 0.000000000000000000e+00 1.000000000000000000e+00 0.000000000000000000e+00
2.000000000000000000e+00 1.112116125837864899e+00 0.000000000000000000e+00 0.000000000000000000e+00
3.000000000000000000e+00 2.561968486427225855e+00 0.000000000000000000e+00 0.000000000000000000e+00
4.000000000000000000e+00 3.011728947806456613e+00 0.000000000000000000e+00 0.000000000000000000e+00
5.000000000000000000e+00 4.523326422302453409e+00 0.000000000000000000e+00 0.000000000000000000e+00
6.000000000000000000e+00 5.215398141739319371e+00 0.000000000000000000e+00 0.000000000000000000e+00
7.000000000000000000e+00 6.032998423235618191e+00 0.000000000000000000e+00 0.000000000000000000e+00
8.000000000000000000e+00 7.195853525865326894e+00 0.000000000000000000e+00 0.000000000000000000e+00
9.000000000000000000e+00 8.342886000087348819e+00 0.000000000000000000e+00 0.000000000000000000e+00
1.000000000000000000e+01 8.728108546362467024e+00 0.000000000000000000e+00 0.000000000000000000e+00
1.100000000000000000e+01 1.011000997828249126e+01 0.000000000000000000e+00 0.000000000000000000e+00
1.200000000000000000e+01 1.032943766363841753e+01 0.000000000000000000e+00 0.000000000000000000e+00
1.300000000000000000e+01 1.227560923306347007e+01 0.000000000000000000e+00 0.000000000000000000e+00
1.400000000000000000e+01 1.305230037905155349e+01 0.000000000000000000e+00 0.000000000000000000e+00
1.500000000000000000e+01 1.346377988376179324e+01 0.000000000000000000e+00 0.000000000000000000e+00
1.600000000000000000e+01 1.461053406631766727e+01 0.000000000000000000e+00 0.000000000000000000e+00
1.700000000000000000e+01 1.664195447411549011e+01 0.000000000000000000e+00 0.000000000000000000e+00
1.800000000000000000e+01 1.690345275329589825e+01 0.000000000000000000e+00 0.000000000000000000e+00
1.900000000000000000e+01 1.771434961433137545e+01 0.000000000000000000e+00 0.000000000000000000e+00
2.000000000000000000e+01 1.865254688289454776e+01 0.000000000000000000e+00 0.000000000000000000e+00
2.100000000000000000e+01 2.080444129186137303e+01 0.000000000000000000e+00 0.000000000000000000e+00
2.200000000000000000e+01 2.135719408971793243e+01 0.000000000000000000e+00 0.000000000000000000e+00
2.300000000000000000e+01 2.159616703531333926e+01 0.000000000000000000e+00 0.000000000000000000e+00
2.400000000000000000e+01 2.259500397714016984e+01 0.000000000000000000e+00 0.000000000000000000e+00
2.500000000000000000e+01 2.391612539193019771e+01 0.000000000000000000e+00 0.000000000000000000e+00
2.600000000000000000e+01 2.438695295786535766e+01 0.000000000000000000e+00 0.000000000000000000e+00
2.700000000000000000e+01 2.568970353433440934e+01 1.000000000000000000e+00 0.000000000000000000e+00
2.800000000000000000e+01 2.521625634058776910e+01 0.000000000000000000e+00 0.000000000000000000e+00
2.900000000000000000e+01 2.612059754819181023e+01 0.000000000000000000e+00 0.000000000000000000e+00
3.000000000000000000e+01 2.777526737445379013e+01 0.000000000000000000e+00 0.000000000000000000e+00
3.100000000000000000e+01 2.787520768965790552e+01 0.000000000000000000e+00 0.000000000000000000e+00
3.200000000000000000e+01 2.956767395533770681e+01 0.000000000000000000e+00 0.000000000000000000e+00
3.300000000000000000e+01 3.048461888130342601e+01 0.000000000000000000e+00 0.000000000000000000e+00
3.400000000000000000e+01 3.216020692552468319e+01 0.000000000000000000e+00 0.000000000000000000e+00
3.500000000000000000e+01 3.373411714255558991e+01 0.000000000000000000e+00 0.000000000000000000e+00
3.600000000000000000e+01 3.382632780384547289e+01 0.000000000000000000e+00 0.000000000000000000e+00
3.700000000000000000e+01 3.510338312237885816e+01 0.000000000000000000e+00 0.000000000000000000e+00
3.800000000000000000e+01 3.613419545264135735e+01 0.000000000000000000e+00 0.000000000000000000e+00
3.900000000000000000e+01 3.663566966730945751e+01 0.000000000000000000e+00 0.000000000000000000e+00
4.000000000000000000e+01 3.819360122502019550e+01 0.000000000000000000e+00 0.000000000000000000e+00
4.100000000000000000e+01 3.701772319688032553e+01 2.000000000000000000e+00 0.000000000000000000e+00
4.200000000000000000e+01 3.788142630972611613e+01 0.000000000000000000e+00 0.000000000000000000e+00
4.300000000000000000e+01 3.846419006951290953e+01 0.000000000000000000e+00 0.000000000000000000e+00
4.400000000000000000e+01 3.941095791264704928e+01 0.000000000000000000e+00 0.000000000000000000e+00
4.500000000000000000e+01 4.106861376549692721e+01 0.000000000000000000e+00 0.000000000000000000e+00
4.600000000000000000e+01 4.225407050013910748e+01 0.000000000000000000e+00 0.000000000000000000e+00
4.700000000000000000e+01 4.297589631012338174e+01 0.000000000000000000e+00 0.000000000000000000e+00
4.800000000000000000e+01 4.390071902046042851e+01 0.000000000000000000e+00 0.000000000000000000e+00
4.900000000000000000e+01 4.494472806496032291e+01 0.000000000000000000e+00 0.000000000000000000e+00
5.000000000000000000e+01 4.401524857006425151e+01 2.000000000000000000e+00 0.000000000000000000e+00
5.100000000000000000e+01 4.399029523383591567e+01 2.000000000000000000e+00 0.000000000000000000e+00
5.200000000000000000e+01 4.301027219026194359e+01 1.000000000000000000e+00 0.000000000000000000e+00
5.300000000000000000e+01 4.334794019654915331e+01 1.000000000000000000e+00 0.000000000000000000e+00
5.400000000000000000e+01 4.373483495135235444e+01 0.000000000000000000e+00 0.000000000000000000e+00
5.500000000000000000e+01 4.496553996153021160e+01 0.000000000000000000e+00 0.000000000000000000e+00
5.600000000000000000e+01 4.664052784110842254e+01 0.000000000000000000e+00 0.000000000000000000e+00
5.700000000000000000e+01 4.529300479277943481e+01 0.000000000000000000e+00 0.000000000000000000e+00
5.800000000000000000e+01 4.790479169383679903e+01 0.000000000000000000e+00 0.000000000000000000e+00
5.900000000000000000e+01 4.871075795019588384e+01 0.000000000000000000e+00 0.000000000000000000e+00
6.000000000000000000e+01 4.974821738290406614e+01 0.000000000000000000e+00 0.000000000000000000e+00
6.100000000000000000e+01 5.011640787396986951e+01 0.000000000000000000e+00 0.000000000000000000e+00
6.200000000000000000e+01 5.201161425813000960e+01 0.000000000000000000e+00 0.000000000000000000e+00
6.300000000000000000e+01 5.301590084788334423e+01 0.000000000000000000e+00 0.000000000000000000e+00
6.400000000000000000e+01 5.205926289556400377e+01 1.000000000000000000e+00 0.000000000000000000e+00
6.500000000000000000e+01 5.452184281858345827e+01 0.000000000000000000e+00 0.000000000000000000e+00
6.600000000000000000e+01 5.452553580471462169e+01 0.000000000000000000e+00 0.000000000000000000e+00
6.700000000000000000e+01 5.609279390420068268e+01 0.000000000000000000e+00 0.000000000000000000e+00
6.800000000000000000e+01 5.753808308968519469e+01 0.000000000000000000e+00 0.000000000000000000e+00
6.900000000000000000e+01 5.859196189088666529e+01 0.000000000000000000e+00 0.000000000000000000e+00
7.000000000000000000e+01 5.961575365436250706e+01 0.000000000000000000e+00 0.000000000000000000e+00
7.100000000000000000e+01 5.900777228562432697e+01 0.000000000000000000e+00 0.000000000000000000e+00
7.200000000000000000e+01 6.047663354829071380e+01 0.000000000000000000e+00 0.000000000000000000e+00
7.300000000000000000e+01 6.145521385576615359e+01 0.000000000000000000e+00 0.000000000000000000e+00
7.400000000000000000e+01 6.261914556652758534e+01 0.000000000000000000e+00 0.000000000000000000e+00
7.500000000000000000e+01 6.434873062997741044e+01 0.000000000000000000e+00 0.000000000000000000e+00
7.600000000000000000e+01 6.432093584388300656e+01 0.000000000000000000e+00 0.000000000000000000e+00
7.700000000000000000e+01 6.592854583106600330e+01 0.000000000000000000e+00 0.000000000000000000e+00
7.800000000000000000e+01 6.692219046251217662e+01 0.000000000000000000e+00 0.000000000000000000e+00
7.900000000000000000e+01 6.804694604667498936e+01 0.000000000000000000e+00 0.000000000000000000e+00
8.000000000000000000e+01 6.862511024742497057e+01 0.000000000000000000e+00 0.000000000000000000e+00
8.100000000000000000e+01 6.942615304448811742e+01 0.000000000000000000e+00 0.000000000000000000e+00
8.200000000000000000e+01 7.042723653344056345e+01 0.000000000000000000e+00 0.000000000000000000e+00
8.300000000000000000e+01 7.119173828224870704e+01 0.000000000000000000e+00 0.000000000000000000e+00
8.400000000000000000e+01 7.305049198531953891e+01 0.000000000000000000e+00 0.000000000000000000e+00
8.500000000000000000e+01 7.365629309046921946e+01 0.000000000000000000e+00 0.000000000000000000e+00
8.600000000000000000e+01 7.451266701187270769e+01 0.000000000000000000e+00 0.000000000000000000e+00
8.700000000000000000e+01 7.645116362802119170e+01 0.000000000000000000e+00 0.000000000000000000e+00
8.800000000000000000e+01 7.728684441282243256e+01 0.000000000000000000e+00 0.000000000000000000e+00
8.900000000000000000e+01 7.836157573457123249e+01 0.000000000000000000e+00 0.000000000000000000e+00
9.000000000000000000e+01 7.940364866859410142e+01 0.000000000000000000e+00 0.000000000000000000e+00
9.100000000000000000e+01 7.974769298858930711e+01 0.000000000000000000e+00 0.000000000000000000e+00
9.200000000000000000e+01 8.050863115338640341e+01 0.000000000000000000e+00 0.000000000000000000e+00
9.300000000000000000e+01 8.106869438842518605e+01 1.000000000000000000e+00 0.000000000000000000e+00
9.400000000000000000e+01 8.141159461410900633e+01 0.000000000000000000e+00 0.000000000000000000e+00
9.500000000000000000e+01 8.327442449763613297e+01 0.000000000000000000e+00 0.000000000000000000e+00
9.600000000000000000e+01 8.229474931683185446e+01 2.000000000000000000e+00 0.000000000000000000e+00
9.700000000000000000e+01 8.304324771938678396e+01 0.000000000000000000e+00 0.000000000000000000e+00
9.800000000000000000e+01 8.438985413183705475e+01 0.000000000000000000e+00 0.000000000000000000e+00
9.900000000000000000e+01 8.521346249213021906e+01 0.000000000000000000e+00 0.000000000000000000e+00
1.000000000000000000e+02 8.679643792034470096e+01 0.000000000000000000e+00 0.000000000000000000e+00
1.010000000000000000e+02 8.724618580803600310e+01 0.000000000000000000e+00 0.000000000000000000e+00
1.020000000000000000e+02 8.753471623114066347e+01 0.000000000000000000e+00 0.000000000000000000e+00
1.030000000000000000e+02 8.694809277482652021e+01 2.000000000000000000e+00 0.000000000000000000e+00
1.040000000000000000e+02 8.658481016161344712e+01 1.000000000000000000e+00 0.000000000000000000e+00
1.050000000000000000e+02 8.825966769979683590e+01 0.000000000000000000e+00 0.000000000000000000e+00
1.060000000000000000e+02 8.838833234638151737e+01 0.000000000000000000e+00 0.000000000000000000e+00
1.070000000000000000e+02 8.996932028045881680e+01 0.000000000000000000e+00 0.000000000000000000e+00
1.080000000000000000e+02 8.966025507436522446e+01 1.000000000000000000e+00 0.000000000000000000e+00
1.090000000000000000e+02 8.901092497553457861e+01 2.000000000000000000e+00 0.000000000000000000e+00
1.100000000000000000e+02 8.884353514531458984e+01 1.000000000000000000e+00 0.000000000000000000e+00
1.110000000000000000e+02 9.011816303199185541e+01 0.000000000000000000e+00 0.000000000000000000e+00
1.120000000000000000e+02 9.018880359575092598e+01 0.000000000000000000e+00 0.000000000000000000e+00
1.130000000000000000e+02 9.105142025827144892e+01 0.000000000000000000e+00 0.000000000000000000e+00
1.140000000000000000e+02 9.385007017249139949e+01 0.000000000000000000e+00 0.000000000000000000e+00
1.150000000000000000e+02 9.433473633444398843e+01 0.000000000000000000e+00 0.000000000000000000e+00
1.160000000000000000e+02 9.515951744137748847e+01 0.000000000000000000e+00 0.000000000000000000e+00
1.170000000000000000e+02 9.609160895093280885e+01 0.000000000000000000e+00 0.000000000000000000e+00
1.180000000000000000e+02 9.783321653593880285e+01 0.000000000000000000e+00 0.000000000000000000e+00
1.190000000000000000e+02 9.671975619876106123e+01 2.000000000000000000e+00 0.000000000000000000e+00
1.200000000000000000e+02 9.495268458091445041e+01 1.000000000000000000e+00 0.000000000000000000e+00
1.210000000000000000e+02 9.674202784334951843e+01 0.000000000000000000e+00 0.000000000000000000e+00
1.220000000000000000e+02 9.855864779777181184e+01 0.000000000000000000e+00 0.000000000000000000e+00
1.230000000000000000e+02 9.953608745439338179e+01 0.000000000000000000e+00 0.000000000000000000e+00
1.240000000000000000e+02 1.003867446284603204e+02 0.000000000000000000e+00 0.000000000000000000e+00
1.250000000000000000e+02 1.011969691253591179e+02 0.000000000000000000e+00 0.000000000000000000e+00
1.260000000000000000e+02 1.012529183880717625e+02 0.000000000000000000e+00 0.000000000000000000e+00
1.270000000000000000e+02 1.021786406832506913e+02 0.000000000000000000e+00 0.000000000000000000e+00
1.280000000000000000e+02 1.044917834110859900e+02 0.000000000000000000e+00 0.000000000000000000e+00
1.290000000000000000e+02 1.051978195001032788e+02 0.000000000000000000e+00 0.000000000000000000e+00
1.300000000000000000e+02 1.069129561847390306e+02 0.000000000000000000e+00 0.000000000000000000e+00
1.310000000000000000e+02 1.072386616584773833e+02 0.000000000000000000e+00 0.000000000000000000e+00
1.320000000000000000e+02 1.078744098465363237e+02 0.000000000000000000e+00 0.000000000000000000e+00
1.330000000000000000e+02 1.088980338806279065e+02 0.000000000000000000e+00 0.000000000000000000e+00
1.340000000000000000e+02 1.101234513678139706e+02 0.000000000000000000e+00 0.000000000000000000e+00
1.350000000000000000e+02 1.092605231828234196e+02 2.000000000000000000e+00 0.000000000000000000e+00
1.360000000000000000e+02 1.099981630000274748e+02 0.000000000000000000e+00 0.000000000000000000e+00
1.370000000000000000e+02 1.114923272119749953e+02 0.000000000000000000e+00 0.000000000000000000e+00
1.380000000000000000e+02 1.119005854926853516e+02 0.000000000000000000e+00 0.000000000000000000e+00
1.390000000000000000e+02 1.119527502898377804e+02 0.000000000000000000e+00 0.000000000000000000e+00
1.400000000000000000e+02 1.131904669107594685e+02 0.000000000000000000e+00 0.000000000000000000e+00
1.410000000000000000e+02 1.144874361140631152e+02 0.000000000000000000e+00 0.000000000000000000e+00
1.420000000000000000e+02 1.158711637935618910e+02 0.000000000000000000e+00 0.000000000000000000e+00
1.430000000000000000e+02 1.173319749898234647e+02 0.000000000000000000e+00 0.000000000000000000e+00
1.440000000000000000e+02 1.173110930610751979e+02 0.000000000000000000e+00 0.000000000000000000e+00
1.450000000000000000e+02 1.194182395190757688e+02 0.000000000000000000e+00 0.000000000000000000e+00
1.460000000000000000e+02 1.200682218090252746e+02 0.000000000000000000e+00 0.000000000000000000e+00
1.470000000000000000e+02 1.215587359156677536e+02 0.000000000000000000e+00 0.000000000000000000e+00
1.480000000000000000e+02 1.222705155174635365e+02 0.000000000000000000e+00 0.000000000000000000e+00
1.490000000000000000e+02 1.229933484549457177e+02 0.000000000000000000e+00 0.000000000000000000e+00
1.500000000000000000e+02 1.241591366569246588e+02 0.000000000000000000e+00 0.000000000000000000e+00
1.510000000000000000e+02 1.256858947153884998e+02 0.000000000000000000e+00 0.000000000000000000e+00
1.520000000000000000e+02 1.257034378717410306e+02 0.000000000000000000e+00 0.000000000000000000e+00
1.530000000000000000e+02 1.271772528345114779e+02 0.000000000000000000e+00 0.000000000000000000e+00
1.540000000000000000e+02 1.274830731105526098e+02 1.000000000000000000e+00 0.000000000000000000e+00
1.550000000000000000e+02 1.289500578263725288e+02 0.000000000000000000e+00 0.000000000000000000e+00
1.560000000000000000e+02 1.288102169891984374e+02 0.000000000000000000e+00 0.000000000000000000e+00
1.570000000000000000e+02 1.305797802159630407e+02 0.000000000000000000e+00 0.000000000000000000e+00
1.580000000000000000e+02 1.308732186708503775e+02 0.000000000000000000e+00 0.000000000000000000e+00
1.590000000000000000e+02 1.317082338474159258e+02 0.000000000000000000e+00 0.000000000000000000e+00
1.600000000000000000e+02 1.328619776083089334e+02 0.000000000000000000e+00 0.000000000000000000e+00
1.610000000000000000e+02 1.348224160746790403e+02 0.000000000000000000e+00 0.000000000000000000e+00
1.620000000000000000e+02 1.356329713656376441e+02 0.000000000000000000e+00 0.000000000000000000e+00
1.630000000000000000e+02 1.350821200117127887e+02 0.000000000000000000e+00 0.000000000000000000e+00
1.640000000000000000e+02 1.368818638657074587e+02 0.000000000000000000e+00 0.000000000000000000e+00
1.650000000000000000e+02 1.375799365689101421e+02 0.000000000000000000e+00 0.000000000000000000e+00
1.660000000000000000e+02 1.387635293283053386e+02 0.000000000000000000e+00 0.000000000000000000e+00
1.670000000000000000e+02 1.392296601162552747e+02 0.000000000000000000e+00 0.000000000000000000e+00
1.680000000000000000e+02 1.413079853779145196e+02 0.000000000000000000e+00 0.000000000000000000e+00
1.690000000000000000e+02 1.422122977457487707e+02 0.000000000000000000e+00 0.000000000000000000e+00
1.700000000000000000e+02 1.432825821481534092e+02 0.000000000000000000e+00 0.000000000000000000e+00
1.710000000000000000e+02 1.437121721932017522e+02 0.000000000000000000e+00 0.000000000000000000e+00
1.720000000000000000e+02 1.444616865989952714e+02 0.000000000000000000e+00 0.000000000000000000e+00
1.730000000000000000e+02 1.459171732955791470e+02 0.000000000000000000e+00 0.000000000000000000e+00
1.740000000000000000e+02 1.465317904936901527e+02 0.000000000000000000e+00 0.000000000000000000e+00
1.750000000000000000e+02 1.479647492156672115e+02 0.000000000000000000e+00 0.000000000000000000e+00
1.760000000000000000e+02 1.495022840545765348e+02 0.000000000000000000e+00 0.000000000000000000e+00
1.770000000000000000e+02 1.504893779119936994e+02 0.000000000000000000e+00 0.000000000000000000e+00
1.780000000000000000e+02 1.502212050726181474e+02 0.000000000000000000e+00 0.000000000000000000e+00
1.790000000000000000e+02 1.530297325993124389e+02 0.000000000000000000e+00 0.000000000000000000e+00
1.800000000000000000e+02 1.524277792005440801e+02 1.000000000000000000e+00 0.000000000000000000e+00
1.810000000000000000e+02 1.535576831469688557e+02 0.000000000000000000e+00 0.000000000000000000e+00
1.820000000000000000e+02 1.544098465300087923e+02 0.000000000000000000e+00 0.000000000000000000e+00
1.830000000000000000e+02 1.561163456783944241e+02 0.000000000000000000e+00 0.000000000000000000e+00
1.840000000000000000e+02 1.565707352016716243e+02 0.000000000000000000e+00 0.000000000000000000e+00
1.850000000000000000e+02 1.564520892376258985e+02 0.000000000000000000e+00 0.000000000000000000e+00
1.860000000000000000e+02 1.572651947024556875e+02 0.000000000000000000e+00 0.000000000000000000e+00
1.870000000000000000e+02 1.593217423101455665e+02 0.000000000000000000e+00 0.000000000000000000e+00
1.880000000000000000e+02 1.597260355351022554e+02 0.000000000000000000e+00 0.000000000000000000e+00
1.890000000000000000e+02 1.600700736782139302e+02 1.000000000000000000e+00 0.000000000000000000e+00
1.900000000000000000e+02 1.607963097410049613e+02 0.000000000000000000e+00 0.000000000000000000e+00
1.910000000000000000e+02 1.626943768206594427e+02 0.000000000000000000e+00 0.000000000000000000e+00
1.920000000000000000e+02 1.632437421079409887e+02 0.000000000000000000e+00 0.000000000000000000e+00
1.930000000000000000e+02 1.636087594385330419e+02 0.000000000000000000e+00 0.000000000000000000e+00
1.940000000000000000e+02 1.647498839279612355e+02 0.000000000000000000e+00 0.000000000000000000e+00
1.950000000000000000e+02 1.663372693326575700e+02 0.000000000000000000e+00 0.000000000000000000e+00
1.960000000000000000e+02 1.673526866061091596e+02 0.000000000000000000e+00 0.000000000000000000e+00
1.970000000000000000e+02 1.676639457949964651e+02 0.000000000000000000e+00 0.000000000000000000e+00
1.980000000000000000e+02 1.670930708606106805e+02 2.000000000000000000e+00 0.000000000000000000e+00
1.990000000000000000e+02 1.681106785467358691e+02 0.000000000000000000e+00 0.000000000000000000e+00
2.000000000000000000e+02 1.696120109945261447e+02 0.000000000000000000e+00 0.000000000000000000e+00
2.010000000000000000e+02 1.704449737540839180e+02 0.000000000000000000e+00 0.000000000000000000e+00
2.020000000000000000e+02 1.714918558477151862e+02 0.000000000000000000e+00 0.000000000000000000e+00
2.030000000000000000e+02 1.721192375746775269e+02 0.000000000000000000e+00 0.000000000000000000e+00
2.040000000000000000e+02 1.733986474211608879e+02 0.000000000000000000e+00 0.000000000000000000e+00
2.050000000000000000e+02 1.735392769643334532e+02 0.000000000000000000e+00 0.000000000000000000e+00
2.060000000000000000e+02 1.744518437703288498e+02 0.000000000000000000e+00 0.000000000000000000e+00
2.070000000000000000e+02 1.753777142882779572e+02 0.000000000000000000e+00 0.000000000000000000e+00
2.080000000000000000e+02 1.773233492218128049e+02 0.000000000000000000e+00 0.000000000000000000e+00
2.090000000000000000e+02 1.760675134403749666e+02 2.000000000000000000e+00 0.000000000000000000e+00
2.100000000000000000e+02 1.770789394759090385e+02 0.000000000000000000e+00 0.000000000000000000e+00
2.110000000000000000e+02 1.780237596176508248e+02 0.000000000000000000e+00 0.000000000000000000e+00
2.120000000000000000e+02 1.789954068242340952e+02 0.000000000000000000e+00 0.000000000000000000e+00
2.130000000000000000e+02 1.804872394117028307e+02 0.000000000000000000e+00 0.000000000000000000e+00
2.140000000000000000e+02 1.807075682007334763e+02 0.000000000000000000e+00 0.000000000000000000e+00
2.150000000000000000e+02 1.815363394896373279e+02 0.000000000000000000e+00 0.000000000000000000e+00
2.160000000000000000e+02 1.835106647363641912e+02 0.000000000000000000e+00 0.000000000000000000e+00
2.170000000000000000e+02 1.837941607279763048e+02 0.000000000000000000e+00 0.000000000000000000e+00
2.180000000000000000e+02 1.852378102618141895e+02 0.000000000000000000e+00 0.000000000000000000e+00
2.190000000000000000e+02 1.860771429119332367e+02 0.000000000000000000e+00 0.000000000000000000e+00
2.200000000000000000e+02 1.869485383601989668e+02 0.000000000000000000e+00 0.000000000000000000e+00
2.210000000000000000e+02 1.882363135310099835e+02 0.000000000000000000e+00 0.000000000000000000e+00
2.220000000000000000e+02 1.900437688353661372e+02 0.000000000000000000e+00 0.000000000000000000e+00
2.230000000000000000e+02 1.897649428133376261e+02 0.000000000000000000e+00 0.000000000000000000e+00
2.240000000000000000e+02 1.902581161642574727e+02 0.000000000000000000e+00 0.000000000000000000e+00
2.250000000000000000e+02 1.928341507503673427e+02 0.000000000000000000e+00 0.000000000000000000e+00
2.260000000000000000e+02 1.923666100684995115e+02 0.000000000000000000e+00 0.000000000000000000e+00
2.270000000000000000e+02 1.939657625457853669e+02 0.000000000000000000e+00 0.000000000000000000e+00
2.280000000000000000e+02 1.944355890392369020e+02 1.000000000000000000e+00 0.000000000000000000e+00
2.290000000000000000e+02 1.943820347639661179e+02 1.000000000000000000e+00 0.000000000000000000e+00
2.300000000000000000e+02 1.954976807560405803e+02 0.000000000000000000e+00 0.000000000000000000e+00
2.310000000000000000e+02 1.952169186053946532e+02 0.000000000000000000e+00 0.000000000000000000e+00
2.320000000000000000e+02 1.979448528281984920e+02 0.000000000000000000e+00 0.000000000000000000e+00
2.330000000000000000e+02 1.986193829184992410e+02 0.000000000000000000e+00 0.000000000000000000e+00
2.340000000000000000e+02 1.990145065151959045e+02 0.000000000000000000e+00 0.000000000000000000e+00
2.350000000000000000e+02 1.997693359495585526e+02 0.000000000000000000e+00 0.000000000000000000e+00
2.360000000000000000e+02 2.010597342715141735e+02 0.000000000000000000e+00 0.000000000000000000e+00
2.370000000000000000e+02 2.016715982047225282e+02 0.000000000000000000e+00 0.000000000000000000e+00
2.380000000000000000e+02 2.035796721104806011e+02 0.000000000000000000e+00 0.000000000000000000e+00
2.390000000000000000e+02 2.041456828562116073e+02 0.000000000000000000e+00 0.000000000000000000e+00
2.400000000000000000e+02 2.058332469329497485e+02 0.000000000000000000e+00 0.000000000000000000e+00
2.410000000000000000e+02 2.059536773410353589e+02 0.000000000000000000e+00 0.000000000000000000e+00
2.420000000000000000e+02 2.068589359251300550e+02 0.000000000000000000e+00 0.000000000000000000e+00
2.430000000000000000e+02 2.077034925276611830e+02 0.000000000000000000e+00 0.000000000000000000e+00
2.440000000000000000e+02 2.094652058607907179e+02 0.000000000000000000e+00 0.000000000000000000e+00
2.450000000000000000e+02 2.098395117294842578e+02 0.000000000000000000e+00 0.000000000000000000e+00
2.460000000000000000e+02 2.113456821416424702e+02 0.000000000000000000e+00 0.000000000000000000e+00
2.470000000000000000e+02 2.110474175475474397e+02 1.000000000000000000e+00 0.000000000000000000e+00
2.480000000000000000e+02 2.093357984348996297e+02 2.000000000000000000e+00 0.000000000000000000e+00
2.490000000000000000e+02 2.083907316668750411e+02 2.000000000000000000e+00 0.000000000000000000e+00
2.500000000000000000e+02 2.079380878120007878e+02 1.000000000000000000e+00 0.000000000000000000e+00
2.510000000000000000e+02 2.096314697519909487e+02 1.000000000000000000e+00 0.000000000000000000e+00
2.520000000000000000e+02 2.103958080393096282e+02 0.000000000000000000e+00 0.000000000000000000e+00
2.530000000000000000e+02 2.110410563001787239e+02 0.000000000000000000e+00 0.000000000000000000e+00
2.540000000000000000e+02 2.120735169048032276e+02 0.000000000000000000e+00 0.000000000000000000e+00
2.550000000000000000e+02 2.133406169845776787e+02 0.000000000000000000e+00 0.000000000000000000e+00
2.560000000000000000e+02 2.141514110426434172e+02 0.000000000000000000e+00 0.000000000000000000e+00
2.570000000000000000e+02 2.153902026752344909e+02 0.000000000000000000e+00 0.000000000000000000e+00
2.580000000000000000e+02 2.160582138760724433e+02 0.000000000000000000e+00 0.000000000000000000e+00
2.590000000000000000e+02 2.167464969737943647e+02 0.000000000000000000e+00 0.000000000000000000e+00
2.600000000000000000e+02 2.180767120654852818e+02 0.000000000000000000e+00 0.000000000000000000e+00
2.610000000000000000e+02 2.192274144721806408e+02 0.000000000000000000e+00 0.000000000000000000e+00
2.620000000000000000e+02 2.192436814034163888e+02 0.000000000000000000e+00 0.000000000000000000e+00
2.630000000000000000e+02 2.224794399023453764e+02 0.000000000000000000e+00 0.000000000000000000e+00
2.640000000000000000e+02 2.224638370370926737e+02 0.000000000000000000e+00 0.000000000000000000e+00
2.650000000000000000e+02 2.239568682000993363e+02 0.000000000000000000e+00 0.000000000000000000e+00
2.660000000000000000e+02 2.235856319958222116e+02 0.000000000000000000e+00 0.000000000000000000e+00
2.670000000000000000e+02 2.245739924074478040e+02 0.000000000000000000e+00 0.000000000000000000e+00
2.680000000000000000e+02 2.262991516643178898e+02 0.000000000000000000e+00 0.000000000000000000e+00
2.690000000000000000e+02 2.273473814039993783e+02 0.000000000000000000e+00 0.000000000000000000e+00
2.700000000000000000e+02 2.268769371843698650e+02 0.000000000000000000e+00 0.000000000000000000e+00
2.710000000000000000e+02 2.286627518070714586e+02 0.000000000000000000e+00 0.000000000000000000e+00
2.720000000000000000e+02 2.301435827360525366e+02 0.000000000000000000e+00 0.000000000000000000e+00
2.730000000000000000e+02 2.309306913721067076e+02 0.000000000000000000e+00 0.000000000000000000e+00
2.740000000000000000e+02 2.327516541988636902e+02 0.000000000000000000e+00 0.000000000000000000e+00
2.750000000000000000e+02 2.327855167576646238e+02 0.000000000000000000e+00 0.000000000000000000e+00
2.760000000000000000e+02 2.330743298580786131e+02 0.000000000000000000e+00 0.000000000000000000e+00
2.770000000000000000e+02 2.341121651810308890e+02 0.000000000000000000e+00 0.000000000000000000e+00
2.780000000000000000e+02 2.355554963236739354e+02 0.000000000000000000e+00 0.000000000000000000e+00
2.790000000000000000e+02 2.369857220563723956e+02 0.000000000000000000e+00 0.000000000000000000e+00
2.800000000000000000e+02 2.384262039138513387e+02 0.000000000000000000e+00 0.000000000000000000e+00
2.810000000000000000e+02 2.390577414673047940e+02 0.000000000000000000e+00 0.000000000000000000e+00
2.820000000000000000e+02 2.398752537229384814e+02 0.000000000000000000e+00 0.000000000000000000e+00
2.830000000000000000e+02 2.408520583280316885e+02 0.000000000000000000e+00 0.000000000000000000e+00
2.840000000000000000e+02 2.422607141207683128e+02 0.000000000000000000e+00 0.000000000000000000e+00
2.850000000000000000e+02 2.431433462249560193e+02 0.000000000000000000e+00 0.000000000000000000e+00
2.860000000000000000e+02 2.444790803148120517e+02 0.000000000000000000e+00 0.000000000000000000e+00
2.870000000000000000e+02 2.450013402046365343e+02 0.000000000000000000e+00 0.000000000000000000e+00
2.880000000000000000e+02 2.462192734961752478e+02 0.000000000000000000e+00 0.000000000000000000e+00
2.890000000000000000e+02 2.467570002599901500e+02 0.000000000000000000e+00 0.000000000000000000e+00
2.900000000000000000e+02 2.478788735715401401e+02 0.000000000000000000e+00 0.000000000000000000e+00
2.910000000000000000e+02 2.493805757050290595e+02 0.000000000000000000e+00 0.000000000000000000e+00
2.920000000000000000e+02 2.495948656659374194e+02 0.000000000000000000e+00 0.000000000000000000e+00
2.930000000000000000e+02 2.510768375674008723e+02 0.000000000000000000e+00 0.000000000000000000e+00
2.940000000000000000e+02 2.528547572390839662e+02 0.000000000000000000e+00 0.000000000000000000e+00
2.950000000000000000e+02 2.532989411707720251e+02 0.000000000000000000e+00 0.000000000000000000e+00
2.960000000000000000e+02 2.542687830116836665e+02 0.000000000000000000e+00 0.000000000000000000e+00
2.970000000000000000e+02 2.555230440524490803e+02 0.000000000000000000e+00 0.000000000000000000e+00
2.980000000000000000e+02 2.557869678653834171e+02 0.000000000000000000e+00 0.000000000000000000e+00
2.990000000000000000e+02 2.566730501364196471e+02 0.000000000000000000e+00 0.000000000000000000e+00
3.000000000000000000e+02 2.568403788932911311e+02 0.000000000000000000e+00 0.000000000000000000e+00
3.010000000000000000e+02 2.592769161709335322e+02 0.000000000000000000e+00 0.000000000000000000e+00
3.020000000000000000e+02 2.581228203274401380e+02 1.000000000000000000e+00 0.000000000000000000e+00
3.030000000000000000e+02 2.593229628567153782e+02 0.000000000000000000e+00 0.000000000000000000e+00
3.040000000000000000e+02 2.602258352339969747e+02 0.000000000000000000e+00 0.000000000000000000e+00
3.050000000000000000e+02 2.618409664916420070e+02 0.000000000000000000e+00 0.000000000000000000e+00
3.060000000000000000e+02 2.632171797266923932e+02 0.000000000000000000e+00 0.000000000000000000e+00
3.070000000000000000e+02 2.641636734929371073e+02 0.000000000000000000e+00 0.000000000000000000e+00
3.080000000000000000e+02 2.646703979961509958e+02 0.000000000000000000e+00 0.000000000000000000e+00
3.090000000000000000e+02 2.657537720218801951e+02 0.000000000000000000e+00 0.000000000000000000e+00
3.100000000000000000e+02 2.681155020555696069e+02 0.000000000000000000e+00 0.000000000000000000e+00
3.110000000000000000e+02 2.682864960081788581e+02 0.000000000000000000e+00 0.000000000000000000e+00
3.120000000000000000e+02 2.692898060981945605e+02 0.000000000000000000e+00 0.000000000000000000e+00
3.130000000000000000e+02 2.693478347402900113e+02 0.000000000000000000e+00 0.000000000000000000e+00
3.140000000000000000e+02 2.708283374728259219e+02 0.000000000000000000e+00 0.000000000000000000e+00
3.150000000000000000e+02 2.717246086293590110e+02 0.000000000000000000e+00 0.000000000000000000e+00
3.160000000000000000e+02 2.730414970091764530e+02 0.000000000000000000e+00 0.000000000000000000e+00
3.170000000000000000e+02 2.743441683829202020e+02 0.000000000000000000e+00 0.000000000000000000e+00
3.180000000000000000e+02 2.753929592206217762e+02 0.000000000000000000e+00 0.000000000000000000e+00
3.190000000000000000e+02 2.756294405653467834e+02 0.000000000000000000e+00 0.000000000000000000e+00
3.200000000000000000e+02 2.774198016676976408e+02 0.000000000000000000e+00 0.000000000000000000e+00
3.210000000000000000e+02 2.753928587078800660e+02 2.000000000000000000e+00 0.000000000000000000e+00
3.220000000000000000e+02 2.772823110678826879e+02 0.000000000000000000e+00 0.000000000000000000e+00
3.230000000000000000e+02 2.791163805818792980e+02 0.000000000000000000e+00 0.000000000000000000e+00
3.240000000000000000e+02 2.785843880986568024e+02 1.000000000000000000e+00 0.000000000000000000e+00
3.250000000000000000e+02 2.785511890173879124e+02 1.000000000000000000e+00 0.000000000000000000e+00
3.260000000000000000e+02 2.785408224213471158e+02 1.000000000000000000e+00 0.000000000000000000e+00
3.270000000000000000e+02 2.791009261872221714e+02 0.000000000000000000e+00 0.000000000000000000e+00
3.280000000000000000e+02 2.799132212313708692e+02 0.000000000000000000e+00 0.000000000000000000e+00
3.290000000000000000e+02 2.790381063927108585e+02 2.000000000000000000e+00 0.000000000000000000e+00
3.300000000000000000e+02 2.807949096186640077e+02 0.000000000000000000e+00 0.000000000000000000e+00
3.310000000000000000e+02 2.808431248414169090e+02 0.000000000000000000e+00 0.000000000000000000e+00
3.320000000000000000e+02 2.827585822007991965e+02 0.000000000000000000e+00 0.000000000000000000e+00
3.330000000000000000e+02 2.825356281395376641e+02 0.000000000000000000e+00 0.000000000000000000e+00
3.340000000000000000e+02 2.839735837652159489e+02 0.000000000000000000e+00 0.000000000000000000e+00
3.350000000000000000e+02 2.849149403928524862e+02 0.000000000000000000e+00 0.000000000000000000e+00
3.360000000000000000e+02 2.865452558012071904e+02 0.000000000000000000e+00 0.000000000000000000e+00
3.370000000000000000e+02 2.857322935718098620e+02 0.000000000000000000e+00 0.000000000000000000e+00
3.380000000000000000e+02 2.874084989227399660e+02 0.000000000000000000e+00 0.000000000000000000e+00
3.390000000000000000e+02 2.891494539159604074e+02 0.000000000000000000e+00 0.000000000000000000e+00
3.400000000000000000e+02 2.905999313906148132e+02 0.000000000000000000e+00 0.000000000000000000e+00
3.410000000000000000e+02 2.900467999295554478e+02 0.000000000000000000e+00 0.000000000000000000e+00
3.420000000000000000e+02 2.924112628260834299e+02 0.000000000000000000e+00 0.000000000000000000e+00
3.430000000000000000e+02 2.924882624382981930e+02 0.000000000000000000e+00 0.000000000000000000e+00
3.440000000000000000e+02 2.936362447550719139e+02 0.000000000000000000e+00 0.000000000000000000e+00
3.450000000000000000e+02 2.955233458157646282e+02 0.000000000000000000e+00 0.000000000000000000e+00
3.460000000000000000e+02 2.955534084432987925e+02 0.000000000000000000e+00 0.000000000000000000e+00
3.470000000000000000e+02 2.959508558024138551e+02 1.000000000000000000e+00 0.000000000000000000e+00
3.480000000000000000e+02 2.971951818955320732e+02 0.000000000000000000e+00 0.000000000000000000e+00
3.490000000000000000e+02 2.970765443215029791e+02 0.000000000000000000e+00 0.000000000000000000e+00
3.500000000000000000e+02 2.966149401172982607e+02 2.000000000000000000e+00 0.000000000000000000e+00
3.510000000000000000e+02 2.954539545368831455e+02 2.000000000000000000e+00 0.000000000000000000e+00
3.520000000000000000e+02 2.953261104158505646e+02 1.000000000000000000e+00 0.000000000000000000e+00
3.530000000000000000e+02 2.974136761726455802e+02 0.000000000000000000e+00 0.000000000000000000e+00
3.540000000000000000e+02 2.973546422673221628e+02 0.000000000000000000e+00 0.000000000000000000e+00
3.550000000000000000e+02 2.987218169805537400e+02 0.000000000000000000e+00 0.000000000000000000e+00
3.560000000000000000e+02 2.999715276986690355e+02 0.000000000000000000e+00 0.000000000000000000e+00
3.570000000000000000e+02 3.006219801223811601e+02 0.000000000000000000e+00 0.000000000000000000e+00
3.580000000000000000e+02 3.021635380151108734e+02 0.000000000000000000e+00 0.000000000000000000e+00
3.590000000000000000e+02 3.036389298345886800e+02 0.000000000000000000e+00 0.000000000000000000e+00
3.600000000000000000e+02 3.042774566111819468e+02 0.000000000000000000e+00 0.000000000000000000e+00
3.610000000000000000e+02 3.047429568404556335e+02 0.000000000000000000e+00 0.000000000000000000e+00
3.620000000000000000e+02 3.061403623295647094e+02 0.000000000000000000e+00 0.000000000000000000e+00
3.630000000000000000e+02 3.057830875018971142e+02 1.000000000000000000e+00 0.000000000000000000e+00
3.640000000000000000e+02 3.058937741765739133e+02 1.000000000000000000e+00 0.000000000000000000e+00
3.650000000000000000e+02 3.056320610855382824e+02 1.000000000000000000e+00 0.000000000000000000e+00
3.660000000000000000e+02 3.076940331598221974e+02 0.000000000000000000e+00 0.000000000000000000e+00
3.670000000000000000e+02 3.082485851174961908e+02 0.000000000000000000e+00 0.000000000000000000e+00
3.680000000000000000e+02 3.089917023930208302e+02 0.000000000000000000e+00 0.000000000000000000e+00
3.690000000000000000e+02 3.106021585994379848e+02 0.000000000000000000e+00 0.000000000000000000e+00
3.700000000000000000e+02 3.108778455792902946e+02 0.000000000000000000e+00 0.000000000000000000e+00
3.710000000000000000e+02 3.118023639920384653e+02 0.000000000000000000e+00 0.000000000000000000e+00
3.720000000000000000e+02 3.129803587285846334e+02 0.000000000000000000e+00 0.000000000000000000e+00
3.730000000000000000e+02 3.133595327904392889e+02 0.000000000000000000e+00 0.000000000000000000e+00
3.740000000000000000e+02 3.153231247082389359e+02 0.000000000000000000e+00 0.000000000000000000e+00
3.750000000000000000e+02 3.153971072178703707e+02 0.000000000000000000e+00 0.000000000000000000e+00
3.760000000000000000e+02 3.173780566747554417e+02 0.000000000000000000e+00 0.000000000000000000e+00
3.770000000000000000e+02 3.180541005888915151e+02 0.000000000000000000e+00 0.000000000000000000e+00
3.780000000000000000e+02 3.195526261015800742e+02 0.000000000000000000e+00 0.000000000000000000e+00
3.790000000000000000e+02 3.195974631186721808e+02 0.000000000000000000e+00 0.000000000000000000e+00
3.800000000000000000e+02 3.186452202103174045e+02 2.000000000000000000e+00 0.000000000000000000e+00
3.810000000000000000e+02 3.178587853944134736e+02 2.000000000000000000e+00 0.000000000000000000e+00
3.820000000000000000e+02 3.190292353607995324e+02 0.000000000000000000e+00 0.000000000000000000e+00
3.830000000000000000e+02 3.205035598739972897e+02 0.000000000000000000e+00 0.000000000000000000e+00
3.840000000000000000e+02 3.216352945047953540e+02 0.000000000000000000e+00 0.000000000000000000e+00
3.850000000000000000e+02 3.229500756849813001e+02 0.000000000000000000e+00 0.000000000000000000e+00
3.860000000000000000e+02 3.231847599033782785e+02 0.000000000000000000e+00 0.000000000000000000e+00
3.870000000000000000e+02 3.250210888804930391e+02 0.000000000000000000e+00 0.000000000000000000e+00
3.880000000000000000e+02 3.254944673931092893e+02 0.000000000000000000e+00 0.000000000000000000e+00
3.890000000000000000e+02 3.259351617627403357e+02 0.000000000000000000e+00 0.000000000000000000e+00
3.900000000000000000e+02 3.268973480087614121e+02 0.000000000000000000e+00 0.000000000000000000e+00
3.910000000000000000e+02 3.277682791565125058e+02 0.000000000000000000e+00 0.000000000000000000e+00
3.920000000000000000e+02 3.292573071914612228e+02 0.000000000000000000e+00 0.000000000000000000e+00
3.930000000000000000e+02 3.295861914922722349e+02 0.000000000000000000e+00 0.000000000000000000e+00
3.940000000000000000e+02 3.311388105969487583e+02 0.000000000000000000e+00 0.000000000000000000e+00
3.950000000000000000e+02 3.316622122612259318e+02 0.000000000000000000e+00 0.000000000000000000e+00
3.960000000000000000e+02 3.332340523599774542e+02 0.000000000000000000e+00 0.000000000000000000e+00
3.970000000000000000e+02 3.346006221450912790e+02 0.000000000000000000e+00 0.000000000000000000e+00
3.980000000000000000e+02 3.346669962772126610e+02 0.000000000000000000e+00 0.000000000000000000e+00
3.990000000000000000e+02 3.350194929716585079e+02 1.000000000000000000e+00 0.000000000000000000e+00
4.000000000000000000e+02 3.340812605468545371e+02 2.000000000000000000e+00 0.000000000000000000e+00
4.010000000000000000e+02 3.350464365853722484e+02 0.000000000000000000e+00 0.000000000000000000e+00
4.020000000000000000e+02 3.359584487570324427e+02 0.000000000000000000e+00 0.000000000000000000e+00
4.030000000000000000e+02 3.367338594450374671e+02 0.000000000000000000e+00 0.000000000000000000e+00
4.040000000000000000e+02 3.374173704751740956e+02 0.000000000000000000e+00 0.000000000000000000e+00
4.050000000000000000e+02 3.386569948708490188e+02 0.000000000000000000e+00 0.000000000000000000e+00
4.060000000000000000e+02 3.399485988454870267e+02 0.000000000000000000e+00 0.000000000000000000e+00
4.070000000000000000e+02 3.408831139742235337e+02 0.000000000000000000e+00 0.000000000000000000e+00
4.080000000000000000e+02 3.414350820574053955e+02 1.000000000000000000e+00 0.000000000000000000e+00
4.090000000000000000e+02 3.396355287586553118e+02 2.000000000000000000e+00 0.000000000000000000e+00
4.100000000000000000e+02 3.382965555019827661e+02 2.000000000000000000e+00 0.000000000000000000e+00
4.110000000000000000e+02 3.394602729249923527e+02 0.000000000000000000e+00 0.000000000000000000e+00
4.120000000000000000e+02 3.399371410853102020e+02 0.000000000000000000e+00 0.000000000000000000e+00
4.130000000000000000e+02 3.418956456892368578e+02 0.000000000000000000e+00 0.000000000000000000e+00
4.140000000000000000e+02 3.432774457305808937e+02 0.000000000000000000e+00 0.000000000000000000e+00
4.150000000000000000e+02 3.440782102391908666e+02 0.000000000000000000e+00 0.000000000000000000e+00
4.160000000000000000e+02 3.453161261602919012e+02 0.000000000000000000e+00 0.000000000000000000e+00
4.170000000000000000e+02 3.459688869149672996e+02 0.000000000000000000e+00 0.000000000000000000e+00
4.180000000000000000e+02 3.468301772500605011e+02 0.000000000000000000e+00 0.000000000000000000e+00
4.190000000000000000e+02 3.475487087443771657e+02 0.000000000000000000e+00 0.000000000000000000e+00
4.200000000000000000e+02 3.495796442260198091e+02 0.000000000000000000e+00 0.000000000000000000e+00
4.210000000000000000e+02 3.505109516221245940e+02 0.000000000000000000e+00 0.000000000000000000e+00
4.220000000000000000e+02 3.501049499777989809e+02 1.000000000000000000e+00 0.000000000000000000e+00
4.230000000000000000e+02 3.513806409425919810e+02 0.000000000000000000e+00 0.000000000000000000e+00
4.240000000000000000e+02 3.523517908244945147e+02 0.000000000000000000e+00 0.000000000000000000e+00
4.250000000000000000e+02 3.531635140349148969e+02 0.000000000000000000e+00 0.000000000000000000e+00
4.260000000000000000e+02 3.510337069166154720e+02 2.000000000000000000e+00 0.000000000000000000e+00
4.270000000000000000e+02 3.519570920898366921e+02 1.000000000000000000e+00 0.000000000000000000e+00
4.280000000000000000e+02 3.536295378510916407e+02 0.000000000000000000e+00 0.000000000000000000e+00
4.290000000000000000e+02 3.533354104667726574e+02 0.000000000000000000e+00 0.000000000000000000e+00
4.300000000000000000e+02 3.552022155160796615e+02 0.000000000000000000e+00 0.000000000000000000e+00
4.310000000000000000e+02 3.552138223139211277e+02 0.000000000000000000e+00 0.000000000000000000e+00
4.320000000000000000e+02 3.569601390276592952e+02 0.000000000000000000e+00 0.000000000000000000e+00
4.330000000000000000e+02 3.581634591939152301e+02 0.000000000000000000e+00 0.000000000000000000e+00
4.340000000000000000e+02 3.594771163063463746e+02 0.000000000000000000e+00 0.000000000000000000e+00
4.350000000000000000e+02 3.589861216147056098e+02 0.000000000000000000e+00 0.000000000000000000e+00
4.360000000000000000e+02 3.603128790313307377e+02 0.000000000000000000e+00 0.000000000000000000e+00
4.370000000000000000e+02 3.621246107335742295e+02 0.000000000000000000e+00 0.000000000000000000e+00
4.380000000000000000e+02 3.626767073407132216e+02 0.000000000000000000e+00 0.000000000000000000e+00
4.390000000000000000e+02 3.630286283528088234e+02 0.000000000000000000e+00 0.000000000000000000e+00
4.400000000000000000e+02 3.654359314025500680e+02 0.000000000000000000e+00 0.000000000000000000e+00
4.410000000000000000e+02 3.638116247284506812e+02 2.000000000000000000e+00 0.000000000000000000e+00
4.420000000000000000e+02 3.654758423039595527e+02 0.000000000000000000e+00 0.000000000000000000e+00
4.430000000000000000e+02 3.658996663980109929e+02 0.000000000000000000e+00 0.000000000000000000e+00
4.440000000000000000e+02 3.664378516463642086e+02 0.000000000000000000e+00 0.000000000000000000e+00
4.450000000000000000e+02 3.674755074986767909e+02 0.000000000000000000e+00 0.000000000000000000e+00
4.460000000000000000e+02 3.681900582798854202e+02 0.000000000000000000e+00 0.000000000000000000e+00
4.470000000000000000e+02 3.701210177420670107e+02 0.000000000000000000e+00 0.000000000000000000e+00
4.480000000000000000e+02 3.717049714269875267e+02 0.000000000000000000e+00 0.000000000000000000e+00
4.490000000000000000e+02 3.717361872780969065e+02 0.000000000000000000e+00 0.000000000000000000e+00
4.500000000000000000e+02 3.723698758266471600e+02 0.000000000000000000e+00 0.000000000000000000e+00
4.510000000000000000e+02 3.743458465401881199e+02 0.000000000000000000e+00 0.000000000000000000e+00
4.520000000000000000e+02 3.754183592670979124e+02 0.000000000000000000e+00 0.000000000000000000e+00
4.530000000000000000e+02 3.759112886601660080e+02 0.000000000000000000e+00 0.000000000000000000e+00
4.540000000000000000e+02 3.758400095271998111e+02 0.000000000000000000e+00 0.000000000000000000e+00
4.550000000000000000e+02 3.791922143104104634e+02 0.000000000000000000e+00 0.000000000000000000e+00
4.560000000000000000e+02 3.782987282367382704e+02 0.000000000000000000e+00 0.000000000000000000e+00
4.570000000000000000e+02 3.801126506324834509e+02 0.000000000000000000e+00 0.000000000000000000e+00
4.580000000000000000e+02 3.802851453144536436e+02 0.000000000000000000e+00 0.000000000000000000e+00
4.590000000000000000e+02 3.823311248794605604e+02 0.000000000000000000e+00 0.000000000000000000e+00
4.600000000000000000e+02 3.827645492965353355e+02 0.000000000000000000e+00 0.000000000000000000e+00
4.610000000000000000e+02 3.847623285663045181e+02 0.000000000000000000e+00 0.000000000000000000e+00
4.620000000000000000e+02 3.842883944552720550e+02 0.000000000000000000e+00 0.000000000000000000e+00
4.630000000000000000e+02 3.864273624168675383e+02 0.000000000000000000e+00 0.000000000000000000e+00
4.640000000000000000e+02 3.864484659653609242e+02 0.000000000000000000e+00 0.000000000000000000e+00
4.650000000000000000e+02 3.881450705504304324e+02 0.000000000000000000e+00 0.000000000000000000e+00
4.660000000000000000e+02 3.889494601527649706e+02 0.000000000000000000e+00 0.000000000000000000e+00
4.670000000000000000e+02 3.902292204513137790e+02 0.000000000000000000e+00 0.000000000000000000e+00
4.680000000000000000e+02 3.892822506583686959e+02 2.000000000000000000e+00 0.000000000000000000e+00
4.690000000000000000e+02 3.878167661610796131e+02 2.000000000000000000e+00 0.000000000000000000e+00
4.700000000000000000e+02 3.892781016392324887e+02 0.000000000000000000e+00 0.000000000000000000e+00
4.710000000000000000e+02 3.898219724493382046e+02 0.000000000000000000e+00 0.000000000000000000e+00
4.720000000000000000e+02 3.914449335645950327e+02 0.000000000000000000e+00 0.000000000000000000e+00
4.730000000000000000e+02 3.922192120450779953e+02 0.000000000000000000e+00 0.000000000000000000e+00
4.740000000000000000e+02 3.934396902385595354e+02 0.000000000000000000e+00 0.000000000000000000e+00
4.750000000000000000e+02 3.945957385812668576e+02 0.000000000000000000e+00 0.000000000000000000e+00
4.760000000000000000e+02 3.952572574954545530e+02 0.000000000000000000e+00 0.000000000000000000e+00
4.770000000000000000e+02 3.958896497129581462e+02 0.000000000000000000e+00 0.000000000000000000e+00
4.780000000000000000e+02 3.968882947157105718e+02 0.000000000000000000e+00 0.000000000000000000e+00
4.790000000000000000e+02 3.968928441188054421e+02 1.000000000000000000e+00 0.000000000000000000e+00
4.800000000000000000e+02 3.969871414024442515e+02 1.000000000000000000e+00 0.000000000000000000e+00
4.810000000000000000e+02 3.985025663837854495e+02 0.000000000000000000e+00 0.000000000000000000e+00
4.820000000000000000e+02 3.985403733472024328e+02 0.000000000000000000e+00 0.000000000000000000e+00
4.830000000000000000e+02 3.990800341986882813e+02 0.000000000000000000e+00 0.000000000000000000e+00
4.840000000000000000e+02 4.012970115420901607e+02 0.000000000000000000e+00 0.000000000000000000e+00
4.850000000000000000e+02 4.023436806579892391e+02 0.000000000000000000e+00 0.000000000000000000e+00
4.860000000000000000e+02 4.026360181558551403e+02 0.000000000000000000e+00 0.000000000000000000e+00
4.870000000000000000e+02 4.043001646900542028e+02 0.000000000000000000e+00 0.000000000000000000e+00
4.880000000000000000e+02 4.058429113230291705e+02 0.000000000000000000e+00 0.000000000000000000e+00
4.890000000000000000e+02 4.052233420929067051e+02 0.000000000000000000e+00 0.000000000000000000e+00
4.900000000000000000e+02 4.070298580415391143e+02 0.000000000000000000e+00 0.000000000000000000e+00
4.910000000000000000e+02 4.081018509063060264e+02 0.000000000000000000e+00 0.000000000000000000e+00
4.920000000000000000e+02 4.079516423081499852e+02 0.000000000000000000e+00 0.000000000000000000e+00
4.930000000000000000e+02 4.104341321766904116e+02 0.000000000000000000e+00 0.000000000000000000e+00
4.940000000000000000e+02 4.096553407365547628e+02 2.000000000000000000e+00 0.000000000000000000e+00
4.950000000000000000e+02 4.102312625320940924e+02 0.000000000000000000e+00 0.000000000000000000e+00
4.960000000000000000e+02 4.109376236737267050e+02 0.000000000000000000e+00 0.000000000000000000e+00
4.970000000000000000e+02 4.115355360304569672e+02 0.000000000000000000e+00 0.000000000000000000e+00
4.980000000000000000e+02 4.120379097607686845e+02 0.000000000000000000e+00 0.000000000000000000e+00
4.990000000000000000e+02 4.121594443807310881e+02 2.000000000000000000e+00 0.000000000000000000e+00
5.000000000000000000e+02 4.121173056492504543e+02 1.000000000000000000e+00 0.000000000000000000e+00
5.010000000000000000e+02 4.126535725785124669e+02 0.000000000000000000e+00 0.000000000000000000e+00
5.020000000000000000e+02 4.149663805567870440e+02 0.000000000000000000e+00 0.000000000000000000e+00
5.030000000000000000e+02 4.143413818244748086e+02 0.000000000000000000e+00 0.000000000000000000e+00
5.040000000000000000e+02 4.160472432637538986e+02 0.000000000000000000e+00 0.000000000000000000e+00
5.050000000000000000e+02 4.176572441964992208e+02 0.000000000000000000e+00 0.000000000000000000e+00
5.060000000000000000e+02 4.178808161199264077e+02 0.000000000000000000e+00 0.000000000000000000e+00
5.070000000000000000e+02 4.192205932913755646e+02 0.000000000000000000e+00 0.000000000000000000e+00
5.080000000000000000e+02 4.194688249034505247e+02 0.000000000000000000e+00 0.000000000000000000e+00
5.090000000000000000e+02 4.208537039201697780e+02 0.000000000000000000e+00 0.000000000000000000e+00
5.100000000000000000e+02 4.225930960562469068e+02 0.000000000000000000e+00 0.000000000000000000e+00
5.110000000000000000e+02 4.231315338474505552e+02 0.000000000000000000e+00 0.000000000000000000e+00
5.120000000000000000e+02 4.251028289312736206e+02 0.000000000000000000e+00 0.000000000000000000e+00
5.130000000000000000e+02 4.256163997088081032e+02 0.000000000000000000e+00 0.000000000000000000e+00
5.140000000000000000e+02 4.269611079099860831e+02 0.000000000000000000e+00 0.000000000000000000e+00
5.150000000000000000e+02 4.277650589964833330e+02 0.000000000000000000e+00 0.000000000000000000e+00
5.160000000000000000e+02 4.269927138306865118e+02 1.000000000000000000e+00 0.000000000000000000e+00
5.170000000000000000e+02 4.280958849132427986e+02 0.000000000000000000e+00 0.000000000000000000e+00
5.180000000000000000e+02 4.284639078232648330e+02 0.000000000000000000e+00 0.000000000000000000e+00
5.190000000000000000e+02 4.298197240032197897e+02 0.000000000000000000e+00 0.000000000000000000e+00
5.200000000000000000e+02 4.309333138863536306e+02 0.000000000000000000e+00 0.000000000000000000e+00
5.210000000000000000e+02 4.319019292746906444e+02 0.000000000000000000e+00 0.000000000000000000e+00
5.220000000000000000e+02 4.335512223889770098e+02 0.000000000000000000e+00 0.000000000000000000e+00
5.230000000000000000e+02 4.348200587638684738e+02 0.000000000000000000e+00 0.000000000000000000e+00
5.240000000000000000e+02 4.347481116794513696e+02 0.000000000000000000e+00 0.000000000000000000e+00
5.250000000000000000e+02 4.360767723946399883e+02 0.000000000000000000e+00 0.000000000000000000e+00
5.260000000000000000e+02 4.371510180815745912e+02 0.000000000000000000e+00 0.000000000000000000e+00
5.270000000000000000e+02 4.372930707748557211e+02 0.000000000000000000e+00 0.000000000000000000e+00
5.280000000000000000e+02 4.397395086436429210e+02 0.000000000000000000e+00 0.000000000000000000e+00
5.290000000000000000e+02 4.386403676411960646e+02 1.000000000000000000e+00 0.000000000000000000e+00
5.300000000000000000e+02 4.379759573946574847e+02 1.000000000000000000e+00 0.000000000000000000e+00
5.310000000000000000e+02 4.378237549892038487e+02 2.000000000000000000e+00 0.000000000000000000e+00
5.320000000000000000e+02 4.377013073414718747e+02 2.000000000000000000e+00 0.000000000000000000e+00
5.330000000000000000e+02 4.352715228859944432e+02 2.000000000000000000e+00 0.000000000000000000e+00
5.340000000000000000e+02 4.367954071008061874e+02 0.000000000000000000e+00 0.000000000000000000e+00
5.350000000000000000e+02 4.383013254895766977e+02 0.000000000000000000e+00 0.000000000000000000e+00
5.360000000000000000e+02 4.386210141482372933e+02 0.000000000000000000e+00 0.000000000000000000e+00
5.370000000000000000e+02 4.388635451400086822e+02 1.000000000000000000e+00 0.000000000000000000e+00
5.380000000000000000e+02 4.380391375212297476e+02 2.000000000000000000e+00 0.000000000000000000e+00
5.390000000000000000e+02 4.384867761996771378e+02 0.000000000000000000e+00 0.000000000000000000e+00
5.400000000000000000e+02 4.402027368325084353e+02 0.000000000000000000e+00 0.000000000000000000e+00
5.410000000000000000e+02 4.408729927568791709e+02 0.000000000000000000e+00 0.000000000000000000e+00
5.420000000000000000e+02 4.423107830181079976e+02 0.000000000000000000e+00 0.000000000000000000e+00
5.430000000000000000e+02 4.428497147267499372e+02 0.000000000000000000e+00 0.000000000000000000e+00
5.440000000000000000e+02 4.432233876784698623e+02 0.000000000000000000e+00 0.000000000000000000e+00
5.450000000000000000e+02 4.436845457614263069e+02 1.000000000000000000e+00 0.000000000000000000e+00
5.460000000000000000e+02 4.453343128308545715e+02 0.000000000000000000e+00 0.000000000000000000e+00
5.470000000000000000e+02 4.466973611777489737e+02 0.000000000000000000e+00 0.000000000000000000e+00
5.480000000000000000e+02 4.473293593342796157e+02 0.000000000000000000e+00 0.000000000000000000e+00
5.490000000000000000e+02 4.473949761279071708e+02 1.000000000000000000e+00 0.000000000000000000e+00
5.500000000000000000e+02 4.472534844232501428e+02 1.000000000000000000e+00 0.000000000000000000e+00
5.510000000000000000e+02 4.462759901106178972e+02 2.000000000000000000e+00 0.000000000000000000e+00
5.520000000000000000e+02 4.474039468699170357e+02 0.000000000000000000e+00 0.000000000000000000e+00
5.530000000000000000e+02 4.477928637705052779e+02 0.000000000000000000e+00 0.000000000000000000e+00
5.540000000000000000e+02 4.489406408509665312e+02 0.000000000000000000e+00 0.000000000000000000e+00
5.550000000000000000e+02 4.488822462077827709e+02 1.000000000000000000e+00 0.000000000000000000e+00
5.560000000000000000e+02 4.479416576046866112e+02 2.000000000000000000e+00 0.000000000000000000e+00
5.570000000000000000e+02 4.477542895295869698e+02 0.000000000000000000e+00 0.000000000000000000e+00
5.580000000000000000e+02 4.503162759791231338e+02 0.000000000000000000e+00 0.000000000000000000e+00
5.590000000000000000e+02 4.508384697615816776e+02 0.000000000000000000e+00 0.000000000000000000e+00
5.600000000000000000e+02 4.517123109961324872e+02 0.000000000000000000e+00 0.000000000000000000e+00
5.610000000000000000e+02 4.527130750886844908e+02 1.000000000000000000e+00 0.000000000000000000e+00
5.620000000000000000e+02 4.527272533340583891e+02 0.000000000000000000e+00 0.000000000000000000e+00
5.630000000000000000e+02 4.524464013470728219e+02 1.000000000000000000e+00 0.000000000000000000e+00
5.640000000000000000e+02 4.528963248513510393e+02 1.000000000000000000e+00 0.000000000000000000e+00
5.650000000000000000e+02 4.523585260073128325e+02 2.000000000000000000e+00 0.000000000000000000e+00
5.660000000000000000e+02 4.534062890318166978e+02 0.000000000000000000e+00 0.000000000000000000e+00
5.670000000000000000e+02 4.537865660041028946e+02 0.000000000000000000e+00 0.000000000000000000e+00
5.680000000000000000e+02 4.549677731909868612e+02 0.000000000000000000e+00 0.000000000000000000e+00
5.690000000000000000e+02 4.556203905806904686e+02 0.000000000000000000e+00 0.000000000000000000e+00
5.700000000000000000e+02 4.562167802212305219e+02 0.000000000000000000e+00 0.000000000000000000e+00
5.710000000000000000e+02 4.578305370528720459e+02 0.000000000000000000e+00 0.000000000000000000e+00
5.720000000000000000e+02 4.593255765283067262e+02 0.000000000000000000e+00 0.000000000000000000e+00
5.730000000000000000e+02 4.605746613725052612e+02 0.000000000000000000e+00 0.000000000000000000e+00
5.740000000000000000e+02 4.616142130473443217e+02 0.000000000000000000e+00 0.000000000000000000e+00
5.750000000000000000e+02 4.619041355155462725e+02 0.000000000000000000e+00 0.000000000000000000e+00
5.760000000000000000e+02 4.632790076316608179e+02 0.000000000000000000e+00 0.000000000000000000e+00
5.770000000000000000e+02 4.640611427242877198e+02 0.000000000000000000e+00 0.000000000000000000e+00
5.780000000000000000e+02 4.645930390031625734e+02 0.000000000000000000e+00 0.000000000000000000e+00
5.790000000000000000e+02 4.671264393773554957e+02 0.000000000000000000e+00 0.000000000000000000e+00
5.800000000000000000e+02 4.664477492383771278e+02 0.000000000000000000e+00 0.000000000000000000e+00
5.810000000000000000e+02 4.679446385647045190e+02 0.000000000000000000e+00 0.000000000000000000e+00
5.820000000000000000e+02 4.684106810094137359e+02 0.000000000000000000e+00 0.000000000000000000e+00
5.830000000000000000e+02 4.697245781428326268e+02 0.000000000000000000e+00 0.000000000000000000e+00
5.840000000000000000e+02 4.708150865312590554e+02 0.000000000000000000e+00 0.000000000000000000e+00
5.850000000000000000e+02 4.721817342887699738e+02 0.000000000000000000e+00 0.000000000000000000e+00
5.860000000000000000e+02 4.735346484026160283e+02 0.000000000000000000e+00 0.000000000000000000e+00
5.870000000000000000e+02 4.739976606448944381e+02 0.000000000000000000e+00 0.000000000000000000e+00
5.880000000000000000e+02 4.748538627951270428e+02 0.000000000000000000e+00 0.000000000000000000e+00
5.890000000000000000e+02 4.760747562398979085e+02 0.000000000000000000e+00 0.000000000000000000e+00
5.900000000000000000e+02 4.767908190208365227e+02 0.000000000000000000e+00 0.000000000000000000e+00
5.910000000000000000e+02 4.775997801281005195e+02 0.000000000000000000e+00 0.000000000000000000e+00
5.920000000000000000e+02 4.786797720987643743e+02 0.000000000000000000e+00 0.000000000000000000e+00
5.930000000000000000e+02 4.789054592881012127e+02 0.000000000000000000e+00 0.000000000000000000e+00
5.940000000000000000e+02 4.802086802953292590e+02 0.000000000000000000e+00 0.000000000000000000e+00
5.950000000000000000e+02 4.793434127952249924e+02 2.000000000000000000e+00 0.000000000000000000e+00
5.960000000000000000e+02 4.809496561246357942e+02 0.000000000000000000e+00 0.000000000000000000e+00
5.970000000000000000e+02 4.817403148256652230e+02 0.000000000000000000e+00 0.000000000000000000e+00
5.980000000000000000e+02 4.824912528410729351e+02 0.000000000000000000e+00 0.000000000000000000e+00
5.990000000000000000e+02 4.838029549587649285e+02 0.000000000000000000e+00 0.000000000000000000e+00
6.000000000000000000e+02 4.840824996098438646e+02 0.000000000000000000e+00 0.000000000000000000e+00
6.010000000000000000e+02 4.855880848272192907e+02 1.000000000000000000e+00 0.000000000000000000e+00
6.020000000000000000e+02 4.858742060536881127e+02 0.000000000000000000e+00 0.000000000000000000e+00
6.030000000000000000e+02 4.872297986144085939e+02 0.000000000000000000e+00 0.000000000000000000e+00
6.040000000000000000e+02 4.878286857745520706e+02 0.000000000000000000e+00 0.000000000000000000e+00
6.050000000000000000e+02 4.874084784320602921e+02 2.000000000000000000e+00 0.000000000000000000e+00
6.060000000000000000e+02 4.870129554624671755e+02 2.000000000000000000e+00 0.000000000000000000e+00
6.070000000000000000e+02 4.848904473645736175e+02 2.000000000000000000e+00 0.000000000000000000e+00
6.080000000000000000e+02 4.853904410943221706e+02 2.000000000000000000e+00 0.000000000000000000e+00
6.090000000000000000e+02 4.836574005878855473e+02 1.000000000000000000e+00 0.000000000000000000e+00
6.100000000000000000e+02 4.847304504603781083e+02 0.000000000000000000e+00 0.000000000000000000e+00
6.110000000000000000e+02 4.851777019983053378e+02 1.000000000000000000e+00 0.000000000000000000e+00
6.120000000000000000e+02 4.848492450260525288e+02 1.000000000000000000e+00 0.000000000000000000e+00
6.130000000000000000e+02 4.858626207532603871e+02 0.000000000000000000e+00 0.000000000000000000e+00
6.140000000000000000e+02 4.853477439341631339e+02 1.000000000000000000e+00 0.000000000000000000e+00
6.150000000000000000e+02 4.868375888737581363e+02 1.000000000000000000e+00 0.000000000000000000e+00
6.160000000000000000e+02 4.876112317428213601e+02 0.000000000000000000e+00 0.000000000000000000e+00
6.170000000000000000e+02 4.884433667042671345e+02 0.000000000000000000e+00 0.000000000000000000e+00
6.180000000000000000e+02 4.884844241127567557e+02 0.000000000000000000e+00 0.000000000000000000e+00
6.190000000000000000e+02 4.894967387165186778e+02 0.000000000000000000e+00 0.000000000000000000e+00
6.200000000000000000e+02 4.907236623165342735e+02 0.000000000000000000e+00 0.000000000000000000e+00
6.210000000000000000e+02 4.916393705260322804e+02 0.000000000000000000e+00 0.000000000000000000e+00
6.220000000000000000e+02 4.919314342700274096e+02 0.000000000000000000e+00 0.000000000000000000e+00
6.230000000000000000e+02 4.938315743210930577e+02 0.000000000000000000e+00 0.000000000000000000e+00
6.240000000000000000e+02 4.951569175342024209e+02 0.000000000000000000e+00 0.000000000000000000e+00
6.250000000000000000e+02 4.960002547785347247e+02 0.000000000000000000e+00 0.000000000000000000e+00
6.260000000000000000e+02 4.973188506993436135e+02 0.000000000000000000e+00 0.000000000000000000e+00
6.270000000000000000e+02 4.985425380675201836e+02 0.000000000000000000e+00 0.000000000000000000e+00
6.280000000000000000e+02 4.989936464278917470e+02 0.000000000000000000e+00 0.000000000000000000e+00
6.290000000000000000e+02 4.997347565340317601e+02 1.000000000000000000e+00 0.000000000000000000e+00
6.300000000000000000e+02 5.004595287964251611e+02 0.000000000000000000e+00 0.000000000000000000e+00
6.310000000000000000e+02 5.018303853810982105e+02 0.000000000000000000e+00 0.000000000000000000e+00
6.320000000000000000e+02 5.028847577923001495e+02 0.000000000000000000e+00 0.000000000000000000e+00
6.330000000000000000e+02 5.030862394182454977e+02 0.000000000000000000e+00 0.000000000000000000e+00
6.340000000000000000e+02 5.036887319273517960e+02 0.000000000000000000e+00 0.000000000000000000e+00
6.350000000000000000e+02 5.051818493500496174e+02 0.000000000000000000e+00 0.000000000000000000e+00
6.360000000000000000e+02 5.061286287040252319e+02 0.000000000000000000e+00 0.000000000000000000e+00
6.370000000000000000e+02 5.057608420784977739e+02 1.000000000000000000e+00 0.000000000000000000e+00
6.380000000000000000e+02 5.067262037004034596e+02 1.000000000000000000e+00 0.000000000000000000e+00
6.390000000000000000e+02 5.056049789202224360e+02 1.000000000000000000e+00 0.000000000000000000e+00
6.400000000000000000e+02 5.064453621223885875e+02 0.000000000000000000e+00 0.000000000000000000e+00
6.410000000000000000e+02 5.078672718151426579e+02 0.000000000000000000e+00 0.000000000000000000e+00
6.420000000000000000e+02 5.084140820058306645e+02 0.000000000000000000e+00 0.000000000000000000e+00
6.430000000000000000e+02 5.104791319631830788e+02 0.000000000000000000e+00 0.000000000000000000e+00
6.440000000000000000e+02 5.105886270604969468e+02 0.000000000000000000e+00 0.000000000000000000e+00
6.450000000000000000e+02 5.119146088028629720e+02 0.000000000000000000e+00 0.000000000000000000e+00
6.460000000000000000e+02 5.129359611430593304e+02 0.000000000000000000e+00 0.000000000000000000e+00
6.470000000000000000e+02 5.137263151744080005e+02 0.000000000000000000e+00 0.000000000000000000e+00
6.480000000000000000e+02 5.150049690704009890e+02 0.000000000000000000e+00 0.000000000000000000e+00
6.490000000000000000e+02 5.154084996524289863e+02 0.000000000000000000e+00 0.000000000000000000e+00
6.500000000000000000e+02 5.169206208843645527e+02 0.000000000000000000e+00 0.000000000000000000e+00
6.510000000000000000e+02 5.181099431498398644e+02 0.000000000000000000e+00 0.000000000000000000e+00
6.520000000000000000e+02 5.188536060993725414e+02 0.000000000000000000e+00 0.000000000000000000e+00
6.530000000000000000e+02 5.198736458931190327e+02 0.000000000000000000e+00 0.000000000000000000e+00
6.540000000000000000e+02 5.211570692457861469e+02 0.000000000000000000e+00 0.000000000000000000e+00
6.550000000000000000e+02 5.221684795731367785e+02 0.000000000000000000e+00 0.000000000000000000e+00
6.560000000000000000e+02 5.231061268373191524e+02 0.000000000000000000e+00 0.000000000000000000e+00
6.570000000000000000e+02 5.229094411914496732e+02 0.000000000000000000e+00 0.000000000000000000e+00
6.580000000000000000e+02 5.250592568611081106e+02 0.000000000000000000e+00 0.000000000000000000e+00
6.590000000000000000e+02 5.247180750582346036e+02 1.000000000000000000e+00 0.000000000000000000e+00
6.600000000000000000e+02 5.246782439355522456e+02 1.000000000000000000e+00 0.000000000000000000e+00
6.610000000000000000e+02 5.246783979235112838e+02 1.000000000000000000e+00 0.000000000000000000e+00
6.620000000000000000e+02 5.243734563109394458e+02 0.000000000000000000e+00 0.000000000000000000e+00
6.630000000000000000e+02 5.268407020971618522e+02 0.000000000000000000e+00 0.000000000000000000e+00
6.640000000000000000e+02 5.283206001792656252e+02 0.000000000000000000e+00 0.000000000000000000e+00
6.650000000000000000e+02 5.288682071192712328e+02 0.000000000000000000e+00 0.000000000000000000e+00
6.660000000000000000e+02 5.294956002962193224e+02 0.000000000000000000e+00 0.000000000000000000e+00
6.670000000000000000e+02 5.307079952134178029e+02 0.000000000000000000e+00 0.000000000000000000e+00
6.680000000000000000e+02 5.325444115156849421e+02 0.000000000000000000e+00 0.000000000000000000e+00
6.690000000000000000e+02 5.330617288422398587e+02 1.000000000000000000e+00 0.000000000000000000e+00
6.700000000000000000e+02 5.326834016273051020e+02 0.000000000000000000e+00 0.000000000000000000e+00
6.710000000000000000e+02 5.334751547931948608e+02 1.000000000000000000e+00 0.000000000000000000e+00
6.720000000000000000e+02 5.318653012170320835e+02 2.000000000000000000e+00 0.000000000000000000e+00
6.730000000000000000e+02 5.332134062057467645e+02 0.000000000000000000e+00 0.000000000000000000e+00
6.740000000000000000e+02 5.316762114376747377e+02 2.000000000000000000e+00 0.000000000000000000e+00
6.750000000000000000e+02 5.327831568502252821e+02 0.000000000000000000e+00 0.000000000000000000e+00
6.760000000000000000e+02 5.334734751614153083e+02 0.000000000000000000e+00 0.000000000000000000e+00
6.770000000000000000e+02 5.345888254146401550e+02 0.000000000000000000e+00 0.000000000000000000e+00
6.780000000000000000e+02 5.339089787199828834e+02 2.000000000000000000e+00 0.000000000000000000e+00
6.790000000000000000e+02 5.350481292571935228e+02 0.000000000000000000e+00 0.000000000000000000e+00
6.800000000000000000e+02 5.356785062974262246e+02 0.000000000000000000e+00 0.000000000000000000e+00
6.810000000000000000e+02 5.372792796271282896e+02 0.000000000000000000e+00 0.000000000000000000e+00
6.820000000000000000e+02 5.385210378593351379e+02 0.000000000000000000e+00 0.000000000000000000e+00
6.830000000000000000e+02 5.379413479207539694e+02 0.000000000000000000e+00 0.000000000000000000e+00
6.840000000000000000e+02 5.393740254412330160e+02 0.000000000000000000e+00 0.000000000000000000e+00
6.850000000000000000e+02 5.405066655741985642e+02 0.000000000000000000e+00 0.000000000000000000e+00
6.860000000000000000e+02 5.416449928326005647e+02 0.000000000000000000e+00 0.000000000000000000e+00
6.870000000000000000e+02 5.438335978135121422e+02 0.000000000000000000e+00 0.000000000000000000e+00
6.880000000000000000e+02 5.439622397664181790e+02 0.000000000000000000e+00 0.000000000000000000e+00
6.890000000000000000e+02 5.447896487727720114e+02 0.000000000000000000e+00 0.000000000000000000e+00
6.900000000000000000e+02 5.466310047216575185e+02 0.000000000000000000e+00 0.000000000000000000e+00
6.910000000000000000e+02 5.471428677705748669e+02 0.000000000000000000e+00 0.000000000000000000e+00
6.920000000000000000e+02 5.484288845821884024e+02 0.000000000000000000e+00 0.000000000000000000e+00
6.930000000000000000e+02 5.491416335361772099e+02 0.000000000000000000e+00 0.000000000000000000e+00
6.940000000000000000e+02 5.502587742907810480e+02 0.000000000000000000e+00 0.000000000000000000e+00
6.950000000000000000e+02 5.507821252390957625e+02 0.000000000000000000e+00 0.000000000000000000e+00
6.960000000000000000e+02 5.517829377422918924e+02 0.000000000000000000e+00 0.000000000000000000e+00
6.970000000000000000e+02 5.530190784114384996e+02 0.000000000000000000e+00 0.000000000000000000e+00
6.980000000000000000e+02 5.532645130738198986e+02 0.000000000000000000e+00 0.000000000000000000e+00
6.990000000000000000e+02 5.537395899218096247e+02 2.000000000000000000e+00 0.000000000000000000e+00
7.000000000000000000e+02 5.525381007156641999e+02 1.000000000000000000e+00 0.000000000000000000e+00
7.010000000000000000e+02 5.547648278208799866e+02 0.000000000000000000e+00 0.000000000000000000e+00
7.020000000000000000e+02 5.547429639971024926e+02 0.000000000000000000e+00 0.000000000000000000e+00
7.030000000000000000e+02 5.560286827285688105e+02 0.000000000000000000e+00 0.000000000000000000e+00
7.040000000000000000e+02 5.574682445483223319e+02 0.000000000000000000e+00 0.000000000000000000e+00
7.050000000000000000e+02 5.568327152235775657e+02 1.000000000000000000e+00 0.000000000000000000e+00
7.060000000000000000e+02 5.587146858390551643e+02 0.000000000000000000e+00 0.000000000000000000e+00
7.070000000000000000e+02 5.591901625167409975e+02 0.000000000000000000e+00 0.000000000000000000e+00
7.080000000000000000e+02 5.603758525548197440e+02 0.000000000000000000e+00 0.000000000000000000e+00
7.090000000000000000e+02 5.606786051693484296e+02 0.000000000000000000e+00 0.000000000000000000e+00
7.100000000000000000e+02 5.620617561249684968e+02 0.000000000000000000e+00 0.000000000000000000e+00
7.110000000000000000e+02 5.632013921691529958e+02 0.000000000000000000e+00 0.000000000000000000e+00
7.120000000000000000e+02 5.636499197510037220e+02 0.000000000000000000e+00 0.000000000000000000e+00
7.130000000000000000e+02 5.651201555355351047e+02 0.000000000000000000e+00 0.000000000000000000e+00
7.140000000000000000e+02 5.660546045431734683e+02 0.000000000000000000e+00 0.000000000000000000e+00
7.150000000000000000e+02 5.678407252115003985e+02 0.000000000000000000e+00 0.000000000000000000e+00
7.160000000000000000e+02 5.678250632249628325e+02 0.000000000000000000e+00 0.000000000000000000e+00
7.170000000000000000e+02 5.688746853727139978e+02 0.000000000000000000e+00 0.000000000000000000e+00
7.180000000000000000e+02 5.704133812465125857e+02 0.000000000000000000e+00 0.000000000000000000e+00
7.190000000000000000e+02 5.699779116888447561e+02 1.000000000000000000e+00 0.000000000000000000e+00
7.200000000000000000e+02 5.706485065271189114e+02 0.000000000000000000e+00 0.000000000000000000e+00
7.210000000000000000e+02 5.715179067550537866e+02 0.000000000000000000e+00 0.000000000000000000e+00
7.220000000000000000e+02 5.718024323057603624e+02 2.000000000000000000e+00 0.000000000000000000e+00
7.230000000000000000e+02 5.713204908091588550e+02 0.000000000000000000e+00 0.000000000000000000e+00
7.240000000000000000e+02 5.733098662218677646e+02 0.000000000000000000e+00 0.000000000000000000e+00
7.250000000000000000e+02 5.750437172694813626e+02 0.000000000000000000e+00 0.000000000000000000e+00
7.260000000000000000e+02 5.748089255680245060e+02 0.000000000000000000e+00 0.000000000000000000e+00
7.270000000000000000e+02 5.748706589080670710e+02 0.000000000000000000e+00 0.000000000000000000e+00
7.280000000000000000e+02 5.744148386712740830e+02 2.000000000000000000e+00 0.000000000000000000e+00
7.290000000000000000e+02 5.762997375212493125e+02 0.000000000000000000e+00 0.000000000000000000e+00
7.300000000000000000e+02 5.755767708003795633e+02 2.000000000000000000e+00 0.000000000000000000e+00
7.310000000000000000e+02 5.764398857802181055e+02 0.000000000000000000e+00 0.000000000000000000e+00
7.320000000000000000e+02 5.767169795397217058e+02 0.000000000000000000e+00 0.000000000000000000e+00
7.330000000000000000e+02 5.771081530144806493e+02 0.000000000000000000e+00 0.000000000000000000e+00
7.340000000000000000e+02 5.791201258848529960e+02 0.000000000000000000e+00 0.000000000000000000e+00
7.350000000000000000e+02 5.797607272823418043e+02 0.000000000000000000e+00 0.000000000000000000e+00
7.360000000000000000e+02 5.801713209707245369e+02 0.000000000000000000e+00 0.000000000000000000e+00
7.370000000000000000e+02 5.816958068381215980e+02 0.000000000000000000e+00 0.000000000000000000e+00
7.380000000000000000e+02 5.826680941764187764e+02 0.000000000000000000e+00 0.000000000000000000e+00
7.390000000000000000e+02 5.843092402040937259e+02 0.000000000000000000e+00 0.000000000000000000e+00
7.400000000000000000e+02 5.854917748070570269e+02 0.000000000000000000e+00 0.000000000000000000e+00
7.410000000000000000e+02 5.856319590313783010e+02 0.000000000000000000e+00 0.000000000000000000e+00
7.420000000000000000e+02 5.871569902646684795e+02 0.000000000000000000e+00 0.000000000000000000e+00
7.430000000000000000e+02 5.881626284595812422e+02 0.000000000000000000e+00 0.000000000000000000e+00
7.440000000000000000e+02 5.886958503398553830e+02 0.000000000000000000e+00 0.000000000000000000e+00
7.450000000000000000e+02 5.892441384009703143e+02 0.000000000000000000e+00 0.000000000000000000e+00
7.460000000000000000e+02 5.911348349863030762e+02 0.000000000000000000e+00 0.000000000000000000e+00
7.470000000000000000e+02 5.919877051435760222e+02 0.000000000000000000e+00 0.000000000000000000e+00
7.480000000000000000e+02 5.928121049221831527e+02 0.000000000000000000e+00 0.000000000000000000e+00
7.490000000000000000e+02 5.943802922954313317e+02 0.000000000000000000e+00 0.000000000000000000e+00
7.500000000000000000e+02 5.937603626278282718e+02 0.000000000000000000e+00 0.000000000000000000e+00
7.510000000000000000e+02 5.938837315875820195e+02 2.000000000000000000e+00 0.000000000000000000e+00
7.520000000000000000e+02 5.935581583652204927e+02 2.000000000000000000e+00 0.000000000000000000e+00
7.530000000000000000e+02 5.941304515712507737e+02 1.000000000000000000e+00 0.000000000000000000e+00
7.540000000000000000e+02 5.937312454240208126e+02 1.000000000000000000e+00 0.000000000000000000e+00
7.550000000000000000e+02 5.935297843520581864e+02 0.000000000000000000e+00 0.000000000000000000e+00
7.560000000000000000e+02 5.941372296959890491e+02 0.000000000000000000e+00 0.000000000000000000e+00
7.570000000000000000e+02 5.956536461030677856e+02 0.000000000000000000e+00 0.000000000000000000e+00
7.580000000000000000e+02 5.966818547292482435e+02 0.000000000000000000e+00 0.000000000000000000e+00
7.590000000000000000e+02 5.979565419900436609e+02 0.000000000000000000e+00 0.000000000000000000e+00
7.600000000000000000e+02 5.991369233288305622e+02 0.000000000000000000e+00 0.000000000000000000e+00
7.610000000000000000e+02 5.990989241259376286e+02 1.000000000000000000e+00 0.000000000000000000e+00
7.620000000000000000e+02 6.006551536223365702e+02 0.000000000000000000e+00 0.000000000000000000e+00
7.630000000000000000e+02 6.015541197820926982e+02 0.000000000000000000e+00 0.000000000000000000e+00
7.640000000000000000e+02 6.015483777101542273e+02 0.000000000000000000e+00 0.000000000000000000e+00
7.650000000000000000e+02 6.039361674076318423e+02 0.000000000000000000e+00 0.000000000000000000e+00
7.660000000000000000e+02 6.039188104713595067e+02 0.000000000000000000e+00 0.000000000000000000e+00
7.670000000000000000e+02 6.047745319986843242e+02 0.000000000000000000e+00 0.000000000000000000e+00
7.680000000000000000e+02 6.058488486153707981e+02 0.000000000000000000e+00 0.000000000000000000e+00
7.690000000000000000e+02 6.068387546786584608e+02 0.000000000000000000e+00 0.000000000000000000e+00
7.700000000000000000e+02 6.056970059818486334e+02 2.000000000000000000e+00 0.000000000000000000e+00
7.710000000000000000e+02 6.060975160862651592e+02 1.000000000000000000e+00 0.000000000000000000e+00
7.720000000000000000e+02 6.070264322808367297e+02 0.000000000000000000e+00 0.000000000000000000e+00
7.730000000000000000e+02 6.069892880825383372e+02 0.000000000000000000e+00 0.000000000000000000e+00
7.740000000000000000e+02 6.091066251448495450e+02 0.000000000000000000e+00 0.000000000000000000e+00
7.750000000000000000e+02 6.106665569389532493e+02 0.000000000000000000e+00 0.000000000000000000e+00
7.760000000000000000e+02 6.112434935200952850e+02 0.000000000000000000e+00 0.000000000000000000e+00
7.770000000000000000e+02 6.111155968693943805e+02 0.000000000000000000e+00 0.000000000000000000e+00
7.780000000000000000e+02 6.127293196894250968e+02 0.000000000000000000e+00 0.000000000000000000e+00
7.790000000000000000e+02 6.140889760583017960e+02 0.000000000000000000e+00 0.000000000000000000e+00
7.800000000000000000e+02 6.149507151364563242e+02 0.000000000000000000e+00 0.000000000000000000e+00
7.810000000000000000e+02 6.146853154366908711e+02 0.000000000000000000e+00 0.000000000000000000e+00
7.820000000000000000e+02 6.176993370196450996e+02 0.000000000000000000e+00 0.000000000000000000e+00
7.830000000000000000e+02 6.178207572456767593e+02 0.000000000000000000e+00 0.000000000000000000e+00
7.840000000000000000e+02 6.185479628594005135e+02 0.000000000000000000e+00 0.000000000000000000e+00
7.850000000000000000e+02 6.189065690247811062e+02 2.000000000000000000e+00 0.000000000000000000e+00
7.860000000000000000e+02 6.184699631853738993e+02 0.000000000000000000e+00 0.000000000000000000e+00
7.870000000000000000e+02 6.200825344605900682e+02 0.000000000000000000e+00 0.000000000000000000e+00
7.880000000000000000e+02 6.209742434993687539e+02 0.000000000000000000e+00 0.000000000000000000e+00
7.890000000000000000e+02 6.218481992576473658e+02 0.000000000000000000e+00 0.000000000000000000e+00
7.900000000000000000e+02 6.223661579610293302e+02 0.000000000000000000e+00 0.000000000000000000e+00
7.910000000000000000e+02 6.238439206639927761e+02 0.000000000000000000e+00 0.000000000000000000e+00
7.920000000000000000e+02 6.252237544998774865e+02 0.000000000000000000e+00 0.000000000000000000e+00
7.930000000000000000e+02 6.250866383288598627e+02 0.000000000000000000e+00 0.000000000000000000e+00
7.940000000000000000e+02 6.257984110722292144e+02 0.000000000000000000e+00 0.000000000000000000e+00
7.950000000000000000e+02 6.280226131190272554e+02 0.000000000000000000e+00 0.000000000000000000e+00
7.960000000000000000e+02 6.292058692901689483e+02 0.000000000000000000e+00 0.000000000000000000e+00
7.970000000000000000e+02 6.302102757729488758e+02 0.000000000000000000e+00 0.000000000000000000e+00
7.980000000000000000e+02 6.312025322696703142e+02 0.000000000000000000e+00 0.000000000000000000e+00
7.990000000000000000e+02 6.317462285105842739e+02 0.000000000000000000e+00 0.000000000000000000e+00
8.000000000000000000e+02 6.323068274874740382e+02 0.000000000000000000e+00 0.000000000000000000e+00
