time	position	state	ATP_bound
1.000000000000000000e+00 1.125795577830486088e-01 2.000000000000000000e+00 0.000000000000000000e+00
2.000000000000000000e+00 4.800134524033901062e-01 0.000000000000000000e+00 0.000000000000000000e+00
3.000000000000000000e+00 1.495238934840390277e+00 0.000000000000000000e+00 0.000000000000000000e+00
4.000000000000000000e+00 3.189066795108719710e+00 0.000000000000000000e+00 0.000000000000000000e+00
5.000000000000000000e+00 4.296843974805793387e+00 0.000000000000000000e+00 0.000000000000000000e+00
6.000000000000000000e+00 4.442409082635019324e+00 1.000000000000000000e+00 0.000000000000000000e+00
7.000000000000000000e+00 4.313003052251448644e+00 1.000000000000000000e+00 0.000000000000000000e+00
8.000000000000000000e+00 3.412762011927366945e+00 1.000000000000000000e+00 0.000000000000000000e+00
9.000000000000000000e+00 3.856905083094413822e+00 2.000000000000000000e+00 0.000000000000000000e+00
1.000000000000000000e+01 3.889587598118056988e+00 0.000000000000000000e+00 0.000000000000000000e+00
1.100000000000000000e+01 4.129587913290380108e+00 0.000000000000000000e+00 0.000000000000000000e+00
1.200000000000000000e+01 5.255803278107129550e+00 0.000000000000000000e+00 0.000000000000000000e+00
1.300000000000000000e+01 6.775744610885023889e+00 0.000000000000000000e+00 0.000000000000000000e+00
1.400000000000000000e+01 8.900139435697075996e+00 0.000000000000000000e+00 0.000000000000000000e+00
1.500000000000000000e+01 8.520966853572463862e+00 0.000000000000000000e+00 0.000000000000000000e+00
1.600000000000000000e+01 9.346837857506468339e+00 0.000000000000000000e+00 0.000000000000000000e+00
1.700000000000000000e+01 1.020553070764635883e+01 0.000000000000000000e+00 0.000000000000000000e+00
1.800000000000000000e+01 1.214535015298516818e+01 0.000000000000000000e+00 0.000000000000000000e+00
1.900000000000000000e+01 1.294681516442634006e+01 0.000000000000000000e+00 0.000000000000000000e+00
2.000000000000000000e+01 1.422614937366487453e+01 0.000000000000000000e+00 0.000000000000000000e+00
2.100000000000000000e+01 1.512786996570884490e+01 0.000000000000000000e+00 0.000000000000000000e+00
2.200000000000000000e+01 1.589695239087688883e+01 0.000000000000000000e+00 0.000000000000000000e+00
2.300000000000000000e+01 1.658808262117540266e+01 0.000000000000000000e+00 0.000000000000000000e+00
2.400000000000000000e+01 1.805320170639529209e+01 0.000000000000000000e+00 0.000000000000000000e+00
2.500000000000000000e+01 1.857240234589208328e+01 0.000000000000000000e+00 0.000000000000000000e+00
2.600000000000000000e+01 1.952043061367345089e+01 0.000000000000000000e+00 0.000000000000000000e+00
2.700000000000000000e+01 2.086257852157443438e+01 0.000000000000000000e+00 0.000000000000000000e+00
2.800000000000000000e+01 1.998802909103686076e+01 2.000000000000000000e+00 0.000000000000000000e+00
2.900000000000000000e+01 2.087855061057365802e+01 0.000000000000000000e+00 0.000000000000000000e+00
3.000000000000000000e+01 2.133871000838561116e+01 0.000000000000000000e+00 0.000000000000000000e+00
3.100000000000000000e+01 2.032907217932225663e+01 2.000000000000000000e+00 0.000000000000000000e+00
3.200000000000000000e+01 2.156105294363475622e+01 1.000000000000000000e+00 0.000000000000000000e+00
3.300000000000000000e+01 2.233738934155318390e+01 0.000000000000000000e+00 0.000000000000000000e+00
3.400000000000000000e+01 2.382869484080232780e+01 0.000000000000000000e+00 0.000000000000000000e+00
3.500000000000000000e+01 2.151827659009977012e+01 2.000000000000000000e+00 0.000000000000000000e+00
3.600000000000000000e+01 2.117144143429546332e+01 2.000000000000000000e+00 0.000000000000000000e+00
3.700000000000000000e+01 2.004765030196838183e+01 2.000000000000000000e+00 0.000000000000000000e+00
3.800000000000000000e+01 2.086127132166549103e+01 1.000000000000000000e+00 0.000000000000000000e+00
3.900000000000000000e+01 2.052971741266834727e+01 1.000000000000000000e+00 0.000000000000000000e+00
4.000000000000000000e+01 2.177610310952913508e+01 0.000000000000000000e+00 0.000000000000000000e+00
4.100000000000000000e+01 2.183540246343034141e+01 0.000000000000000000e+00 0.000000000000000000e+00
4.200000000000000000e+01 2.217737944122378835e+01 0.000000000000000000e+00 0.000000000000000000e+00
4.300000000000000000e+01 2.191445689104561012e+01 2.000000000000000000e+00 0.000000000000000000e+00
4.400000000000000000e+01 2.136015149069756802e+01 2.000000000000000000e+00 0.000000000000000000e+00
4.500000000000000000e+01 1.992888785904052540e+01 1.000000000000000000e+00 0.000000000000000000e+00
4.600000000000000000e+01 2.125582451253740857e+01 1.000000000000000000e+00 0.000000000000000000e+00
4.700000000000000000e+01 2.217709373132745654e+01 0.000000000000000000e+00 0.000000000000000000e+00
4.800000000000000000e+01 2.239196627418910523e+01 0.000000000000000000e+00 0.000000000000000000e+00
4.900000000000000000e+01 2.398290836794033964e+01 0.000000000000000000e+00 0.000000000000000000e+00
5.000000000000000000e+01 2.442235863342586910e+01 0.000000000000000000e+00 0.000000000000000000e+00
5.100000000000000000e+01 2.600692724029476466e+01 0.000000000000000000e+00 0.000000000000000000e+00
5.200000000000000000e+01 2.676183290378580537e+01 0.000000000000000000e+00 0.000000000000000000e+00
5.300000000000000000e+01 2.773714639091832623e+01 0.000000000000000000e+00 0.000000000000000000e+00
5.400000000000000000e+01 2.907687050118994421e+01 0.000000000000000000e+00 0.000000000000000000e+00
5.500000000000000000e+01 2.985253645788463928e+01 0.000000000000000000e+00 0.000000000000000000e+00
5.600000000000000000e+01 3.136446058501795520e+01 0.000000000000000000e+00 0.000000000000000000e+00
5.700000000000000000e+01 3.223721771317259766e+01 0.000000000000000000e+00 0.000000000000000000e+00
5.800000000000000000e+01 3.262420024863958901e+01 0.000000000000000000e+00 0.000000000000000000e+00
5.900000000000000000e+01 3.355887538407571924e+01 0.000000000000000000e+00 0.000000000000000000e+00
6.000000000000000000e+01 3.462050984761584260e+01 0.000000000000000000e+00 0.000000000000000000e+00
6.100000000000000000e+01 3.670937632303910902e+01 0.000000000000000000e+00 0.000000000000000000e+00
6.200000000000000000e+01 3.826905098811747763e+01 0.000000000000000000e+00 0.000000000000000000e+00
6.300000000000000000e+01 3.874027801815825001e+01 0.000000000000000000e+00 0.000000000000000000e+00
6.400000000000000000e+01 3.888573764633175500e+01 0.000000000000000000e+00 0.000000000000000000e+00
6.500000000000000000e+01 3.939743026937947690e+01 1.000000000000000000e+00 0.000000000000000000e+00
6.600000000000000000e+01 4.085107124188868966e+01 0.000000000000000000e+00 0.000000000000000000e+00
6.700000000000000000e+01 4.105965510083206738e+01 0.000000000000000000e+00 0.000000000000000000e+00
6.800000000000000000e+01 4.227304568748482438e+01 0.000000000000000000e+00 0.000000000000000000e+00
6.900000000000000000e+01 4.386934105861853794e+01 0.000000000000000000e+00 0.000000000000000000e+00
7.000000000000000000e+01 4.536658973610673229e+01 0.000000000000000000e+00 0.000000000000000000e+00
7.100000000000000000e+01 4.439312632097433919e+01 0.000000000000000000e+00 0.000000000000000000e+00
7.200000000000000000e+01 4.575767654710950438e+01 0.000000000000000000e+00 0.000000000000000000e+00
7.300000000000000000e+01 4.706948766913654225e+01 0.000000000000000000e+00 0.000000000000000000e+00
7.400000000000000000e+01 4.811222881823408670e+01 0.000000000000000000e+00 0.000000000000000000e+00
7.500000000000000000e+01 4.987920188181028891e+01 0.000000000000000000e+00 0.000000000000000000e+00
7.600000000000000000e+01 5.023753282628008066e+01 0.000000000000000000e+00 0.000000000000000000e+00
7.700000000000000000e+01 5.060224894541153162e+01 0.000000000000000000e+00 0.000000000000000000e+00
7.800000000000000000e+01 5.101422463936900442e+01 1.000000000000000000e+00 0.000000000000000000e+00
7.900000000000000000e+01 5.117908147784494588e+01 0.000000000000000000e+00 0.000000000000000000e+00
8.000000000000000000e+01 5.306080979851259372e+01 0.000000000000000000e+00 0.000000000000000000e+00
8.100000000000000000e+01 5.312476988746993811e+01 1.000000000000000000e+00 0.000000000000000000e+00
8.200000000000000000e+01 5.334894090225361651e+01 0.000000000000000000e+00 0.000000000000000000e+00
8.300000000000000000e+01 5.438893631247687210e+01 0.000000000000000000e+00 0.000000000000000000e+00
8.400000000000000000e+01 5.611389844718615905e+01 0.000000000000000000e+00 0.000000000000000000e+00
8.500000000000000000e+01 5.699427420117301324e+01 0.000000000000000000e+00 0.000000000000000000e+00
8.600000000000000000e+01 5.859529968923867216e+01 0.000000000000000000e+00 0.000000000000000000e+00
8.700000000000000000e+01 5.876227443979320242e+01 0.000000000000000000e+00 0.000000000000000000e+00
8.800000000000000000e+01 5.972364725918553319e+01 0.000000000000000000e+00 0.000000000000000000e+00
8.900000000000000000e+01 5.988209771662084790e+01 0.000000000000000000e+00 0.000000000000000000e+00
9.000000000000000000e+01 6.131207540854318694e+01 0.000000000000000000e+00 0.000000000000000000e+00
9.100000000000000000e+01 6.275867617449663527e+01 0.000000000000000000e+00 0.000000000000000000e+00
9.200000000000000000e+01 6.439068463266747244e+01 0.000000000000000000e+00 0.000000000000000000e+00
9.300000000000000000e+01 6.566397088948431815e+01 0.000000000000000000e+00 0.000000000000000000e+00
9.400000000000000000e+01 6.598058182747128342e+01 0.000000000000000000e+00 0.000000000000000000e+00
9.500000000000000000e+01 6.669329436513882570e+01 0.000000000000000000e+00 0.000000000000000000e+00
9.600000000000000000e+01 6.695430430372229580e+01 0.000000000000000000e+00 0.000000000000000000e+00
9.700000000000000000e+01 6.922769481455159735e+01 0.000000000000000000e+00 0.000000000000000000e+00
9.800000000000000000e+01 7.070002185279935247e+01 0.000000000000000000e+00 0.000000000000000000e+00
9.900000000000000000e+01 7.099620622810701320e+01 0.000000000000000000e+00 0.000000000000000000e+00
1.000000000000000000e+02 7.124487800095924683e+01 0.000000000000000000e+00 0.000000000000000000e+00
1.010000000000000000e+02 7.399437526620141625e+01 0.000000000000000000e+00 0.000000000000000000e+00
1.020000000000000000e+02 7.480327944958355602e+01 0.000000000000000000e+00 0.000000000000000000e+00
1.030000000000000000e+02 7.585821305774145173e+01 0.000000000000000000e+00 0.000000000000000000e+00
1.040000000000000000e+02 7.604204531763993202e+01 0.000000000000000000e+00 0.000000000000000000e+00
1.050000000000000000e+02 7.727186289840602740e+01 0.000000000000000000e+00 0.000000000000000000e+00
1.060000000000000000e+02 7.831558594151233876e+01 0.000000000000000000e+00 0.000000000000000000e+00
1.070000000000000000e+02 7.661901806587046337e+01 2.000000000000000000e+00 0.000000000000000000e+00
1.080000000000000000e+02 7.675370288834598398e+01 1.000000000000000000e+00 0.000000000000000000e+00
1.090000000000000000e+02 7.774981548731074099e+01 0.000000000000000000e+00 0.000000000000000000e+00
1.100000000000000000e+02 8.024637390212033949e+01 0.000000000000000000e+00 0.000000000000000000e+00
1.110000000000000000e+02 8.012603159892977089e+01 0.000000000000000000e+00 0.000000000000000000e+00
1.120000000000000000e+02 8.108706927393799901e+01 0.000000000000000000e+00 0.000000000000000000e+00
1.130000000000000000e+02 8.232529568884986304e+01 0.000000000000000000e+00 0.000000000000000000e+00
1.140000000000000000e+02 8.307720210060529098e+01 0.000000000000000000e+00 0.000000000000000000e+00
1.150000000000000000e+02 8.427920804812431754e+01 0.000000000000000000e+00 0.000000000000000000e+00
1.160000000000000000e+02 8.567870244063028906e+01 0.000000000000000000e+00 0.000000000000000000e+00
1.170000000000000000e+02 8.551522039809989906e+01 0.000000000000000000e+00 0.000000000000000000e+00
1.180000000000000000e+02 8.539695161538216439e+01 1.000000000000000000e+00 0.000000000000000000e+00
1.190000000000000000e+02 8.687038957293029284e+01 0.000000000000000000e+00 0.000000000000000000e+00
1.200000000000000000e+02 8.767116748847379881e+01 0.000000000000000000e+00 0.000000000000000000e+00
1.210000000000000000e+02 8.863821933911088990e+01 0.000000000000000000e+00 0.000000000000000000e+00
1.220000000000000000e+02 9.027398175462298013e+01 0.000000000000000000e+00 0.000000000000000000e+00
1.230000000000000000e+02 9.034396683707423392e+01 0.000000000000000000e+00 0.000000000000000000e+00
1.240000000000000000e+02 9.229350967135492567e+01 0.000000000000000000e+00 0.000000000000000000e+00
1.250000000000000000e+02 9.270857228186055465e+01 0.000000000000000000e+00 0.000000000000000000e+00
1.260000000000000000e+02 9.471005229318922147e+01 0.000000000000000000e+00 0.000000000000000000e+00
1.270000000000000000e+02 9.315931165168824180e+01 2.000000000000000000e+00 0.000000000000000000e+00
1.280000000000000000e+02 9.274520965421122298e+01 2.000000000000000000e+00 0.000000000000000000e+00
1.290000000000000000e+02 9.296762001937899811e+01 0.000000000000000000e+00 0.000000000000000000e+00
1.300000000000000000e+02 9.369337997954046671e+01 0.000000000000000000e+00 0.000000000000000000e+00
1.310000000000000000e+02 9.470216924439067441e+01 0.000000000000000000e+00 0.000000000000000000e+00
1.320000000000000000e+02 9.567516368301747320e+01 0.000000000000000000e+00 0.000000000000000000e+00
1.330000000000000000e+02 9.726753353832823734e+01 0.000000000000000000e+00 0.000000000000000000e+00
1.340000000000000000e+02 9.826435324723210840e+01 0.000000000000000000e+00 0.000000000000000000e+00
1.350000000000000000e+02 9.962050921305713302e+01 0.000000000000000000e+00 0.000000000000000000e+00
1.360000000000000000e+02 1.006011020613758120e+02 0.000000000000000000e+00 0.000000000000000000e+00
1.370000000000000000e+02 1.006765099283807672e+02 0.000000000000000000e+00 0.000000000000000000e+00
1.380000000000000000e+02 1.006618759777386600e+02 2.000000000000000000e+00 0.000000000000000000e+00
1.390000000000000000e+02 9.883456371696608755e+01 2.000000000000000000e+00 0.000000000000000000e+00
1.400000000000000000e+02 9.741668055998205489e+01 2.000000000000000000e+00 0.000000000000000000e+00
1.410000000000000000e+02 9.923107289913608042e+01 0.000000000000000000e+00 0.000000000000000000e+00
1.420000000000000000e+02 1.007119488663014408e+02 0.000000000000000000e+00 0.000000000000000000e+00
1.430000000000000000e+02 1.023924713230836403e+02 0.000000000000000000e+00 0.000000000000000000e+00
1.440000000000000000e+02 1.017273443990654584e+02 0.000000000000000000e+00 0.000000000000000000e+00
1.450000000000000000e+02 1.022256343780234999e+02 1.000000000000000000e+00 0.000000000000000000e+00
1.460000000000000000e+02 1.031824734800257204e+02 0.000000000000000000e+00 0.000000000000000000e+00
1.470000000000000000e+02 1.033218323620122447e+02 0.000000000000000000e+00 0.000000000000000000e+00
1.480000000000000000e+02 1.046165363312838821e+02 0.000000000000000000e+00 0.000000000000000000e+00
1.490000000000000000e+02 1.064347384568458921e+02 0.000000000000000000e+00 0.000000000000000000e+00
1.500000000000000000e+02 1.069436793709261053e+02 0.000000000000000000e+00 0.000000000000000000e+00
1.510000000000000000e+02 1.074132375024891957e+02 0.000000000000000000e+00 0.000000000000000000e+00
1.520000000000000000e+02 1.092768508766252893e+02 0.000000000000000000e+00 0.000000000000000000e+00
1.530000000000000000e+02 1.097184620892949027e+02 0.000000000000000000e+00 0.000000000000000000e+00
1.540000000000000000e+02 1.114373308283018673e+02 0.000000000000000000e+00 0.000000000000000000e+00
1.550000000000000000e+02 1.121377462749981362e+02 0.000000000000000000e+00 0.000000000000000000e+00
1.560000000000000000e+02 1.131968329185423983e+02 0.000000000000000000e+00 0.000000000000000000e+00
1.570000000000000000e+02 1.139047343979228515e+02 0.000000000000000000e+00 0.000000000000000000e+00
1.580000000000000000e+02 1.146117437378863571e+02 1.000000000000000000e+00 0.000000000000000000e+00
1.590000000000000000e+02 1.134864189400516636e+02 1.000000000000000000e+00 0.000000000000000000e+00
1.600000000000000000e+02 1.151221076402652415e+02 0.000000000000000000e+00 0.000000000000000000e+00
1.610000000000000000e+02 1.157990335362612768e+02 0.000000000000000000e+00 0.000000000000000000e+00
1.620000000000000000e+02 1.167044126195680747e+02 0.000000000000000000e+00 0.000000000000000000e+00
1.630000000000000000e+02 1.161783556915160318e+02 2.000000000000000000e+00 0.000000000000000000e+00
1.640000000000000000e+02 1.157781824383331326e+02 1.000000000000000000e+00 0.000000000000000000e+00
1.650000000000000000e+02 1.160419161088676248e+02 1.000000000000000000e+00 0.000000000000000000e+00
1.660000000000000000e+02 1.159995042547683823e+02 1.000000000000000000e+00 0.000000000000000000e+00
1.670000000000000000e+02 1.165303735845626392e+02 0.000000000000000000e+00 0.000000000000000000e+00
1.680000000000000000e+02 1.186891937081047530e+02 0.000000000000000000e+00 0.000000000000000000e+00
1.690000000000000000e+02 1.186625736764619745e+02 0.000000000000000000e+00 0.000000000000000000e+00
1.700000000000000000e+02 1.198935135142202739e+02 0.000000000000000000e+00 0.000000000000000000e+00
1.710000000000000000e+02 1.209062691832176881e+02 0.000000000000000000e+00 0.000000000000000000e+00
1.720000000000000000e+02 1.219982802107871152e+02 0.000000000000000000e+00 0.000000000000000000e+00
1.730000000000000000e+02 1.225071498969028170e+02 0.000000000000000000e+00 0.000000000000000000e+00
1.740000000000000000e+02 1.244838367506048797e+02 0.000000000000000000e+00 0.000000000000000000e+00
1.750000000000000000e+02 1.252395148755684886e+02 0.000000000000000000e+00 0.000000000000000000e+00
1.760000000000000000e+02 1.251001618361190140e+02 0.000000000000000000e+00 0.000000000000000000e+00
1.770000000000000000e+02 1.285790359255958606e+02 0.000000000000000000e+00 0.000000000000000000e+00
1.780000000000000000e+02 1.283242765008486117e+02 0.000000000000000000e+00 0.000000000000000000e+00
1.790000000000000000e+02 1.286911626460569096e+02 0.000000000000000000e+00 0.000000000000000000e+00
1.800000000000000000e+02 1.299404080783247650e+02 0.000000000000000000e+00 0.000000000000000000e+00
1.810000000000000000e+02 1.294888391301297759e+02 1.000000000000000000e+00 0.000000000000000000e+00
1.820000000000000000e+02 1.315626764710903842e+02 0.000000000000000000e+00 0.000000000000000000e+00
1.830000000000000000e+02 1.330363342614718078e+02 0.000000000000000000e+00 0.000000000000000000e+00
1.840000000000000000e+02 1.331494787379410241e+02 0.000000000000000000e+00 0.000000000000000000e+00
1.850000000000000000e+02 1.340626507482199088e+02 0.000000000000000000e+00 0.000000000000000000e+00
1.860000000000000000e+02 1.349234562058396421e+02 0.000000000000000000e+00 0.000000000000000000e+00
1.870000000000000000e+02 1.353018852818073583e+02 0.000000000000000000e+00 0.000000000000000000e+00
1.880000000000000000e+02 1.369550040188347850e+02 0.000000000000000000e+00 0.000000000000000000e+00
1.890000000000000000e+02 1.390642225667971843e+02 0.000000000000000000e+00 0.000000000000000000e+00
1.900000000000000000e+02 1.382621386852529213e+02 0.000000000000000000e+00 0.000000000000000000e+00
1.910000000000000000e+02 1.388020904809272338e+02 0.000000000000000000e+00 0.000000000000000000e+00
1.920000000000000000e+02 1.409804963175135697e+02 0.000000000000000000e+00 0.000000000000000000e+00
1.930000000000000000e+02 1.420183883907220093e+02 0.000000000000000000e+00 0.000000000000000000e+00
1.940000000000000000e+02 1.432975806821199569e+02 0.000000000000000000e+00 0.000000000000000000e+00
1.950000000000000000e+02 1.448425489025638910e+02 0.000000000000000000e+00 0.000000000000000000e+00
1.960000000000000000e+02 1.448989983945580491e+02 0.000000000000000000e+00 0.000000000000000000e+00
1.970000000000000000e+02 1.459928335595468241e+02 0.000000000000000000e+00 0.000000000000000000e+00
1.980000000000000000e+02 1.468500690246947897e+02 0.000000000000000000e+00 0.000000000000000000e+00
1.990000000000000000e+02 1.472231835345487525e+02 0.000000000000000000e+00 0.000000000000000000e+00
2.000000000000000000e+02 1.485356569919000549e+02 0.000000000000000000e+00 0.000000000000000000e+00
2.010000000000000000e+02 1.493614016448348423e+02 0.000000000000000000e+00 0.000000000000000000e+00
2.020000000000000000e+02 1.510764889576335293e+02 0.000000000000000000e+00 0.000000000000000000e+00
2.030000000000000000e+02 1.513689154879398018e+02 0.000000000000000000e+00 0.000000000000000000e+00
2.040000000000000000e+02 1.534341450526681285e+02 0.000000000000000000e+00 0.000000000000000000e+00
2.050000000000000000e+02 1.526215032318607712e+02 1.000000000000000000e+00 0.000000000000000000e+00
2.060000000000000000e+02 1.534652288867227981e+02 0.000000000000000000e+00 0.000000000000000000e+00
2.070000000000000000e+02 1.546003779796454296e+02 0.000000000000000000e+00 0.000000000000000000e+00
2.080000000000000000e+02 1.546125774019504036e+02 1.000000000000000000e+00 0.000000000000000000e+00
2.090000000000000000e+02 1.562088313134858311e+02 0.000000000000000000e+00 0.000000000000000000e+00
2.100000000000000000e+02 1.564782207245907557e+02 0.000000000000000000e+00 0.000000000000000000e+00
2.110000000000000000e+02 1.564468200474977380e+02 2.000000000000000000e+00 0.000000000000000000e+00
2.120000000000000000e+02 1.561395318125153153e+02 1.000000000000000000e+00 0.000000000000000000e+00
2.130000000000000000e+02 1.567133007878766193e+02 0.000000000000000000e+00 0.000000000000000000e+00
2.140000000000000000e+02 1.578167727952649955e+02 0.000000000000000000e+00 0.000000000000000000e+00
2.150000000000000000e+02 1.587186062791267318e+02 0.000000000000000000e+00 0.000000000000000000e+00
2.160000000000000000e+02 1.610791975266703275e+02 0.000000000000000000e+00 0.000000000000000000e+00
2.170000000000000000e+02 1.611870937175151539e+02 0.000000000000000000e+00 0.000000000000000000e+00
2.180000000000000000e+02 1.628621916956088000e+02 0.000000000000000000e+00 0.000000000000000000e+00
2.190000000000000000e+02 1.628076653500737621e+02 0.000000000000000000e+00 0.000000000000000000e+00
2.200000000000000000e+02 1.638481720607997829e+02 0.000000000000000000e+00 0.000000000000000000e+00
2.210000000000000000e+02 1.655695916361880791e+02 0.000000000000000000e+00 0.000000000000000000e+00
2.220000000000000000e+02 1.657292042191671726e+02 0.000000000000000000e+00 0.000000000000000000e+00
2.230000000000000000e+02 1.664723367941630272e+02 0.000000000000000000e+00 0.000000000000000000e+00
2.240000000000000000e+02 1.681946959207162138e+02 0.000000000000000000e+00 0.000000000000000000e+00
2.250000000000000000e+02 1.690489287711750706e+02 0.000000000000000000e+00 0.000000000000000000e+00
2.260000000000000000e+02 1.698044009212219407e+02 0.000000000000000000e+00 0.000000000000000000e+00
2.270000000000000000e+02 1.712579652689366583e+02 0.000000000000000000e+00 0.000000000000000000e+00
2.280000000000000000e+02 1.725920933584885688e+02 0.000000000000000000e+00 0.000000000000000000e+00
2.290000000000000000e+02 1.729083091994195058e+02 0.000000000000000000e+00 0.000000000000000000e+00
2.300000000000000000e+02 1.737953089883602047e+02 0.000000000000000000e+00 0.000000000000000000e+00
2.310000000000000000e+02 1.747865954340067276e+02 0.000000000000000000e+00 0.000000000000000000e+00
2.320000000000000000e+02 1.760114540388533442e+02 0.000000000000000000e+00 0.000000000000000000e+00
2.330000000000000000e+02 1.767158813566708488e+02 0.000000000000000000e+00 0.000000000000000000e+00
2.340000000000000000e+02 1.783966407792392772e+02 0.000000000000000000e+00 0.000000000000000000e+00
2.350000000000000000e+02 1.797809856001866251e+02 0.000000000000000000e+00 0.000000000000000000e+00
2.360000000000000000e+02 1.796208601304330159e+02 0.000000000000000000e+00 0.000000000000000000e+00
2.370000000000000000e+02 1.812190495327905069e+02 0.000000000000000000e+00 0.000000000000000000e+00
2.380000000000000000e+02 1.825867344509504733e+02 0.000000000000000000e+00 0.000000000000000000e+00
2.390000000000000000e+02 1.832609171822317080e+02 0.000000000000000000e+00 0.000000000000000000e+00
2.400000000000000000e+02 1.845184739224516477e+02 0.000000000000000000e+00 0.000000000000000000e+00
2.410000000000000000e+02 1.853880111030331079e+02 0.000000000000000000e+00 0.000000000000000000e+00
2.420000000000000000e+02 1.867229555338380464e+02 0.000000000000000000e+00 0.000000000000000000e+00
2.430000000000000000e+02 1.869511082402511306e+02 0.000000000000000000e+00 0.000000000000000000e+00
2.440000000000000000e+02 1.873598912727993024e+02 0.000000000000000000e+00 0.000000000000000000e+00
2.450000000000000000e+02 1.893421624525911966e+02 0.000000000000000000e+00 0.000000000000000000e+00
2.460000000000000000e+02 1.889899037276546778e+02 0.000000000000000000e+00 0.000000000000000000e+00
2.470000000000000000e+02 1.915560808027486246e+02 0.000000000000000000e+00 0.000000000000000000e+00
2.480000000000000000e+02 1.913740648103949695e+02 0.000000000000000000e+00 0.000000000000000000e+00
2.490000000000000000e+02 1.937581232290899607e+02 0.000000000000000000e+00 0.000000000000000000e+00
2.500000000000000000e+02 1.943383712783193573e+02 0.000000000000000000e+00 0.000000000000000000e+00
2.510000000000000000e+02 1.951650264308564999e+02 0.000000000000000000e+00 0.000000000000000000e+00
2.520000000000000000e+02 1.965918753023560726e+02 0.000000000000000000e+00 0.000000000000000000e+00
2.530000000000000000e+02 1.968069953354680592e+02 0.000000000000000000e+00 0.000000000000000000e+00
2.540000000000000000e+02 1.981604231169196453e+02 0.000000000000000000e+00 0.000000000000000000e+00
2.550000000000000000e+02 1.993499811436551283e+02 0.000000000000000000e+00 0.000000000000000000e+00
2.560000000000000000e+02 2.003191190098772836e+02 0.000000000000000000e+00 0.000000000000000000e+00
2.570000000000000000e+02 1.993274080654430520e+02 2.000000000000000000e+00 0.000000000000000000e+00
2.580000000000000000e+02 1.985213358107907595e+02 0.000000000000000000e+00 0.000000000000000000e+00
2.590000000000000000e+02 2.014505423427386006e+02 0.000000000000000000e+00 0.000000000000000000e+00
2.600000000000000000e+02 2.010758469365094072e+02 0.000000000000000000e+00 0.000000000000000000e+00
2.610000000000000000e+02 2.015973226531418163e+02 1.000000000000000000e+00 0.000000000000000000e+00
2.620000000000000000e+02 2.038832477578145301e+02 1.000000000000000000e+00 0.000000000000000000e+00
2.630000000000000000e+02 2.020133131637546455e+02 1.000000000000000000e+00 0.000000000000000000e+00
2.640000000000000000e+02 2.012385129622736315e+02 2.000000000000000000e+00 0.000000000000000000e+00
2.650000000000000000e+02 2.016831196130533783e+02 0.000000000000000000e+00 0.000000000000000000e+00
2.660000000000000000e+02 2.037134711304030645e+02 0.000000000000000000e+00 0.000000000000000000e+00
2.670000000000000000e+02 2.036014993784596072e+02 0.000000000000000000e+00 0.000000000000000000e+00
2.680000000000000000e+02 2.060809813544255462e+02 0.000000000000000000e+00 0.000000000000000000e+00
2.690000000000000000e+02 2.063273554443421745e+02 0.000000000000000000e+00 0.000000000000000000e+00
2.700000000000000000e+02 2.069922468209746569e+02 0.000000000000000000e+00 0.000000000000000000e+00
2.710000000000000000e+02 2.077886960499940869e+02 0.000000000000000000e+00 0.000000000000000000e+00
2.720000000000000000e+02 2.086628721507698572e+02 0.000000000000000000e+00 0.000000000000000000e+00
2.730000000000000000e+02 2.107447488317073123e+02 0.000000000000000000e+00 0.000000000000000000e+00
2.740000000000000000e+02 2.099771290366459482e+02 0.000000000000000000e+00 0.000000000000000000e+00
2.750000000000000000e+02 2.125047267256514658e+02 0.000000000000000000e+00 0.000000000000000000e+00
2.760000000000000000e+02 2.122752321664576414e+02 0.000000000000000000e+00 0.000000000000000000e+00
2.770000000000000000e+02 2.138778684945813211e+02 0.000000000000000000e+00 0.000000000000000000e+00
2.780000000000000000e+02 2.154565680305802289e+02 0.000000000000000000e+00 0.000000000000000000e+00
2.790000000000000000e+02 2.158506657318558837e+02 0.000000000000000000e+00 0.000000000000000000e+00
2.800000000000000000e+02 2.164672339987914427e+02 0.000000000000000000e+00 0.000000000000000000e+00
2.810000000000000000e+02 2.174287559816676207e+02 0.000000000000000000e+00 0.000000000000000000e+00
2.820000000000000000e+02 2.190044138308047081e+02 0.000000000000000000e+00 0.000000000000000000e+00
2.830000000000000000e+02 2.204691899322920108e+02 0.000000000000000000e+00 0.000000000000000000e+00
2.840000000000000000e+02 2.203200107858564536e+02 1.000000000000000000e+00 0.000000000000000000e+00
2.850000000000000000e+02 2.191526285211353695e+02 1.000000000000000000e+00 0.000000000000000000e+00
2.860000000000000000e+02 2.203882677277483140e+02 0.000000000000000000e+00 0.000000000000000000e+00
2.870000000000000000e+02 2.219455041602354015e+02 0.000000000000000000e+00 0.000000000000000000e+00
2.880000000000000000e+02 2.242424570545461506e+02 0.000000000000000000e+00 0.000000000000000000e+00
2.890000000000000000e+02 2.242402044174315847e+02 0.000000000000000000e+00 0.000000000000000000e+00
2.900000000000000000e+02 2.259891412585606645e+02 0.000000000000000000e+00 0.000000000000000000e+00
2.910000000000000000e+02 2.266663363103251356e+02 0.000000000000000000e+00 0.000000000000000000e+00
2.920000000000000000e+02 2.253265327888377669e+02 2.000000000000000000e+00 0.000000000000000000e+00
2.930000000000000000e+02 2.238301080920579409e+02 2.000000000000000000e+00 0.000000000000000000e+00
2.940000000000000000e+02 2.230708369233386463e+02 2.000000000000000000e+00 0.000000000000000000e+00
2.950000000000000000e+02 2.243261455645528315e+02 0.000000000000000000e+00 0.000000000000000000e+00
2.960000000000000000e+02 2.251187380514218148e+02 0.000000000000000000e+00 0.000000000000000000e+00
2.970000000000000000e+02 2.252628353598736339e+02 0.000000000000000000e+00 0.000000000000000000e+00
2.980000000000000000e+02 2.267828282944268494e+02 0.000000000000000000e+00 0.000000000000000000e+00
2.990000000000000000e+02 2.276723589973130402e+02 0.000000000000000000e+00 0.000000000000000000e+00
3.000000000000000000e+02 2.288654325307285831e+02 0.000000000000000000e+00 0.000000000000000000e+00
3.010000000000000000e+02 2.298520684468285253e+02 0.000000000000000000e+00 0.000000000000000000e+00
3.020000000000000000e+02 2.314488703034910486e+02 0.000000000000000000e+00 0.000000000000000000e+00
3.030000000000000000e+02 2.318367161675872410e+02 0.000000000000000000e+00 0.000000000000000000e+00
3.040000000000000000e+02 2.323087267989627094e+02 0.000000000000000000e+00 0.000000000000000000e+00
3.050000000000000000e+02 2.338242656673786257e+02 0.000000000000000000e+00 0.000000000000000000e+00
3.060000000000000000e+02 2.350113015368938534e+02 0.000000000000000000e+00 0.000000000000000000e+00
3.070000000000000000e+02 2.360898032041395993e+02 0.000000000000000000e+00 0.000000000000000000e+00
3.080000000000000000e+02 2.368874478031281967e+02 0.000000000000000000e+00 0.000000000000000000e+00
3.090000000000000000e+02 2.382519544407802528e+02 0.000000000000000000e+00 0.000000000000000000e+00
3.100000000000000000e+02 2.389671890467290609e+02 0.000000000000000000e+00 0.000000000000000000e+00
3.110000000000000000e+02 2.399654931649886294e+02 0.000000000000000000e+00 0.000000000000000000e+00
3.120000000000000000e+02 2.410676651546731364e+02 0.000000000000000000e+00 0.000000000000000000e+00
3.130000000000000000e+02 2.417993761340321157e+02 0.000000000000000000e+00 0.000000000000000000e+00
3.140000000000000000e+02 2.435907182853161714e+02 0.000000000000000000e+00 0.000000000000000000e+00
3.150000000000000000e+02 2.432441639092946843e+02 0.000000000000000000e+00 0.000000000000000000e+00
3.160000000000000000e+02 2.444425314888304968e+02 0.000000000000000000e+00 0.000000000000000000e+00
3.170000000000000000e+02 2.458237998276442511e+02 0.000000000000000000e+00 0.000000000000000000e+00
3.180000000000000000e+02 2.460191783957120890e+02 2.000000000000000000e+00 0.000000000000000000e+00
3.190000000000000000e+02 2.463408717755736461e+02 0.000000000000000000e+00 0.000000000000000000e+00
3.200000000000000000e+02 2.474507654721681149e+02 0.000000000000000000e+00 0.000000000000000000e+00
3.210000000000000000e+02 2.478120414950379313e+02 0.000000000000000000e+00 0.000000000000000000e+00
3.220000000000000000e+02 2.493876734511503912e+02 0.000000000000000000e+00 0.000000000000000000e+00
3.230000000000000000e+02 2.501536275790481056e+02 0.000000000000000000e+00 0.000000000000000000e+00
3.240000000000000000e+02 2.510668074974865647e+02 0.000000000000000000e+00 0.000000000000000000e+00
3.250000000000000000e+02 2.517034355440848685e+02 0.000000000000000000e+00 0.000000000000000000e+00
3.260000000000000000e+02 2.525035180067228566e+02 1.000000000000000000e+00 0.000000000000000000e+00
3.270000000000000000e+02 2.521634398165398352e+02 1.000000000000000000e+00 0.000000000000000000e+00
3.280000000000000000e+02 2.527526510961747306e+02 0.000000000000000000e+00 0.000000000000000000e+00
3.290000000000000000e+02 2.540477077700556379e+02 0.000000000000000000e+00 0.000000000000000000e+00
3.300000000000000000e+02 2.555485311077666211e+02 0.000000000000000000e+00 0.000000000000000000e+00
3.310000000000000000e+02 2.555971789016249431e+02 0.000000000000000000e+00 0.000000000000000000e+00
3.320000000000000000e+02 2.576418739717437347e+02 0.000000000000000000e+00 0.000000000000000000e+00
3.330000000000000000e+02 2.571774085107932706e+02 0.000000000000000000e+00 0.000000000000000000e+00
3.340000000000000000e+02 2.594324183589606605e+02 0.000000000000000000e+00 0.000000000000000000e+00
3.350000000000000000e+02 2.609542094448932517e+02 0.000000000000000000e+00 0.000000000000000000e+00
3.360000000000000000e+02 2.602641356282216520e+02 0.000000000000000000e+00 0.000000000000000000e+00
3.370000000000000000e+02 2.607221347183917146e+02 0.000000000000000000e+00 0.000000000000000000e+00
3.380000000000000000e+02 2.626208852162006337e+02 0.000000000000000000e+00 0.000000000000000000e+00
3.390000000000000000e+02 2.638742220187021417e+02 0.000000000000000000e+00 0.000000000000000000e+00
3.400000000000000000e+02 2.649110150823855179e+02 0.000000000000000000e+00 0.000000000000000000e+00
3.410000000000000000e+02 2.664281620829647750e+02 0.000000000000000000e+00 0.000000000000000000e+00
3.420000000000000000e+02 2.667320904285390952e+02 0.000000000000000000e+00 0.000000000000000000e+00
3.430000000000000000e+02 2.654865966047068468e+02 2.000000000000000000e+00 0.000000000000000000e+00
3.440000000000000000e+02 2.670848732870385334e+02 0.000000000000000000e+00 0.000000000000000000e+00
3.450000000000000000e+02 2.680376601948537996e+02 0.000000000000000000e+00 0.000000000000000000e+00
3.460000000000000000e+02 2.658453341838949200e+02 2.000000000000000000e+00 0.000000000000000000e+00
3.470000000000000000e+02 2.657373563737364748e+02 2.000000000000000000e+00 0.000000000000000000e+00
3.480000000000000000e+02 2.671358002825204494e+02 0.000000000000000000e+00 0.000000000000000000e+00
3.490000000000000000e+02 2.683643704830140564e+02 0.000000000000000000e+00 0.000000000000000000e+00
3.500000000000000000e+02 2.688557729704813823e+02 0.000000000000000000e+00 0.000000000000000000e+00
3.510000000000000000e+02 2.698205511754183021e+02 0.000000000000000000e+00 0.000000000000000000e+00
3.520000000000000000e+02 2.707729395606610296e+02 0.000000000000000000e+00 0.000000000000000000e+00
3.530000000000000000e+02 2.721842071863773640e+02 0.000000000000000000e+00 0.000000000000000000e+00
3.540000000000000000e+02 2.722099777646568555e+02 0.000000000000000000e+00 0.000000000000000000e+00
3.550000000000000000e+02 2.744329850667497226e+02 0.000000000000000000e+00 0.000000000000000000e+00
3.560000000000000000e+02 2.746236331538689228e+02 0.000000000000000000e+00 0.000000000000000000e+00
3.570000000000000000e+02 2.757791129909208507e+02 0.000000000000000000e+00 0.000000000000000000e+00
3.580000000000000000e+02 2.766672001436239725e+02 0.000000000000000000e+00 0.000000000000000000e+00
3.590000000000000000e+02 2.786701912533125096e+02 0.000000000000000000e+00 0.000000000000000000e+00
3.600000000000000000e+02 2.787688787220302515e+02 0.000000000000000000e+00 0.000000000000000000e+00
3.610000000000000000e+02 2.796812093686260710e+02 0.000000000000000000e+00 0.000000000000000000e+00
3.620000000000000000e+02 2.802910376154017627e+02 1.000000000000000000e+00 0.000000000000000000e+00
3.630000000000000000e+02 2.800444854816088309e+02 1.000000000000000000e+00 0.000000000000000000e+00
3.640000000000000000e+02 2.805041800129366152e+02 0.000000000000000000e+00 0.000000000000000000e+00
3.650000000000000000e+02 2.822668480679451477e+02 0.000000000000000000e+00 0.000000000000000000e+00
3.660000000000000000e+02 2.830757224264830825e+02 0.000000000000000000e+00 0.000000000000000000e+00
3.670000000000000000e+02 2.838255377835306490e+02 0.000000000000000000e+00 0.000000000000000000e+00
3.680000000000000000e+02 2.841604082112399965e+02 0.000000000000000000e+00 0.000000000000000000e+00
3.690000000000000000e+02 2.862539913041217687e+02 0.000000000000000000e+00 0.000000000000000000e+00
3.700000000000000000e+02 2.867773360008806662e+02 0.000000000000000000e+00 0.000000000000000000e+00
3.710000000000000000e+02 2.881448013616714547e+02 0.000000000000000000e+00 0.000000000000000000e+00
3.720000000000000000e+02 2.890436578880281786e+02 0.000000000000000000e+00 0.000000000000000000e+00
3.730000000000000000e+02 2.902334683268090885e+02 0.000000000000000000e+00 0.000000000000000000e+00
3.740000000000000000e+02 2.894801203317227305e+02 2.000000000000000000e+00 0.000000000000000000e+00
3.750000000000000000e+02 2.889190554545410237e+02 2.000000000000000000e+00 0.000000000000000000e+00
3.760000000000000000e+02 2.874290243130622571e+02 2.000000000000000000e+00 0.000000000000000000e+00
3.770000000000000000e+02 2.890193697864732485e+02 0.000000000000000000e+00 0.000000000000000000e+00
3.780000000000000000e+02 2.899319798104307893e+02 0.000000000000000000e+00 0.000000000000000000e+00
3.790000000000000000e+02 2.900576861295148774e+02 0.000000000000000000e+00 0.000000000000000000e+00
3.800000000000000000e+02 2.903757311297778756e+02 0.000000000000000000e+00 0.000000000000000000e+00
3.810000000000000000e+02 2.921042435825906978e+02 0.000000000000000000e+00 0.000000000000000000e+00
3.820000000000000000e+02 2.922371809689052498e+02 0.000000000000000000e+00 0.000000000000000000e+00
3.830000000000000000e+02 2.938612823445153595e+02 0.000000000000000000e+00 0.000000000000000000e+00
3.840000000000000000e+02 2.944087451424434789e+02 0.000000000000000000e+00 0.000000000000000000e+00
3.850000000000000000e+02 2.950296375870810266e+02 0.000000000000000000e+00 0.000000000000000000e+00
3.860000000000000000e+02 2.970975757882832227e+02 0.000000000000000000e+00 0.000000000000000000e+00
3.870000000000000000e+02 2.984282024127980435e+02 0.000000000000000000e+00 0.000000000000000000e+00
3.880000000000000000e+02 2.989047784943169290e+02 0.000000000000000000e+00 0.000000000000000000e+00
3.890000000000000000e+02 2.998891146869921158e+02 0.000000000000000000e+00 0.000000000000000000e+00
3.900000000000000000e+02 3.005651414751328048e+02 0.000000000000000000e+00 0.000000000000000000e+00
3.910000000000000000e+02 3.026807054543181152e+02 0.000000000000000000e+00 0.000000000000000000e+00
3.920000000000000000e+02 3.026085624311092488e+02 0.000000000000000000e+00 0.000000000000000000e+00
3.930000000000000000e+02 3.017883213032568506e+02 2.000000000000000000e+00 0.000000000000000000e+00
3.940000000000000000e+02 3.007942977234800424e+02 2.000000000000000000e+00 0.000000000000000000e+00
3.950000000000000000e+02 3.002686535154961689e+02 2.000000000000000000e+00 0.000000000000000000e+00
3.960000000000000000e+02 3.006380846151131436e+02 0.000000000000000000e+00 0.000000000000000000e+00
3.970000000000000000e+02 3.007289496582176298e+02 1.000000000000000000e+00 0.000000000000000000e+00
3.980000000000000000e+02 3.021534309919038037e+02 0.000000000000000000e+00 0.000000000000000000e+00
3.990000000000000000e+02 3.022712991205676758e+02 0.000000000000000000e+00 0.000000000000000000e+00
4.000000000000000000e+02 3.041922622321441736e+02 0.000000000000000000e+00 0.000000000000000000e+00
4.010000000000000000e+02 3.050404973301980931e+02 0.000000000000000000e+00 0.000000000000000000e+00
4.020000000000000000e+02 3.063125696713150319e+02 0.000000000000000000e+00 0.000000000000000000e+00
4.030000000000000000e+02 3.065684201119311751e+02 0.000000000000000000e+00 0.000000000000000000e+00
4.040000000000000000e+02 3.076096612192396833e+02 0.000000000000000000e+00 0.000000000000000000e+00
4.050000000000000000e+02 3.092222748452541623e+02 0.000000000000000000e+00 0.000000000000000000e+00
4.060000000000000000e+02 3.087664672534853025e+02 0.000000000000000000e+00 0.000000000000000000e+00
4.070000000000000000e+02 3.114078117207613445e+02 0.000000000000000000e+00 0.000000000000000000e+00
4.080000000000000000e+02 3.131323746858637946e+02 0.000000000000000000e+00 0.000000000000000000e+00
4.090000000000000000e+02 3.126920026529454049e+02 0.000000000000000000e+00 0.000000000000000000e+00
4.100000000000000000e+02 3.143711571976977552e+02 0.000000000000000000e+00 0.000000000000000000e+00
4.110000000000000000e+02 3.146643478912830005e+02 0.000000000000000000e+00 0.000000000000000000e+00
4.120000000000000000e+02 3.156057280884198804e+02 0.000000000000000000e+00 0.000000000000000000e+00
4.130000000000000000e+02 3.170146520968515915e+02 0.000000000000000000e+00 0.000000000000000000e+00
4.140000000000000000e+02 3.182419990165968784e+02 0.000000000000000000e+00 0.000000000000000000e+00
4.150000000000000000e+02 3.191103529368988916e+02 0.000000000000000000e+00 0.000000000000000000e+00
4.160000000000000000e+02 3.201260501454301561e+02 0.000000000000000000e+00 0.000000000000000000e+00
4.170000000000000000e+02 3.207749975603979351e+02 0.000000000000000000e+00 0.000000000000000000e+00
4.180000000000000000e+02 3.218175998443094841e+02 0.000000000000000000e+00 0.000000000000000000e+00
4.190000000000000000e+02 3.203017735546197287e+02 2.000000000000000000e+00 0.000000000000000000e+00
4.200000000000000000e+02 3.218239258778680778e+02 0.000000000000000000e+00 0.000000000000000000e+00
4.210000000000000000e+02 3.232926267164490923e+02 0.000000000000000000e+00 0.000000000000000000e+00
4.220000000000000000e+02 3.236351410093158734e+02 0.000000000000000000e+00 0.000000000000000000e+00
4.230000000000000000e+02 3.250617854074071147e+02 0.000000000000000000e+00 0.000000000000000000e+00
4.240000000000000000e+02 3.259372315101375648e+02 0.000000000000000000e+00 0.000000000000000000e+00
4.250000000000000000e+02 3.277843062320837362e+02 0.000000000000000000e+00 0.000000000000000000e+00
4.260000000000000000e+02 3.284557224411623793e+02 0.000000000000000000e+00 0.000000000000000000e+00
4.270000000000000000e+02 3.282592577618878522e+02 0.000000000000000000e+00 0.000000000000000000e+00
4.280000000000000000e+02 3.295007970914157340e+02 1.000000000000000000e+00 0.000000000000000000e+00
4.290000000000000000e+02 3.303662401609918220e+02 0.000000000000000000e+00 0.000000000000000000e+00
4.300000000000000000e+02 3.306202991043888346e+02 0.000000000000000000e+00 0.000000000000000000e+00
4.310000000000000000e+02 3.320124190912596873e+02 0.000000000000000000e+00 0.000000000000000000e+00
4.320000000000000000e+02 3.328247054032364645e+02 0.000000000000000000e+00 0.000000000000000000e+00
4.330000000000000000e+02 3.332852739690731596e+02 0.000000000000000000e+00 0.000000000000000000e+00
4.340000000000000000e+02 3.356540607534900005e+02 0.000000000000000000e+00 0.000000000000000000e+00
4.350000000000000000e+02 3.360854736626135946e+02 0.000000000000000000e+00 0.000000000000000000e+00
4.360000000000000000e+02 3.368410968626185991e+02 0.000000000000000000e+00 0.000000000000000000e+00
4.370000000000000000e+02 3.374461164649675879e+02 0.000000000000000000e+00 0.000000000000000000e+00
4.380000000000000000e+02 3.384053194425730453e+02 0.000000000000000000e+00 0.000000000000000000e+00
4.390000000000000000e+02 3.404249163781570928e+02 0.000000000000000000e+00 0.000000000000000000e+00
4.400000000000000000e+02 3.402876662693643084e+02 0.000000000000000000e+00 0.000000000000000000e+00
4.410000000000000000e+02 3.415178051985819820e+02 0.000000000000000000e+00 0.000000000000000000e+00
4.420000000000000000e+02 3.426519909898304945e+02 0.000000000000000000e+00 0.000000000000000000e+00
4.430000000000000000e+02 3.439389436780079450e+02 0.000000000000000000e+00 0.000000000000000000e+00
4.440000000000000000e+02 3.451503730815305744e+02 0.000000000000000000e+00 0.000000000000000000e+00
4.450000000000000000e+02 3.456280614182100521e+02 0.000000000000000000e+00 0.000000000000000000e+00
4.460000000000000000e+02 3.468505782103291040e+02 0.000000000000000000e+00 0.000000000000000000e+00
4.470000000000000000e+02 3.478992058623804837e+02 0.000000000000000000e+00 0.000000000000000000e+00
4.480000000000000000e+02 3.489298925645742315e+02 0.000000000000000000e+00 0.000000000000000000e+00
4.490000000000000000e+02 3.481181349350683831e+02 2.000000000000000000e+00 0.000000000000000000e+00
4.500000000000000000e+02 3.471925615948621271e+02 2.000000000000000000e+00 0.000000000000000000e+00
4.510000000000000000e+02 3.458690592751995609e+02 2.000000000000000000e+00 0.000000000000000000e+00
4.520000000000000000e+02 3.456535724149221096e+02 2.000000000000000000e+00 0.000000000000000000e+00
4.530000000000000000e+02 3.461183978743906664e+02 0.000000000000000000e+00 0.000000000000000000e+00
4.540000000000000000e+02 3.466392265613985728e+02 0.000000000000000000e+00 0.000000000000000000e+00
4.550000000000000000e+02 3.479200700775309087e+02 0.000000000000000000e+00 0.000000000000000000e+00
4.560000000000000000e+02 3.489923717949704951e+02 0.000000000000000000e+00 0.000000000000000000e+00
4.570000000000000000e+02 3.498709359379493549e+02 0.000000000000000000e+00 0.000000000000000000e+00
4.580000000000000000e+02 3.516814595551424532e+02 0.000000000000000000e+00 0.000000000000000000e+00
4.590000000000000000e+02 3.521841967021585447e+02 0.000000000000000000e+00 0.000000000000000000e+00
4.600000000000000000e+02 3.531901295153985529e+02 0.000000000000000000e+00 0.000000000000000000e+00
4.610000000000000000e+02 3.536886844722521914e+02 0.000000000000000000e+00 0.000000000000000000e+00
4.620000000000000000e+02 3.548713005738308084e+02 0.000000000000000000e+00 0.000000000000000000e+00
4.630000000000000000e+02 3.564463789780967318e+02 0.000000000000000000e+00 0.000000000000000000e+00
4.640000000000000000e+02 3.576566658613774621e+02 0.000000000000000000e+00 0.000000000000000000e+00
4.650000000000000000e+02 3.581368174678516425e+02 0.000000000000000000e+00 0.000000000000000000e+00
4.660000000000000000e+02 3.588692601708797838e+02 0.000000000000000000e+00 0.000000000000000000e+00
4.670000000000000000e+02 3.601810292114911363e+02 0.000000000000000000e+00 0.000000000000000000e+00
4.680000000000000000e+02 3.609041492123244552e+02 0.000000000000000000e+00 0.000000000000000000e+00
4.690000000000000000e+02 3.617758514902982370e+02 0.000000000000000000e+00 0.000000000000000000e+00
4.700000000000000000e+02 3.628636292689640754e+02 0.000000000000000000e+00 0.000000000000000000e+00
4.710000000000000000e+02 3.630912161767476505e+02 2.000000000000000000e+00 0.000000000000000000e+00
4.720000000000000000e+02 3.627293015423985025e+02 0.000000000000000000e+00 0.000000000000000000e+00
4.730000000000000000e+02 3.638722281488215913e+02 0.000000000000000000e+00 0.000000000000000000e+00
4.740000000000000000e+02 3.623167099544596681e+02 2.000000000000000000e+00 0.000000000000000000e+00
4.750000000000000000e+02 3.616474144990227728e+02 2.000000000000000000e+00 0.000000000000000000e+00
4.760000000000000000e+02 3.625033197169356640e+02 0.000000000000000000e+00 0.000000000000000000e+00
4.770000000000000000e+02 3.636179504889382201e+02 0.000000000000000000e+00 0.000000000000000000e+00
4.780000000000000000e+02 3.647707713243493686e+02 0.000000000000000000e+00 0.000000000000000000e+00
4.790000000000000000e+02 3.654778682347775884e+02 0.000000000000000000e+00 0.000000000000000000e+00
4.800000000000000000e+02 3.668095821151626978e+02 0.000000000000000000e+00 0.000000000000000000e+00
4.810000000000000000e+02 3.660093534806086382e+02 2.000000000000000000e+00 0.000000000000000000e+00
4.820000000000000000e+02 3.670479437508098499e+02 0.000000000000000000e+00 0.000000000000000000e+00
4.830000000000000000e+02 3.676567960710684702e+02 0.000000000000000000e+00 0.000000000000000000e+00
4.840000000000000000e+02 3.692210812108947948e+02 0.000000000000000000e+00 0.000000000000000000e+00
4.850000000000000000e+02 3.699424555843630174e+02 0.000000000000000000e+00 0.000000000000000000e+00
4.860000000000000000e+02 3.708893008489283716e+02 0.000000000000000000e+00 0.000000000000000000e+00
4.870000000000000000e+02 3.713081242568731568e+02 0.000000000000000000e+00 0.000000000000000000e+00
4.880000000000000000e+02 3.736740303950085718e+02 0.000000000000000000e+00 0.000000000000000000e+00
4.890000000000000000e+02 3.742717832968884295e+02 0.000000000000000000e+00 0.000000000000000000e+00
4.900000000000000000e+02 3.749924354424393300e+02 0.000000000000000000e+00 0.000000000000000000e+00
4.910000000000000000e+02 3.767113327665559268e+02 0.000000000000000000e+00 0.000000000000000000e+00
4.920000000000000000e+02 3.780771680688092147e+02 0.000000000000000000e+00 0.000000000000000000e+00
4.930000000000000000e+02 3.777267593606582068e+02 0.000000000000000000e+00 0.000000000000000000e+00
4.940000000000000000e+02 3.792785888088091042e+02 0.000000000000000000e+00 0.000000000000000000e+00
4.950000000000000000e+02 3.808294114045252172e+02 0.000000000000000000e+00 0.000000000000000000e+00
4.960000000000000000e+02 3.806182545136103954e+02 1.000000000000000000e+00 0.000000000000000000e+00
4.970000000000000000e+02 3.799129099312420408e+02 0.000000000000000000e+00 0.000000000000000000e+00
4.980000000000000000e+02 3.820498683778478721e+02 0.000000000000000000e+00 0.000000000000000000e+00
4.990000000000000000e+02 3.821790723820498670e+02 0.000000000000000000e+00 0.000000000000000000e+00
5.000000000000000000e+02 3.838650364305666471e+02 0.000000000000000000e+00 0.000000000000000000e+00
5.010000000000000000e+02 3.829217568178446527e+02 2.000000000000000000e+00 0.000000000000000000e+00
5.020000000000000000e+02 3.818854155869578335e+02 2.000000000000000000e+00 0.000000000000000000e+00
5.030000000000000000e+02 3.833153211407723120e+02 0.000000000000000000e+00 0.000000000000000000e+00
5.040000000000000000e+02 3.823866633680623863e+02 0.000000000000000000e+00 0.000000000000000000e+00
5.050000000000000000e+02 3.843492627464781890e+02 0.000000000000000000e+00 0.000000000000000000e+00
5.060000000000000000e+02 3.864308314121964258e+02 0.000000000000000000e+00 0.000000000000000000e+00
5.070000000000000000e+02 3.875109539353510968e+02 0.000000000000000000e+00 0.000000000000000000e+00
5.080000000000000000e+02 3.876582746684128438e+02 0.000000000000000000e+00 0.000000000000000000e+00
5.090000000000000000e+02 3.883399203538564848e+02 1.000000000000000000e+00 0.000000000000000000e+00
5.100000000000000000e+02 3.883304696151709550e+02 1.000000000000000000e+00 0.000000000000000000e+00
5.110000000000000000e+02 3.854685737691294207e+02 2.000000000000000000e+00 0.000000000000000000e+00
5.120000000000000000e+02 3.881971647024979006e+02 0.000000000000000000e+00 0.000000000000000000e+00
5.130000000000000000e+02 3.898205604955400077e+02 0.000000000000000000e+00 0.000000000000000000e+00
5.140000000000000000e+02 3.901482760291428917e+02 0.000000000000000000e+00 0.000000000000000000e+00
5.150000000000000000e+02 3.897115454441479869e+02 0.000000000000000000e+00 0.000000000000000000e+00
5.160000000000000000e+02 3.923046953704696875e+02 0.000000000000000000e+00 0.000000000000000000e+00
5.170000000000000000e+02 3.934498694697061296e+02 0.000000000000000000e+00 0.000000000000000000e+00
5.180000000000000000e+02 3.939644007301039323e+02 0.000000000000000000e+00 0.000000000000000000e+00
5.190000000000000000e+02 3.947530011373626735e+02 0.000000000000000000e+00 0.000000000000000000e+00
5.200000000000000000e+02 3.965616625721218611e+02 0.000000000000000000e+00 0.000000000000000000e+00
5.210000000000000000e+02 3.969419971391973263e+02 0.000000000000000000e+00 0.000000000000000000e+00
5.220000000000000000e+02 3.975929141228112940e+02 0.000000000000000000e+00 0.000000000000000000e+00
5.230000000000000000e+02 3.998955537933076698e+02 0.000000000000000000e+00 0.000000000000000000e+00
5.240000000000000000e+02 4.004732622977628012e+02 0.000000000000000000e+00 0.000000000000000000e+00
5.250000000000000000e+02 4.007954252537349475e+02 0.000000000000000000e+00 0.000000000000000000e+00
5.260000000000000000e+02 4.021054888206825240e+02 0.000000000000000000e+00 0.000000000000000000e+00
5.270000000000000000e+02 4.036531424981125156e+02 0.000000000000000000e+00 0.000000000000000000e+00
5.280000000000000000e+02 4.046921036089017889e+02 0.000000000000000000e+00 0.000000000000000000e+00
5.290000000000000000e+02 4.036134969250585414e+02 1.000000000000000000e+00 0.000000000000000000e+00
5.300000000000000000e+02 4.045418043128206591e+02 0.000000000000000000e+00 0.000000000000000000e+00
5.310000000000000000e+02 4.073922561285939992e+02 0.000000000000000000e+00 0.000000000000000000e+00
5.320000000000000000e+02 4.073829941554885181e+02 0.000000000000000000e+00 0.000000000000000000e+00
5.330000000000000000e+02 4.078735471213364008e+02 0.000000000000000000e+00 0.000000000000000000e+00
5.340000000000000000e+02 4.093991256963234946e+02 0.000000000000000000e+00 0.000000000000000000e+00
5.350000000000000000e+02 4.111840946150849732e+02 0.000000000000000000e+00 0.000000000000000000e+00
5.360000000000000000e+02 4.107336904968884710e+02 0.000000000000000000e+00 0.000000000000000000e+00
5.370000000000000000e+02 4.121570872402532473e+02 0.000000000000000000e+00 0.000000000000000000e+00
5.380000000000000000e+02 4.133840682618498477e+02 0.000000000000000000e+00 0.000000000000000000e+00
5.390000000000000000e+02 4.136344566363047193e+02 0.000000000000000000e+00 0.000000000000000000e+00
5.400000000000000000e+02 4.163386405404008315e+02 0.000000000000000000e+00 0.000000000000000000e+00
5.410000000000000000e+02 4.158468398382509008e+02 0.000000000000000000e+00 0.000000000000000000e+00
5.420000000000000000e+02 4.169728343331839824e+02 0.000000000000000000e+00 0.000000000000000000e+00
5.430000000000000000e+02 4.163199570697915419e+02 1.000000000000000000e+00 0.000000000000000000e+00
5.440000000000000000e+02 4.176658180206837869e+02 0.000000000000000000e+00 0.000000000000000000e+00
5.450000000000000000e+02 4.197276035563930918e+02 0.000000000000000000e+00 0.000000000000000000e+00
5.460000000000000000e+02 4.202300189949350511e+02 0.000000000000000000e+00 0.000000000000000000e+00
5.470000000000000000e+02 4.207431854124328652e+02 0.000000000000000000e+00 0.000000000000000000e+00
5.480000000000000000e+02 4.213935588573597784e+02 0.000000000000000000e+00 0.000000000000000000e+00
5.490000000000000000e+02 4.230636103681449640e+02 0.000000000000000000e+00 0.000000000000000000e+00
5.500000000000000000e+02 4.237388172648053910e+02 0.000000000000000000e+00 0.000000000000000000e+00
5.510000000000000000e+02 4.243671284266634416e+02 0.000000000000000000e+00 0.000000000000000000e+00
5.520000000000000000e+02 4.260033849024565598e+02 0.000000000000000000e+00 0.000000000000000000e+00
5.530000000000000000e+02 4.263617809828741656e+02 1.000000000000000000e+00 0.000000000000000000e+00
5.540000000000000000e+02 4.269578290925583701e+02 0.000000000000000000e+00 0.000000000000000000e+00
5.550000000000000000e+02 4.276342199983273531e+02 0.000000000000000000e+00 0.000000000000000000e+00
5.560000000000000000e+02 4.287557110381329721e+02 0.000000000000000000e+00 0.000000000000000000e+00
5.570000000000000000e+02 4.295169070915598581e+02 0.000000000000000000e+00 0.000000000000000000e+00
5.580000000000000000e+02 4.311064551678044836e+02 0.000000000000000000e+00 0.000000000000000000e+00
5.590000000000000000e+02 4.319106447062575853e+02 0.000000000000000000e+00 0.000000000000000000e+00
5.600000000000000000e+02 4.326064126083192036e+02 0.000000000000000000e+00 0.000000000000000000e+00
5.610000000000000000e+02 4.339429336324857900e+02 0.000000000000000000e+00 0.000000000000000000e+00
5.620000000000000000e+02 4.344011525770554272e+02 0.000000000000000000e+00 0.000000000000000000e+00
5.630000000000000000e+02 4.356634126864656764e+02 0.000000000000000000e+00 0.000000000000000000e+00
5.640000000000000000e+02 4.367754939054117926e+02 0.000000000000000000e+00 0.000000000000000000e+00
5.650000000000000000e+02 4.374843696188814874e+02 0.000000000000000000e+00 0.000000000000000000e+00
5.660000000000000000e+02 4.396337029214175232e+02 0.000000000000000000e+00 0.000000000000000000e+00
5.670000000000000000e+02 4.405472481062241741e+02 0.000000000000000000e+00 0.000000000000000000e+00
5.680000000000000000e+02 4.409884456047266212e+02 0.000000000000000000e+00 0.000000000000000000e+00
5.690000000000000000e+02 4.412735177626951781e+02 0.000000000000000000e+00 0.000000000000000000e+00
5.700000000000000000e+02 4.436414403329019933e+02 0.000000000000000000e+00 0.000000000000000000e+00
5.710000000000000000e+02 4.444712938542708116e+02 0.000000000000000000e+00 0.000000000000000000e+00
5.720000000000000000e+02 4.451179411901147773e+02 0.000000000000000000e+00 0.000000000000000000e+00
5.730000000000000000e+02 4.463842747179464823e+02 0.000000000000000000e+00 0.000000000000000000e+00
5.740000000000000000e+02 4.471132930221456263e+02 0.000000000000000000e+00 0.000000000000000000e+00
5.750000000000000000e+02 4.474949581655570796e+02 0.000000000000000000e+00 0.000000000000000000e+00
5.760000000000000000e+02 4.491861794289943077e+02 0.000000000000000000e+00 0.000000000000000000e+00
5.770000000000000000e+02 4.505434237682376875e+02 0.000000000000000000e+00 0.000000000000000000e+00
5.780000000000000000e+02 4.509841345434840605e+02 0.000000000000000000e+00 0.000000000000000000e+00
5.790000000000000000e+02 4.516761784320635797e+02 0.000000000000000000e+00 0.000000000000000000e+00
5.800000000000000000e+02 4.531035452073687679e+02 0.000000000000000000e+00 0.000000000000000000e+00
5.810000000000000000e+02 4.533330983510743977e+02 0.000000000000000000e+00 0.000000000000000000e+00
5.820000000000000000e+02 4.555989397099803568e+02 0.000000000000000000e+00 0.000000000000000000e+00
5.830000000000000000e+02 4.545433396356481808e+02 1.000000000000000000e+00 0.000000000000000000e+00
5.840000000000000000e+02 4.549725495021487518e+02 1.000000000000000000e+00 0.000000000000000000e+00
5.850000000000000000e+02 4.549783816749359175e+02 1.000000000000000000e+00 0.000000000000000000e+00
5.860000000000000000e+02 4.556299341302545827e+02 0.000000000000000000e+00 0.000000000000000000e+00
5.870000000000000000e+02 4.571825500437373648e+02 0.000000000000000000e+00 0.000000000000000000e+00
5.880000000000000000e+02 4.579780260261875355e+02 0.000000000000000000e+00 0.000000000000000000e+00
5.890000000000000000e+02 4.580077034196588102e+02 0.000000000000000000e+00 0.000000000000000000e+00
5.900000000000000000e+02 4.602579461451373959e+02 0.000000000000000000e+00 0.000000000000000000e+00
5.910000000000000000e+02 4.617197723287890767e+02 0.000000000000000000e+00 0.000000000000000000e+00
5.920000000000000000e+02 4.624398979341866038e+02 0.000000000000000000e+00 0.000000000000000000e+00
5.930000000000000000e+02 4.630372502472359315e+02 0.000000000000000000e+00 0.000000000000000000e+00
5.940000000000000000e+02 4.636459246284331357e+02 0.000000000000000000e+00 0.000000000000000000e+00
5.950000000000000000e+02 4.644817981507601417e+02 0.000000000000000000e+00 0.000000000000000000e+00
5.960000000000000000e+02 4.661266329437563058e+02 0.000000000000000000e+00 0.000000000000000000e+00
5.970000000000000000e+02 4.677645899433304066e+02 0.000000000000000000e+00 0.000000000000000000e+00
5.980000000000000000e+02 4.687020059041884679e+02 0.000000000000000000e+00 0.000000000000000000e+00
5.990000000000000000e+02 4.697048846948184746e+02 0.000000000000000000e+00 0.000000000000000000e+00
6.000000000000000000e+02 4.698268990566400021e+02 0.000000000000000000e+00 0.000000000000000000e+00
6.010000000000000000e+02 4.709193868042225972e+02 0.000000000000000000e+00 0.000000000000000000e+00
6.020000000000000000e+02 4.696226871975516701e+02 2.000000000000000000e+00 0.000000000000000000e+00
6.030000000000000000e+02 4.701916941224158677e+02 0.000000000000000000e+00 0.000000000000000000e+00
6.040000000000000000e+02 4.723974229632926267e+02 0.000000000000000000e+00 0.000000000000000000e+00
6.050000000000000000e+02 4.735576944841387217e+02 0.000000000000000000e+00 0.000000000000000000e+00
6.060000000000000000e+02 4.743777592045905180e+02 0.000000000000000000e+00 0.000000000000000000e+00
6.070000000000000000e+02 4.746986397644483304e+02 0.000000000000000000e+00 0.000000000000000000e+00
6.080000000000000000e+02 4.761861095855797430e+02 0.000000000000000000e+00 0.000000000000000000e+00
6.090000000000000000e+02 4.773064495306088020e+02 0.000000000000000000e+00 0.000000000000000000e+00
6.100000000000000000e+02 4.770743235743011041e+02 0.000000000000000000e+00 0.000000000000000000e+00
6.110000000000000000e+02 4.795723070849398937e+02 0.000000000000000000e+00 0.000000000000000000e+00
6.120000000000000000e+02 4.801156778421864146e+02 0.000000000000000000e+00 0.000000000000000000e+00
6.130000000000000000e+02 4.803453947578925636e+02 0.000000000000000000e+00 0.000000000000000000e+00
6.140000000000000000e+02 4.821839742696442386e+02 0.000000000000000000e+00 0.000000000000000000e+00
6.150000000000000000e+02 4.827263351403831280e+02 0.000000000000000000e+00 0.000000000000000000e+00
6.160000000000000000e+02 4.826740583430319020e+02 0.000000000000000000e+00 0.000000000000000000e+00
6.170000000000000000e+02 4.850740577354513334e+02 0.000000000000000000e+00 0.000000000000000000e+00
6.180000000000000000e+02 4.866605184712145160e+02 0.000000000000000000e+00 0.000000000000000000e+00
6.190000000000000000e+02 4.878697216509664827e+02 0.000000000000000000e+00 0.000000000000000000e+00
6.200000000000000000e+02 4.871075088861476274e+02 0.000000000000000000e+00 0.000000000000000000e+00
6.210000000000000000e+02 4.892099597799607977e+02 0.000000000000000000e+00 0.000000000000000000e+00
6.220000000000000000e+02 4.900672495370959609e+02 0.000000000000000000e+00 0.000000000000000000e+00
6.230000000000000000e+02 4.903963020929601839e+02 0.000000000000000000e+00 0.000000000000000000e+00
6.240000000000000000e+02 4.919468384329349533e+02 0.000000000000000000e+00 0.000000000000000000e+00
6.250000000000000000e+02 4.930864020146335633e+02 0.000000000000000000e+00 0.000000000000000000e+00
6.260000000000000000e+02 4.924407533792788740e+02 1.000000000000000000e+00 0.000000000000000000e+00
6.270000000000000000e+02 4.922071398670780127e+02 2.000000000000000000e+00 0.000000000000000000e+00
6.280000000000000000e+02 4.909977044838137772e+02 2.000000000000000000e+00 0.000000000000000000e+00
6.290000000000000000e+02 4.901333370636968993e+02 2.000000000000000000e+00 0.000000000000000000e+00
6.300000000000000000e+02 4.907303658830730342e+02 1.000000000000000000e+00 0.000000000000000000e+00
6.310000000000000000e+02 4.908174899745723678e+02 0.000000000000000000e+00 0.000000000000000000e+00
6.320000000000000000e+02 4.920489442584981248e+02 0.000000000000000000e+00 0.000000000000000000e+00
6.330000000000000000e+02 4.909838711730553769e+02 2.000000000000000000e+00 0.000000000000000000e+00
6.340000000000000000e+02 4.917428987070547919e+02 0.000000000000000000e+00 0.000000000000000000e+00
6.350000000000000000e+02 4.926582568538041187e+02 0.000000000000000000e+00 0.000000000000000000e+00
6.360000000000000000e+02 4.934737202770240856e+02 0.000000000000000000e+00 0.000000000000000000e+00
6.370000000000000000e+02 4.955723050655358861e+02 0.000000000000000000e+00 0.000000000000000000e+00
6.380000000000000000e+02 4.962540257527162453e+02 0.000000000000000000e+00 0.000000000000000000e+00
6.390000000000000000e+02 4.969012813127548611e+02 0.000000000000000000e+00 0.000000000000000000e+00
6.400000000000000000e+02 4.974700309895850410e+02 0.000000000000000000e+00 0.000000000000000000e+00
6.410000000000000000e+02 4.991403169441396130e+02 0.000000000000000000e+00 0.000000000000000000e+00
6.420000000000000000e+02 5.002642523998779893e+02 0.000000000000000000e+00 0.000000000000000000e+00
6.430000000000000000e+02 5.012586739050826168e+02 0.000000000000000000e+00 0.000000000000000000e+00
6.440000000000000000e+02 5.017137517312397677e+02 0.000000000000000000e+00 0.000000000000000000e+00
6.450000000000000000e+02 5.029444773306476009e+02 0.000000000000000000e+00 0.000000000000000000e+00
6.460000000000000000e+02 5.041788878927886799e+02 0.000000000000000000e+00 0.000000000000000000e+00
6.470000000000000000e+02 5.045063585397165298e+02 0.000000000000000000e+00 0.000000000000000000e+00
6.480000000000000000e+02 5.069055440635423793e+02 0.000000000000000000e+00 0.000000000000000000e+00
6.490000000000000000e+02 5.083514118195693641e+02 0.000000000000000000e+00 0.000000000000000000e+00
6.500000000000000000e+02 5.072812603054093756e+02 0.000000000000000000e+00 0.000000000000000000e+00
6.510000000000000000e+02 5.106679122352853142e+02 0.000000000000000000e+00 0.000000000000000000e+00
6.520000000000000000e+02 5.099899284580924927e+02 0.000000000000000000e+00 0.000000000000000000e+00
6.530000000000000000e+02 5.116541557861856404e+02 0.000000000000000000e+00 0.000000000000000000e+00
6.540000000000000000e+02 5.114468783215318695e+02 0.000000000000000000e+00 0.000000000000000000e+00
6.550000000000000000e+02 5.120805307540547346e+02 0.000000000000000000e+00 0.000000000000000000e+00
6.560000000000000000e+02 5.137042299071105163e+02 0.000000000000000000e+00 0.000000000000000000e+00
6.570000000000000000e+02 5.145966785772130834e+02 0.000000000000000000e+00 0.000000000000000000e+00
6.580000000000000000e+02 5.154546145605586389e+02 0.000000000000000000e+00 0.000000000000000000e+00
6.590000000000000000e+02 5.166061340748497059e+02 0.000000000000000000e+00 0.000000000000000000e+00
6.600000000000000000e+02 5.176218337712300581e+02 0.000000000000000000e+00 0.000000000000000000e+00
6.610000000000000000e+02 5.182476143672042781e+02 0.000000000000000000e+00 0.000000000000000000e+00
6.620000000000000000e+02 5.201456997933619277e+02 0.000000000000000000e+00 0.000000000000000000e+00
6.630000000000000000e+02 5.209641620652128040e+02 0.000000000000000000e+00 0.000000000000000000e+00
6.640000000000000000e+02 5.216001053858710748e+02 1.000000000000000000e+00 0.000000000000000000e+00
6.650000000000000000e+02 5.198986110911121159e+02 2.000000000000000000e+00 0.000000000000000000e+00
6.660000000000000000e+02 5.208895218741316739e+02 0.000000000000000000e+00 0.000000000000000000e+00
6.670000000000000000e+02 5.225748305954141415e+02 0.000000000000000000e+00 0.000000000000000000e+00
6.680000000000000000e+02 5.231752620371004241e+02 0.000000000000000000e+00 0.000000000000000000e+00
6.690000000000000000e+02 5.248535017276494727e+02 0.000000000000000000e+00 0.000000000000000000e+00
6.700000000000000000e+02 5.249540589389033585e+02 0.000000000000000000e+00 0.000000000000000000e+00
6.710000000000000000e+02 5.257770763509380458e+02 0.000000000000000000e+00 0.000000000000000000e+00
6.720000000000000000e+02 5.273272794025430130e+02 0.000000000000000000e+00 0.000000000000000000e+00
6.730000000000000000e+02 5.281479877919199453e+02 0.000000000000000000e+00 0.000000000000000000e+00
6.740000000000000000e+02 5.296048879608180187e+02 0.000000000000000000e+00 0.000000000000000000e+00
6.750000000000000000e+02 5.300567149196673427e+02 0.000000000000000000e+00 0.000000000000000000e+00
6.760000000000000000e+02 5.316192754919574099e+02 0.000000000000000000e+00 0.000000000000000000e+00
6.770000000000000000e+02 5.321203380091573081e+02 0.000000000000000000e+00 0.000000000000000000e+00
6.780000000000000000e+02 5.337669265896133766e+02 0.000000000000000000e+00 0.000000000000000000e+00
6.790000000000000000e+02 5.337850840484876471e+02 0.000000000000000000e+00 0.000000000000000000e+00
6.800000000000000000e+02 5.349351155579071246e+02 0.000000000000000000e+00 0.000000000000000000e+00
6.810000000000000000e+02 5.356723092493183458e+02 0.000000000000000000e+00 0.000000000000000000e+00
6.820000000000000000e+02 5.366755034451338133e+02 0.000000000000000000e+00 0.000000000000000000e+00
6.830000000000000000e+02 5.377230594224164406e+02 0.000000000000000000e+00 0.000000000000000000e+00
6.840000000000000000e+02 5.390365564601419237e+02 0.000000000000000000e+00 0.000000000000000000e+00
6.850000000000000000e+02 5.402778754217728192e+02 0.000000000000000000e+00 0.000000000000000000e+00
6.860000000000000000e+02 5.412946263555738824e+02 0.000000000000000000e+00 0.000000000000000000e+00
6.870000000000000000e+02 5.421978778854409029e+02 0.000000000000000000e+00 0.000000000000000000e+00
6.880000000000000000e+02 5.410212435524359762e+02 2.000000000000000000e+00 0.000000000000000000e+00
6.890000000000000000e+02 5.420622489495202672e+02 0.000000000000000000e+00 0.000000000000000000e+00
6.900000000000000000e+02 5.419618307945588640e+02 0.000000000000000000e+00 0.000000000000000000e+00
6.910000000000000000e+02 5.442276900856423936e+02 0.000000000000000000e+00 0.000000000000000000e+00
6.920000000000000000e+02 5.454191465386736581e+02 0.000000000000000000e+00 0.000000000000000000e+00
6.930000000000000000e+02 5.454385887819331629e+02 0.000000000000000000e+00 0.000000000000000000e+00
6.940000000000000000e+02 5.466555939700166391e+02 0.000000000000000000e+00 0.000000000000000000e+00
6.950000000000000000e+02 5.477051194504862224e+02 0.000000000000000000e+00 0.000000000000000000e+00
6.960000000000000000e+02 5.489079092333346352e+02 0.000000000000000000e+00 0.000000000000000000e+00
6.970000000000000000e+02 5.495427725825735479e+02 0.000000000000000000e+00 0.000000000000000000e+00
6.980000000000000000e+02 5.508850536247437049e+02 0.000000000000000000e+00 0.000000000000000000e+00
6.990000000000000000e+02 5.520858917297053949e+02 0.000000000000000000e+00 0.000000000000000000e+00
7.000000000000000000e+02 5.536333784345196136e+02 0.000000000000000000e+00 0.000000000000000000e+00
7.010000000000000000e+02 5.535376456491510453e+02 0.000000000000000000e+00 0.000000000000000000e+00
7.020000000000000000e+02 5.550360753077483196e+02 0.000000000000000000e+00 0.000000000000000000e+00
7.030000000000000000e+02 5.566090113892540785e+02 0.000000000000000000e+00 0.000000000000000000e+00
7.040000000000000000e+02 5.568532171156180084e+02 0.000000000000000000e+00 0.000000000000000000e+00
7.050000000000000000e+02 5.573177229710137226e+02 0.000000000000000000e+00 0.000000000000000000e+00
7.060000000000000000e+02 5.572474973410510302e+02 1.000000000000000000e+00 0.000000000000000000e+00
7.070000000000000000e+02 5.588801548368345493e+02 0.000000000000000000e+00 0.000000000000000000e+00
7.080000000000000000e+02 5.594672915740807184e+02 0.000000000000000000e+00 0.000000000000000000e+00
7.090000000000000000e+02 5.615992347244861094e+02 0.000000000000000000e+00 0.000000000000000000e+00
7.100000000000000000e+02 5.619622007308192906e+02 0.000000000000000000e+00 0.000000000000000000e+00
7.110000000000000000e+02 5.632794770107846034e+02 0.000000000000000000e+00 0.000000000000000000e+00
7.120000000000000000e+02 5.644833835548646448e+02 0.000000000000000000e+00 0.000000000000000000e+00
7.130000000000000000e+02 5.643468993769992039e+02 0.000000000000000000e+00 0.000000000000000000e+00
7.140000000000000000e+02 5.658831296040622192e+02 0.000000000000000000e+00 0.000000000000000000e+00
7.150000000000000000e+02 5.667287430733140354e+02 0.000000000000000000e+00 0.000000000000000000e+00
7.160000000000000000e+02 5.671311438316480462e+02 0.000000000000000000e+00 0.000000000000000000e+00
7.170000000000000000e+02 5.694546354465327340e+02 0.000000000000000000e+00 0.000000000000000000e+00
7.180000000000000000e+02 5.695138802211006350e+02 0.000000000000000000e+00 0.000000000000000000e+00
7.190000000000000000e+02 5.708143863246019691e+02 0.000000000000000000e+00 0.000000000000000000e+00
7.200000000000000000e+02 5.727315326053110311e+02 0.000000000000000000e+00 0.000000000000000000e+00
7.210000000000000000e+02 5.719749575132232167e+02 0.000000000000000000e+00 0.000000000000000000e+00
7.220000000000000000e+02 5.732385609872295618e+02 0.000000000000000000e+00 0.000000000000000000e+00
7.230000000000000000e+02 5.744605732814185330e+02 0.000000000000000000e+00 0.000000000000000000e+00
7.240000000000000000e+02 5.753551019470421579e+02 0.000000000000000000e+00 0.000000000000000000e+00
7.250000000000000000e+02 5.773844856361165512e+02 0.000000000000000000e+00 0.000000000000000000e+00
7.260000000000000000e+02 5.787842921635085531e+02 0.000000000000000000e+00 0.000000000000000000e+00
7.270000000000000000e+02 5.785045114066934957e+02 0.000000000000000000e+00 0.000000000000000000e+00
7.280000000000000000e+02 5.797908029037519100e+02 0.000000000000000000e+00 0.000000000000000000e+00
7.290000000000000000e+02 5.810461490394193333e+02 0.000000000000000000e+00 0.000000000000000000e+00
7.300000000000000000e+02 5.823389521132289701e+02 0.000000000000000000e+00 0.000000000000000000e+00
7.310000000000000000e+02 5.834308140575070638e+02 0.000000000000000000e+00 0.000000000000000000e+00
7.320000000000000000e+02 5.826583189415389370e+02 1.000000000000000000e+00 0.000000000000000000e+00
7.330000000000000000e+02 5.833765436042248211e+02 0.000000000000000000e+00 0.000000000000000000e+00
7.340000000000000000e+02 5.844675395142828620e+02 0.000000000000000000e+00 0.000000000000000000e+00
7.350000000000000000e+02 5.857911878772408727e+02 0.000000000000000000e+00 0.000000000000000000e+00
7.360000000000000000e+02 5.866506681428340926e+02 0.000000000000000000e+00 0.000000000000000000e+00
7.370000000000000000e+02 5.879263051464789669e+02 0.000000000000000000e+00 0.000000000000000000e+00
7.380000000000000000e+02 5.895764672973704137e+02 0.000000000000000000e+00 0.000000000000000000e+00
7.390000000000000000e+02 5.899825070426545608e+02 0.000000000000000000e+00 0.000000000000000000e+00
7.400000000000000000e+02 5.906449062652122848e+02 0.000000000000000000e+00 0.000000000000000000e+00
7.410000000000000000e+02 5.919460842502592186e+02 0.000000000000000000e+00 0.000000000000000000e+00
7.420000000000000000e+02 5.923067208985107754e+02 0.000000000000000000e+00 0.000000000000000000e+00
7.430000000000000000e+02 5.935707897364965220e+02 0.000000000000000000e+00 0.000000000000000000e+00
7.440000000000000000e+02 5.944817581150796286e+02 0.000000000000000000e+00 0.000000000000000000e+00
7.450000000000000000e+02 5.959480769124481867e+02 0.000000000000000000e+00 0.000000000000000000e+00
7.460000000000000000e+02 5.965645664993786568e+02 0.000000000000000000e+00 0.000000000000000000e+00
7.470000000000000000e+02 5.983307465828902423e+02 0.000000000000000000e+00 0.000000000000000000e+00
7.480000000000000000e+02 5.969973380482368839e+02 1.000000000000000000e+00 0.000000000000000000e+00
7.490000000000000000e+02 5.968521098521625845e+02 2.000000000000000000e+00 0.000000000000000000e+00
7.500000000000000000e+02 5.981928469316979999e+02 0.000000000000000000e+00 0.000000000000000000e+00
7.510000000000000000e+02 5.993091081268634071e+02 0.000000000000000000e+00 0.000000000000000000e+00
7.520000000000000000e+02 5.996979214583510611e+02 0.000000000000000000e+00 0.000000000000000000e+00
7.530000000000000000e+02 6.006941648364482944e+02 1.000000000000000000e+00 0.000000000000000000e+00
7.540000000000000000e+02 5.998969075744008705e+02 1.000000000000000000e+00 0.000000000000000000e+00
7.550000000000000000e+02 5.989461562992109975e+02 2.000000000000000000e+00 0.000000000000000000e+00
7.560000000000000000e+02 5.989192178489649905e+02 0.000000000000000000e+00 0.000000000000000000e+00
7.570000000000000000e+02 6.014669069030128412e+02 0.000000000000000000e+00 0.000000000000000000e+00
7.580000000000000000e+02 6.016141130134732293e+02 0.000000000000000000e+00 0.000000000000000000e+00
7.590000000000000000e+02 6.032812747785241072e+02 0.000000000000000000e+00 0.000000000000000000e+00
7.600000000000000000e+02 6.037452289116839665e+02 0.000000000000000000e+00 0.000000000000000000e+00
7.610000000000000000e+02 6.057274320852002347e+02 0.000000000000000000e+00 0.000000000000000000e+00
7.620000000000000000e+02 6.065865719432407559e+02 0.000000000000000000e+00 0.000000000000000000e+00
7.630000000000000000e+02 6.066774925855415859e+02 0.000000000000000000e+00 0.000000000000000000e+00
7.640000000000000000e+02 6.076905947924286693e+02 0.000000000000000000e+00 0.000000000000000000e+00
7.650000000000000000e+02 6.093671964420324230e+02 0.000000000000000000e+00 0.000000000000000000e+00
7.660000000000000000e+02 6.110856973214977188e+02 0.000000000000000000e+00 0.000000000000000000e+00
7.670000000000000000e+02 6.107615159897429749e+02 0.000000000000000000e+00 0.000000000000000000e+00
7.680000000000000000e+02 6.109098055910829999e+02 1.000000000000000000e+00 0.000000000000000000e+00
7.690000000000000000e+02 6.120020846277967621e+02 1.000000000000000000e+00 0.000000000000000000e+00
7.700000000000000000e+02 6.109219426609880657e+02 2.000000000000000000e+00 0.000000000000000000e+00
7.710000000000000000e+02 6.114863396740049666e+02 0.000000000000000000e+00 0.000000000000000000e+00
7.720000000000000000e+02 6.124768140297173886e+02 0.000000000000000000e+00 0.000000000000000000e+00
7.730000000000000000e+02 6.131334024146462980e+02 0.000000000000000000e+00 0.000000000000000000e+00
7.740000000000000000e+02 6.148677838436054799e+02 0.000000000000000000e+00 0.000000000000000000e+00
7.750000000000000000e+02 6.156844241229712225e+02 0.000000000000000000e+00 0.000000000000000000e+00
7.760000000000000000e+02 6.171677764145895253e+02 0.000000000000000000e+00 0.000000000000000000e+00
7.770000000000000000e+02 6.149412094933470598e+02 2.000000000000000000e+00 0.000000000000000000e+00
7.780000000000000000e+02 6.138313315374986132e+02 2.000000000000000000e+00 0.000000000000000000e+00
7.790000000000000000e+02 6.144169230971044726e+02 0.000000000000000000e+00 0.000000000000000000e+00
7.800000000000000000e+02 6.159003596877405471e+02 0.000000000000000000e+00 0.000000000000000000e+00
7.810000000000000000e+02 6.164987256941141140e+02 0.000000000000000000e+00 0.000000000000000000e+00
7.820000000000000000e+02 6.182225104300466683e+02 0.000000000000000000e+00 0.000000000000000000e+00
7.830000000000000000e+02 6.185762100771479481e+02 0.000000000000000000e+00 0.000000000000000000e+00
7.840000000000000000e+02 6.202019314238898460e+02 0.000000000000000000e+00 0.000000000000000000e+00
7.850000000000000000e+02 6.205738512065172472e+02 0.000000000000000000e+00 0.000000000000000000e+00
7.860000000000000000e+02 6.221789889527974537e+02 0.000000000000000000e+00 0.000000000000000000e+00
7.870000000000000000e+02 6.220066114431541564e+02 0.000000000000000000e+00 0.000000000000000000e+00
7.880000000000000000e+02 6.238594417937816843e+02 0.000000000000000000e+00 0.000000000000000000e+00
7.890000000000000000e+02 6.241441940014883585e+02 0.000000000000000000e+00 0.000000000000000000e+00
7.900000000000000000e+02 6.265232627848151878e+02 0.000000000000000000e+00 0.000000000000000000e+00
7.910000000000000000e+02 6.272947817424038703e+02 0.000000000000000000e+00 0.000000000000000000e+00
7.920000000000000000e+02 6.286078105791705184e+02 0.000000000000000000e+00 0.000000000000000000e+00
7.930000000000000000e+02 6.290332085178043826e+02 0.000000000000000000e+00 0.000000000000000000e+00
7.940000000000000000e+02 6.273441746318509331e+02 2.000000000000000000e+00 0.000000000000000000e+00
7.950000000000000000e+02 6.284383073704635763e+02 0.000000000000000000e+00 0.000000000000000000e+00
7.960000000000000000e+02 6.304796989348760690e+02 0.000000000000000000e+00 0.000000000000000000e+00
7.970000000000000000e+02 6.308125583700403922e+02 0.000000000000000000e+00 0.000000000000000000e+00
7.980000000000000000e+02 6.328798796850932149e+02 0.000000000000000000e+00 0.000000000000000000e+00
7.990000000000000000e+02 6.316540357135469321e+02 0.000000000000000000e+00 0.000000000000000000e+00
8.000000000000000000e+02 6.346077686996202374e+02 0.000000000000000000e+00 0.000000000000000000e+00
