time	position	state	ATP_bound
1.000000000000000000e+00 1.663345553423736467e+00 0.000000000000000000e+00 0.000000000000000000e+00
2.000000000000000000e+00 1.586887626670782314e+00 0.000000000000000000e+00 0.000000000000000000e+00
3.000000000000000000e+00 3.430563125034011396e+00 0.000000000000000000e+00 0.000000000000000000e+00
4.000000000000000000e+00 3.571265063161549236e+00 0.000000000000000000e+00 0.000000000000000000e+00
5.000000000000000000e+00 4.503690889557012689e+00 0.000000000000000000e+00 0.000000000000000000e+00
6.000000000000000000e+00 5.406975015949886831e+00 1.000000000000000000e+00 0.000000000000000000e+00
7.000000000000000000e+00 6.211198967418858352e+00 0.000000000000000000e+00 0.000000000000000000e+00
8.000000000000000000e+00 7.065026317447049564e+00 0.000000000000000000e+00 0.000000000000000000e+00
9.000000000000000000e+00 5.709081514274106262e+00 2.000000000000000000e+00 0.000000000000000000e+00
1.000000000000000000e+01 5.674420628206477524e+00 1.000000000000000000e+00 0.000000000000000000e+00
1.100000000000000000e+01 5.769149854868940608e+00 2.000000000000000000e+00 0.000000000000000000e+00
1.200000000000000000e+01 5.538131003250895468e+00 0.000000000000000000e+00 0.000000000000000000e+00
1.300000000000000000e+01 5.198841849983883101e+00 1.000000000000000000e+00 0.000000000000000000e+00
1.400000000000000000e+01 6.931802134730691733e+00 0.000000000000000000e+00 0.000000000000000000e+00
1.500000000000000000e+01 8.104602576911100087e+00 0.000000000000000000e+00 0.000000000000000000e+00
1.600000000000000000e+01 8.769499671913846939e+00 0.000000000000000000e+00 0.000000000000000000e+00
1.700000000000000000e+01 9.666549988729899567e+00 0.000000000000000000e+00 0.000000000000000000e+00
1.800000000000000000e+01 1.072101975205240620e+01 0.000000000000000000e+00 0.000000000000000000e+00
1.900000000000000000e+01 1.156881643591173336e+01 0.000000000000000000e+00 0.000000000000000000e+00
2.000000000000000000e+01 1.310729329387854136e+01 0.000000000000000000e+00 0.000000000000000000e+00
2.100000000000000000e+01 1.403347048565745681e+01 0.000000000000000000e+00 0.000000000000000000e+00
2.200000000000000000e+01 1.355482295055176500e+01 1.000000000000000000e+00 0.000000000000000000e+00
2.300000000000000000e+01 1.445837762646912950e+01 0.000000000000000000e+00 0.000000000000000000e+00
2.400000000000000000e+01 1.609014684641226367e+01 0.000000000000000000e+00 0.000000000000000000e+00
2.500000000000000000e+01 1.615075570386789749e+01 0.000000000000000000e+00 0.000000000000000000e+00
2.600000000000000000e+01 1.699270811406287152e+01 0.000000000000000000e+00 0.000000000000000000e+00
2.700000000000000000e+01 1.997240564422044429e+01 0.000000000000000000e+00 0.000000000000000000e+00
2.800000000000000000e+01 1.932799562685969263e+01 0.000000000000000000e+00 0.000000000000000000e+00
2.900000000000000000e+01 2.013555586665492925e+01 0.000000000000000000e+00 0.000000000000000000e+00
3.000000000000000000e+01 2.142913755826981870e+01 0.000000000000000000e+00 0.000000000000000000e+00
3.100000000000000000e+01 2.320162615205801870e+01 0.000000000000000000e+00 0.000000000000000000e+00
3.200000000000000000e+01 2.425399495948353845e+01 0.000000000000000000e+00 0.000000000000000000e+00
3.300000000000000000e+01 2.488363422293094374e+01 0.000000000000000000e+00 0.000000000000000000e+00
3.400000000000000000e+01 2.527941438431697563e+01 0.000000000000000000e+00 0.000000000000000000e+00
3.500000000000000000e+01 2.629771006149456269e+01 0.000000000000000000e+00 0.000000000000000000e+00
3.600000000000000000e+01 2.822062198699854108e+01 0.000000000000000000e+00 0.000000000000000000e+00
3.700000000000000000e+01 2.972822845205647369e+01 0.000000000000000000e+00 0.000000000000000000e+00
3.800000000000000000e+01 2.970602003061215157e+01 0.000000000000000000e+00 0.000000000000000000e+00
3.900000000000000000e+01 3.139923756580147796e+01 0.000000000000000000e+00 0.000000000000000000e+00
4.000000000000000000e+01 3.225344656152199718e+01 0.000000000000000000e+00 0.000000000000000000e+00
4.100000000000000000e+01 3.276241875383460922e+01 0.000000000000000000e+00 0.000000000000000000e+00
4.200000000000000000e+01 3.440681502696555327e+01 0.000000000000000000e+00 0.000000000000000000e+00
4.300000000000000000e+01 3.482098350332964287e+01 0.000000000000000000e+00 0.000000000000000000e+00
4.400000000000000000e+01 3.603415325534615476e+01 1.000000000000000000e+00 0.000000000000000000e+00
4.500000000000000000e+01 3.619445203965732816e+01 0.000000000000000000e+00 0.000000000000000000e+00
4.600000000000000000e+01 3.664718020139926580e+01 0.000000000000000000e+00 0.000000000000000000e+00
4.700000000000000000e+01 3.769026398692601276e+01 0.000000000000000000e+00 0.000000000000000000e+00
4.800000000000000000e+01 3.978064034540033589e+01 0.000000000000000000e+00 0.000000000000000000e+00
4.900000000000000000e+01 3.902263867275179621e+01 0.000000000000000000e+00 0.000000000000000000e+00
5.000000000000000000e+01 4.128456537225245881e+01 0.000000000000000000e+00 0.000000000000000000e+00
5.100000000000000000e+01 4.241316323249606768e+01 0.000000000000000000e+00 0.000000000000000000e+00
5.200000000000000000e+01 4.375508408398857085e+01 0.000000000000000000e+00 0.000000000000000000e+00
5.300000000000000000e+01 4.415101097408700070e+01 0.000000000000000000e+00 0.000000000000000000e+00
5.400000000000000000e+01 4.390653179555942387e+01 1.000000000000000000e+00 0.000000000000000000e+00
5.500000000000000000e+01 4.454451287725706976e+01 1.000000000000000000e+00 0.000000000000000000e+00
5.600000000000000000e+01 4.352586928920084119e+01 2.000000000000000000e+00 0.000000000000000000e+00
5.700000000000000000e+01 4.282031416223043152e+01 1.000000000000000000e+00 0.000000000000000000e+00
5.800000000000000000e+01 4.409931200214821700e+01 0.000000000000000000e+00 0.000000000000000000e+00
5.900000000000000000e+01 4.519198146671462979e+01 0.000000000000000000e+00 0.000000000000000000e+00
6.000000000000000000e+01 4.451068079667091126e+01 2.000000000000000000e+00 0.000000000000000000e+00
6.100000000000000000e+01 4.308967223658262213e+01 2.000000000000000000e+00 0.000000000000000000e+00
6.200000000000000000e+01 4.138369409515142650e+01 2.000000000000000000e+00 0.000000000000000000e+00
6.300000000000000000e+01 4.147916480313089238e+01 2.000000000000000000e+00 0.000000000000000000e+00
6.400000000000000000e+01 4.193226808783090576e+01 1.000000000000000000e+00 0.000000000000000000e+00
6.500000000000000000e+01 4.255163205808960214e+01 0.000000000000000000e+00 0.000000000000000000e+00
6.600000000000000000e+01 4.323485961173685865e+01 0.000000000000000000e+00 0.000000000000000000e+00
6.700000000000000000e+01 4.412772886841184317e+01 0.000000000000000000e+00 0.000000000000000000e+00
6.800000000000000000e+01 4.411065897548198933e+01 1.000000000000000000e+00 0.000000000000000000e+00
6.900000000000000000e+01 4.544166102432618715e+01 0.000000000000000000e+00 0.000000000000000000e+00
7.000000000000000000e+01 4.573579151553332878e+01 0.000000000000000000e+00 0.000000000000000000e+00
7.100000000000000000e+01 4.728425626631157286e+01 0.000000000000000000e+00 0.000000000000000000e+00
7.200000000000000000e+01 4.747043908545830959e+01 0.000000000000000000e+00 0.000000000000000000e+00
7.300000000000000000e+01 4.883763685251388154e+01 0.000000000000000000e+00 0.000000000000000000e+00
7.400000000000000000e+01 5.010455042909738665e+01 0.000000000000000000e+00 0.000000000000000000e+00
7.500000000000000000e+01 5.140097383266628839e+01 0.000000000000000000e+00 0.000000000000000000e+00
7.600000000000000000e+01 5.202953554275274684e+01 0.000000000000000000e+00 0.000000000000000000e+00
7.700000000000000000e+01 5.239600332520125647e+01 0.000000000000000000e+00 0.000000000000000000e+00
7.800000000000000000e+01 5.282877536925910533e+01 1.000000000000000000e+00 0.000000000000000000e+00
7.900000000000000000e+01 5.364560751653527149e+01 1.000000000000000000e+00 0.000000000000000000e+00
8.000000000000000000e+01 5.365004495931308526e+01 0.000000000000000000e+00 0.000000000000000000e+00
8.100000000000000000e+01 5.421833835890714681e+01 0.000000000000000000e+00 0.000000000000000000e+00
8.200000000000000000e+01 5.649978902338618525e+01 0.000000000000000000e+00 0.000000000000000000e+00
8.300000000000000000e+01 5.656409195119718447e+01 0.000000000000000000e+00 0.000000000000000000e+00
8.400000000000000000e+01 5.802737000192153261e+01 0.000000000000000000e+00 0.000000000000000000e+00
8.500000000000000000e+01 5.804410889056525491e+01 1.000000000000000000e+00 0.000000000000000000e+00
8.600000000000000000e+01 5.786672040078479284e+01 1.000000000000000000e+00 0.000000000000000000e+00
8.700000000000000000e+01 5.724633387248385930e+01 2.000000000000000000e+00 0.000000000000000000e+00
8.800000000000000000e+01 5.819608918649335294e+01 0.000000000000000000e+00 0.000000000000000000e+00
8.900000000000000000e+01 5.735482717319705870e+01 0.000000000000000000e+00 0.000000000000000000e+00
9.000000000000000000e+01 6.031376779344685701e+01 0.000000000000000000e+00 0.000000000000000000e+00
9.100000000000000000e+01 6.104692515589304946e+01 0.000000000000000000e+00 0.000000000000000000e+00
9.200000000000000000e+01 6.233231628666514723e+01 0.000000000000000000e+00 0.000000000000000000e+00
9.300000000000000000e+01 6.353379962086470556e+01 0.000000000000000000e+00 0.000000000000000000e+00
9.400000000000000000e+01 6.432609218797671247e+01 0.000000000000000000e+00 0.000000000000000000e+00
9.500000000000000000e+01 6.502042480561939897e+01 0.000000000000000000e+00 0.000000000000000000e+00
9.600000000000000000e+01 6.570389053183768624e+01 0.000000000000000000e+00 0.000000000000000000e+00
9.700000000000000000e+01 6.720365869978323303e+01 0.000000000000000000e+00 0.000000000000000000e+00
9.800000000000000000e+01 6.860575863672114849e+01 0.000000000000000000e+00 0.000000000000000000e+00
9.900000000000000000e+01 6.864912392011845554e+01 0.000000000000000000e+00 0.000000000000000000e+00
1.000000000000000000e+02 6.976419878525675244e+01 0.000000000000000000e+00 0.000000000000000000e+00
1.010000000000000000e+02 7.004569083759665205e+01 1.000000000000000000e+00 0.000000000000000000e+00
1.020000000000000000e+02 7.170293138363010144e+01 0.000000000000000000e+00 0.000000000000000000e+00
1.030000000000000000e+02 7.268884895853904027e+01 0.000000000000000000e+00 0.000000000000000000e+00
1.040000000000000000e+02 7.131917911878443306e+01 2.000000000000000000e+00 0.000000000000000000e+00
1.050000000000000000e+02 7.098725347005313324e+01 2.000000000000000000e+00 0.000000000000000000e+00
1.060000000000000000e+02 6.839049206027354444e+01 2.000000000000000000e+00 0.000000000000000000e+00
1.070000000000000000e+02 7.047576890037483111e+01 0.000000000000000000e+00 0.000000000000000000e+00
1.080000000000000000e+02 7.127881103718851818e+01 0.000000000000000000e+00 0.000000000000000000e+00
1.090000000000000000e+02 7.221906560984736245e+01 0.000000000000000000e+00 0.000000000000000000e+00
1.100000000000000000e+02 7.372313442150152696e+01 0.000000000000000000e+00 0.000000000000000000e+00
1.110000000000000000e+02 7.499925411674655606e+01 0.000000000000000000e+00 0.000000000000000000e+00
1.120000000000000000e+02 7.422682206197275434e+01 1.000000000000000000e+00 0.000000000000000000e+00
1.130000000000000000e+02 7.325981628060345940e+01 2.000000000000000000e+00 0.000000000000000000e+00
1.140000000000000000e+02 7.314266006669285503e+01 1.000000000000000000e+00 0.000000000000000000e+00
1.150000000000000000e+02 7.340511027542476086e+01 1.000000000000000000e+00 0.000000000000000000e+00
1.160000000000000000e+02 7.229405625702179350e+01 2.000000000000000000e+00 0.000000000000000000e+00
1.170000000000000000e+02 7.211310730768468602e+01 0.000000000000000000e+00 0.000000000000000000e+00
1.180000000000000000e+02 7.375136258970550784e+01 0.000000000000000000e+00 0.000000000000000000e+00
1.190000000000000000e+02 7.544714297876676312e+01 0.000000000000000000e+00 0.000000000000000000e+00
1.200000000000000000e+02 7.636021034373291627e+01 0.000000000000000000e+00 0.000000000000000000e+00
1.210000000000000000e+02 7.610108635279910061e+01 0.000000000000000000e+00 0.000000000000000000e+00
1.220000000000000000e+02 7.816787934909331170e+01 0.000000000000000000e+00 0.000000000000000000e+00
1.230000000000000000e+02 7.940813046213209248e+01 0.000000000000000000e+00 0.000000000000000000e+00
1.240000000000000000e+02 7.748642017633740409e+01 2.000000000000000000e+00 0.000000000000000000e+00
1.250000000000000000e+02 7.672803857318025678e+01 2.000000000000000000e+00 0.000000000000000000e+00
1.260000000000000000e+02 7.810278144275734746e+01 0.000000000000000000e+00 0.000000000000000000e+00
1.270000000000000000e+02 7.924323520364853835e+01 0.000000000000000000e+00 0.000000000000000000e+00
1.280000000000000000e+02 8.007798420888011037e+01 0.000000000000000000e+00 0.000000000000000000e+00
1.290000000000000000e+02 8.107509742765206795e+01 0.000000000000000000e+00 0.000000000000000000e+00
1.300000000000000000e+02 8.217935433450189464e+01 0.000000000000000000e+00 0.000000000000000000e+00
1.310000000000000000e+02 8.310540153008479081e+01 0.000000000000000000e+00 0.000000000000000000e+00
1.320000000000000000e+02 8.345287617027891258e+01 0.000000000000000000e+00 0.000000000000000000e+00
1.330000000000000000e+02 8.527121261190674772e+01 0.000000000000000000e+00 0.000000000000000000e+00
1.340000000000000000e+02 8.376577154651114654e+01 2.000000000000000000e+00 0.000000000000000000e+00
1.350000000000000000e+02 8.305772974799450026e+01 2.000000000000000000e+00 0.000000000000000000e+00
1.360000000000000000e+02 8.460319123384513773e+01 0.000000000000000000e+00 0.000000000000000000e+00
1.370000000000000000e+02 8.495132298153573913e+01 0.000000000000000000e+00 0.000000000000000000e+00
1.380000000000000000e+02 8.556223345893818077e+01 0.000000000000000000e+00 0.000000000000000000e+00
1.390000000000000000e+02 8.741602101487649179e+01 0.000000000000000000e+00 0.000000000000000000e+00
1.400000000000000000e+02 8.868434317434240199e+01 0.000000000000000000e+00 0.000000000000000000e+00
1.410000000000000000e+02 8.856372854335417344e+01 0.000000000000000000e+00 0.000000000000000000e+00
1.420000000000000000e+02 9.073754295022834526e+01 0.000000000000000000e+00 0.000000000000000000e+00
1.430000000000000000e+02 9.091606131086548714e+01 0.000000000000000000e+00 0.000000000000000000e+00
1.440000000000000000e+02 9.255064028617596250e+01 0.000000000000000000e+00 0.000000000000000000e+00
1.450000000000000000e+02 9.280591612796072809e+01 0.000000000000000000e+00 0.000000000000000000e+00
1.460000000000000000e+02 9.396607538840191864e+01 0.000000000000000000e+00 0.000000000000000000e+00
1.470000000000000000e+02 9.457907898150163817e+01 0.000000000000000000e+00 0.000000000000000000e+00
1.480000000000000000e+02 9.610665076232619697e+01 0.000000000000000000e+00 0.000000000000000000e+00
1.490000000000000000e+02 9.810729207150573927e+01 0.000000000000000000e+00 0.000000000000000000e+00
1.500000000000000000e+02 9.806510619062842693e+01 0.000000000000000000e+00 0.000000000000000000e+00
1.510000000000000000e+02 9.838204864335106947e+01 0.000000000000000000e+00 0.000000000000000000e+00
1.520000000000000000e+02 1.001589895947179087e+02 0.000000000000000000e+00 0.000000000000000000e+00
1.530000000000000000e+02 9.900904144161987119e+01 2.000000000000000000e+00 0.000000000000000000e+00
1.540000000000000000e+02 9.960175920091897694e+01 1.000000000000000000e+00 0.000000000000000000e+00
1.550000000000000000e+02 1.009361539534636449e+02 0.000000000000000000e+00 0.000000000000000000e+00
1.560000000000000000e+02 1.010515588624403165e+02 0.000000000000000000e+00 0.000000000000000000e+00
1.570000000000000000e+02 1.028947801169740757e+02 0.000000000000000000e+00 0.000000000000000000e+00
1.580000000000000000e+02 1.023899486553318212e+02 0.000000000000000000e+00 0.000000000000000000e+00
1.590000000000000000e+02 1.043184721343503725e+02 0.000000000000000000e+00 0.000000000000000000e+00
1.600000000000000000e+02 1.052631128811940613e+02 0.000000000000000000e+00 0.000000000000000000e+00
1.610000000000000000e+02 1.057968403565607929e+02 0.000000000000000000e+00 0.000000000000000000e+00
1.620000000000000000e+02 1.062144218796051405e+02 0.000000000000000000e+00 0.000000000000000000e+00
1.630000000000000000e+02 1.079998122454809675e+02 0.000000000000000000e+00 0.000000000000000000e+00
1.640000000000000000e+02 1.093595917112544385e+02 0.000000000000000000e+00 0.000000000000000000e+00
1.650000000000000000e+02 1.100498138485466342e+02 0.000000000000000000e+00 0.000000000000000000e+00
1.660000000000000000e+02 1.117054057161375056e+02 0.000000000000000000e+00 0.000000000000000000e+00
1.670000000000000000e+02 1.106724683811671497e+02 1.000000000000000000e+00 0.000000000000000000e+00
1.680000000000000000e+02 1.112180769117131689e+02 1.000000000000000000e+00 0.000000000000000000e+00
1.690000000000000000e+02 1.125323004128361930e+02 0.000000000000000000e+00 0.000000000000000000e+00
1.700000000000000000e+02 1.136337317591544291e+02 0.000000000000000000e+00 0.000000000000000000e+00
1.710000000000000000e+02 1.135793314728705496e+02 1.000000000000000000e+00 0.000000000000000000e+00
1.720000000000000000e+02 1.149380733859749029e+02 0.000000000000000000e+00 0.000000000000000000e+00
1.730000000000000000e+02 1.146223673166864643e+02 0.000000000000000000e+00 0.000000000000000000e+00
1.740000000000000000e+02 1.151041915181735362e+02 0.000000000000000000e+00 0.000000000000000000e+00
1.750000000000000000e+02 1.170010392400395602e+02 0.000000000000000000e+00 0.000000000000000000e+00
1.760000000000000000e+02 1.179040338630958757e+02 0.000000000000000000e+00 0.000000000000000000e+00
1.770000000000000000e+02 1.183450965031407236e+02 0.000000000000000000e+00 0.000000000000000000e+00
1.780000000000000000e+02 1.196739991696722996e+02 0.000000000000000000e+00 0.000000000000000000e+00
1.790000000000000000e+02 1.188807693622178050e+02 2.000000000000000000e+00 0.000000000000000000e+00
1.800000000000000000e+02 1.195052678311031968e+02 0.000000000000000000e+00 0.000000000000000000e+00
1.810000000000000000e+02 1.210554082639953606e+02 0.000000000000000000e+00 0.000000000000000000e+00
1.820000000000000000e+02 1.223601021543300931e+02 0.000000000000000000e+00 0.000000000000000000e+00
1.830000000000000000e+02 1.219957150683131317e+02 1.000000000000000000e+00 0.000000000000000000e+00
1.840000000000000000e+02 1.229736560096892504e+02 0.000000000000000000e+00 0.000000000000000000e+00
1.850000000000000000e+02 1.247617520364153307e+02 0.000000000000000000e+00 0.000000000000000000e+00
1.860000000000000000e+02 1.245321785319860055e+02 0.000000000000000000e+00 0.000000000000000000e+00
1.870000000000000000e+02 1.261658715959385262e+02 0.000000000000000000e+00 0.000000000000000000e+00
1.880000000000000000e+02 1.265508682478990039e+02 0.000000000000000000e+00 0.000000000000000000e+00
1.890000000000000000e+02 1.285619589558070004e+02 0.000000000000000000e+00 0.000000000000000000e+00
1.900000000000000000e+02 1.287483552472862129e+02 0.000000000000000000e+00 0.000000000000000000e+00
1.910000000000000000e+02 1.303701174124438182e+02 0.000000000000000000e+00 0.000000000000000000e+00
1.920000000000000000e+02 1.304677907156768129e+02 0.000000000000000000e+00 0.000000000000000000e+00
1.930000000000000000e+02 1.316950923563072138e+02 0.000000000000000000e+00 0.000000000000000000e+00
1.940000000000000000e+02 1.321858154905011702e+02 0.000000000000000000e+00 0.000000000000000000e+00
1.950000000000000000e+02 1.342787999623023438e+02 0.000000000000000000e+00 0.000000000000000000e+00
1.960000000000000000e+02 1.353819921703052955e+02 0.000000000000000000e+00 0.000000000000000000e+00
1.970000000000000000e+02 1.356262247976971480e+02 0.000000000000000000e+00 0.000000000000000000e+00
1.980000000000000000e+02 1.370843320192325905e+02 0.000000000000000000e+00 0.000000000000000000e+00
1.990000000000000000e+02 1.366316084986875978e+02 2.000000000000000000e+00 0.000000000000000000e+00
2.000000000000000000e+02 1.353051511595993759e+02 2.000000000000000000e+00 0.000000000000000000e+00
2.010000000000000000e+02 1.339767409501246789e+02 2.000000000000000000e+00 0.000000000000000000e+00
2.020000000000000000e+02 1.327791672654346939e+02 2.000000000000000000e+00 0.000000000000000000e+00
2.030000000000000000e+02 1.326757963784752405e+02 2.000000000000000000e+00 0.000000000000000000e+00
2.040000000000000000e+02 1.312283746229095982e+02 2.000000000000000000e+00 0.000000000000000000e+00
2.050000000000000000e+02 1.302711361696728147e+02 2.000000000000000000e+00 0.000000000000000000e+00
2.060000000000000000e+02 1.310079972946911653e+02 0.000000000000000000e+00 0.000000000000000000e+00
2.070000000000000000e+02 1.310855242546315367e+02 0.000000000000000000e+00 0.000000000000000000e+00
2.080000000000000000e+02 1.321487969569856773e+02 1.000000000000000000e+00 0.000000000000000000e+00
2.090000000000000000e+02 1.334226233440913632e+02 0.000000000000000000e+00 0.000000000000000000e+00
2.100000000000000000e+02 1.338739176904263388e+02 0.000000000000000000e+00 0.000000000000000000e+00
2.110000000000000000e+02 1.354386202611421766e+02 0.000000000000000000e+00 0.000000000000000000e+00
2.120000000000000000e+02 1.361306531651497949e+02 0.000000000000000000e+00 0.000000000000000000e+00
2.130000000000000000e+02 1.376937098745162871e+02 0.000000000000000000e+00 0.000000000000000000e+00
2.140000000000000000e+02 1.378826238906979427e+02 0.000000000000000000e+00 0.000000000000000000e+00
2.150000000000000000e+02 1.387962853392911029e+02 0.000000000000000000e+00 0.000000000000000000e+00
2.160000000000000000e+02 1.396250651673865377e+02 0.000000000000000000e+00 0.000000000000000000e+00
2.170000000000000000e+02 1.410975623886041319e+02 0.000000000000000000e+00 0.000000000000000000e+00
2.180000000000000000e+02 1.425033290384746181e+02 0.000000000000000000e+00 0.000000000000000000e+00
2.190000000000000000e+02 1.427016227284639456e+02 0.000000000000000000e+00 0.000000000000000000e+00
2.200000000000000000e+02 1.440290649143992425e+02 0.000000000000000000e+00 0.000000000000000000e+00
2.210000000000000000e+02 1.436310667881258496e+02 0.000000000000000000e+00 0.000000000000000000e+00
2.220000000000000000e+02 1.454689808942387401e+02 0.000000000000000000e+00 0.000000000000000000e+00
2.230000000000000000e+02 1.468589614888144865e+02 0.000000000000000000e+00 0.000000000000000000e+00
2.240000000000000000e+02 1.488987515357966345e+02 0.000000000000000000e+00 0.000000000000000000e+00
2.250000000000000000e+02 1.485054432072551549e+02 0.000000000000000000e+00 0.000000000000000000e+00
2.260000000000000000e+02 1.501740614993966290e+02 0.000000000000000000e+00 0.000000000000000000e+00
2.270000000000000000e+02 1.510393035222325011e+02 0.000000000000000000e+00 0.000000000000000000e+00
2.280000000000000000e+02 1.516926766764763954e+02 0.000000000000000000e+00 0.000000000000000000e+00
2.290000000000000000e+02 1.530744398694359347e+02 0.000000000000000000e+00 0.000000000000000000e+00
2.300000000000000000e+02 1.538123636976246758e+02 0.000000000000000000e+00 0.000000000000000000e+00
2.310000000000000000e+02 1.520006479266905330e+02 2.000000000000000000e+00 0.000000000000000000e+00
2.320000000000000000e+02 1.551745759890117142e+02 0.000000000000000000e+00 0.000000000000000000e+00
2.330000000000000000e+02 1.532111573928504527e+02 1.000000000000000000e+00 0.000000000000000000e+00
2.340000000000000000e+02 1.550835002258318696e+02 0.000000000000000000e+00 0.000000000000000000e+00
2.350000000000000000e+02 1.563167599150294222e+02 0.000000000000000000e+00 0.000000000000000000e+00
2.360000000000000000e+02 1.562496148763423491e+02 0.000000000000000000e+00 0.000000000000000000e+00
2.370000000000000000e+02 1.584980299593176198e+02 0.000000000000000000e+00 0.000000000000000000e+00
2.380000000000000000e+02 1.586774164866968420e+02 0.000000000000000000e+00 0.000000000000000000e+00
2.390000000000000000e+02 1.588194036138269496e+02 2.000000000000000000e+00 0.000000000000000000e+00
2.400000000000000000e+02 1.578390549912560630e+02 2.000000000000000000e+00 0.000000000000000000e+00
2.410000000000000000e+02 1.567151842934609647e+02 2.000000000000000000e+00 0.000000000000000000e+00
2.420000000000000000e+02 1.556857275623064822e+02 2.000000000000000000e+00 0.000000000000000000e+00
2.430000000000000000e+02 1.561484551219890591e+02 0.000000000000000000e+00 0.000000000000000000e+00
2.440000000000000000e+02 1.577280931355165308e+02 0.000000000000000000e+00 0.000000000000000000e+00
2.450000000000000000e+02 1.576642469207531292e+02 0.000000000000000000e+00 0.000000000000000000e+00
2.460000000000000000e+02 1.591955470002303059e+02 0.000000000000000000e+00 0.000000000000000000e+00
2.470000000000000000e+02 1.589217253136343402e+02 0.000000000000000000e+00 0.000000000000000000e+00
2.480000000000000000e+02 1.608958979118490049e+02 0.000000000000000000e+00 0.000000000000000000e+00
2.490000000000000000e+02 1.619099240999094604e+02 0.000000000000000000e+00 0.000000000000000000e+00
2.500000000000000000e+02 1.631372751485864399e+02 0.000000000000000000e+00 0.000000000000000000e+00
2.510000000000000000e+02 1.645591580945809653e+02 0.000000000000000000e+00 0.000000000000000000e+00
2.520000000000000000e+02 1.644540151581419423e+02 0.000000000000000000e+00 0.000000000000000000e+00
2.530000000000000000e+02 1.660078413314667500e+02 0.000000000000000000e+00 0.000000000000000000e+00
2.540000000000000000e+02 1.667898668826592257e+02 0.000000000000000000e+00 0.000000000000000000e+00
2.550000000000000000e+02 1.676833638193126035e+02 0.000000000000000000e+00 0.000000000000000000e+00
2.560000000000000000e+02 1.686585299391969102e+02 0.000000000000000000e+00 0.000000000000000000e+00
2.570000000000000000e+02 1.712509613004256153e+02 0.000000000000000000e+00 0.000000000000000000e+00
2.580000000000000000e+02 1.705243737492003504e+02 0.000000000000000000e+00 0.000000000000000000e+00
2.590000000000000000e+02 1.720789374344180374e+02 0.000000000000000000e+00 0.000000000000000000e+00
2.600000000000000000e+02 1.731345046273656010e+02 0.000000000000000000e+00 0.000000000000000000e+00
2.610000000000000000e+02 1.748638733257877504e+02 0.000000000000000000e+00 0.000000000000000000e+00
2.620000000000000000e+02 1.748022229208664839e+02 0.000000000000000000e+00 0.000000000000000000e+00
2.630000000000000000e+02 1.767713452913900198e+02 0.000000000000000000e+00 0.000000000000000000e+00
2.640000000000000000e+02 1.760319301364943954e+02 0.000000000000000000e+00 0.000000000000000000e+00
2.650000000000000000e+02 1.775634839922669528e+02 0.000000000000000000e+00 0.000000000000000000e+00
2.660000000000000000e+02 1.785847186072926718e+02 0.000000000000000000e+00 0.000000000000000000e+00
2.670000000000000000e+02 1.801618661367832601e+02 0.000000000000000000e+00 0.000000000000000000e+00
2.680000000000000000e+02 1.795596669798310359e+02 1.000000000000000000e+00 0.000000000000000000e+00
2.690000000000000000e+02 1.803197431874441179e+02 0.000000000000000000e+00 0.000000000000000000e+00
2.700000000000000000e+02 1.830900612912906809e+02 0.000000000000000000e+00 0.000000000000000000e+00
2.710000000000000000e+02 1.829830935384374584e+02 0.000000000000000000e+00 0.000000000000000000e+00
2.720000000000000000e+02 1.840773016327638061e+02 0.000000000000000000e+00 0.000000000000000000e+00
2.730000000000000000e+02 1.845492335938407962e+02 0.000000000000000000e+00 0.000000000000000000e+00
2.740000000000000000e+02 1.865918928117505118e+02 0.000000000000000000e+00 0.000000000000000000e+00
2.750000000000000000e+02 1.866337896611161682e+02 0.000000000000000000e+00 0.000000000000000000e+00
2.760000000000000000e+02 1.886307790931013528e+02 0.000000000000000000e+00 0.000000000000000000e+00
2.770000000000000000e+02 1.890672909936753570e+02 0.000000000000000000e+00 0.000000000000000000e+00
2.780000000000000000e+02 1.894585427855763555e+02 0.000000000000000000e+00 0.000000000000000000e+00
2.790000000000000000e+02 1.904433343151103486e+02 0.000000000000000000e+00 0.000000000000000000e+00
2.800000000000000000e+02 1.918019746595850279e+02 0.000000000000000000e+00 0.000000000000000000e+00
2.810000000000000000e+02 1.926857952586621252e+02 0.000000000000000000e+00 0.000000000000000000e+00
2.820000000000000000e+02 1.945668993127910937e+02 0.000000000000000000e+00 0.000000000000000000e+00
2.830000000000000000e+02 1.945959068942657098e+02 0.000000000000000000e+00 0.000000000000000000e+00
2.840000000000000000e+02 1.966003901738166064e+02 0.000000000000000000e+00 0.000000000000000000e+00
2.850000000000000000e+02 1.968310720390622350e+02 0.000000000000000000e+00 0.000000000000000000e+00
2.860000000000000000e+02 1.975706988094060534e+02 0.000000000000000000e+00 0.000000000000000000e+00
2.870000000000000000e+02 1.971127808302820767e+02 2.000000000000000000e+00 0.000000000000000000e+00
2.880000000000000000e+02 1.964427284911709535e+02 2.000000000000000000e+00 0.000000000000000000e+00
2.890000000000000000e+02 1.965487864983232669e+02 1.000000000000000000e+00 0.000000000000000000e+00
2.900000000000000000e+02 1.973653201136289681e+02 0.000000000000000000e+00 0.000000000000000000e+00
2.910000000000000000e+02 1.979175777250745796e+02 0.000000000000000000e+00 0.000000000000000000e+00
2.920000000000000000e+02 1.991735001813898123e+02 0.000000000000000000e+00 0.000000000000000000e+00
2.930000000000000000e+02 1.993618556636656649e+02 0.000000000000000000e+00 0.000000000000000000e+00
2.940000000000000000e+02 1.990924576931242882e+02 2.000000000000000000e+00 0.000000000000000000e+00
2.950000000000000000e+02 2.001117883454834896e+02 0.000000000000000000e+00 0.000000000000000000e+00
2.960000000000000000e+02 2.012459405548378015e+02 0.000000000000000000e+00 0.000000000000000000e+00
2.970000000000000000e+02 2.021435963243219476e+02 0.000000000000000000e+00 0.000000000000000000e+00
2.980000000000000000e+02 2.023065357580271666e+02 0.000000000000000000e+00 0.000000000000000000e+00
2.990000000000000000e+02 2.022246161818380870e+02 2.000000000000000000e+00 0.000000000000000000e+00
3.000000000000000000e+02 2.012422537763688126e+02 2.000000000000000000e+00 0.000000000000000000e+00
3.010000000000000000e+02 2.023533656314964730e+02 0.000000000000000000e+00 0.000000000000000000e+00
3.020000000000000000e+02 2.027529459713178142e+02 1.000000000000000000e+00 0.000000000000000000e+00
3.030000000000000000e+02 2.016465654570980632e+02 1.000000000000000000e+00 0.000000000000000000e+00
3.040000000000000000e+02 2.032462671045597347e+02 0.000000000000000000e+00 0.000000000000000000e+00
3.050000000000000000e+02 2.043428162391470551e+02 0.000000000000000000e+00 0.000000000000000000e+00
3.060000000000000000e+02 2.056937042813388530e+02 0.000000000000000000e+00 0.000000000000000000e+00
3.070000000000000000e+02 2.062882148948197312e+02 0.000000000000000000e+00 0.000000000000000000e+00
3.080000000000000000e+02 2.064862592308210480e+02 0.000000000000000000e+00 0.000000000000000000e+00
3.090000000000000000e+02 2.059414444639527630e+02 2.000000000000000000e+00 0.000000000000000000e+00
3.100000000000000000e+02 2.073962098764923212e+02 0.000000000000000000e+00 0.000000000000000000e+00
3.110000000000000000e+02 2.074458376106910293e+02 0.000000000000000000e+00 0.000000000000000000e+00
3.120000000000000000e+02 2.084873492826621089e+02 0.000000000000000000e+00 0.000000000000000000e+00
3.130000000000000000e+02 2.094934088661628095e+02 0.000000000000000000e+00 0.000000000000000000e+00
3.140000000000000000e+02 2.111579836786055751e+02 0.000000000000000000e+00 0.000000000000000000e+00
3.150000000000000000e+02 2.118521104166905786e+02 0.000000000000000000e+00 0.000000000000000000e+00
3.160000000000000000e+02 2.124372101068020413e+02 0.000000000000000000e+00 0.000000000000000000e+00
3.170000000000000000e+02 2.125037000464586470e+02 2.000000000000000000e+00 0.000000000000000000e+00
3.180000000000000000e+02 2.117040383210262178e+02 1.000000000000000000e+00 0.000000000000000000e+00
3.190000000000000000e+02 2.122533604774058915e+02 0.000000000000000000e+00 0.000000000000000000e+00
3.200000000000000000e+02 2.145495804983514745e+02 0.000000000000000000e+00 0.000000000000000000e+00
3.210000000000000000e+02 2.147258904293671264e+02 0.000000000000000000e+00 0.000000000000000000e+00
3.220000000000000000e+02 2.157317546616100401e+02 0.000000000000000000e+00 0.000000000000000000e+00
3.230000000000000000e+02 2.171276945634831179e+02 0.000000000000000000e+00 0.000000000000000000e+00
3.240000000000000000e+02 2.182071529818141187e+02 0.000000000000000000e+00 0.000000000000000000e+00
3.250000000000000000e+02 2.191925885990742984e+02 0.000000000000000000e+00 0.000000000000000000e+00
3.260000000000000000e+02 2.192434709507302273e+02 0.000000000000000000e+00 0.000000000000000000e+00
3.270000000000000000e+02 2.214909159203247384e+02 0.000000000000000000e+00 0.000000000000000000e+00
3.280000000000000000e+02 2.219772359608502370e+02 0.000000000000000000e+00 0.000000000000000000e+00
3.290000000000000000e+02 2.233879417362850859e+02 0.000000000000000000e+00 0.000000000000000000e+00
3.300000000000000000e+02 2.235256929223162388e+02 0.000000000000000000e+00 0.000000000000000000e+00
3.310000000000000000e+02 2.247371730672973911e+02 0.000000000000000000e+00 0.000000000000000000e+00
3.320000000000000000e+02 2.258035418914016077e+02 0.000000000000000000e+00 0.000000000000000000e+00
3.330000000000000000e+02 2.277940675384407996e+02 0.000000000000000000e+00 0.000000000000000000e+00
3.340000000000000000e+02 2.285912119324305252e+02 0.000000000000000000e+00 0.000000000000000000e+00
3.350000000000000000e+02 2.278833037169449653e+02 1.000000000000000000e+00 0.000000000000000000e+00
3.360000000000000000e+02 2.277275657384671774e+02 1.000000000000000000e+00 0.000000000000000000e+00
3.370000000000000000e+02 2.268252415301709277e+02 2.000000000000000000e+00 0.000000000000000000e+00
3.380000000000000000e+02 2.257967490461270472e+02 2.000000000000000000e+00 0.000000000000000000e+00
3.390000000000000000e+02 2.264908468322684598e+02 1.000000000000000000e+00 0.000000000000000000e+00
3.400000000000000000e+02 2.270220991051495503e+02 0.000000000000000000e+00 0.000000000000000000e+00
3.410000000000000000e+02 2.279083018683705575e+02 0.000000000000000000e+00 0.000000000000000000e+00
3.420000000000000000e+02 2.292892690161115468e+02 0.000000000000000000e+00 0.000000000000000000e+00
3.430000000000000000e+02 2.297363397914268148e+02 0.000000000000000000e+00 0.000000000000000000e+00
3.440000000000000000e+02 2.323299967636129963e+02 0.000000000000000000e+00 0.000000000000000000e+00
3.450000000000000000e+02 2.316151781279767761e+02 0.000000000000000000e+00 0.000000000000000000e+00
3.460000000000000000e+02 2.332397852333790524e+02 0.000000000000000000e+00 0.000000000000000000e+00
3.470000000000000000e+02 2.345791997623857696e+02 0.000000000000000000e+00 0.000000000000000000e+00
3.480000000000000000e+02 2.347825676134320645e+02 0.000000000000000000e+00 0.000000000000000000e+00
3.490000000000000000e+02 2.361049105518516456e+02 0.000000000000000000e+00 0.000000000000000000e+00
3.500000000000000000e+02 2.367897290496013909e+02 0.000000000000000000e+00 0.000000000000000000e+00
3.510000000000000000e+02 2.376894953895875631e+02 0.000000000000000000e+00 0.000000000000000000e+00
3.520000000000000000e+02 2.385519313073401975e+02 0.000000000000000000e+00 0.000000000000000000e+00
3.530000000000000000e+02 2.397978697773291401e+02 0.000000000000000000e+00 0.000000000000000000e+00
3.540000000000000000e+02 2.411274883308838923e+02 0.000000000000000000e+00 0.000000000000000000e+00
3.550000000000000000e+02 2.417192557115739362e+02 0.000000000000000000e+00 0.000000000000000000e+00
3.560000000000000000e+02 2.431699913247033749e+02 0.000000000000000000e+00 0.000000000000000000e+00
3.570000000000000000e+02 2.443268854988320982e+02 0.000000000000000000e+00 0.000000000000000000e+00
3.580000000000000000e+02 2.461661245475358726e+02 0.000000000000000000e+00 0.000000000000000000e+00
3.590000000000000000e+02 2.457732481825091213e+02 0.000000000000000000e+00 0.000000000000000000e+00
3.600000000000000000e+02 2.464003146849624386e+02 0.000000000000000000e+00 0.000000000000000000e+00
3.610000000000000000e+02 2.475681541129632421e+02 0.000000000000000000e+00 0.000000000000000000e+00
3.620000000000000000e+02 2.493282731079044936e+02 0.000000000000000000e+00 0.000000000000000000e+00
3.630000000000000000e+02 2.503829598855468248e+02 0.000000000000000000e+00 0.000000000000000000e+00
3.640000000000000000e+02 2.513131038156619184e+02 0.000000000000000000e+00 0.000000000000000000e+00
3.650000000000000000e+02 2.525264698354613699e+02 0.000000000000000000e+00 0.000000000000000000e+00
3.660000000000000000e+02 2.527967155613544037e+02 0.000000000000000000e+00 0.000000000000000000e+00
3.670000000000000000e+02 2.534967081229739279e+02 0.000000000000000000e+00 0.000000000000000000e+00
3.680000000000000000e+02 2.543950586195936410e+02 0.000000000000000000e+00 0.000000000000000000e+00
3.690000000000000000e+02 2.571192163069009098e+02 0.000000000000000000e+00 0.000000000000000000e+00
3.700000000000000000e+02 2.577967598405517151e+02 0.000000000000000000e+00 0.000000000000000000e+00
3.710000000000000000e+02 2.586754238083464088e+02 0.000000000000000000e+00 0.000000000000000000e+00
3.720000000000000000e+02 2.597250485358520109e+02 0.000000000000000000e+00 0.000000000000000000e+00
3.730000000000000000e+02 2.602214508394316113e+02 0.000000000000000000e+00 0.000000000000000000e+00
3.740000000000000000e+02 2.611999468268947453e+02 0.000000000000000000e+00 0.000000000000000000e+00
3.750000000000000000e+02 2.619578650171988556e+02 0.000000000000000000e+00 0.000000000000000000e+00
3.760000000000000000e+02 2.633326015465945034e+02 0.000000000000000000e+00 0.000000000000000000e+00
3.770000000000000000e+02 2.648477435193667588e+02 0.000000000000000000e+00 0.000000000000000000e+00
3.780000000000000000e+02 2.639628572590554541e+02 0.000000000000000000e+00 0.000000000000000000e+00
3.790000000000000000e+02 2.658333833026236448e+02 0.000000000000000000e+00 0.000000000000000000e+00
3.800000000000000000e+02 2.660454178334525182e+02 1.000000000000000000e+00 0.000000000000000000e+00
3.810000000000000000e+02 2.663685681083559302e+02 1.000000000000000000e+00 0.000000000000000000e+00
3.820000000000000000e+02 2.678658926795845900e+02 0.000000000000000000e+00 0.000000000000000000e+00
3.830000000000000000e+02 2.680847202885851175e+02 0.000000000000000000e+00 0.000000000000000000e+00
3.840000000000000000e+02 2.687473933773934505e+02 0.000000000000000000e+00 0.000000000000000000e+00
3.850000000000000000e+02 2.706544313611188386e+02 0.000000000000000000e+00 0.000000000000000000e+00
3.860000000000000000e+02 2.716329961182782995e+02 0.000000000000000000e+00 0.000000000000000000e+00
3.870000000000000000e+02 2.726320482985918829e+02 0.000000000000000000e+00 0.000000000000000000e+00
3.880000000000000000e+02 2.729808518503725736e+02 0.000000000000000000e+00 0.000000000000000000e+00
3.890000000000000000e+02 2.728727961386923653e+02 0.000000000000000000e+00 0.000000000000000000e+00
3.900000000000000000e+02 2.749588253031016620e+02 0.000000000000000000e+00 0.000000000000000000e+00
3.910000000000000000e+02 2.757732937434681730e+02 0.000000000000000000e+00 0.000000000000000000e+00
3.920000000000000000e+02 2.771198120028577705e+02 0.000000000000000000e+00 0.000000000000000000e+00
3.930000000000000000e+02 2.785092875562594941e+02 0.000000000000000000e+00 0.000000000000000000e+00
3.940000000000000000e+02 2.786140657291858815e+02 0.000000000000000000e+00 0.000000000000000000e+00
3.950000000000000000e+02 2.803054338640583296e+02 0.000000000000000000e+00 0.000000000000000000e+00
3.960000000000000000e+02 2.799405324053968229e+02 0.000000000000000000e+00 0.000000000000000000e+00
3.970000000000000000e+02 2.816748701419289773e+02 0.000000000000000000e+00 0.000000000000000000e+00
3.980000000000000000e+02 2.820611767973607584e+02 0.000000000000000000e+00 0.000000000000000000e+00
3.990000000000000000e+02 2.846772170578325927e+02 0.000000000000000000e+00 0.000000000000000000e+00
4.000000000000000000e+02 2.846274450222375094e+02 0.000000000000000000e+00 0.000000000000000000e+00
4.010000000000000000e+02 2.863260903394251500e+02 0.000000000000000000e+00 0.000000000000000000e+00
4.020000000000000000e+02 2.871240080267655230e+02 0.000000000000000000e+00 0.000000000000000000e+00
4.030000000000000000e+02 2.883484369506341523e+02 0.000000000000000000e+00 0.000000000000000000e+00
4.040000000000000000e+02 2.884127759609536952e+02 0.000000000000000000e+00 0.000000000000000000e+00
4.050000000000000000e+02 2.907153517085657199e+02 0.000000000000000000e+00 0.000000000000000000e+00
4.060000000000000000e+02 2.916038778778093388e+02 0.000000000000000000e+00 0.000000000000000000e+00
4.070000000000000000e+02 2.917868175756701135e+02 0.000000000000000000e+00 0.000000000000000000e+00
4.080000000000000000e+02 2.926968269419433568e+02 0.000000000000000000e+00 0.000000000000000000e+00
4.090000000000000000e+02 2.937563095132513808e+02 0.000000000000000000e+00 0.000000000000000000e+00
4.100000000000000000e+02 2.947218053039991332e+02 0.000000000000000000e+00 0.000000000000000000e+00
4.110000000000000000e+02 2.961281580737138484e+02 0.000000000000000000e+00 0.000000000000000000e+00
4.120000000000000000e+02 2.969718466121087772e+02 0.000000000000000000e+00 0.000000000000000000e+00
4.130000000000000000e+02 2.972658893107744120e+02 0.000000000000000000e+00 0.000000000000000000e+00
4.140000000000000000e+02 2.996035256535049029e+02 0.000000000000000000e+00 0.000000000000000000e+00
4.150000000000000000e+02 2.995735965451984839e+02 0.000000000000000000e+00 0.000000000000000000e+00
4.160000000000000000e+02 3.009555074661068943e+02 0.000000000000000000e+00 0.000000000000000000e+00
4.170000000000000000e+02 3.013385389029241992e+02 0.000000000000000000e+00 0.000000000000000000e+00
4.180000000000000000e+02 3.032361081397975795e+02 0.000000000000000000e+00 0.000000000000000000e+00
4.190000000000000000e+02 3.038210787633702807e+02 0.000000000000000000e+00 0.000000000000000000e+00
4.200000000000000000e+02 3.050657496286833634e+02 0.000000000000000000e+00 0.000000000000000000e+00
4.210000000000000000e+02 3.061752129050660756e+02 0.000000000000000000e+00 0.000000000000000000e+00
4.220000000000000000e+02 3.065871550832488310e+02 0.000000000000000000e+00 0.000000000000000000e+00
4.230000000000000000e+02 3.062045083084884709e+02 2.000000000000000000e+00 0.000000000000000000e+00
4.240000000000000000e+02 3.050766622273259259e+02 2.000000000000000000e+00 0.000000000000000000e+00
4.250000000000000000e+02 3.054371926863826729e+02 0.000000000000000000e+00 0.000000000000000000e+00
4.260000000000000000e+02 3.073200288662528692e+02 0.000000000000000000e+00 0.000000000000000000e+00
4.270000000000000000e+02 3.081103419573554447e+02 0.000000000000000000e+00 0.000000000000000000e+00
4.280000000000000000e+02 3.089407832865880437e+02 0.000000000000000000e+00 0.000000000000000000e+00
4.290000000000000000e+02 3.105956879406974736e+02 0.000000000000000000e+00 0.000000000000000000e+00
4.300000000000000000e+02 3.104550544633752338e+02 0.000000000000000000e+00 0.000000000000000000e+00
4.310000000000000000e+02 3.124931062986120764e+02 0.000000000000000000e+00 0.000000000000000000e+00
4.320000000000000000e+02 3.139418271437534145e+02 0.000000000000000000e+00 0.000000000000000000e+00
4.330000000000000000e+02 3.136736475538687046e+02 0.000000000000000000e+00 0.000000000000000000e+00
4.340000000000000000e+02 3.142173723033174610e+02 0.000000000000000000e+00 0.000000000000000000e+00
4.350000000000000000e+02 3.165627548801935518e+02 0.000000000000000000e+00 0.000000000000000000e+00
4.360000000000000000e+02 3.155063087550356613e+02 2.000000000000000000e+00 0.000000000000000000e+00
4.370000000000000000e+02 3.153317670280252401e+02 1.000000000000000000e+00 0.000000000000000000e+00
4.380000000000000000e+02 3.160439441382768564e+02 0.000000000000000000e+00 0.000000000000000000e+00
4.390000000000000000e+02 3.169949861846154704e+02 0.000000000000000000e+00 0.000000000000000000e+00
4.400000000000000000e+02 3.160343893827580928e+02 2.000000000000000000e+00 0.000000000000000000e+00
4.410000000000000000e+02 3.157438102734799941e+02 1.000000000000000000e+00 0.000000000000000000e+00
4.420000000000000000e+02 3.156938821676980638e+02 2.000000000000000000e+00 0.000000000000000000e+00
4.430000000000000000e+02 3.135422008990957465e+02 2.000000000000000000e+00 0.000000000000000000e+00
4.440000000000000000e+02 3.122257157556280163e+02 2.000000000000000000e+00 0.000000000000000000e+00
4.450000000000000000e+02 3.118708461375954926e+02 2.000000000000000000e+00 0.000000000000000000e+00
4.460000000000000000e+02 3.124494944536431831e+02 1.000000000000000000e+00 0.000000000000000000e+00
4.470000000000000000e+02 3.127783390526644780e+02 0.000000000000000000e+00 0.000000000000000000e+00
4.480000000000000000e+02 3.138889893388209771e+02 0.000000000000000000e+00 0.000000000000000000e+00
4.490000000000000000e+02 3.151381530653525829e+02 0.000000000000000000e+00 0.000000000000000000e+00
4.500000000000000000e+02 3.158748898662778402e+02 0.000000000000000000e+00 0.000000000000000000e+00
4.510000000000000000e+02 3.150497817784005861e+02 2.000000000000000000e+00 0.000000000000000000e+00
4.520000000000000000e+02 3.135151184935143647e+02 2.000000000000000000e+00 0.000000000000000000e+00
4.530000000000000000e+02 3.155266460346936697e+02 0.000000000000000000e+00 0.000000000000000000e+00
4.540000000000000000e+02 3.161112715649350093e+02 0.000000000000000000e+00 0.000000000000000000e+00
4.550000000000000000e+02 3.169236716540963243e+02 0.000000000000000000e+00 0.000000000000000000e+00
4.560000000000000000e+02 3.170575526440014755e+02 1.000000000000000000e+00 0.000000000000000000e+00
4.570000000000000000e+02 3.179820442501777507e+02 0.000000000000000000e+00 0.000000000000000000e+00
4.580000000000000000e+02 3.184556818977693524e+02 0.000000000000000000e+00 0.000000000000000000e+00
4.590000000000000000e+02 3.202771924564414121e+02 0.000000000000000000e+00 0.000000000000000000e+00
4.600000000000000000e+02 3.212093516705376146e+02 0.000000000000000000e+00 0.000000000000000000e+00
4.610000000000000000e+02 3.218151350785470868e+02 0.000000000000000000e+00 0.000000000000000000e+00
4.620000000000000000e+02 3.222254206899665405e+02 0.000000000000000000e+00 0.000000000000000000e+00
4.630000000000000000e+02 3.246691023511037315e+02 0.000000000000000000e+00 0.000000000000000000e+00
4.640000000000000000e+02 3.254747932316291212e+02 0.000000000000000000e+00 0.000000000000000000e+00
4.650000000000000000e+02 3.258828390198935949e+02 0.000000000000000000e+00 0.000000000000000000e+00
4.660000000000000000e+02 3.274863189003485786e+02 0.000000000000000000e+00 0.000000000000000000e+00
4.670000000000000000e+02 3.279343998967035532e+02 0.000000000000000000e+00 0.000000000000000000e+00
4.680000000000000000e+02 3.289845036730197307e+02 0.000000000000000000e+00 0.000000000000000000e+00
4.690000000000000000e+02 3.302986422310002581e+02 0.000000000000000000e+00 0.000000000000000000e+00
4.700000000000000000e+02 3.308745255883444543e+02 0.000000000000000000e+00 0.000000000000000000e+00
4.710000000000000000e+02 3.322134751022199453e+02 0.000000000000000000e+00 0.000000000000000000e+00
4.720000000000000000e+02 3.335226505589320141e+02 0.000000000000000000e+00 0.000000000000000000e+00
4.730000000000000000e+02 3.323665323103954279e+02 1.000000000000000000e+00 0.000000000000000000e+00
4.740000000000000000e+02 3.331388912668796820e+02 0.000000000000000000e+00 0.000000000000000000e+00
4.750000000000000000e+02 3.330742094048185891e+02 2.000000000000000000e+00 0.000000000000000000e+00
4.760000000000000000e+02 3.335696754176208856e+02 0.000000000000000000e+00 0.000000000000000000e+00
4.770000000000000000e+02 3.340004783884795643e+02 0.000000000000000000e+00 0.000000000000000000e+00
4.780000000000000000e+02 3.353827462894041673e+02 0.000000000000000000e+00 0.000000000000000000e+00
4.790000000000000000e+02 3.373499663070411998e+02 0.000000000000000000e+00 0.000000000000000000e+00
4.800000000000000000e+02 3.382100966245871518e+02 0.000000000000000000e+00 0.000000000000000000e+00
4.810000000000000000e+02 3.397715803258494134e+02 0.000000000000000000e+00 0.000000000000000000e+00
4.820000000000000000e+02 3.393733814104402313e+02 0.000000000000000000e+00 0.000000000000000000e+00
4.830000000000000000e+02 3.400783025795371373e+02 0.000000000000000000e+00 0.000000000000000000e+00
4.840000000000000000e+02 3.420050595451964455e+02 0.000000000000000000e+00 0.000000000000000000e+00
4.850000000000000000e+02 3.433252183910671533e+02 0.000000000000000000e+00 0.000000000000000000e+00
4.860000000000000000e+02 3.435834321725209861e+02 0.000000000000000000e+00 0.000000000000000000e+00
4.870000000000000000e+02 3.448288028243928238e+02 0.000000000000000000e+00 0.000000000000000000e+00
4.880000000000000000e+02 3.458043168893560733e+02 0.000000000000000000e+00 0.000000000000000000e+00
4.890000000000000000e+02 3.472925142713218634e+02 0.000000000000000000e+00 0.000000000000000000e+00
4.900000000000000000e+02 3.486531809723529705e+02 0.000000000000000000e+00 0.000000000000000000e+00
4.910000000000000000e+02 3.487828712178870774e+02 0.000000000000000000e+00 0.000000000000000000e+00
4.920000000000000000e+02 3.502406032250254384e+02 0.000000000000000000e+00 0.000000000000000000e+00
4.930000000000000000e+02 3.508003721706616602e+02 0.000000000000000000e+00 0.000000000000000000e+00
4.940000000000000000e+02 3.523328573921632483e+02 0.000000000000000000e+00 0.000000000000000000e+00
4.950000000000000000e+02 3.526953694808192949e+02 0.000000000000000000e+00 0.000000000000000000e+00
4.960000000000000000e+02 3.544561762985384235e+02 0.000000000000000000e+00 0.000000000000000000e+00
4.970000000000000000e+02 3.550325748588218175e+02 0.000000000000000000e+00 0.000000000000000000e+00
4.980000000000000000e+02 3.560038030804309983e+02 0.000000000000000000e+00 0.000000000000000000e+00
4.990000000000000000e+02 3.564855804171655222e+02 0.000000000000000000e+00 0.000000000000000000e+00
5.000000000000000000e+02 3.556729378488888642e+02 2.000000000000000000e+00 0.000000000000000000e+00
5.010000000000000000e+02 3.546157144646476809e+02 2.000000000000000000e+00 0.000000000000000000e+00
5.020000000000000000e+02 3.567476613979915214e+02 0.000000000000000000e+00 0.000000000000000000e+00
5.030000000000000000e+02 3.570800513336293420e+02 0.000000000000000000e+00 0.000000000000000000e+00
5.040000000000000000e+02 3.579287651125210346e+02 0.000000000000000000e+00 0.000000000000000000e+00
5.050000000000000000e+02 3.588580137544589093e+02 0.000000000000000000e+00 0.000000000000000000e+00
5.060000000000000000e+02 3.602625375438278184e+02 0.000000000000000000e+00 0.000000000000000000e+00
5.070000000000000000e+02 3.591957635327805178e+02 2.000000000000000000e+00 0.000000000000000000e+00
5.080000000000000000e+02 3.587133348764899665e+02 2.000000000000000000e+00 0.000000000000000000e+00
5.090000000000000000e+02 3.589184378463961025e+02 0.000000000000000000e+00 0.000000000000000000e+00
5.100000000000000000e+02 3.596948141586218526e+02 0.000000000000000000e+00 0.000000000000000000e+00
5.110000000000000000e+02 3.614976571127318152e+02 0.000000000000000000e+00 0.000000000000000000e+00
5.120000000000000000e+02 3.621052984383101716e+02 0.000000000000000000e+00 0.000000000000000000e+00
5.130000000000000000e+02 3.632819870995402312e+02 0.000000000000000000e+00 0.000000000000000000e+00
5.140000000000000000e+02 3.638607574163260665e+02 0.000000000000000000e+00 0.000000000000000000e+00
5.150000000000000000e+02 3.641232344331313016e+02 0.000000000000000000e+00 0.000000000000000000e+00
5.160000000000000000e+02 3.652759782243434188e+02 0.000000000000000000e+00 0.000000000000000000e+00
5.170000000000000000e+02 3.663359501468929693e+02 0.000000000000000000e+00 0.000000000000000000e+00
5.180000000000000000e+02 3.673306527902361154e+02 0.000000000000000000e+00 0.000000000000000000e+00
5.190000000000000000e+02 3.682972954429328070e+02 0.000000000000000000e+00 0.000000000000000000e+00
5.200000000000000000e+02 3.695997637831736142e+02 0.000000000000000000e+00 0.000000000000000000e+00
5.210000000000000000e+02 3.708834904581506748e+02 0.000000000000000000e+00 0.000000000000000000e+00
5.220000000000000000e+02 3.720507289635221468e+02 0.000000000000000000e+00 0.000000000000000000e+00
5.230000000000000000e+02 3.727681854561262753e+02 0.000000000000000000e+00 0.000000000000000000e+00
5.240000000000000000e+02 3.734808922363408215e+02 1.000000000000000000e+00 0.000000000000000000e+00
5.250000000000000000e+02 3.735426384013782695e+02 0.000000000000000000e+00 0.000000000000000000e+00
5.260000000000000000e+02 3.750687513910043549e+02 0.000000000000000000e+00 0.000000000000000000e+00
5.270000000000000000e+02 3.752319988460337186e+02 0.000000000000000000e+00 0.000000000000000000e+00
5.280000000000000000e+02 3.764352011095801913e+02 0.000000000000000000e+00 0.000000000000000000e+00
5.290000000000000000e+02 3.783179098602057024e+02 0.000000000000000000e+00 0.000000000000000000e+00
5.300000000000000000e+02 3.790327688520075640e+02 0.000000000000000000e+00 0.000000000000000000e+00
5.310000000000000000e+02 3.777804823392934281e+02 2.000000000000000000e+00 0.000000000000000000e+00
5.320000000000000000e+02 3.773252178579831480e+02 2.000000000000000000e+00 0.000000000000000000e+00
5.330000000000000000e+02 3.781131311422798262e+02 0.000000000000000000e+00 0.000000000000000000e+00
5.340000000000000000e+02 3.797600307305002048e+02 0.000000000000000000e+00 0.000000000000000000e+00
5.350000000000000000e+02 3.796748286436423427e+02 0.000000000000000000e+00 0.000000000000000000e+00
5.360000000000000000e+02 3.807085197231707525e+02 0.000000000000000000e+00 0.000000000000000000e+00
5.370000000000000000e+02 3.816978016578029269e+02 0.000000000000000000e+00 0.000000000000000000e+00
5.380000000000000000e+02 3.824654009571875690e+02 0.000000000000000000e+00 0.000000000000000000e+00
5.390000000000000000e+02 3.836773211437161990e+02 0.000000000000000000e+00 0.000000000000000000e+00
5.400000000000000000e+02 3.852388320432497721e+02 0.000000000000000000e+00 0.000000000000000000e+00
5.410000000000000000e+02 3.853515936611300390e+02 1.000000000000000000e+00 0.000000000000000000e+00
5.420000000000000000e+02 3.836217091953765816e+02 2.000000000000000000e+00 0.000000000000000000e+00
5.430000000000000000e+02 3.851016004499892347e+02 0.000000000000000000e+00 0.000000000000000000e+00
5.440000000000000000e+02 3.864181650567162478e+02 0.000000000000000000e+00 0.000000000000000000e+00
5.450000000000000000e+02 3.848726075219325367e+02 2.000000000000000000e+00 0.000000000000000000e+00
5.460000000000000000e+02 3.835241085389055797e+02 2.000000000000000000e+00 0.000000000000000000e+00
5.470000000000000000e+02 3.851463639366535290e+02 0.000000000000000000e+00 0.000000000000000000e+00
5.480000000000000000e+02 3.866479667226504375e+02 0.000000000000000000e+00 0.000000000000000000e+00
5.490000000000000000e+02 3.869232050722595204e+02 0.000000000000000000e+00 0.000000000000000000e+00
5.500000000000000000e+02 3.885173073371679493e+02 0.000000000000000000e+00 0.000000000000000000e+00
5.510000000000000000e+02 3.884946335507484605e+02 0.000000000000000000e+00 0.000000000000000000e+00
5.520000000000000000e+02 3.893339099000182273e+02 0.000000000000000000e+00 0.000000000000000000e+00
5.530000000000000000e+02 3.907144956004245273e+02 0.000000000000000000e+00 0.000000000000000000e+00
5.540000000000000000e+02 3.919793099950410351e+02 0.000000000000000000e+00 0.000000000000000000e+00
5.550000000000000000e+02 3.928406111129466467e+02 0.000000000000000000e+00 0.000000000000000000e+00
5.560000000000000000e+02 3.946622941212501701e+02 0.000000000000000000e+00 0.000000000000000000e+00
5.570000000000000000e+02 3.960222640960996046e+02 0.000000000000000000e+00 0.000000000000000000e+00
5.580000000000000000e+02 3.963381716910775481e+02 0.000000000000000000e+00 0.000000000000000000e+00
5.590000000000000000e+02 3.969900736556829202e+02 0.000000000000000000e+00 0.000000000000000000e+00
5.600000000000000000e+02 3.981154204062538042e+02 0.000000000000000000e+00 0.000000000000000000e+00
5.610000000000000000e+02 3.986848108708887821e+02 0.000000000000000000e+00 0.000000000000000000e+00
5.620000000000000000e+02 3.999816077303298698e+02 0.000000000000000000e+00 0.000000000000000000e+00
5.630000000000000000e+02 4.015078124867224005e+02 0.000000000000000000e+00 0.000000000000000000e+00
5.640000000000000000e+02 4.013082072557290303e+02 0.000000000000000000e+00 0.000000000000000000e+00
5.650000000000000000e+02 4.025200910455178018e+02 1.000000000000000000e+00 0.000000000000000000e+00
5.660000000000000000e+02 4.032269296406256558e+02 0.000000000000000000e+00 0.000000000000000000e+00
5.670000000000000000e+02 4.046051434133507314e+02 0.000000000000000000e+00 0.000000000000000000e+00
5.680000000000000000e+02 4.040560839633139381e+02 1.000000000000000000e+00 0.000000000000000000e+00
5.690000000000000000e+02 4.054669486322486591e+02 0.000000000000000000e+00 0.000000000000000000e+00
5.700000000000000000e+02 4.058723329162299365e+02 0.000000000000000000e+00 0.000000000000000000e+00
5.710000000000000000e+02 4.071125930614902018e+02 0.000000000000000000e+00 0.000000000000000000e+00
5.720000000000000000e+02 4.081911298340907024e+02 0.000000000000000000e+00 0.000000000000000000e+00
5.730000000000000000e+02 4.100924489118509655e+02 0.000000000000000000e+00 0.000000000000000000e+00
5.740000000000000000e+02 4.096117835399643354e+02 0.000000000000000000e+00 0.000000000000000000e+00
5.750000000000000000e+02 4.103130403373173749e+02 0.000000000000000000e+00 0.000000000000000000e+00
5.760000000000000000e+02 4.123218060916093464e+02 0.000000000000000000e+00 0.000000000000000000e+00
5.770000000000000000e+02 4.124747809966675618e+02 0.000000000000000000e+00 0.000000000000000000e+00
5.780000000000000000e+02 4.144939471010659418e+02 0.000000000000000000e+00 0.000000000000000000e+00
5.790000000000000000e+02 4.143672152022140835e+02 0.000000000000000000e+00 0.000000000000000000e+00
5.800000000000000000e+02 4.167461800381780677e+02 0.000000000000000000e+00 0.000000000000000000e+00
5.810000000000000000e+02 4.167124409496481690e+02 0.000000000000000000e+00 0.000000000000000000e+00
5.820000000000000000e+02 4.181708985616865561e+02 0.000000000000000000e+00 0.000000000000000000e+00
5.830000000000000000e+02 4.186574358280050205e+02 0.000000000000000000e+00 0.000000000000000000e+00
5.840000000000000000e+02 4.174839767467654497e+02 2.000000000000000000e+00 0.000000000000000000e+00
5.850000000000000000e+02 4.190619322351886353e+02 0.000000000000000000e+00 0.000000000000000000e+00
5.860000000000000000e+02 4.205176624141513457e+02 0.000000000000000000e+00 0.000000000000000000e+00
5.870000000000000000e+02 4.213874448141922926e+02 0.000000000000000000e+00 0.000000000000000000e+00
5.880000000000000000e+02 4.222243738459508222e+02 0.000000000000000000e+00 0.000000000000000000e+00
5.890000000000000000e+02 4.232874132774520604e+02 0.000000000000000000e+00 0.000000000000000000e+00
5.900000000000000000e+02 4.249155153832641076e+02 0.000000000000000000e+00 0.000000000000000000e+00
5.910000000000000000e+02 4.246633444780441664e+02 0.000000000000000000e+00 0.000000000000000000e+00
5.920000000000000000e+02 4.254558226219511425e+02 0.000000000000000000e+00 0.000000000000000000e+00
5.930000000000000000e+02 4.270919926483738891e+02 0.000000000000000000e+00 0.000000000000000000e+00
5.940000000000000000e+02 4.271912383248645142e+02 0.000000000000000000e+00 0.000000000000000000e+00
5.950000000000000000e+02 4.287565761046317334e+02 0.000000000000000000e+00 0.000000000000000000e+00
5.960000000000000000e+02 4.304302632250339684e+02 0.000000000000000000e+00 0.000000000000000000e+00
5.970000000000000000e+02 4.314541799171470302e+02 0.000000000000000000e+00 0.000000000000000000e+00
5.980000000000000000e+02 4.323876369092612322e+02 0.000000000000000000e+00 0.000000000000000000e+00
5.990000000000000000e+02 4.330271341669525782e+02 0.000000000000000000e+00 0.000000000000000000e+00
6.000000000000000000e+02 4.341469135529314940e+02 0.000000000000000000e+00 0.000000000000000000e+00
6.010000000000000000e+02 4.347812100992899218e+02 0.000000000000000000e+00 0.000000000000000000e+00
6.020000000000000000e+02 4.369567589792960689e+02 0.000000000000000000e+00 0.000000000000000000e+00
6.030000000000000000e+02 4.363471753347621416e+02 0.000000000000000000e+00 0.000000000000000000e+00
6.040000000000000000e+02 4.385537888031228704e+02 0.000000000000000000e+00 0.000000000000000000e+00
6.050000000000000000e+02 4.387137291975393509e+02 0.000000000000000000e+00 0.000000000000000000e+00
6.060000000000000000e+02 4.394406297018085183e+02 0.000000000000000000e+00 0.000000000000000000e+00
6.070000000000000000e+02 4.411142755475993340e+02 0.000000000000000000e+00 0.000000000000000000e+00
6.080000000000000000e+02 4.414512038387890698e+02 0.000000000000000000e+00 0.000000000000000000e+00
6.090000000000000000e+02 4.436847652979852796e+02 0.000000000000000000e+00 0.000000000000000000e+00
6.100000000000000000e+02 4.427035682103914382e+02 2.000000000000000000e+00 0.000000000000000000e+00
6.110000000000000000e+02 4.412713494230220590e+02 2.000000000000000000e+00 0.000000000000000000e+00
6.120000000000000000e+02 4.426398923615537342e+02 0.000000000000000000e+00 0.000000000000000000e+00
6.130000000000000000e+02 4.431632582564026279e+02 0.000000000000000000e+00 0.000000000000000000e+00
6.140000000000000000e+02 4.440108835275322008e+02 0.000000000000000000e+00 0.000000000000000000e+00
6.150000000000000000e+02 4.454819499925723676e+02 0.000000000000000000e+00 0.000000000000000000e+00
6.160000000000000000e+02 4.452903656516504043e+02 1.000000000000000000e+00 0.000000000000000000e+00
6.170000000000000000e+02 4.429281578612873886e+02 2.000000000000000000e+00 0.000000000000000000e+00
6.180000000000000000e+02 4.430895464290044288e+02 2.000000000000000000e+00 0.000000000000000000e+00
6.190000000000000000e+02 4.438983619230425006e+02 0.000000000000000000e+00 0.000000000000000000e+00
6.200000000000000000e+02 4.449516510352273713e+02 0.000000000000000000e+00 0.000000000000000000e+00
6.210000000000000000e+02 4.456390847932922838e+02 0.000000000000000000e+00 0.000000000000000000e+00
6.220000000000000000e+02 4.474523996649247124e+02 0.000000000000000000e+00 0.000000000000000000e+00
6.230000000000000000e+02 4.483987273077649434e+02 0.000000000000000000e+00 0.000000000000000000e+00
6.240000000000000000e+02 4.488404075422950541e+02 0.000000000000000000e+00 0.000000000000000000e+00
6.250000000000000000e+02 4.502082509884675687e+02 0.000000000000000000e+00 0.000000000000000000e+00
6.260000000000000000e+02 4.510587825530266173e+02 0.000000000000000000e+00 0.000000000000000000e+00
6.270000000000000000e+02 4.527192078447115478e+02 0.000000000000000000e+00 0.000000000000000000e+00
6.280000000000000000e+02 4.525127037971661821e+02 0.000000000000000000e+00 0.000000000000000000e+00
6.290000000000000000e+02 4.535357410603630228e+02 0.000000000000000000e+00 0.000000000000000000e+00
6.300000000000000000e+02 4.554337235529907844e+02 0.000000000000000000e+00 0.000000000000000000e+00
6.310000000000000000e+02 4.552695046317307970e+02 0.000000000000000000e+00 0.000000000000000000e+00
6.320000000000000000e+02 4.574082482631931725e+02 0.000000000000000000e+00 0.000000000000000000e+00
6.330000000000000000e+02 4.578755020013601893e+02 0.000000000000000000e+00 0.000000000000000000e+00
6.340000000000000000e+02 4.594658135068931415e+02 0.000000000000000000e+00 0.000000000000000000e+00
6.350000000000000000e+02 4.606212573503647718e+02 0.000000000000000000e+00 0.000000000000000000e+00
6.360000000000000000e+02 4.594608604254434567e+02 2.000000000000000000e+00 0.000000000000000000e+00
6.370000000000000000e+02 4.581896698002777839e+02 2.000000000000000000e+00 0.000000000000000000e+00
6.380000000000000000e+02 4.591655088301819774e+02 0.000000000000000000e+00 0.000000000000000000e+00
6.390000000000000000e+02 4.598788223472312779e+02 0.000000000000000000e+00 0.000000000000000000e+00
6.400000000000000000e+02 4.611906920459945809e+02 0.000000000000000000e+00 0.000000000000000000e+00
6.410000000000000000e+02 4.618347820338959195e+02 0.000000000000000000e+00 0.000000000000000000e+00
6.420000000000000000e+02 4.629991902090534950e+02 0.000000000000000000e+00 0.000000000000000000e+00
6.430000000000000000e+02 4.635377999750399454e+02 0.000000000000000000e+00 0.000000000000000000e+00
6.440000000000000000e+02 4.658103503335289588e+02 0.000000000000000000e+00 0.000000000000000000e+00
6.450000000000000000e+02 4.660827620085898957e+02 0.000000000000000000e+00 0.000000000000000000e+00
6.460000000000000000e+02 4.672839826925412581e+02 0.000000000000000000e+00 0.000000000000000000e+00
6.470000000000000000e+02 4.672875378586310262e+02 0.000000000000000000e+00 0.000000000000000000e+00
6.480000000000000000e+02 4.686421277153191340e+02 0.000000000000000000e+00 0.000000000000000000e+00
6.490000000000000000e+02 4.686650454651041855e+02 2.000000000000000000e+00 0.000000000000000000e+00
6.500000000000000000e+02 4.690940630515896146e+02 0.000000000000000000e+00 0.000000000000000000e+00
6.510000000000000000e+02 4.690174541592480182e+02 0.000000000000000000e+00 0.000000000000000000e+00
6.520000000000000000e+02 4.712016945315726275e+02 0.000000000000000000e+00 0.000000000000000000e+00
6.530000000000000000e+02 4.716889494208804763e+02 0.000000000000000000e+00 0.000000000000000000e+00
6.540000000000000000e+02 4.728213418276172320e+02 0.000000000000000000e+00 0.000000000000000000e+00
6.550000000000000000e+02 4.741741913896840401e+02 0.000000000000000000e+00 0.000000000000000000e+00
6.560000000000000000e+02 4.729699576070875082e+02 2.000000000000000000e+00 0.000000000000000000e+00
6.570000000000000000e+02 4.725231164667096095e+02 2.000000000000000000e+00 0.000000000000000000e+00
6.580000000000000000e+02 4.712250076114766557e+02 2.000000000000000000e+00 0.000000000000000000e+00
6.590000000000000000e+02 4.713229405069761242e+02 0.000000000000000000e+00 0.000000000000000000e+00
6.600000000000000000e+02 4.736114055880713067e+02 0.000000000000000000e+00 0.000000000000000000e+00
6.610000000000000000e+02 4.733750168294836271e+02 0.000000000000000000e+00 0.000000000000000000e+00
6.620000000000000000e+02 4.753610060210029928e+02 0.000000000000000000e+00 0.000000000000000000e+00
6.630000000000000000e+02 4.738576862979492716e+02 2.000000000000000000e+00 0.000000000000000000e+00
6.640000000000000000e+02 4.752688658252386631e+02 0.000000000000000000e+00 0.000000000000000000e+00
6.650000000000000000e+02 4.758322429725920415e+02 0.000000000000000000e+00 0.000000000000000000e+00
6.660000000000000000e+02 4.762569234726270224e+02 0.000000000000000000e+00 0.000000000000000000e+00
6.670000000000000000e+02 4.783818044547361410e+02 0.000000000000000000e+00 0.000000000000000000e+00
6.680000000000000000e+02 4.788642051148732435e+02 0.000000000000000000e+00 0.000000000000000000e+00
6.690000000000000000e+02 4.799497864337657234e+02 0.000000000000000000e+00 0.000000000000000000e+00
6.700000000000000000e+02 4.802536373717504148e+02 0.000000000000000000e+00 0.000000000000000000e+00
6.710000000000000000e+02 4.824857453733557691e+02 0.000000000000000000e+00 0.000000000000000000e+00
6.720000000000000000e+02 4.816665527342104838e+02 2.000000000000000000e+00 0.000000000000000000e+00
6.730000000000000000e+02 4.813156264514880718e+02 0.000000000000000000e+00 0.000000000000000000e+00
6.740000000000000000e+02 4.838734800627240702e+02 0.000000000000000000e+00 0.000000000000000000e+00
6.750000000000000000e+02 4.816136799026886592e+02 2.000000000000000000e+00 0.000000000000000000e+00
6.760000000000000000e+02 4.812552293498329163e+02 2.000000000000000000e+00 0.000000000000000000e+00
6.770000000000000000e+02 4.816725384760177917e+02 1.000000000000000000e+00 0.000000000000000000e+00
6.780000000000000000e+02 4.821355204310145837e+02 0.000000000000000000e+00 0.000000000000000000e+00
6.790000000000000000e+02 4.838291275331602606e+02 0.000000000000000000e+00 0.000000000000000000e+00
6.800000000000000000e+02 4.843812754983853779e+02 0.000000000000000000e+00 0.000000000000000000e+00
6.810000000000000000e+02 4.847479804309374458e+02 0.000000000000000000e+00 0.000000000000000000e+00
6.820000000000000000e+02 4.860917173052646945e+02 0.000000000000000000e+00 0.000000000000000000e+00
6.830000000000000000e+02 4.874217724848867874e+02 0.000000000000000000e+00 0.000000000000000000e+00
6.840000000000000000e+02 4.878524473091411551e+02 0.000000000000000000e+00 0.000000000000000000e+00
6.850000000000000000e+02 4.887095449291177829e+02 0.000000000000000000e+00 0.000000000000000000e+00
6.860000000000000000e+02 4.904644772187647845e+02 0.000000000000000000e+00 0.000000000000000000e+00
6.870000000000000000e+02 4.915996163758537136e+02 0.000000000000000000e+00 0.000000000000000000e+00
6.880000000000000000e+02 4.916167089172495821e+02 0.000000000000000000e+00 0.000000000000000000e+00
6.890000000000000000e+02 4.932010362098102405e+02 0.000000000000000000e+00 0.000000000000000000e+00
6.900000000000000000e+02 4.933079920796093916e+02 1.000000000000000000e+00 0.000000000000000000e+00
6.910000000000000000e+02 4.931106680246594465e+02 0.000000000000000000e+00 0.000000000000000000e+00
6.920000000000000000e+02 4.947441870118059910e+02 0.000000000000000000e+00 0.000000000000000000e+00
6.930000000000000000e+02 4.964477114964230964e+02 0.000000000000000000e+00 0.000000000000000000e+00
6.940000000000000000e+02 4.949578932898072594e+02 2.000000000000000000e+00 0.000000000000000000e+00
6.950000000000000000e+02 4.963310622399988006e+02 0.000000000000000000e+00 0.000000000000000000e+00
6.960000000000000000e+02 4.966609722772016084e+02 0.000000000000000000e+00 0.000000000000000000e+00
6.970000000000000000e+02 4.977266600007352508e+02 0.000000000000000000e+00 0.000000000000000000e+00
6.980000000000000000e+02 4.991301022802657599e+02 0.000000000000000000e+00 0.000000000000000000e+00
6.990000000000000000e+02 4.995199554827576662e+02 0.000000000000000000e+00 0.000000000000000000e+00
7.000000000000000000e+02 5.018311022744070442e+02 0.000000000000000000e+00 0.000000000000000000e+00
7.010000000000000000e+02 5.028880635088823965e+02 0.000000000000000000e+00 0.000000000000000000e+00
7.020000000000000000e+02 5.036480771467482214e+02 0.000000000000000000e+00 0.000000000000000000e+00
7.030000000000000000e+02 5.040372876811869105e+02 0.000000000000000000e+00 0.000000000000000000e+00
7.040000000000000000e+02 5.055817927127819758e+02 0.000000000000000000e+00 0.000000000000000000e+00
7.050000000000000000e+02 5.053735482901882961e+02 0.000000000000000000e+00 0.000000000000000000e+00
7.060000000000000000e+02 5.074878779031781164e+02 0.000000000000000000e+00 0.000000000000000000e+00
7.070000000000000000e+02 5.081790183517498463e+02 0.000000000000000000e+00 0.000000000000000000e+00
7.080000000000000000e+02 5.098257783810858541e+02 0.000000000000000000e+00 0.000000000000000000e+00
7.090000000000000000e+02 5.097364948928513968e+02 0.000000000000000000e+00 0.000000000000000000e+00
7.100000000000000000e+02 5.111977105672738730e+02 0.000000000000000000e+00 0.000000000000000000e+00
7.110000000000000000e+02 5.113722731569623079e+02 0.000000000000000000e+00 0.000000000000000000e+00
7.120000000000000000e+02 5.127159997832225145e+02 0.000000000000000000e+00 0.000000000000000000e+00
7.130000000000000000e+02 5.146345116910506476e+02 0.000000000000000000e+00 0.000000000000000000e+00
7.140000000000000000e+02 5.148592699397681827e+02 0.000000000000000000e+00 0.000000000000000000e+00
7.150000000000000000e+02 5.151071469980730626e+02 1.000000000000000000e+00 0.000000000000000000e+00
7.160000000000000000e+02 5.162938889243827134e+02 0.000000000000000000e+00 0.000000000000000000e+00
7.170000000000000000e+02 5.164668827777506976e+02 0.000000000000000000e+00 0.000000000000000000e+00
7.180000000000000000e+02 5.189507552307900369e+02 0.000000000000000000e+00 0.000000000000000000e+00
7.190000000000000000e+02 5.198823324806004393e+02 0.000000000000000000e+00 0.000000000000000000e+00
7.200000000000000000e+02 5.191870286123657934e+02 0.000000000000000000e+00 0.000000000000000000e+00
7.210000000000000000e+02 5.210571248898920658e+02 0.000000000000000000e+00 0.000000000000000000e+00
7.220000000000000000e+02 5.214346029797401343e+02 0.000000000000000000e+00 0.000000000000000000e+00
7.230000000000000000e+02 5.234259699308104246e+02 0.000000000000000000e+00 0.000000000000000000e+00
7.240000000000000000e+02 5.237935653763079245e+02 0.000000000000000000e+00 0.000000000000000000e+00
7.250000000000000000e+02 5.228340415125886693e+02 2.000000000000000000e+00 0.000000000000000000e+00
7.260000000000000000e+02 5.221107608073274378e+02 1.000000000000000000e+00 0.000000000000000000e+00
7.270000000000000000e+02 5.246541406358603581e+02 0.000000000000000000e+00 0.000000000000000000e+00
7.280000000000000000e+02 5.252493911387113030e+02 0.000000000000000000e+00 0.000000000000000000e+00
7.290000000000000000e+02 5.265557960100256878e+02 0.000000000000000000e+00 0.000000000000000000e+00
7.300000000000000000e+02 5.270353784596711648e+02 0.000000000000000000e+00 0.000000000000000000e+00
7.310000000000000000e+02 5.285439236236957186e+02 0.000000000000000000e+00 0.000000000000000000e+00
7.320000000000000000e+02 5.291388401452975359e+02 0.000000000000000000e+00 0.000000000000000000e+00
7.330000000000000000e+02 5.293885695523572394e+02 0.000000000000000000e+00 0.000000000000000000e+00
7.340000000000000000e+02 5.308528400424038409e+02 0.000000000000000000e+00 0.000000000000000000e+00
7.350000000000000000e+02 5.322215782848253411e+02 0.000000000000000000e+00 0.000000000000000000e+00
7.360000000000000000e+02 5.329406396727671336e+02 0.000000000000000000e+00 0.000000000000000000e+00
7.370000000000000000e+02 5.338499768396560512e+02 0.000000000000000000e+00 0.000000000000000000e+00
7.380000000000000000e+02 5.357077171888309977e+02 0.000000000000000000e+00 0.000000000000000000e+00
7.390000000000000000e+02 5.352120151789401916e+02 0.000000000000000000e+00 0.000000000000000000e+00
7.400000000000000000e+02 5.370423835568607274e+02 0.000000000000000000e+00 0.000000000000000000e+00
7.410000000000000000e+02 5.385702692015687489e+02 0.000000000000000000e+00 0.000000000000000000e+00
7.420000000000000000e+02 5.384107716494669376e+02 0.000000000000000000e+00 0.000000000000000000e+00
7.430000000000000000e+02 5.389890594652235905e+02 0.000000000000000000e+00 0.000000000000000000e+00
7.440000000000000000e+02 5.411804175560839667e+02 0.000000000000000000e+00 0.000000000000000000e+00
7.450000000000000000e+02 5.417167900244720613e+02 0.000000000000000000e+00 0.000000000000000000e+00
7.460000000000000000e+02 5.425916046258862480e+02 0.000000000000000000e+00 0.000000000000000000e+00
7.470000000000000000e+02 5.444885292566099224e+02 0.000000000000000000e+00 0.000000000000000000e+00
7.480000000000000000e+02 5.436174701797797297e+02 1.000000000000000000e+00 0.000000000000000000e+00
7.490000000000000000e+02 5.443752057761971628e+02 0.000000000000000000e+00 0.000000000000000000e+00
7.500000000000000000e+02 5.469111906373158263e+02 0.000000000000000000e+00 0.000000000000000000e+00
7.510000000000000000e+02 5.475172873129909021e+02 0.000000000000000000e+00 0.000000000000000000e+00
7.520000000000000000e+02 5.479671719473699341e+02 0.000000000000000000e+00 0.000000000000000000e+00
7.530000000000000000e+02 5.486617886888550402e+02 0.000000000000000000e+00 0.000000000000000000e+00
7.540000000000000000e+02 5.508181730800675950e+02 0.000000000000000000e+00 0.000000000000000000e+00
7.550000000000000000e+02 5.507054926936762058e+02 0.000000000000000000e+00 0.000000000000000000e+00
7.560000000000000000e+02 5.518066224794719119e+02 0.000000000000000000e+00 0.000000000000000000e+00
7.570000000000000000e+02 5.535040239805065312e+02 0.000000000000000000e+00 0.000000000000000000e+00
7.580000000000000000e+02 5.548443530301672126e+02 0.000000000000000000e+00 0.000000000000000000e+00
7.590000000000000000e+02 5.542285335144460987e+02 1.000000000000000000e+00 0.000000000000000000e+00
7.600000000000000000e+02 5.554702571945131240e+02 0.000000000000000000e+00 0.000000000000000000e+00
7.610000000000000000e+02 5.558856394321973085e+02 0.000000000000000000e+00 0.000000000000000000e+00
7.620000000000000000e+02 5.560145613766160295e+02 0.000000000000000000e+00 0.000000000000000000e+00
7.630000000000000000e+02 5.581190641590383166e+02 0.000000000000000000e+00 0.000000000000000000e+00
7.640000000000000000e+02 5.601880169565183678e+02 0.000000000000000000e+00 0.000000000000000000e+00
7.650000000000000000e+02 5.589608542638222843e+02 0.000000000000000000e+00 0.000000000000000000e+00
7.660000000000000000e+02 5.615789830372422102e+02 0.000000000000000000e+00 0.000000000000000000e+00
7.670000000000000000e+02 5.627167727284517014e+02 0.000000000000000000e+00 0.000000000000000000e+00
7.680000000000000000e+02 5.628855765129879956e+02 0.000000000000000000e+00 0.000000000000000000e+00
7.690000000000000000e+02 5.647673452008807544e+02 0.000000000000000000e+00 0.000000000000000000e+00
7.700000000000000000e+02 5.643553438012233983e+02 0.000000000000000000e+00 0.000000000000000000e+00
7.710000000000000000e+02 5.660682056078659343e+02 0.000000000000000000e+00 0.000000000000000000e+00
7.720000000000000000e+02 5.673116238334916943e+02 0.000000000000000000e+00 0.000000000000000000e+00
7.730000000000000000e+02 5.682397813902591679e+02 0.000000000000000000e+00 0.000000000000000000e+00
7.740000000000000000e+02 5.678487562213774709e+02 0.000000000000000000e+00 0.000000000000000000e+00
7.750000000000000000e+02 5.704711799564587409e+02 0.000000000000000000e+00 0.000000000000000000e+00
7.760000000000000000e+02 5.708769266066723276e+02 0.000000000000000000e+00 0.000000000000000000e+00
7.770000000000000000e+02 5.723955960017922280e+02 0.000000000000000000e+00 0.000000000000000000e+00
7.780000000000000000e+02 5.740695200543882493e+02 0.000000000000000000e+00 0.000000000000000000e+00
7.790000000000000000e+02 5.733736318420367297e+02 0.000000000000000000e+00 0.000000000000000000e+00
7.800000000000000000e+02 5.750605826843365094e+02 0.000000000000000000e+00 0.000000000000000000e+00
7.810000000000000000e+02 5.764939457842586989e+02 0.000000000000000000e+00 0.000000000000000000e+00
7.820000000000000000e+02 5.765094794353851739e+02 0.000000000000000000e+00 0.000000000000000000e+00
7.830000000000000000e+02 5.762497837533852589e+02 2.000000000000000000e+00 0.000000000000000000e+00
7.840000000000000000e+02 5.757106734568286583e+02 1.000000000000000000e+00 0.000000000000000000e+00
7.850000000000000000e+02 5.770872334611273118e+02 0.000000000000000000e+00 0.000000000000000000e+00
7.860000000000000000e+02 5.773947990016544054e+02 0.000000000000000000e+00 0.000000000000000000e+00
7.870000000000000000e+02 5.787344983221602206e+02 0.000000000000000000e+00 0.000000000000000000e+00
7.880000000000000000e+02 5.782633251674587882e+02 1.000000000000000000e+00 0.000000000000000000e+00
7.890000000000000000e+02 5.798170620111437756e+02 1.000000000000000000e+00 0.000000000000000000e+00
7.900000000000000000e+02 5.799338593441223111e+02 0.000000000000000000e+00 0.000000000000000000e+00
7.910000000000000000e+02 5.816334746705451835e+02 0.000000000000000000e+00 0.000000000000000000e+00
7.920000000000000000e+02 5.820010146656826464e+02 0.000000000000000000e+00 0.000000000000000000e+00
7.930000000000000000e+02 5.829475752510525126e+02 0.000000000000000000e+00 0.000000000000000000e+00
7.940000000000000000e+02 5.821183195272344619e+02 2.000000000000000000e+00 0.000000000000000000e+00
7.950000000000000000e+02 5.832280946195610341e+02 0.000000000000000000e+00 0.000000000000000000e+00
7.960000000000000000e+02 5.837479250976999765e+02 0.000000000000000000e+00 0.000000000000000000e+00
7.970000000000000000e+02 5.846926026118514983e+02 0.000000000000000000e+00 0.000000000000000000e+00
7.980000000000000000e+02 5.860034287643236439e+02 0.000000000000000000e+00 0.000000000000000000e+00
7.990000000000000000e+02 5.873353578806173800e+02 0.000000000000000000e+00 0.000000000000000000e+00
8.000000000000000000e+02 5.882560061719826763e+02 0.000000000000000000e+00 0.000000000000000000e+00
