time	position	state	ATP_bound
1.000000000000000000e+00 1.017888952130745261e+00 0.000000000000000000e+00 0.000000000000000000e+00
2.000000000000000000e+00 2.287368026347899708e+00 0.000000000000000000e+00 0.000000000000000000e+00
3.000000000000000000e+00 2.902584876495351462e+00 0.000000000000000000e+00 0.000000000000000000e+00
4.000000000000000000e+00 2.226352770617595400e+00 2.000000000000000000e+00 0.000000000000000000e+00
5.000000000000000000e+00 1.268449516487101025e+00 2.000000000000000000e+00 0.000000000000000000e+00
6.000000000000000000e+00 0.000000000000000000e+00 2.000000000000000000e+00 0.000000000000000000e+00
7.000000000000000000e+00 0.000000000000000000e+00 1.000000000000000000e+00 0.000000000000000000e+00
8.000000000000000000e+00 4.932021442255971611e-01 0.000000000000000000e+00 0.000000000000000000e+00
9.000000000000000000e+00 2.396564420393364259e+00 0.000000000000000000e+00 0.000000000000000000e+00
1.000000000000000000e+01 2.838295452456934598e+00 0.000000000000000000e+00 0.000000000000000000e+00
1.100000000000000000e+01 4.103154370861513023e+00 0.000000000000000000e+00 0.000000000000000000e+00
1.200000000000000000e+01 5.283709384040013113e+00 0.000000000000000000e+00 0.000000000000000000e+00
1.300000000000000000e+01 5.558793075514108395e+00 0.000000000000000000e+00 0.000000000000000000e+00
1.400000000000000000e+01 6.436661508830987977e+00 1.000000000000000000e+00 0.000000000000000000e+00
1.500000000000000000e+01 8.061308850208400045e+00 0.000000000000000000e+00 0.000000000000000000e+00
1.600000000000000000e+01 7.569842339866252878e+00 0.000000000000000000e+00 0.000000000000000000e+00
1.700000000000000000e+01 9.390679680671906837e+00 0.000000000000000000e+00 0.000000000000000000e+00
1.800000000000000000e+01 1.003365084768556947e+01 0.000000000000000000e+00 0.000000000000000000e+00
1.900000000000000000e+01 9.619137462452647114e+00 1.000000000000000000e+00 0.000000000000000000e+00
2.000000000000000000e+01 1.080273539945707739e+01 0.000000000000000000e+00 0.000000000000000000e+00
2.100000000000000000e+01 1.000639356262706237e+01 2.000000000000000000e+00 0.000000000000000000e+00
2.200000000000000000e+01 1.115244680010570022e+01 0.000000000000000000e+00 0.000000000000000000e+00
2.300000000000000000e+01 1.274509397860656534e+01 0.000000000000000000e+00 0.000000000000000000e+00
2.400000000000000000e+01 1.111812358428733383e+01 2.000000000000000000e+00 0.000000000000000000e+00
2.500000000000000000e+01 1.266789399306142272e+01 0.000000000000000000e+00 0.000000000000000000e+00
2.600000000000000000e+01 1.403514524177259659e+01 0.000000000000000000e+00 0.000000000000000000e+00
2.700000000000000000e+01 1.368006530797535802e+01 1.000000000000000000e+00 0.000000000000000000e+00
2.800000000000000000e+01 1.372467120815358399e+01 0.000000000000000000e+00 0.000000000000000000e+00
2.900000000000000000e+01 1.340485658531683377e+01 2.000000000000000000e+00 0.000000000000000000e+00
3.000000000000000000e+01 1.281739622309854454e+01 1.000000000000000000e+00 0.000000000000000000e+00
3.100000000000000000e+01 1.450068238929657838e+01 0.000000000000000000e+00 0.000000000000000000e+00
3.200000000000000000e+01 1.596169742254942570e+01 0.000000000000000000e+00 0.000000000000000000e+00
3.300000000000000000e+01 1.411288009525612175e+01 2.000000000000000000e+00 0.000000000000000000e+00
3.400000000000000000e+01 1.505643001186589380e+01 0.000000000000000000e+00 0.000000000000000000e+00
3.500000000000000000e+01 1.553839442633802292e+01 0.000000000000000000e+00 0.000000000000000000e+00
3.600000000000000000e+01 1.700364156350350342e+01 0.000000000000000000e+00 0.000000000000000000e+00
3.700000000000000000e+01 1.712431917854475572e+01 0.000000000000000000e+00 0.000000000000000000e+00
3.800000000000000000e+01 1.848355603769525857e+01 0.000000000000000000e+00 0.000000000000000000e+00
3.900000000000000000e+01 2.070589095258046441e+01 0.000000000000000000e+00 0.000000000000000000e+00
4.000000000000000000e+01 1.996253506926805699e+01 1.000000000000000000e+00 0.000000000000000000e+00
4.100000000000000000e+01 1.907208723505660330e+01 2.000000000000000000e+00 0.000000000000000000e+00
4.200000000000000000e+01 2.007068534260549342e+01 0.000000000000000000e+00 0.000000000000000000e+00
4.300000000000000000e+01 2.008986766342002639e+01 1.000000000000000000e+00 0.000000000000000000e+00
4.400000000000000000e+01 2.144221845572387508e+01 0.000000000000000000e+00 0.000000000000000000e+00
4.500000000000000000e+01 2.217429841683548730e+01 0.000000000000000000e+00 0.000000000000000000e+00
4.600000000000000000e+01 2.127351270232511027e+01 1.000000000000000000e+00 0.000000000000000000e+00
4.700000000000000000e+01 2.024678287085211181e+01 2.000000000000000000e+00 0.000000000000000000e+00
4.800000000000000000e+01 1.978026185269765946e+01 2.000000000000000000e+00 0.000000000000000000e+00
4.900000000000000000e+01 2.177578704045319213e+01 0.000000000000000000e+00 0.000000000000000000e+00
5.000000000000000000e+01 2.157585359947123038e+01 0.000000000000000000e+00 0.000000000000000000e+00
5.100000000000000000e+01 2.250543078010908360e+01 0.000000000000000000e+00 0.000000000000000000e+00
5.200000000000000000e+01 2.446670691534676223e+01 0.000000000000000000e+00 0.000000000000000000e+00
5.300000000000000000e+01 2.466300855522677082e+01 0.000000000000000000e+00 0.000000000000000000e+00
5.400000000000000000e+01 2.576545283588005830e+01 0.000000000000000000e+00 0.000000000000000000e+00
5.500000000000000000e+01 2.714820687449088865e+01 0.000000000000000000e+00 0.000000000000000000e+00
5.600000000000000000e+01 2.762512124662072210e+01 1.000000000000000000e+00 0.000000000000000000e+00
5.700000000000000000e+01 2.872087825726050170e+01 0.000000000000000000e+00 0.000000000000000000e+00
5.800000000000000000e+01 2.956827304594606431e+01 0.000000000000000000e+00 0.000000000000000000e+00
5.900000000000000000e+01 2.787860009663679506e+01 2.000000000000000000e+00 0.000000000000000000e+00
6.000000000000000000e+01 2.816484580213773015e+01 1.000000000000000000e+00 0.000000000000000000e+00
6.100000000000000000e+01 2.868339460249012163e+01 0.000000000000000000e+00 0.000000000000000000e+00
6.200000000000000000e+01 2.966879799814362428e+01 0.000000000000000000e+00 0.000000000000000000e+00
6.300000000000000000e+01 3.005180113097909000e+01 0.000000000000000000e+00 0.000000000000000000e+00
6.400000000000000000e+01 2.954418856802130477e+01 2.000000000000000000e+00 0.000000000000000000e+00
6.500000000000000000e+01 2.820972733099432972e+01 2.000000000000000000e+00 0.000000000000000000e+00
6.600000000000000000e+01 3.019052193096300130e+01 0.000000000000000000e+00 0.000000000000000000e+00
6.700000000000000000e+01 3.165528820877745275e+01 0.000000000000000000e+00 0.000000000000000000e+00
6.800000000000000000e+01 2.992584782237945262e+01 2.000000000000000000e+00 0.000000000000000000e+00
6.900000000000000000e+01 2.902105920613193391e+01 2.000000000000000000e+00 0.000000000000000000e+00
7.000000000000000000e+01 2.793350276506998142e+01 2.000000000000000000e+00 0.000000000000000000e+00
7.100000000000000000e+01 2.929834651143831437e+01 0.000000000000000000e+00 0.000000000000000000e+00
7.200000000000000000e+01 2.751992521985078710e+01 2.000000000000000000e+00 0.000000000000000000e+00
7.300000000000000000e+01 2.865163309010010551e+01 1.000000000000000000e+00 0.000000000000000000e+00
7.400000000000000000e+01 2.901516427760445893e+01 0.000000000000000000e+00 0.000000000000000000e+00
7.500000000000000000e+01 3.031387559511432173e+01 0.000000000000000000e+00 0.000000000000000000e+00
7.600000000000000000e+01 3.066116561702369836e+01 0.000000000000000000e+00 0.000000000000000000e+00
7.700000000000000000e+01 3.231894577002412916e+01 0.000000000000000000e+00 0.000000000000000000e+00
7.800000000000000000e+01 3.224695437702769141e+01 1.000000000000000000e+00 0.000000000000000000e+00
7.900000000000000000e+01 3.382161863442860295e+01 0.000000000000000000e+00 0.000000000000000000e+00
8.000000000000000000e+01 3.451166532833666167e+01 0.000000000000000000e+00 0.000000000000000000e+00
8.100000000000000000e+01 3.547962453086464762e+01 0.000000000000000000e+00 0.000000000000000000e+00
8.200000000000000000e+01 3.607458451201048888e+01 0.000000000000000000e+00 0.000000000000000000e+00
8.300000000000000000e+01 3.590626419745291997e+01 1.000000000000000000e+00 0.000000000000000000e+00
8.400000000000000000e+01 3.642318083859009192e+01 0.000000000000000000e+00 0.000000000000000000e+00
8.500000000000000000e+01 3.764201809104356045e+01 0.000000000000000000e+00 0.000000000000000000e+00
8.600000000000000000e+01 3.874785567856059032e+01 0.000000000000000000e+00 0.000000000000000000e+00
8.700000000000000000e+01 3.790524483269247469e+01 2.000000000000000000e+00 0.000000000000000000e+00
8.800000000000000000e+01 3.895269236760815090e+01 0.000000000000000000e+00 0.000000000000000000e+00
8.900000000000000000e+01 4.038402084733413488e+01 0.000000000000000000e+00 0.000000000000000000e+00
9.000000000000000000e+01 4.144667242457321521e+01 0.000000000000000000e+00 0.000000000000000000e+00
9.100000000000000000e+01 4.221933413533166402e+01 0.000000000000000000e+00 0.000000000000000000e+00
9.200000000000000000e+01 4.240443494652421208e+01 1.000000000000000000e+00 0.000000000000000000e+00
9.300000000000000000e+01 4.175713208929511921e+01 1.000000000000000000e+00 0.000000000000000000e+00
9.400000000000000000e+01 4.226775969093666419e+01 1.000000000000000000e+00 0.000000000000000000e+00
9.500000000000000000e+01 4.156427760616787737e+01 1.000000000000000000e+00 0.000000000000000000e+00
9.600000000000000000e+01 4.278113238765050141e+01 0.000000000000000000e+00 0.000000000000000000e+00
9.700000000000000000e+01 4.368336451798857922e+01 0.000000000000000000e+00 0.000000000000000000e+00
9.800000000000000000e+01 4.549603090158801422e+01 0.000000000000000000e+00 0.000000000000000000e+00
9.900000000000000000e+01 4.397740045734349223e+01 2.000000000000000000e+00 0.000000000000000000e+00
1.000000000000000000e+02 4.315450435407677787e+01 2.000000000000000000e+00 0.000000000000000000e+00
1.010000000000000000e+02 4.387651186386517566e+01 0.000000000000000000e+00 0.000000000000000000e+00
1.020000000000000000e+02 4.478521759346916298e+01 0.000000000000000000e+00 0.000000000000000000e+00
1.030000000000000000e+02 4.398291219250052819e+01 2.000000000000000000e+00 0.000000000000000000e+00
1.040000000000000000e+02 4.477604833191988121e+01 0.000000000000000000e+00 0.000000000000000000e+00
1.050000000000000000e+02 4.584681746816193026e+01 0.000000000000000000e+00 0.000000000000000000e+00
1.060000000000000000e+02 4.634983635659498447e+01 0.000000000000000000e+00 0.000000000000000000e+00
1.070000000000000000e+02 4.610192435507691044e+01 1.000000000000000000e+00 0.000000000000000000e+00
1.080000000000000000e+02 4.738135982079778330e+01 0.000000000000000000e+00 0.000000000000000000e+00
1.090000000000000000e+02 4.742481375369651175e+01 2.000000000000000000e+00 0.000000000000000000e+00
1.100000000000000000e+02 4.787791600218368870e+01 0.000000000000000000e+00 0.000000000000000000e+00
1.110000000000000000e+02 4.729675586594429149e+01 1.000000000000000000e+00 0.000000000000000000e+00
1.120000000000000000e+02 4.887954444755268213e+01 0.000000000000000000e+00 0.000000000000000000e+00
1.130000000000000000e+02 5.036925693231375334e+01 0.000000000000000000e+00 0.000000000000000000e+00
1.140000000000000000e+02 4.973181435639379089e+01 1.000000000000000000e+00 0.000000000000000000e+00
1.150000000000000000e+02 4.956696206248000180e+01 2.000000000000000000e+00 0.000000000000000000e+00
1.160000000000000000e+02 5.036683247806116981e+01 0.000000000000000000e+00 0.000000000000000000e+00
1.170000000000000000e+02 5.031737824565399109e+01 0.000000000000000000e+00 0.000000000000000000e+00
1.180000000000000000e+02 5.139907899617654863e+01 0.000000000000000000e+00 0.000000000000000000e+00
1.190000000000000000e+02 5.201308311718436528e+01 1.000000000000000000e+00 0.000000000000000000e+00
1.200000000000000000e+02 5.306025678777685783e+01 0.000000000000000000e+00 0.000000000000000000e+00
1.210000000000000000e+02 5.268556892462121510e+01 1.000000000000000000e+00 0.000000000000000000e+00
1.220000000000000000e+02 5.397062577496933500e+01 0.000000000000000000e+00 0.000000000000000000e+00
1.230000000000000000e+02 5.466775761521967070e+01 0.000000000000000000e+00 0.000000000000000000e+00
1.240000000000000000e+02 5.472808324980548633e+01 2.000000000000000000e+00 0.000000000000000000e+00
1.250000000000000000e+02 5.409053924289269588e+01 1.000000000000000000e+00 0.000000000000000000e+00
1.260000000000000000e+02 5.460261647807937635e+01 0.000000000000000000e+00 0.000000000000000000e+00
1.270000000000000000e+02 5.499585911537985083e+01 0.000000000000000000e+00 0.000000000000000000e+00
1.280000000000000000e+02 5.681332553234395988e+01 0.000000000000000000e+00 0.000000000000000000e+00
1.290000000000000000e+02 5.754932955939319328e+01 1.000000000000000000e+00 0.000000000000000000e+00
1.300000000000000000e+02 5.642386282870617720e+01 1.000000000000000000e+00 0.000000000000000000e+00
1.310000000000000000e+02 5.756696259741767818e+01 0.000000000000000000e+00 0.000000000000000000e+00
1.320000000000000000e+02 5.812244280588123502e+01 1.000000000000000000e+00 0.000000000000000000e+00
1.330000000000000000e+02 5.859346570696656187e+01 0.000000000000000000e+00 0.000000000000000000e+00
1.340000000000000000e+02 5.946535199053619891e+01 0.000000000000000000e+00 0.000000000000000000e+00
1.350000000000000000e+02 6.042338548625616568e+01 0.000000000000000000e+00 0.000000000000000000e+00
1.360000000000000000e+02 6.342443404303179477e+01 0.000000000000000000e+00 0.000000000000000000e+00
1.370000000000000000e+02 6.324297863907498396e+01 0.000000000000000000e+00 0.000000000000000000e+00
1.380000000000000000e+02 6.380901160921483495e+01 0.000000000000000000e+00 0.000000000000000000e+00
1.390000000000000000e+02 6.593094333555437458e+01 0.000000000000000000e+00 0.000000000000000000e+00
1.400000000000000000e+02 6.395400106103969762e+01 2.000000000000000000e+00 0.000000000000000000e+00
1.410000000000000000e+02 6.431940412492210157e+01 1.000000000000000000e+00 0.000000000000000000e+00
1.420000000000000000e+02 6.534267703156528739e+01 0.000000000000000000e+00 0.000000000000000000e+00
1.430000000000000000e+02 6.495227970601945344e+01 1.000000000000000000e+00 0.000000000000000000e+00
1.440000000000000000e+02 6.444812589527798252e+01 1.000000000000000000e+00 0.000000000000000000e+00
1.450000000000000000e+02 6.633836423061174514e+01 0.000000000000000000e+00 0.000000000000000000e+00
1.460000000000000000e+02 6.631179348678408303e+01 0.000000000000000000e+00 0.000000000000000000e+00
1.470000000000000000e+02 6.726666468459043813e+01 1.000000000000000000e+00 0.000000000000000000e+00
1.480000000000000000e+02 6.749829666748283330e+01 0.000000000000000000e+00 0.000000000000000000e+00
1.490000000000000000e+02 6.903100391132046809e+01 0.000000000000000000e+00 0.000000000000000000e+00
1.500000000000000000e+02 6.959049212314606336e+01 0.000000000000000000e+00 0.000000000000000000e+00
1.510000000000000000e+02 7.145646258407140294e+01 0.000000000000000000e+00 0.000000000000000000e+00
1.520000000000000000e+02 7.198715932214091140e+01 0.000000000000000000e+00 0.000000000000000000e+00
1.530000000000000000e+02 7.248743909233961347e+01 0.000000000000000000e+00 0.000000000000000000e+00
1.540000000000000000e+02 7.378481293545858932e+01 0.000000000000000000e+00 0.000000000000000000e+00
1.550000000000000000e+02 7.409879886662886861e+01 1.000000000000000000e+00 0.000000000000000000e+00
1.560000000000000000e+02 7.386154642541583826e+01 1.000000000000000000e+00 0.000000000000000000e+00
1.570000000000000000e+02 7.266386120653848479e+01 2.000000000000000000e+00 0.000000000000000000e+00
1.580000000000000000e+02 7.384001330910479055e+01 0.000000000000000000e+00 0.000000000000000000e+00
1.590000000000000000e+02 7.400915343309002026e+01 1.000000000000000000e+00 0.000000000000000000e+00
1.600000000000000000e+02 7.253613419832589670e+01 2.000000000000000000e+00 0.000000000000000000e+00
1.610000000000000000e+02 7.405274071400815217e+01 0.000000000000000000e+00 0.000000000000000000e+00
1.620000000000000000e+02 7.468781259987412113e+01 1.000000000000000000e+00 0.000000000000000000e+00
1.630000000000000000e+02 7.210904494074418380e+01 2.000000000000000000e+00 0.000000000000000000e+00
1.640000000000000000e+02 7.185210026711271780e+01 2.000000000000000000e+00 0.000000000000000000e+00
1.650000000000000000e+02 7.264940586469712969e+01 0.000000000000000000e+00 0.000000000000000000e+00
1.660000000000000000e+02 7.211907661340904951e+01 2.000000000000000000e+00 0.000000000000000000e+00
1.670000000000000000e+02 7.381389768749590985e+01 0.000000000000000000e+00 0.000000000000000000e+00
1.680000000000000000e+02 7.163176539168587453e+01 2.000000000000000000e+00 0.000000000000000000e+00
1.690000000000000000e+02 7.171978585510721871e+01 1.000000000000000000e+00 0.000000000000000000e+00
1.700000000000000000e+02 7.212916169127436206e+01 2.000000000000000000e+00 0.000000000000000000e+00
1.710000000000000000e+02 7.199742778967471679e+01 1.000000000000000000e+00 0.000000000000000000e+00
1.720000000000000000e+02 7.051788195175082308e+01 1.000000000000000000e+00 0.000000000000000000e+00
1.730000000000000000e+02 7.109585792681882310e+01 1.000000000000000000e+00 0.000000000000000000e+00
1.740000000000000000e+02 7.170418579474410592e+01 0.000000000000000000e+00 0.000000000000000000e+00
1.750000000000000000e+02 7.393216253778190605e+01 0.000000000000000000e+00 0.000000000000000000e+00
1.760000000000000000e+02 7.197535999751616487e+01 2.000000000000000000e+00 0.000000000000000000e+00
1.770000000000000000e+02 7.099329801703366627e+01 1.000000000000000000e+00 0.000000000000000000e+00
1.780000000000000000e+02 7.323577025151806197e+01 0.000000000000000000e+00 0.000000000000000000e+00
1.790000000000000000e+02 7.247715425965265013e+01 2.000000000000000000e+00 0.000000000000000000e+00
1.800000000000000000e+02 7.378387138430105097e+01 0.000000000000000000e+00 0.000000000000000000e+00
1.810000000000000000e+02 7.263458656078022102e+01 2.000000000000000000e+00 0.000000000000000000e+00
1.820000000000000000e+02 7.193797702767641056e+01 1.000000000000000000e+00 0.000000000000000000e+00
1.830000000000000000e+02 7.343514908468715419e+01 0.000000000000000000e+00 0.000000000000000000e+00
1.840000000000000000e+02 7.188347838664157052e+01 2.000000000000000000e+00 0.000000000000000000e+00
1.850000000000000000e+02 7.212279260728517727e+01 0.000000000000000000e+00 0.000000000000000000e+00
1.860000000000000000e+02 7.383642929504863162e+01 1.000000000000000000e+00 0.000000000000000000e+00
1.870000000000000000e+02 7.383506166519973135e+01 1.000000000000000000e+00 0.000000000000000000e+00
1.880000000000000000e+02 7.267324096823234925e+01 2.000000000000000000e+00 0.000000000000000000e+00
1.890000000000000000e+02 7.392570885415689474e+01 0.000000000000000000e+00 0.000000000000000000e+00
1.900000000000000000e+02 7.299908495871297021e+01 1.000000000000000000e+00 0.000000000000000000e+00
1.910000000000000000e+02 7.443853732119494282e+01 0.000000000000000000e+00 0.000000000000000000e+00
1.920000000000000000e+02 7.518500094055970351e+01 0.000000000000000000e+00 0.000000000000000000e+00
1.930000000000000000e+02 7.585371047396337474e+01 0.000000000000000000e+00 0.000000000000000000e+00
1.940000000000000000e+02 7.515592225112300184e+01 2.000000000000000000e+00 0.000000000000000000e+00
1.950000000000000000e+02 7.567667211711440700e+01 0.000000000000000000e+00 0.000000000000000000e+00
1.960000000000000000e+02 7.709674259329395341e+01 0.000000000000000000e+00 0.000000000000000000e+00
1.970000000000000000e+02 7.736910190322073788e+01 0.000000000000000000e+00 0.000000000000000000e+00
1.980000000000000000e+02 7.878100946049475795e+01 0.000000000000000000e+00 0.000000000000000000e+00
1.990000000000000000e+02 7.807722079894830358e+01 2.000000000000000000e+00 0.000000000000000000e+00
2.000000000000000000e+02 7.926827099669014842e+01 0.000000000000000000e+00 0.000000000000000000e+00
2.010000000000000000e+02 8.071885024731045633e+01 0.000000000000000000e+00 0.000000000000000000e+00
2.020000000000000000e+02 8.087882021294576873e+01 0.000000000000000000e+00 0.000000000000000000e+00
2.030000000000000000e+02 8.209245969051352176e+01 0.000000000000000000e+00 0.000000000000000000e+00
2.040000000000000000e+02 8.137917747863644991e+01 1.000000000000000000e+00 0.000000000000000000e+00
2.050000000000000000e+02 8.291985411047404853e+01 0.000000000000000000e+00 0.000000000000000000e+00
2.060000000000000000e+02 8.424929504266667379e+01 0.000000000000000000e+00 0.000000000000000000e+00
2.070000000000000000e+02 8.335666681820629265e+01 1.000000000000000000e+00 0.000000000000000000e+00
2.080000000000000000e+02 8.471969072269212120e+01 0.000000000000000000e+00 0.000000000000000000e+00
2.090000000000000000e+02 8.432410281607616298e+01 1.000000000000000000e+00 0.000000000000000000e+00
2.100000000000000000e+02 8.648736900288365348e+01 0.000000000000000000e+00 0.000000000000000000e+00
2.110000000000000000e+02 8.510080348468720501e+01 2.000000000000000000e+00 0.000000000000000000e+00
2.120000000000000000e+02 8.673209824316747074e+01 0.000000000000000000e+00 0.000000000000000000e+00
2.130000000000000000e+02 8.658842581796578486e+01 0.000000000000000000e+00 0.000000000000000000e+00
2.140000000000000000e+02 8.836098950328563717e+01 0.000000000000000000e+00 0.000000000000000000e+00
2.150000000000000000e+02 8.950339393079360661e+01 0.000000000000000000e+00 0.000000000000000000e+00
2.160000000000000000e+02 8.872793034085199793e+01 1.000000000000000000e+00 0.000000000000000000e+00
2.170000000000000000e+02 9.001606000943539243e+01 1.000000000000000000e+00 0.000000000000000000e+00
2.180000000000000000e+02 8.760648736003633985e+01 1.000000000000000000e+00 0.000000000000000000e+00
2.190000000000000000e+02 8.827617692779291758e+01 1.000000000000000000e+00 0.000000000000000000e+00
2.200000000000000000e+02 8.993329439534672076e+01 0.000000000000000000e+00 0.000000000000000000e+00
2.210000000000000000e+02 9.122421761554861064e+01 0.000000000000000000e+00 0.000000000000000000e+00
2.220000000000000000e+02 9.208318027849681187e+01 0.000000000000000000e+00 0.000000000000000000e+00
2.230000000000000000e+02 9.201951689513460053e+01 0.000000000000000000e+00 0.000000000000000000e+00
2.240000000000000000e+02 9.206645637598747101e+01 2.000000000000000000e+00 0.000000000000000000e+00
2.250000000000000000e+02 9.091972686524010783e+01 2.000000000000000000e+00 0.000000000000000000e+00
2.260000000000000000e+02 9.184105460477768190e+01 0.000000000000000000e+00 0.000000000000000000e+00
2.270000000000000000e+02 9.145854121776598333e+01 2.000000000000000000e+00 0.000000000000000000e+00
2.280000000000000000e+02 9.206747949202184600e+01 0.000000000000000000e+00 0.000000000000000000e+00
2.290000000000000000e+02 9.318953004236165327e+01 0.000000000000000000e+00 0.000000000000000000e+00
2.300000000000000000e+02 9.352090976491939500e+01 1.000000000000000000e+00 0.000000000000000000e+00
2.310000000000000000e+02 9.394775649319889510e+01 0.000000000000000000e+00 0.000000000000000000e+00
2.320000000000000000e+02 9.240387249597229413e+01 2.000000000000000000e+00 0.000000000000000000e+00
2.330000000000000000e+02 9.372871241064349590e+01 0.000000000000000000e+00 0.000000000000000000e+00
2.340000000000000000e+02 9.337420876780281276e+01 2.000000000000000000e+00 0.000000000000000000e+00
2.350000000000000000e+02 9.361879156213562680e+01 0.000000000000000000e+00 0.000000000000000000e+00
2.360000000000000000e+02 9.536971930849774992e+01 0.000000000000000000e+00 0.000000000000000000e+00
2.370000000000000000e+02 9.633787184059974606e+01 0.000000000000000000e+00 0.000000000000000000e+00
2.380000000000000000e+02 9.733265649783696460e+01 0.000000000000000000e+00 0.000000000000000000e+00
2.390000000000000000e+02 9.703347129202731480e+01 0.000000000000000000e+00 0.000000000000000000e+00
2.400000000000000000e+02 9.944358640039406794e+01 0.000000000000000000e+00 0.000000000000000000e+00
2.410000000000000000e+02 9.825637865124701875e+01 1.000000000000000000e+00 0.000000000000000000e+00
2.420000000000000000e+02 9.836628525485187424e+01 2.000000000000000000e+00 0.000000000000000000e+00
2.430000000000000000e+02 9.869029792722382410e+01 0.000000000000000000e+00 0.000000000000000000e+00
2.440000000000000000e+02 1.006239121025853223e+02 0.000000000000000000e+00 0.000000000000000000e+00
2.450000000000000000e+02 1.007763191978988289e+02 1.000000000000000000e+00 0.000000000000000000e+00
2.460000000000000000e+02 1.014807518011287044e+02 0.000000000000000000e+00 0.000000000000000000e+00
2.470000000000000000e+02 1.024175167483039814e+02 0.000000000000000000e+00 0.000000000000000000e+00
2.480000000000000000e+02 1.006539403783947506e+02 2.000000000000000000e+00 0.000000000000000000e+00
2.490000000000000000e+02 1.005614009307240337e+02 1.000000000000000000e+00 0.000000000000000000e+00
2.500000000000000000e+02 1.016716211196698936e+02 0.000000000000000000e+00 0.000000000000000000e+00
2.510000000000000000e+02 1.018394954904947127e+02 0.000000000000000000e+00 0.000000000000000000e+00
2.520000000000000000e+02 1.035919333295250908e+02 0.000000000000000000e+00 0.000000000000000000e+00
2.530000000000000000e+02 1.028979634087721138e+02 2.000000000000000000e+00 0.000000000000000000e+00
2.540000000000000000e+02 1.034699855585727448e+02 0.000000000000000000e+00 0.000000000000000000e+00
2.550000000000000000e+02 1.051708330503216615e+02 0.000000000000000000e+00 0.000000000000000000e+00
2.560000000000000000e+02 1.048163720841194078e+02 1.000000000000000000e+00 0.000000000000000000e+00
2.570000000000000000e+02 1.061971616575143287e+02 0.000000000000000000e+00 0.000000000000000000e+00
2.580000000000000000e+02 1.062889869429697569e+02 1.000000000000000000e+00 0.000000000000000000e+00
2.590000000000000000e+02 1.071601417875866957e+02 0.000000000000000000e+00 0.000000000000000000e+00
2.600000000000000000e+02 1.071358031064561516e+02 1.000000000000000000e+00 0.000000000000000000e+00
2.610000000000000000e+02 1.055356695663469253e+02 2.000000000000000000e+00 0.000000000000000000e+00
2.620000000000000000e+02 1.055804041301710612e+02 2.000000000000000000e+00 0.000000000000000000e+00
2.630000000000000000e+02 1.065041099188535298e+02 0.000000000000000000e+00 0.000000000000000000e+00
2.640000000000000000e+02 1.071924470111096497e+02 0.000000000000000000e+00 0.000000000000000000e+00
2.650000000000000000e+02 1.069920728518052329e+02 0.000000000000000000e+00 0.000000000000000000e+00
2.660000000000000000e+02 1.073014183847345322e+02 2.000000000000000000e+00 0.000000000000000000e+00
2.670000000000000000e+02 1.068997963892469159e+02 1.000000000000000000e+00 0.000000000000000000e+00
2.680000000000000000e+02 1.075605137268547367e+02 1.000000000000000000e+00 0.000000000000000000e+00
2.690000000000000000e+02 1.068652809812538180e+02 1.000000000000000000e+00 0.000000000000000000e+00
2.700000000000000000e+02 1.072347702121229815e+02 0.000000000000000000e+00 0.000000000000000000e+00
2.710000000000000000e+02 1.093626560265909688e+02 0.000000000000000000e+00 0.000000000000000000e+00
2.720000000000000000e+02 1.095429329904753217e+02 0.000000000000000000e+00 0.000000000000000000e+00
2.730000000000000000e+02 1.107277844564273721e+02 0.000000000000000000e+00 0.000000000000000000e+00
2.740000000000000000e+02 1.101248418839210075e+02 2.000000000000000000e+00 0.000000000000000000e+00
2.750000000000000000e+02 1.109133491958875908e+02 0.000000000000000000e+00 0.000000000000000000e+00
2.760000000000000000e+02 1.098146029773591295e+02 2.000000000000000000e+00 0.000000000000000000e+00
2.770000000000000000e+02 1.119961635105989899e+02 0.000000000000000000e+00 0.000000000000000000e+00
2.780000000000000000e+02 1.114616491322818348e+02 0.000000000000000000e+00 0.000000000000000000e+00
2.790000000000000000e+02 1.126709591063862916e+02 1.000000000000000000e+00 0.000000000000000000e+00
2.800000000000000000e+02 1.113763251746464675e+02 1.000000000000000000e+00 0.000000000000000000e+00
2.810000000000000000e+02 1.111519463996312993e+02 2.000000000000000000e+00 0.000000000000000000e+00
2.820000000000000000e+02 1.117103836844768665e+02 0.000000000000000000e+00 0.000000000000000000e+00
2.830000000000000000e+02 1.122730244927218024e+02 1.000000000000000000e+00 0.000000000000000000e+00
2.840000000000000000e+02 1.131292997109427887e+02 0.000000000000000000e+00 0.000000000000000000e+00
2.850000000000000000e+02 1.139389212935688960e+02 0.000000000000000000e+00 0.000000000000000000e+00
2.860000000000000000e+02 1.144288133440698800e+02 0.000000000000000000e+00 0.000000000000000000e+00
2.870000000000000000e+02 1.151430852259746729e+02 1.000000000000000000e+00 0.000000000000000000e+00
2.880000000000000000e+02 1.166637776338929058e+02 0.000000000000000000e+00 0.000000000000000000e+00
2.890000000000000000e+02 1.166840121305477425e+02 0.000000000000000000e+00 0.000000000000000000e+00
2.900000000000000000e+02 1.150803146927715943e+02 2.000000000000000000e+00 0.000000000000000000e+00
2.910000000000000000e+02 1.165283187766725916e+02 0.000000000000000000e+00 0.000000000000000000e+00
2.920000000000000000e+02 1.166520375157786304e+02 1.000000000000000000e+00 0.000000000000000000e+00
2.930000000000000000e+02 1.179314545435346417e+02 0.000000000000000000e+00 0.000000000000000000e+00
2.940000000000000000e+02 1.195827490495168774e+02 0.000000000000000000e+00 0.000000000000000000e+00
2.950000000000000000e+02 1.191857828111256623e+02 1.000000000000000000e+00 0.000000000000000000e+00
2.960000000000000000e+02 1.190587313177301070e+02 1.000000000000000000e+00 0.000000000000000000e+00
2.970000000000000000e+02 1.193137466473439474e+02 1.000000000000000000e+00 0.000000000000000000e+00
2.980000000000000000e+02 1.199732613006965067e+02 0.000000000000000000e+00 0.000000000000000000e+00
2.990000000000000000e+02 1.215579890826953715e+02 0.000000000000000000e+00 0.000000000000000000e+00
3.000000000000000000e+02 1.214812473439907450e+02 0.000000000000000000e+00 0.000000000000000000e+00
3.010000000000000000e+02 1.229548102888672361e+02 0.000000000000000000e+00 0.000000000000000000e+00
3.020000000000000000e+02 1.241796611766299208e+02 0.000000000000000000e+00 0.000000000000000000e+00
3.030000000000000000e+02 1.251900482700576305e+02 0.000000000000000000e+00 0.000000000000000000e+00
3.040000000000000000e+02 1.247019098168278077e+02 2.000000000000000000e+00 0.000000000000000000e+00
3.050000000000000000e+02 1.245872278089672989e+02 1.000000000000000000e+00 0.000000000000000000e+00
3.060000000000000000e+02 1.249271116966714459e+02 0.000000000000000000e+00 0.000000000000000000e+00
3.070000000000000000e+02 1.245517960364529841e+02 1.000000000000000000e+00 0.000000000000000000e+00
3.080000000000000000e+02 1.260742013135555339e+02 0.000000000000000000e+00 0.000000000000000000e+00
3.090000000000000000e+02 1.272175592478384232e+02 0.000000000000000000e+00 0.000000000000000000e+00
3.100000000000000000e+02 1.282570591982149892e+02 0.000000000000000000e+00 0.000000000000000000e+00
3.110000000000000000e+02 1.279761795802214834e+02 0.000000000000000000e+00 0.000000000000000000e+00
3.120000000000000000e+02 1.285263626010907387e+02 2.000000000000000000e+00 0.000000000000000000e+00
3.130000000000000000e+02 1.295426443845496181e+02 0.000000000000000000e+00 0.000000000000000000e+00
3.140000000000000000e+02 1.301639157074640991e+02 0.000000000000000000e+00 0.000000000000000000e+00
3.150000000000000000e+02 1.305755178980630546e+02 0.000000000000000000e+00 0.000000000000000000e+00
3.160000000000000000e+02 1.304147086898157681e+02 1.000000000000000000e+00 0.000000000000000000e+00
3.170000000000000000e+02 1.310948564860107126e+02 1.000000000000000000e+00 0.000000000000000000e+00
3.180000000000000000e+02 1.312923139106530357e+02 1.000000000000000000e+00 0.000000000000000000e+00
3.190000000000000000e+02 1.320475353600865844e+02 0.000000000000000000e+00 0.000000000000000000e+00
3.200000000000000000e+02 1.314959261626605382e+02 1.000000000000000000e+00 0.000000000000000000e+00
3.210000000000000000e+02 1.307212948383840398e+02 2.000000000000000000e+00 0.000000000000000000e+00
3.220000000000000000e+02 1.314035920657075565e+02 1.000000000000000000e+00 0.000000000000000000e+00
3.230000000000000000e+02 1.330131977767411797e+02 0.000000000000000000e+00 0.000000000000000000e+00
3.240000000000000000e+02 1.326022818277726572e+02 0.000000000000000000e+00 0.000000000000000000e+00
3.250000000000000000e+02 1.332118769341233246e+02 0.000000000000000000e+00 0.000000000000000000e+00
3.260000000000000000e+02 1.355581326221251857e+02 0.000000000000000000e+00 0.000000000000000000e+00
3.270000000000000000e+02 1.365761460973180590e+02 0.000000000000000000e+00 0.000000000000000000e+00
3.280000000000000000e+02 1.366500344696113132e+02 0.000000000000000000e+00 0.000000000000000000e+00
3.290000000000000000e+02 1.381949979932012127e+02 0.000000000000000000e+00 0.000000000000000000e+00
3.300000000000000000e+02 1.396815974789084009e+02 0.000000000000000000e+00 0.000000000000000000e+00
3.310000000000000000e+02 1.393431010307611757e+02 0.000000000000000000e+00 0.000000000000000000e+00
3.320000000000000000e+02 1.410935756448276663e+02 0.000000000000000000e+00 0.000000000000000000e+00
3.330000000000000000e+02 1.427726551758618712e+02 0.000000000000000000e+00 0.000000000000000000e+00
3.340000000000000000e+02 1.430752265186025056e+02 0.000000000000000000e+00 0.000000000000000000e+00
3.350000000000000000e+02 1.439339363843278932e+02 0.000000000000000000e+00 0.000000000000000000e+00
3.360000000000000000e+02 1.440992666412795700e+02 1.000000000000000000e+00 0.000000000000000000e+00
3.370000000000000000e+02 1.450347185141358182e+02 0.000000000000000000e+00 0.000000000000000000e+00
3.380000000000000000e+02 1.454108747287119172e+02 1.000000000000000000e+00 0.000000000000000000e+00
3.390000000000000000e+02 1.450802076306860897e+02 1.000000000000000000e+00 0.000000000000000000e+00
3.400000000000000000e+02 1.465756879697550801e+02 0.000000000000000000e+00 0.000000000000000000e+00
3.410000000000000000e+02 1.461115001906757129e+02 0.000000000000000000e+00 0.000000000000000000e+00
3.420000000000000000e+02 1.479525611550650694e+02 0.000000000000000000e+00 0.000000000000000000e+00
3.430000000000000000e+02 1.495912905640163046e+02 0.000000000000000000e+00 0.000000000000000000e+00
3.440000000000000000e+02 1.500984324170067623e+02 0.000000000000000000e+00 0.000000000000000000e+00
3.450000000000000000e+02 1.514330755016441685e+02 0.000000000000000000e+00 0.000000000000000000e+00
3.460000000000000000e+02 1.524894841063261310e+02 0.000000000000000000e+00 0.000000000000000000e+00
3.470000000000000000e+02 1.529029616763841659e+02 1.000000000000000000e+00 0.000000000000000000e+00
3.480000000000000000e+02 1.531178777356450382e+02 0.000000000000000000e+00 0.000000000000000000e+00
3.490000000000000000e+02 1.533530818641630447e+02 1.000000000000000000e+00 0.000000000000000000e+00
3.500000000000000000e+02 1.534770736631929822e+02 0.000000000000000000e+00 0.000000000000000000e+00
3.510000000000000000e+02 1.540055493947423031e+02 1.000000000000000000e+00 0.000000000000000000e+00
3.520000000000000000e+02 1.556975239206852564e+02 0.000000000000000000e+00 0.000000000000000000e+00
3.530000000000000000e+02 1.541038212440140001e+02 2.000000000000000000e+00 0.000000000000000000e+00
3.540000000000000000e+02 1.550960722767367486e+02 0.000000000000000000e+00 0.000000000000000000e+00
3.550000000000000000e+02 1.549641920510730984e+02 0.000000000000000000e+00 0.000000000000000000e+00
3.560000000000000000e+02 1.551540964158086240e+02 2.000000000000000000e+00 0.000000000000000000e+00
3.570000000000000000e+02 1.550616621471871781e+02 1.000000000000000000e+00 0.000000000000000000e+00
3.580000000000000000e+02 1.563058898612465271e+02 0.000000000000000000e+00 0.000000000000000000e+00
3.590000000000000000e+02 1.561398056059940700e+02 1.000000000000000000e+00 0.000000000000000000e+00
3.600000000000000000e+02 1.556590783492706862e+02 1.000000000000000000e+00 0.000000000000000000e+00
3.610000000000000000e+02 1.570213485782436180e+02 0.000000000000000000e+00 0.000000000000000000e+00
3.620000000000000000e+02 1.577826558834370019e+02 0.000000000000000000e+00 0.000000000000000000e+00
3.630000000000000000e+02 1.575426236134740066e+02 1.000000000000000000e+00 0.000000000000000000e+00
3.640000000000000000e+02 1.587365905074414059e+02 0.000000000000000000e+00 0.000000000000000000e+00
3.650000000000000000e+02 1.578825359526244370e+02 1.000000000000000000e+00 0.000000000000000000e+00
3.660000000000000000e+02 1.602117269853754351e+02 0.000000000000000000e+00 0.000000000000000000e+00
3.670000000000000000e+02 1.595667235038195599e+02 2.000000000000000000e+00 0.000000000000000000e+00
3.680000000000000000e+02 1.596446435719123826e+02 1.000000000000000000e+00 0.000000000000000000e+00
3.690000000000000000e+02 1.596732467461832812e+02 0.000000000000000000e+00 0.000000000000000000e+00
3.700000000000000000e+02 1.588071068294107420e+02 2.000000000000000000e+00 0.000000000000000000e+00
3.710000000000000000e+02 1.596263684223719679e+02 1.000000000000000000e+00 0.000000000000000000e+00
3.720000000000000000e+02 1.590757894110159327e+02 0.000000000000000000e+00 0.000000000000000000e+00
3.730000000000000000e+02 1.600067853081200155e+02 2.000000000000000000e+00 0.000000000000000000e+00
3.740000000000000000e+02 1.593566554991058126e+02 1.000000000000000000e+00 0.000000000000000000e+00
3.750000000000000000e+02 1.597636282398792389e+02 0.000000000000000000e+00 0.000000000000000000e+00
3.760000000000000000e+02 1.614441061283106649e+02 0.000000000000000000e+00 0.000000000000000000e+00
3.770000000000000000e+02 1.619480483833660287e+02 1.000000000000000000e+00 0.000000000000000000e+00
3.780000000000000000e+02 1.620066081698219023e+02 0.000000000000000000e+00 0.000000000000000000e+00
3.790000000000000000e+02 1.612315610862684707e+02 2.000000000000000000e+00 0.000000000000000000e+00
3.800000000000000000e+02 1.624544423820996428e+02 0.000000000000000000e+00 0.000000000000000000e+00
3.810000000000000000e+02 1.631290824392208378e+02 0.000000000000000000e+00 0.000000000000000000e+00
3.820000000000000000e+02 1.642954897355424748e+02 0.000000000000000000e+00 0.000000000000000000e+00
3.830000000000000000e+02 1.648732031915268692e+02 0.000000000000000000e+00 0.000000000000000000e+00
3.840000000000000000e+02 1.660660853478154877e+02 0.000000000000000000e+00 0.000000000000000000e+00
3.850000000000000000e+02 1.665689944092757742e+02 1.000000000000000000e+00 0.000000000000000000e+00
3.860000000000000000e+02 1.657004695690200435e+02 1.000000000000000000e+00 0.000000000000000000e+00
3.870000000000000000e+02 1.669074629012490902e+02 0.000000000000000000e+00 0.000000000000000000e+00
3.880000000000000000e+02 1.682631659119792573e+02 0.000000000000000000e+00 0.000000000000000000e+00
3.890000000000000000e+02 1.690133057428362235e+02 0.000000000000000000e+00 0.000000000000000000e+00
3.900000000000000000e+02 1.686765841899593568e+02 1.000000000000000000e+00 0.000000000000000000e+00
3.910000000000000000e+02 1.709510983668829169e+02 0.000000000000000000e+00 0.000000000000000000e+00
3.920000000000000000e+02 1.704935173264774164e+02 0.000000000000000000e+00 0.000000000000000000e+00
3.930000000000000000e+02 1.714900042640636002e+02 1.000000000000000000e+00 0.000000000000000000e+00
3.940000000000000000e+02 1.715963633837084785e+02 0.000000000000000000e+00 0.000000000000000000e+00
3.950000000000000000e+02 1.726585715194837576e+02 0.000000000000000000e+00 0.000000000000000000e+00
3.960000000000000000e+02 1.736648157224609577e+02 0.000000000000000000e+00 0.000000000000000000e+00
3.970000000000000000e+02 1.734496856141213357e+02 2.000000000000000000e+00 0.000000000000000000e+00
3.980000000000000000e+02 1.744745058159803648e+02 0.000000000000000000e+00 0.000000000000000000e+00
3.990000000000000000e+02 1.762183648694338558e+02 0.000000000000000000e+00 0.000000000000000000e+00
4.000000000000000000e+02 1.757575937942000621e+02 0.000000000000000000e+00 0.000000000000000000e+00
4.010000000000000000e+02 1.768190028708448551e+02 0.000000000000000000e+00 0.000000000000000000e+00
4.020000000000000000e+02 1.781519272958843771e+02 0.000000000000000000e+00 0.000000000000000000e+00
4.030000000000000000e+02 1.791965412827662760e+02 0.000000000000000000e+00 0.000000000000000000e+00
4.040000000000000000e+02 1.799591565989834123e+02 0.000000000000000000e+00 0.000000000000000000e+00
4.050000000000000000e+02 1.814579105375786412e+02 0.000000000000000000e+00 0.000000000000000000e+00
4.060000000000000000e+02 1.796930212490405552e+02 2.000000000000000000e+00 0.000000000000000000e+00
4.070000000000000000e+02 1.807476408543300295e+02 0.000000000000000000e+00 0.000000000000000000e+00
4.080000000000000000e+02 1.815629357651950500e+02 1.000000000000000000e+00 0.000000000000000000e+00
4.090000000000000000e+02 1.813943559366866225e+02 1.000000000000000000e+00 0.000000000000000000e+00
4.100000000000000000e+02 1.821793767548705034e+02 0.000000000000000000e+00 0.000000000000000000e+00
4.110000000000000000e+02 1.840957330237783651e+02 0.000000000000000000e+00 0.000000000000000000e+00
4.120000000000000000e+02 1.827134629078964565e+02 1.000000000000000000e+00 0.000000000000000000e+00
4.130000000000000000e+02 1.840988258324543949e+02 0.000000000000000000e+00 0.000000000000000000e+00
4.140000000000000000e+02 1.843394681417313166e+02 1.000000000000000000e+00 0.000000000000000000e+00
4.150000000000000000e+02 1.842787568055433667e+02 1.000000000000000000e+00 0.000000000000000000e+00
4.160000000000000000e+02 1.841476165968568353e+02 0.000000000000000000e+00 0.000000000000000000e+00
4.170000000000000000e+02 1.837932934307251003e+02 2.000000000000000000e+00 0.000000000000000000e+00
4.180000000000000000e+02 1.842077376482906175e+02 1.000000000000000000e+00 0.000000000000000000e+00
4.190000000000000000e+02 1.844035983047566276e+02 0.000000000000000000e+00 0.000000000000000000e+00
4.200000000000000000e+02 1.854002275461075726e+02 0.000000000000000000e+00 0.000000000000000000e+00
4.210000000000000000e+02 1.848449866265704884e+02 2.000000000000000000e+00 0.000000000000000000e+00
4.220000000000000000e+02 1.858579732512462783e+02 0.000000000000000000e+00 0.000000000000000000e+00
4.230000000000000000e+02 1.874157186968559472e+02 0.000000000000000000e+00 0.000000000000000000e+00
4.240000000000000000e+02 1.859919461170340753e+02 1.000000000000000000e+00 0.000000000000000000e+00
4.250000000000000000e+02 1.882556154727291755e+02 0.000000000000000000e+00 0.000000000000000000e+00
4.260000000000000000e+02 1.875568244681567194e+02 2.000000000000000000e+00 0.000000000000000000e+00
4.270000000000000000e+02 1.883307656396662253e+02 1.000000000000000000e+00 0.000000000000000000e+00
4.280000000000000000e+02 1.875128376308171880e+02 0.000000000000000000e+00 0.000000000000000000e+00
4.290000000000000000e+02 1.869159751826224181e+02 2.000000000000000000e+00 0.000000000000000000e+00
4.300000000000000000e+02 1.862239996645228359e+02 1.000000000000000000e+00 0.000000000000000000e+00
4.310000000000000000e+02 1.867289122500948224e+02 1.000000000000000000e+00 0.000000000000000000e+00
4.320000000000000000e+02 1.884860570526699917e+02 0.000000000000000000e+00 0.000000000000000000e+00
4.330000000000000000e+02 1.859657943929607029e+02 2.000000000000000000e+00 0.000000000000000000e+00
4.340000000000000000e+02 1.862704035765794117e+02 2.000000000000000000e+00 0.000000000000000000e+00
4.350000000000000000e+02 1.873984232934625993e+02 0.000000000000000000e+00 0.000000000000000000e+00
4.360000000000000000e+02 1.880440866017535768e+02 0.000000000000000000e+00 0.000000000000000000e+00
4.370000000000000000e+02 1.886014217984171921e+02 0.000000000000000000e+00 0.000000000000000000e+00
4.380000000000000000e+02 1.894601905281760992e+02 0.000000000000000000e+00 0.000000000000000000e+00
4.390000000000000000e+02 1.903600505310944868e+02 0.000000000000000000e+00 0.000000000000000000e+00
4.400000000000000000e+02 1.892425683612912337e+02 2.000000000000000000e+00 0.000000000000000000e+00
4.410000000000000000e+02 1.915472900300854064e+02 0.000000000000000000e+00 0.000000000000000000e+00
4.420000000000000000e+02 1.923339721608155628e+02 0.000000000000000000e+00 0.000000000000000000e+00
4.430000000000000000e+02 1.944774178857785500e+02 0.000000000000000000e+00 0.000000000000000000e+00
4.440000000000000000e+02 1.930339897624925811e+02 2.000000000000000000e+00 0.000000000000000000e+00
4.450000000000000000e+02 1.938790382368730150e+02 0.000000000000000000e+00 0.000000000000000000e+00
4.460000000000000000e+02 1.944595864453748106e+02 0.000000000000000000e+00 0.000000000000000000e+00
4.470000000000000000e+02 1.942848138774441509e+02 0.000000000000000000e+00 0.000000000000000000e+00
4.480000000000000000e+02 1.957767542939726297e+02 0.000000000000000000e+00 0.000000000000000000e+00
4.490000000000000000e+02 1.968110956251206574e+02 0.000000000000000000e+00 0.000000000000000000e+00
4.500000000000000000e+02 1.989002082517346537e+02 0.000000000000000000e+00 0.000000000000000000e+00
4.510000000000000000e+02 1.978007016041783004e+02 0.000000000000000000e+00 0.000000000000000000e+00
4.520000000000000000e+02 1.982200341073476011e+02 2.000000000000000000e+00 0.000000000000000000e+00
4.530000000000000000e+02 1.984418470255247655e+02 0.000000000000000000e+00 0.000000000000000000e+00
4.540000000000000000e+02 2.009789511903695143e+02 0.000000000000000000e+00 0.000000000000000000e+00
4.550000000000000000e+02 1.987046784771633554e+02 2.000000000000000000e+00 0.000000000000000000e+00
4.560000000000000000e+02 2.000545890423681783e+02 0.000000000000000000e+00 0.000000000000000000e+00
4.570000000000000000e+02 2.009488435754319937e+02 0.000000000000000000e+00 0.000000000000000000e+00
4.580000000000000000e+02 2.008557382018929047e+02 1.000000000000000000e+00 0.000000000000000000e+00
4.590000000000000000e+02 1.995335539371455127e+02 2.000000000000000000e+00 0.000000000000000000e+00
4.600000000000000000e+02 2.012247368293231773e+02 0.000000000000000000e+00 0.000000000000000000e+00
4.610000000000000000e+02 2.017254179910386824e+02 0.000000000000000000e+00 0.000000000000000000e+00
4.620000000000000000e+02 2.011913298423595222e+02 1.000000000000000000e+00 0.000000000000000000e+00
4.630000000000000000e+02 2.033105700264456743e+02 0.000000000000000000e+00 0.000000000000000000e+00
4.640000000000000000e+02 2.020170554243678112e+02 2.000000000000000000e+00 0.000000000000000000e+00
4.650000000000000000e+02 2.036432059066487170e+02 0.000000000000000000e+00 0.000000000000000000e+00
4.660000000000000000e+02 2.035478466943627609e+02 0.000000000000000000e+00 0.000000000000000000e+00
4.670000000000000000e+02 2.053340287074188950e+02 0.000000000000000000e+00 0.000000000000000000e+00
4.680000000000000000e+02 2.062703696382368150e+02 0.000000000000000000e+00 0.000000000000000000e+00
4.690000000000000000e+02 2.075424030590159816e+02 0.000000000000000000e+00 0.000000000000000000e+00
4.700000000000000000e+02 2.080540279356647773e+02 0.000000000000000000e+00 0.000000000000000000e+00
4.710000000000000000e+02 2.091123403470920152e+02 0.000000000000000000e+00 0.000000000000000000e+00
4.720000000000000000e+02 2.101400974459225210e+02 0.000000000000000000e+00 0.000000000000000000e+00
4.730000000000000000e+02 2.089108786662191619e+02 2.000000000000000000e+00 0.000000000000000000e+00
4.740000000000000000e+02 2.097224255491106533e+02 0.000000000000000000e+00 0.000000000000000000e+00
4.750000000000000000e+02 2.101712382101736694e+02 1.000000000000000000e+00 0.000000000000000000e+00
4.760000000000000000e+02 2.110772278768296246e+02 0.000000000000000000e+00 0.000000000000000000e+00
4.770000000000000000e+02 2.118256499604321732e+02 0.000000000000000000e+00 0.000000000000000000e+00
4.780000000000000000e+02 2.127863294589567715e+02 0.000000000000000000e+00 0.000000000000000000e+00
4.790000000000000000e+02 2.139615656072971035e+02 0.000000000000000000e+00 0.000000000000000000e+00
4.800000000000000000e+02 2.146436398959053236e+02 0.000000000000000000e+00 0.000000000000000000e+00
4.810000000000000000e+02 2.162318040975481495e+02 0.000000000000000000e+00 0.000000000000000000e+00
4.820000000000000000e+02 2.173963919378457206e+02 0.000000000000000000e+00 0.000000000000000000e+00
4.830000000000000000e+02 2.182931139222220054e+02 0.000000000000000000e+00 0.000000000000000000e+00
4.840000000000000000e+02 2.170793030788794056e+02 2.000000000000000000e+00 0.000000000000000000e+00
4.850000000000000000e+02 2.179287476173338973e+02 0.000000000000000000e+00 0.000000000000000000e+00
4.860000000000000000e+02 2.193360338323840040e+02 0.000000000000000000e+00 0.000000000000000000e+00
4.870000000000000000e+02 2.190518014374224549e+02 1.000000000000000000e+00 0.000000000000000000e+00
4.880000000000000000e+02 2.187640029582654790e+02 0.000000000000000000e+00 0.000000000000000000e+00
4.890000000000000000e+02 2.181487952319482986e+02 2.000000000000000000e+00 0.000000000000000000e+00
4.900000000000000000e+02 2.184672009924649672e+02 2.000000000000000000e+00 0.000000000000000000e+00
4.910000000000000000e+02 2.196787964490120544e+02 0.000000000000000000e+00 0.000000000000000000e+00
4.920000000000000000e+02 2.205875335787326605e+02 0.000000000000000000e+00 0.000000000000000000e+00
4.930000000000000000e+02 2.216820639718290806e+02 0.000000000000000000e+00 0.000000000000000000e+00
4.940000000000000000e+02 2.232733288254679564e+02 0.000000000000000000e+00 0.000000000000000000e+00
4.950000000000000000e+02 2.232102880848743780e+02 0.000000000000000000e+00 0.000000000000000000e+00
4.960000000000000000e+02 2.250527439668990439e+02 0.000000000000000000e+00 0.000000000000000000e+00
4.970000000000000000e+02 2.253895851852348926e+02 0.000000000000000000e+00 0.000000000000000000e+00
4.980000000000000000e+02 2.268430154733635504e+02 0.000000000000000000e+00 0.000000000000000000e+00
4.990000000000000000e+02 2.257401520824162731e+02 1.000000000000000000e+00 0.000000000000000000e+00
5.000000000000000000e+02 2.268057824358967878e+02 0.000000000000000000e+00 0.000000000000000000e+00
5.010000000000000000e+02 2.264697514892584138e+02 2.000000000000000000e+00 0.000000000000000000e+00
5.020000000000000000e+02 2.260178186199597690e+02 0.000000000000000000e+00 0.000000000000000000e+00
5.030000000000000000e+02 2.257271062959752612e+02 2.000000000000000000e+00 0.000000000000000000e+00
5.040000000000000000e+02 2.261283171987624883e+02 1.000000000000000000e+00 0.000000000000000000e+00
5.050000000000000000e+02 2.258264174015142771e+02 1.000000000000000000e+00 0.000000000000000000e+00
5.060000000000000000e+02 2.267210206603230347e+02 1.000000000000000000e+00 0.000000000000000000e+00
5.070000000000000000e+02 2.249954823946714271e+02 2.000000000000000000e+00 0.000000000000000000e+00
5.080000000000000000e+02 2.254357550912447721e+02 0.000000000000000000e+00 0.000000000000000000e+00
5.090000000000000000e+02 2.255946735748733261e+02 1.000000000000000000e+00 0.000000000000000000e+00
5.100000000000000000e+02 2.256827068240375240e+02 2.000000000000000000e+00 0.000000000000000000e+00
5.110000000000000000e+02 2.250495539712401296e+02 1.000000000000000000e+00 0.000000000000000000e+00
5.120000000000000000e+02 2.262430452521376480e+02 0.000000000000000000e+00 0.000000000000000000e+00
5.130000000000000000e+02 2.271721983198056591e+02 0.000000000000000000e+00 0.000000000000000000e+00
5.140000000000000000e+02 2.274795707921827841e+02 0.000000000000000000e+00 0.000000000000000000e+00
5.150000000000000000e+02 2.298275747489518039e+02 0.000000000000000000e+00 0.000000000000000000e+00
5.160000000000000000e+02 2.298046757315433695e+02 0.000000000000000000e+00 0.000000000000000000e+00
5.170000000000000000e+02 2.290775858604736754e+02 2.000000000000000000e+00 0.000000000000000000e+00
5.180000000000000000e+02 2.297912203207272910e+02 0.000000000000000000e+00 0.000000000000000000e+00
5.190000000000000000e+02 2.300013991279792265e+02 1.000000000000000000e+00 0.000000000000000000e+00
5.200000000000000000e+02 2.313068395703574538e+02 0.000000000000000000e+00 0.000000000000000000e+00
5.210000000000000000e+02 2.311034814382653053e+02 0.000000000000000000e+00 0.000000000000000000e+00
5.220000000000000000e+02 2.328777515361609858e+02 0.000000000000000000e+00 0.000000000000000000e+00
5.230000000000000000e+02 2.328978238914389465e+02 1.000000000000000000e+00 0.000000000000000000e+00
5.240000000000000000e+02 2.338008877613817731e+02 1.000000000000000000e+00 0.000000000000000000e+00
5.250000000000000000e+02 2.337776329407940636e+02 0.000000000000000000e+00 0.000000000000000000e+00
5.260000000000000000e+02 2.338311543246587689e+02 0.000000000000000000e+00 0.000000000000000000e+00
5.270000000000000000e+02 2.344497465647382342e+02 1.000000000000000000e+00 0.000000000000000000e+00
5.280000000000000000e+02 2.352793912852259552e+02 1.000000000000000000e+00 0.000000000000000000e+00
5.290000000000000000e+02 2.351570037519354059e+02 0.000000000000000000e+00 0.000000000000000000e+00
5.300000000000000000e+02 2.367513142099450079e+02 0.000000000000000000e+00 0.000000000000000000e+00
5.310000000000000000e+02 2.367049334232699493e+02 1.000000000000000000e+00 0.000000000000000000e+00
5.320000000000000000e+02 2.375314278581963379e+02 0.000000000000000000e+00 0.000000000000000000e+00
5.330000000000000000e+02 2.394455685702151300e+02 0.000000000000000000e+00 0.000000000000000000e+00
5.340000000000000000e+02 2.383165743280310949e+02 2.000000000000000000e+00 0.000000000000000000e+00
5.350000000000000000e+02 2.385498540462544952e+02 0.000000000000000000e+00 0.000000000000000000e+00
5.360000000000000000e+02 2.388978079206874838e+02 2.000000000000000000e+00 0.000000000000000000e+00
5.370000000000000000e+02 2.372292296150435504e+02 2.000000000000000000e+00 0.000000000000000000e+00
5.380000000000000000e+02 2.388987661493540884e+02 0.000000000000000000e+00 0.000000000000000000e+00
5.390000000000000000e+02 2.387239576846907880e+02 0.000000000000000000e+00 0.000000000000000000e+00
5.400000000000000000e+02 2.391457752834754729e+02 1.000000000000000000e+00 0.000000000000000000e+00
5.410000000000000000e+02 2.389407478847733728e+02 1.000000000000000000e+00 0.000000000000000000e+00
5.420000000000000000e+02 2.400951668722514398e+02 0.000000000000000000e+00 0.000000000000000000e+00
5.430000000000000000e+02 2.388229410528728067e+02 1.000000000000000000e+00 0.000000000000000000e+00
5.440000000000000000e+02 2.392829436077132925e+02 2.000000000000000000e+00 0.000000000000000000e+00
5.450000000000000000e+02 2.404663384654105016e+02 0.000000000000000000e+00 0.000000000000000000e+00
5.460000000000000000e+02 2.417486576486206218e+02 0.000000000000000000e+00 0.000000000000000000e+00
5.470000000000000000e+02 2.420453458939537654e+02 0.000000000000000000e+00 0.000000000000000000e+00
5.480000000000000000e+02 2.416958216742822572e+02 1.000000000000000000e+00 0.000000000000000000e+00
5.490000000000000000e+02 2.407705727066880002e+02 2.000000000000000000e+00 0.000000000000000000e+00
5.500000000000000000e+02 2.411802954641494807e+02 0.000000000000000000e+00 0.000000000000000000e+00
5.510000000000000000e+02 2.423814178701989590e+02 0.000000000000000000e+00 0.000000000000000000e+00
5.520000000000000000e+02 2.440048619571343238e+02 0.000000000000000000e+00 0.000000000000000000e+00
5.530000000000000000e+02 2.455855411049812744e+02 0.000000000000000000e+00 0.000000000000000000e+00
5.540000000000000000e+02 2.437245906830810895e+02 2.000000000000000000e+00 0.000000000000000000e+00
5.550000000000000000e+02 2.443660794782264531e+02 0.000000000000000000e+00 0.000000000000000000e+00
5.560000000000000000e+02 2.460516752820068120e+02 0.000000000000000000e+00 0.000000000000000000e+00
5.570000000000000000e+02 2.464432022616589109e+02 1.000000000000000000e+00 0.000000000000000000e+00
5.580000000000000000e+02 2.457559321897781786e+02 1.000000000000000000e+00 0.000000000000000000e+00
5.590000000000000000e+02 2.455736914946256775e+02 2.000000000000000000e+00 0.000000000000000000e+00
5.600000000000000000e+02 2.465891031371306497e+02 0.000000000000000000e+00 0.000000000000000000e+00
5.610000000000000000e+02 2.471424790619678049e+02 0.000000000000000000e+00 0.000000000000000000e+00
5.620000000000000000e+02 2.481983271011768011e+02 0.000000000000000000e+00 0.000000000000000000e+00
5.630000000000000000e+02 2.498055184119312173e+02 0.000000000000000000e+00 0.000000000000000000e+00
5.640000000000000000e+02 2.496473144413764942e+02 0.000000000000000000e+00 0.000000000000000000e+00
5.650000000000000000e+02 2.507308713588122373e+02 0.000000000000000000e+00 0.000000000000000000e+00
5.660000000000000000e+02 2.525614787481842427e+02 0.000000000000000000e+00 0.000000000000000000e+00
5.670000000000000000e+02 2.525016509051008597e+02 0.000000000000000000e+00 0.000000000000000000e+00
5.680000000000000000e+02 2.542210651589601298e+02 0.000000000000000000e+00 0.000000000000000000e+00
5.690000000000000000e+02 2.528355366250207510e+02 2.000000000000000000e+00 0.000000000000000000e+00
5.700000000000000000e+02 2.542751303738914146e+02 0.000000000000000000e+00 0.000000000000000000e+00
5.710000000000000000e+02 2.544801471460677931e+02 0.000000000000000000e+00 0.000000000000000000e+00
5.720000000000000000e+02 2.565642004657407824e+02 0.000000000000000000e+00 0.000000000000000000e+00
5.730000000000000000e+02 2.574084250559166662e+02 0.000000000000000000e+00 0.000000000000000000e+00
5.740000000000000000e+02 2.575877091352988941e+02 0.000000000000000000e+00 0.000000000000000000e+00
5.750000000000000000e+02 2.564198462810506953e+02 2.000000000000000000e+00 0.000000000000000000e+00
5.760000000000000000e+02 2.580140725040077427e+02 0.000000000000000000e+00 0.000000000000000000e+00
5.770000000000000000e+02 2.584844105158826437e+02 0.000000000000000000e+00 0.000000000000000000e+00
5.780000000000000000e+02 2.584734553988456014e+02 2.000000000000000000e+00 0.000000000000000000e+00
5.790000000000000000e+02 2.578022920998760696e+02 1.000000000000000000e+00 0.000000000000000000e+00
5.800000000000000000e+02 2.569140978952122509e+02 2.000000000000000000e+00 0.000000000000000000e+00
5.810000000000000000e+02 2.564224132741392737e+02 2.000000000000000000e+00 0.000000000000000000e+00
5.820000000000000000e+02 2.557566209192421809e+02 2.000000000000000000e+00 0.000000000000000000e+00
5.830000000000000000e+02 2.554120789062075687e+02 0.000000000000000000e+00 0.000000000000000000e+00
5.840000000000000000e+02 2.562445777045279556e+02 0.000000000000000000e+00 0.000000000000000000e+00
5.850000000000000000e+02 2.579520788478800455e+02 0.000000000000000000e+00 0.000000000000000000e+00
5.860000000000000000e+02 2.559381400586583197e+02 2.000000000000000000e+00 0.000000000000000000e+00
5.870000000000000000e+02 2.586073444509311798e+02 0.000000000000000000e+00 0.000000000000000000e+00
5.880000000000000000e+02 2.599532963219320436e+02 0.000000000000000000e+00 0.000000000000000000e+00
5.890000000000000000e+02 2.574668521790456452e+02 2.000000000000000000e+00 0.000000000000000000e+00
5.900000000000000000e+02 2.586422215732690120e+02 0.000000000000000000e+00 0.000000000000000000e+00
5.910000000000000000e+02 2.601317026403099817e+02 0.000000000000000000e+00 0.000000000000000000e+00
5.920000000000000000e+02 2.607593938531956042e+02 0.000000000000000000e+00 0.000000000000000000e+00
5.930000000000000000e+02 2.611445301801546179e+02 0.000000000000000000e+00 0.000000000000000000e+00
5.940000000000000000e+02 2.640917568551062118e+02 0.000000000000000000e+00 0.000000000000000000e+00
5.950000000000000000e+02 2.637480885267328858e+02 0.000000000000000000e+00 0.000000000000000000e+00
5.960000000000000000e+02 2.629892912534601237e+02 2.000000000000000000e+00 0.000000000000000000e+00
5.970000000000000000e+02 2.642964026627957423e+02 0.000000000000000000e+00 0.000000000000000000e+00
5.980000000000000000e+02 2.656326213990391238e+02 0.000000000000000000e+00 0.000000000000000000e+00
5.990000000000000000e+02 2.666712076995041798e+02 0.000000000000000000e+00 0.000000000000000000e+00
6.000000000000000000e+02 2.661209573120185610e+02 1.000000000000000000e+00 0.000000000000000000e+00
6.010000000000000000e+02 2.647727546609340266e+02 2.000000000000000000e+00 0.000000000000000000e+00
6.020000000000000000e+02 2.661400530323068097e+02 0.000000000000000000e+00 0.000000000000000000e+00
6.030000000000000000e+02 2.670605956162751795e+02 0.000000000000000000e+00 0.000000000000000000e+00
6.040000000000000000e+02 2.685530257303561825e+02 0.000000000000000000e+00 0.000000000000000000e+00
6.050000000000000000e+02 2.672655038483781027e+02 0.000000000000000000e+00 0.000000000000000000e+00
6.060000000000000000e+02 2.699053716257964766e+02 0.000000000000000000e+00 0.000000000000000000e+00
6.070000000000000000e+02 2.707455047993111066e+02 0.000000000000000000e+00 0.000000000000000000e+00
6.080000000000000000e+02 2.707197673316322835e+02 1.000000000000000000e+00 0.000000000000000000e+00
6.090000000000000000e+02 2.702780183119755861e+02 2.000000000000000000e+00 0.000000000000000000e+00
6.100000000000000000e+02 2.707286613505001469e+02 0.000000000000000000e+00 0.000000000000000000e+00
6.110000000000000000e+02 2.724866085845105204e+02 0.000000000000000000e+00 0.000000000000000000e+00
6.120000000000000000e+02 2.730326954861818649e+02 0.000000000000000000e+00 0.000000000000000000e+00
6.130000000000000000e+02 2.722828249019474924e+02 1.000000000000000000e+00 0.000000000000000000e+00
6.140000000000000000e+02 2.732127756325086239e+02 0.000000000000000000e+00 0.000000000000000000e+00
6.150000000000000000e+02 2.735976811794172932e+02 1.000000000000000000e+00 0.000000000000000000e+00
6.160000000000000000e+02 2.751196832013861808e+02 0.000000000000000000e+00 0.000000000000000000e+00
6.170000000000000000e+02 2.755389286226495074e+02 0.000000000000000000e+00 0.000000000000000000e+00
6.180000000000000000e+02 2.768038827932465438e+02 1.000000000000000000e+00 0.000000000000000000e+00
6.190000000000000000e+02 2.770213479672015637e+02 0.000000000000000000e+00 0.000000000000000000e+00
6.200000000000000000e+02 2.775014202172917521e+02 0.000000000000000000e+00 0.000000000000000000e+00
6.210000000000000000e+02 2.796116099763434590e+02 0.000000000000000000e+00 0.000000000000000000e+00
6.220000000000000000e+02 2.799513765647905075e+02 0.000000000000000000e+00 0.000000000000000000e+00
6.230000000000000000e+02 2.807485623396272558e+02 1.000000000000000000e+00 0.000000000000000000e+00
6.240000000000000000e+02 2.811579727227372700e+02 0.000000000000000000e+00 0.000000000000000000e+00
6.250000000000000000e+02 2.820370269729432948e+02 1.000000000000000000e+00 0.000000000000000000e+00
6.260000000000000000e+02 2.821718554407636930e+02 0.000000000000000000e+00 0.000000000000000000e+00
6.270000000000000000e+02 2.832268587472775039e+02 0.000000000000000000e+00 0.000000000000000000e+00
6.280000000000000000e+02 2.840335684575632627e+02 0.000000000000000000e+00 0.000000000000000000e+00
6.290000000000000000e+02 2.841759582591078015e+02 1.000000000000000000e+00 0.000000000000000000e+00
6.300000000000000000e+02 2.853982138093807635e+02 0.000000000000000000e+00 0.000000000000000000e+00
6.310000000000000000e+02 2.854654588655675980e+02 0.000000000000000000e+00 0.000000000000000000e+00
6.320000000000000000e+02 2.885531082976477819e+02 0.000000000000000000e+00 0.000000000000000000e+00
6.330000000000000000e+02 2.872730205779780022e+02 0.000000000000000000e+00 0.000000000000000000e+00
6.340000000000000000e+02 2.868159851156370337e+02 2.000000000000000000e+00 0.000000000000000000e+00
6.350000000000000000e+02 2.878453891762749777e+02 0.000000000000000000e+00 0.000000000000000000e+00
6.360000000000000000e+02 2.887631914991083590e+02 1.000000000000000000e+00 0.000000000000000000e+00
6.370000000000000000e+02 2.871826760225959561e+02 2.000000000000000000e+00 0.000000000000000000e+00
6.380000000000000000e+02 2.857751945354090140e+02 2.000000000000000000e+00 0.000000000000000000e+00
6.390000000000000000e+02 2.875182644350225019e+02 0.000000000000000000e+00 0.000000000000000000e+00
6.400000000000000000e+02 2.862264830035223895e+02 1.000000000000000000e+00 0.000000000000000000e+00
6.410000000000000000e+02 2.885518857932138985e+02 0.000000000000000000e+00 0.000000000000000000e+00
6.420000000000000000e+02 2.884418036577643534e+02 1.000000000000000000e+00 0.000000000000000000e+00
6.430000000000000000e+02 2.888310378532478353e+02 0.000000000000000000e+00 0.000000000000000000e+00
6.440000000000000000e+02 2.903818660621336676e+02 0.000000000000000000e+00 0.000000000000000000e+00
6.450000000000000000e+02 2.909005356542824074e+02 0.000000000000000000e+00 0.000000000000000000e+00
6.460000000000000000e+02 2.918829174772114925e+02 0.000000000000000000e+00 0.000000000000000000e+00
6.470000000000000000e+02 2.932225391812599469e+02 0.000000000000000000e+00 0.000000000000000000e+00
6.480000000000000000e+02 2.926252593757061504e+02 1.000000000000000000e+00 0.000000000000000000e+00
6.490000000000000000e+02 2.925904807823673082e+02 1.000000000000000000e+00 0.000000000000000000e+00
6.500000000000000000e+02 2.927158016847423596e+02 2.000000000000000000e+00 0.000000000000000000e+00
6.510000000000000000e+02 2.931311201356473362e+02 0.000000000000000000e+00 0.000000000000000000e+00
6.520000000000000000e+02 2.948268999382991638e+02 0.000000000000000000e+00 0.000000000000000000e+00
6.530000000000000000e+02 2.934269865286826757e+02 1.000000000000000000e+00 0.000000000000000000e+00
6.540000000000000000e+02 2.936795226863620769e+02 1.000000000000000000e+00 0.000000000000000000e+00
6.550000000000000000e+02 2.939082377990866917e+02 1.000000000000000000e+00 0.000000000000000000e+00
6.560000000000000000e+02 2.950408734373036168e+02 0.000000000000000000e+00 0.000000000000000000e+00
6.570000000000000000e+02 2.955922451100307171e+02 0.000000000000000000e+00 0.000000000000000000e+00
6.580000000000000000e+02 2.968536787751684756e+02 0.000000000000000000e+00 0.000000000000000000e+00
6.590000000000000000e+02 2.986388468327803025e+02 0.000000000000000000e+00 0.000000000000000000e+00
6.600000000000000000e+02 2.986601759569521164e+02 0.000000000000000000e+00 0.000000000000000000e+00
6.610000000000000000e+02 2.995940713102056066e+02 0.000000000000000000e+00 0.000000000000000000e+00
6.620000000000000000e+02 3.011259156710690377e+02 0.000000000000000000e+00 0.000000000000000000e+00
6.630000000000000000e+02 3.010255153890088877e+02 1.000000000000000000e+00 0.000000000000000000e+00
6.640000000000000000e+02 2.999280570352493669e+02 2.000000000000000000e+00 0.000000000000000000e+00
6.650000000000000000e+02 3.015439295683096930e+02 0.000000000000000000e+00 0.000000000000000000e+00
6.660000000000000000e+02 3.000366896156425582e+02 2.000000000000000000e+00 0.000000000000000000e+00
6.670000000000000000e+02 2.998323701047034433e+02 1.000000000000000000e+00 0.000000000000000000e+00
6.680000000000000000e+02 2.996111071469913441e+02 2.000000000000000000e+00 0.000000000000000000e+00
6.690000000000000000e+02 3.001546977241080754e+02 0.000000000000000000e+00 0.000000000000000000e+00
6.700000000000000000e+02 3.014709075134699106e+02 0.000000000000000000e+00 0.000000000000000000e+00
6.710000000000000000e+02 3.018488078523894842e+02 0.000000000000000000e+00 0.000000000000000000e+00
6.720000000000000000e+02 3.032465407594650060e+02 0.000000000000000000e+00 0.000000000000000000e+00
6.730000000000000000e+02 3.044649246383680747e+02 0.000000000000000000e+00 0.000000000000000000e+00
6.740000000000000000e+02 3.037228772577364566e+02 1.000000000000000000e+00 0.000000000000000000e+00
6.750000000000000000e+02 3.027248469510842028e+02 2.000000000000000000e+00 0.000000000000000000e+00
6.760000000000000000e+02 3.045297557611537513e+02 0.000000000000000000e+00 0.000000000000000000e+00
6.770000000000000000e+02 3.031554468849692512e+02 2.000000000000000000e+00 0.000000000000000000e+00
6.780000000000000000e+02 3.038651675417183924e+02 0.000000000000000000e+00 0.000000000000000000e+00
6.790000000000000000e+02 3.046429245879148766e+02 0.000000000000000000e+00 0.000000000000000000e+00
6.800000000000000000e+02 3.061656409106575438e+02 1.000000000000000000e+00 0.000000000000000000e+00
6.810000000000000000e+02 3.057102215099430396e+02 0.000000000000000000e+00 0.000000000000000000e+00
6.820000000000000000e+02 3.074622959676970595e+02 0.000000000000000000e+00 0.000000000000000000e+00
6.830000000000000000e+02 3.078945222645834292e+02 0.000000000000000000e+00 0.000000000000000000e+00
6.840000000000000000e+02 3.083263581488889145e+02 0.000000000000000000e+00 0.000000000000000000e+00
6.850000000000000000e+02 3.100190761025928055e+02 0.000000000000000000e+00 0.000000000000000000e+00
6.860000000000000000e+02 3.109080988578354550e+02 0.000000000000000000e+00 0.000000000000000000e+00
6.870000000000000000e+02 3.118073434067248400e+02 0.000000000000000000e+00 0.000000000000000000e+00
6.880000000000000000e+02 3.117911289406566766e+02 1.000000000000000000e+00 0.000000000000000000e+00
6.890000000000000000e+02 3.123240399664786082e+02 1.000000000000000000e+00 0.000000000000000000e+00
6.900000000000000000e+02 3.134493107378651189e+02 0.000000000000000000e+00 0.000000000000000000e+00
6.910000000000000000e+02 3.142657766774809147e+02 0.000000000000000000e+00 0.000000000000000000e+00
6.920000000000000000e+02 3.151610505196877625e+02 0.000000000000000000e+00 0.000000000000000000e+00
6.930000000000000000e+02 3.139812806308620452e+02 2.000000000000000000e+00 0.000000000000000000e+00
6.940000000000000000e+02 3.148420314430575218e+02 0.000000000000000000e+00 0.000000000000000000e+00
6.950000000000000000e+02 3.137987366954599793e+02 2.000000000000000000e+00 0.000000000000000000e+00
6.960000000000000000e+02 3.153281933182818761e+02 0.000000000000000000e+00 0.000000000000000000e+00
6.970000000000000000e+02 3.162525603451329630e+02 0.000000000000000000e+00 0.000000000000000000e+00
6.980000000000000000e+02 3.153993374257946698e+02 2.000000000000000000e+00 0.000000000000000000e+00
6.990000000000000000e+02 3.153087856478485946e+02 1.000000000000000000e+00 0.000000000000000000e+00
7.000000000000000000e+02 3.150669441761502867e+02 1.000000000000000000e+00 0.000000000000000000e+00
7.010000000000000000e+02 3.167266447195576120e+02 0.000000000000000000e+00 0.000000000000000000e+00
7.020000000000000000e+02 3.172504920765694010e+02 0.000000000000000000e+00 0.000000000000000000e+00
7.030000000000000000e+02 3.168750382082313877e+02 1.000000000000000000e+00 0.000000000000000000e+00
7.040000000000000000e+02 3.171993452672276135e+02 0.000000000000000000e+00 0.000000000000000000e+00
7.050000000000000000e+02 3.185941833754104664e+02 0.000000000000000000e+00 0.000000000000000000e+00
7.060000000000000000e+02 3.202068579545297666e+02 0.000000000000000000e+00 0.000000000000000000e+00
7.070000000000000000e+02 3.206360425436280366e+02 0.000000000000000000e+00 0.000000000000000000e+00
7.080000000000000000e+02 3.219510161418367034e+02 0.000000000000000000e+00 0.000000000000000000e+00
7.090000000000000000e+02 3.218404124224764473e+02 1.000000000000000000e+00 0.000000000000000000e+00
7.100000000000000000e+02 3.225973096886050371e+02 0.000000000000000000e+00 0.000000000000000000e+00
7.110000000000000000e+02 3.242835804100616883e+02 0.000000000000000000e+00 0.000000000000000000e+00
7.120000000000000000e+02 3.252513511125187051e+02 0.000000000000000000e+00 0.000000000000000000e+00
7.130000000000000000e+02 3.238743332262622516e+02 2.000000000000000000e+00 0.000000000000000000e+00
7.140000000000000000e+02 3.236936985416638208e+02 1.000000000000000000e+00 0.000000000000000000e+00
7.150000000000000000e+02 3.251994836034980381e+02 0.000000000000000000e+00 0.000000000000000000e+00
7.160000000000000000e+02 3.267523953167047353e+02 0.000000000000000000e+00 0.000000000000000000e+00
7.170000000000000000e+02 3.257597125069797812e+02 1.000000000000000000e+00 0.000000000000000000e+00
7.180000000000000000e+02 3.253690406943677544e+02 1.000000000000000000e+00 0.000000000000000000e+00
7.190000000000000000e+02 3.265143226095470368e+02 0.000000000000000000e+00 0.000000000000000000e+00
7.200000000000000000e+02 3.282863157250674817e+02 0.000000000000000000e+00 0.000000000000000000e+00
7.210000000000000000e+02 3.299583307468734006e+02 0.000000000000000000e+00 0.000000000000000000e+00
7.220000000000000000e+02 3.299116346145162879e+02 0.000000000000000000e+00 0.000000000000000000e+00
7.230000000000000000e+02 3.307482807377263043e+02 0.000000000000000000e+00 0.000000000000000000e+00
7.240000000000000000e+02 3.320219715937959677e+02 0.000000000000000000e+00 0.000000000000000000e+00
7.250000000000000000e+02 3.315476595800956261e+02 1.000000000000000000e+00 0.000000000000000000e+00
7.260000000000000000e+02 3.325515464562576540e+02 1.000000000000000000e+00 0.000000000000000000e+00
7.270000000000000000e+02 3.332909477052515399e+02 0.000000000000000000e+00 0.000000000000000000e+00
7.280000000000000000e+02 3.340335624348929286e+02 0.000000000000000000e+00 0.000000000000000000e+00
7.290000000000000000e+02 3.352732568915079128e+02 0.000000000000000000e+00 0.000000000000000000e+00
7.300000000000000000e+02 3.335668380620916196e+02 2.000000000000000000e+00 0.000000000000000000e+00
7.310000000000000000e+02 3.348511239664082950e+02 0.000000000000000000e+00 0.000000000000000000e+00
7.320000000000000000e+02 3.361448903294156025e+02 0.000000000000000000e+00 0.000000000000000000e+00
7.330000000000000000e+02 3.354396526209339413e+02 1.000000000000000000e+00 0.000000000000000000e+00
7.340000000000000000e+02 3.363932697769979541e+02 1.000000000000000000e+00 0.000000000000000000e+00
7.350000000000000000e+02 3.375403218109576642e+02 0.000000000000000000e+00 0.000000000000000000e+00
7.360000000000000000e+02 3.376675755805420067e+02 0.000000000000000000e+00 0.000000000000000000e+00
7.370000000000000000e+02 3.391072914220050620e+02 1.000000000000000000e+00 0.000000000000000000e+00
7.380000000000000000e+02 3.387296129942446896e+02 0.000000000000000000e+00 0.000000000000000000e+00
7.390000000000000000e+02 3.398440289346942222e+02 0.000000000000000000e+00 0.000000000000000000e+00
7.400000000000000000e+02 3.401187373069842010e+02 0.000000000000000000e+00 0.000000000000000000e+00
7.410000000000000000e+02 3.414948622537486926e+02 0.000000000000000000e+00 0.000000000000000000e+00
7.420000000000000000e+02 3.418051747864199115e+02 1.000000000000000000e+00 0.000000000000000000e+00
7.430000000000000000e+02 3.420138026441611601e+02 0.000000000000000000e+00 0.000000000000000000e+00
7.440000000000000000e+02 3.438086343317912679e+02 0.000000000000000000e+00 0.000000000000000000e+00
7.450000000000000000e+02 3.453761988166257879e+02 0.000000000000000000e+00 0.000000000000000000e+00
7.460000000000000000e+02 3.463069501952225551e+02 0.000000000000000000e+00 0.000000000000000000e+00
7.470000000000000000e+02 3.470834286722030697e+02 0.000000000000000000e+00 0.000000000000000000e+00
7.480000000000000000e+02 3.467929910671716698e+02 0.000000000000000000e+00 0.000000000000000000e+00
7.490000000000000000e+02 3.487752076968291135e+02 0.000000000000000000e+00 0.000000000000000000e+00
7.500000000000000000e+02 3.493201361135161847e+02 1.000000000000000000e+00 0.000000000000000000e+00
7.510000000000000000e+02 3.504524743459577394e+02 0.000000000000000000e+00 0.000000000000000000e+00
7.520000000000000000e+02 3.518206452608368409e+02 0.000000000000000000e+00 0.000000000000000000e+00
7.530000000000000000e+02 3.515225103908369420e+02 0.000000000000000000e+00 0.000000000000000000e+00
7.540000000000000000e+02 3.539615862924089811e+02 0.000000000000000000e+00 0.000000000000000000e+00
7.550000000000000000e+02 3.533631527129360279e+02 1.000000000000000000e+00 0.000000000000000000e+00
7.560000000000000000e+02 3.519252566520106029e+02 1.000000000000000000e+00 0.000000000000000000e+00
7.570000000000000000e+02 3.546460707632261347e+02 0.000000000000000000e+00 0.000000000000000000e+00
7.580000000000000000e+02 3.551822961675752026e+02 0.000000000000000000e+00 0.000000000000000000e+00
7.590000000000000000e+02 3.564904090449111322e+02 0.000000000000000000e+00 0.000000000000000000e+00
7.600000000000000000e+02 3.550596935358359474e+02 2.000000000000000000e+00 0.000000000000000000e+00
7.610000000000000000e+02 3.561660279591794165e+02 0.000000000000000000e+00 0.000000000000000000e+00
7.620000000000000000e+02 3.550684032527672116e+02 2.000000000000000000e+00 0.000000000000000000e+00
7.630000000000000000e+02 3.539032526462738133e+02 2.000000000000000000e+00 0.000000000000000000e+00
7.640000000000000000e+02 3.546475304772515074e+02 0.000000000000000000e+00 0.000000000000000000e+00
7.650000000000000000e+02 3.558167161493952904e+02 1.000000000000000000e+00 0.000000000000000000e+00
7.660000000000000000e+02 3.550329532110860669e+02 0.000000000000000000e+00 0.000000000000000000e+00
7.670000000000000000e+02 3.557462006950756859e+02 0.000000000000000000e+00 0.000000000000000000e+00
7.680000000000000000e+02 3.563137909762797904e+02 2.000000000000000000e+00 0.000000000000000000e+00
7.690000000000000000e+02 3.562615820839571938e+02 1.000000000000000000e+00 0.000000000000000000e+00
7.700000000000000000e+02 3.567376664859471020e+02 0.000000000000000000e+00 0.000000000000000000e+00
7.710000000000000000e+02 3.581339890076344545e+02 0.000000000000000000e+00 0.000000000000000000e+00
7.720000000000000000e+02 3.579382277385318503e+02 1.000000000000000000e+00 0.000000000000000000e+00
7.730000000000000000e+02 3.591219960884098441e+02 0.000000000000000000e+00 0.000000000000000000e+00
7.740000000000000000e+02 3.601040310553471500e+02 0.000000000000000000e+00 0.000000000000000000e+00
7.750000000000000000e+02 3.588999133706868747e+02 2.000000000000000000e+00 0.000000000000000000e+00
7.760000000000000000e+02 3.598868729380149034e+02 0.000000000000000000e+00 0.000000000000000000e+00
7.770000000000000000e+02 3.617279730802189874e+02 0.000000000000000000e+00 0.000000000000000000e+00
7.780000000000000000e+02 3.626143615224000882e+02 0.000000000000000000e+00 0.000000000000000000e+00
7.790000000000000000e+02 3.610048541918019964e+02 2.000000000000000000e+00 0.000000000000000000e+00
7.800000000000000000e+02 3.615574174072611982e+02 0.000000000000000000e+00 0.000000000000000000e+00
7.810000000000000000e+02 3.628253951212521997e+02 0.000000000000000000e+00 0.000000000000000000e+00
7.820000000000000000e+02 3.618652821189724591e+02 1.000000000000000000e+00 0.000000000000000000e+00
7.830000000000000000e+02 3.628429319161054423e+02 1.000000000000000000e+00 0.000000000000000000e+00
7.840000000000000000e+02 3.638425536605862476e+02 0.000000000000000000e+00 0.000000000000000000e+00
7.850000000000000000e+02 3.630755638013808380e+02 2.000000000000000000e+00 0.000000000000000000e+00
7.860000000000000000e+02 3.641785571666061969e+02 0.000000000000000000e+00 0.000000000000000000e+00
7.870000000000000000e+02 3.648097081631128162e+02 0.000000000000000000e+00 0.000000000000000000e+00
7.880000000000000000e+02 3.652663938404241435e+02 0.000000000000000000e+00 0.000000000000000000e+00
7.890000000000000000e+02 3.669678580938919481e+02 0.000000000000000000e+00 0.000000000000000000e+00
7.900000000000000000e+02 3.676002944245575463e+02 0.000000000000000000e+00 0.000000000000000000e+00
7.910000000000000000e+02 3.689890964026732263e+02 0.000000000000000000e+00 0.000000000000000000e+00
7.920000000000000000e+02 3.694126255182722502e+02 0.000000000000000000e+00 0.000000000000000000e+00
7.930000000000000000e+02 3.704328184184662405e+02 0.000000000000000000e+00 0.000000000000000000e+00
7.940000000000000000e+02 3.720656952767597545e+02 0.000000000000000000e+00 0.000000000000000000e+00
7.950000000000000000e+02 3.723442499199322810e+02 0.000000000000000000e+00 0.000000000000000000e+00
7.960000000000000000e+02 3.745133204388741319e+02 0.000000000000000000e+00 0.000000000000000000e+00
7.970000000000000000e+02 3.749840473659282907e+02 0.000000000000000000e+00 0.000000000000000000e+00
7.980000000000000000e+02 3.765921224025556171e+02 0.000000000000000000e+00 0.000000000000000000e+00
7.990000000000000000e+02 3.752060295133516092e+02 2.000000000000000000e+00 0.000000000000000000e+00
8.000000000000000000e+02 3.735043553440324331e+02 2.000000000000000000e+00 0.000000000000000000e+00
