time	position	state	ATP_bound
1.000000000000000000e+00 1.636687820737411592e+00 0.000000000000000000e+00 0.000000000000000000e+00
2.000000000000000000e+00 2.061887998100822905e+00 0.000000000000000000e+00 0.000000000000000000e+00
3.000000000000000000e+00 3.353807607349655662e+00 0.000000000000000000e+00 0.000000000000000000e+00
4.000000000000000000e+00 1.314626829998031488e+00 2.000000000000000000e+00 0.000000000000000000e+00
5.000000000000000000e+00 3.412961056544460803e+00 0.000000000000000000e+00 0.000000000000000000e+00
6.000000000000000000e+00 4.416914468650328551e+00 0.000000000000000000e+00 0.000000000000000000e+00
7.000000000000000000e+00 4.176038777142082381e+00 1.000000000000000000e+00 0.000000000000000000e+00
8.000000000000000000e+00 4.598901393687644834e+00 0.000000000000000000e+00 0.000000000000000000e+00
9.000000000000000000e+00 5.697611985016720837e+00 0.000000000000000000e+00 0.000000000000000000e+00
1.000000000000000000e+01 7.461794077579943618e+00 0.000000000000000000e+00 0.000000000000000000e+00
1.100000000000000000e+01 8.251099658332107012e+00 0.000000000000000000e+00 0.000000000000000000e+00
1.200000000000000000e+01 8.710781432520649403e+00 0.000000000000000000e+00 0.000000000000000000e+00
1.300000000000000000e+01 9.895260114391046358e+00 0.000000000000000000e+00 0.000000000000000000e+00
1.400000000000000000e+01 8.899624143989314007e+00 2.000000000000000000e+00 0.000000000000000000e+00
1.500000000000000000e+01 8.596299695960167853e+00 0.000000000000000000e+00 0.000000000000000000e+00
1.600000000000000000e+01 1.028796753742378201e+01 0.000000000000000000e+00 0.000000000000000000e+00
1.700000000000000000e+01 9.514194339348438945e+00 2.000000000000000000e+00 0.000000000000000000e+00
1.800000000000000000e+01 1.049293325038622271e+01 0.000000000000000000e+00 0.000000000000000000e+00
1.900000000000000000e+01 1.130485746159346050e+01 0.000000000000000000e+00 0.000000000000000000e+00
2.000000000000000000e+01 1.198287175532355775e+01 1.000000000000000000e+00 0.000000000000000000e+00
2.100000000000000000e+01 1.162606533454569657e+01 0.000000000000000000e+00 0.000000000000000000e+00
2.200000000000000000e+01 1.149739886346042184e+01 2.000000000000000000e+00 0.000000000000000000e+00
2.300000000000000000e+01 1.346748403551045925e+01 0.000000000000000000e+00 0.000000000000000000e+00
2.400000000000000000e+01 1.249148286992410739e+01 2.000000000000000000e+00 0.000000000000000000e+00
2.500000000000000000e+01 1.324780300784483522e+01 0.000000000000000000e+00 0.000000000000000000e+00
2.600000000000000000e+01 1.285023360683220517e+01 0.000000000000000000e+00 0.000000000000000000e+00
2.700000000000000000e+01 1.509538066892454111e+01 0.000000000000000000e+00 0.000000000000000000e+00
2.800000000000000000e+01 1.538585489291607544e+01 1.000000000000000000e+00 0.000000000000000000e+00
2.900000000000000000e+01 1.326598647883207960e+01 2.000000000000000000e+00 0.000000000000000000e+00
3.000000000000000000e+01 1.302208525328548561e+01 2.000000000000000000e+00 0.000000000000000000e+00
3.100000000000000000e+01 1.345042189731570126e+01 0.000000000000000000e+00 0.000000000000000000e+00
3.200000000000000000e+01 1.496795588114459008e+01 0.000000000000000000e+00 0.000000000000000000e+00
3.300000000000000000e+01 1.533800983581930488e+01 1.000000000000000000e+00 0.000000000000000000e+00
3.400000000000000000e+01 1.681694530583725822e+01 0.000000000000000000e+00 0.000000000000000000e+00
3.500000000000000000e+01 1.585269540915955666e+01 1.000000000000000000e+00 0.000000000000000000e+00
3.600000000000000000e+01 1.606175316070066472e+01 1.000000000000000000e+00 0.000000000000000000e+00
3.700000000000000000e+01 1.630744503925202338e+01 0.000000000000000000e+00 0.000000000000000000e+00
3.800000000000000000e+01 1.760183037589836985e+01 0.000000000000000000e+00 0.000000000000000000e+00
3.900000000000000000e+01 1.935499759513688645e+01 0.000000000000000000e+00 0.000000000000000000e+00
4.000000000000000000e+01 2.019908275637482831e+01 0.000000000000000000e+00 0.000000000000000000e+00
4.100000000000000000e+01 1.934782453683342140e+01 2.000000000000000000e+00 0.000000000000000000e+00
4.200000000000000000e+01 1.937006228209987313e+01 0.000000000000000000e+00 0.000000000000000000e+00
4.300000000000000000e+01 2.064010581189253557e+01 0.000000000000000000e+00 0.000000000000000000e+00
4.400000000000000000e+01 2.090689565578671250e+01 1.000000000000000000e+00 0.000000000000000000e+00
4.500000000000000000e+01 2.114890556845001157e+01 1.000000000000000000e+00 0.000000000000000000e+00
4.600000000000000000e+01 2.134086749740763622e+01 1.000000000000000000e+00 0.000000000000000000e+00
4.700000000000000000e+01 2.049335274908671423e+01 2.000000000000000000e+00 0.000000000000000000e+00
4.800000000000000000e+01 2.060289498677567721e+01 0.000000000000000000e+00 0.000000000000000000e+00
4.900000000000000000e+01 2.063699639213160708e+01 2.000000000000000000e+00 0.000000000000000000e+00
5.000000000000000000e+01 2.076632770826840968e+01 0.000000000000000000e+00 0.000000000000000000e+00
5.100000000000000000e+01 2.019150127190227906e+01 2.000000000000000000e+00 0.000000000000000000e+00
5.200000000000000000e+01 2.000757017744406951e+01 0.000000000000000000e+00 0.000000000000000000e+00
5.300000000000000000e+01 2.124139353753023229e+01 0.000000000000000000e+00 0.000000000000000000e+00
5.400000000000000000e+01 2.241468919737368992e+01 0.000000000000000000e+00 0.000000000000000000e+00
5.500000000000000000e+01 2.409920731915055825e+01 0.000000000000000000e+00 0.000000000000000000e+00
5.600000000000000000e+01 2.476184143463731857e+01 0.000000000000000000e+00 0.000000000000000000e+00
5.700000000000000000e+01 2.348591586800873188e+01 2.000000000000000000e+00 0.000000000000000000e+00
5.800000000000000000e+01 2.425271889564599448e+01 0.000000000000000000e+00 0.000000000000000000e+00
5.900000000000000000e+01 2.356715395006097680e+01 2.000000000000000000e+00 0.000000000000000000e+00
6.000000000000000000e+01 2.504349021661388264e+01 0.000000000000000000e+00 0.000000000000000000e+00
6.100000000000000000e+01 2.454874138526155747e+01 1.000000000000000000e+00 0.000000000000000000e+00
6.200000000000000000e+01 2.577150177738181824e+01 0.000000000000000000e+00 0.000000000000000000e+00
6.300000000000000000e+01 2.738058615776661853e+01 0.000000000000000000e+00 0.000000000000000000e+00
6.400000000000000000e+01 2.764965896518657473e+01 0.000000000000000000e+00 0.000000000000000000e+00
6.500000000000000000e+01 2.726415857733862325e+01 2.000000000000000000e+00 0.000000000000000000e+00
6.600000000000000000e+01 2.741380312076782744e+01 0.000000000000000000e+00 0.000000000000000000e+00
6.700000000000000000e+01 2.991287610936849362e+01 0.000000000000000000e+00 0.000000000000000000e+00
6.800000000000000000e+01 2.998461704096425251e+01 1.000000000000000000e+00 0.000000000000000000e+00
6.900000000000000000e+01 2.840052797034246979e+01 1.000000000000000000e+00 0.000000000000000000e+00
7.000000000000000000e+01 2.799083715416887230e+01 2.000000000000000000e+00 0.000000000000000000e+00
7.100000000000000000e+01 2.791653348564332759e+01 1.000000000000000000e+00 0.000000000000000000e+00
7.200000000000000000e+01 2.856841634230142901e+01 0.000000000000000000e+00 0.000000000000000000e+00
7.300000000000000000e+01 2.982318373502505438e+01 0.000000000000000000e+00 0.000000000000000000e+00
7.400000000000000000e+01 2.948313748127862510e+01 2.000000000000000000e+00 0.000000000000000000e+00
7.500000000000000000e+01 3.006376437536070512e+01 0.000000000000000000e+00 0.000000000000000000e+00
7.600000000000000000e+01 2.943338063837720497e+01 2.000000000000000000e+00 0.000000000000000000e+00
7.700000000000000000e+01 3.043240693521813611e+01 0.000000000000000000e+00 0.000000000000000000e+00
7.800000000000000000e+01 3.118704435905383221e+01 0.000000000000000000e+00 0.000000000000000000e+00
7.900000000000000000e+01 3.246364354906790339e+01 0.000000000000000000e+00 0.000000000000000000e+00
8.000000000000000000e+01 3.307253960412344185e+01 0.000000000000000000e+00 0.000000000000000000e+00
8.100000000000000000e+01 3.317698784099599862e+01 1.000000000000000000e+00 0.000000000000000000e+00
8.200000000000000000e+01 3.572190195248819578e+01 0.000000000000000000e+00 0.000000000000000000e+00
8.300000000000000000e+01 3.459407333592638878e+01 1.000000000000000000e+00 0.000000000000000000e+00
8.400000000000000000e+01 3.520822047447944669e+01 0.000000000000000000e+00 0.000000000000000000e+00
8.500000000000000000e+01 3.620374309548076042e+01 0.000000000000000000e+00 0.000000000000000000e+00
8.600000000000000000e+01 3.717775968733771208e+01 0.000000000000000000e+00 0.000000000000000000e+00
8.700000000000000000e+01 3.702403282263120587e+01 0.000000000000000000e+00 0.000000000000000000e+00
8.800000000000000000e+01 3.729079853689532342e+01 2.000000000000000000e+00 0.000000000000000000e+00
8.900000000000000000e+01 3.849832287154382726e+01 0.000000000000000000e+00 0.000000000000000000e+00
9.000000000000000000e+01 3.883701686344911508e+01 0.000000000000000000e+00 0.000000000000000000e+00
9.100000000000000000e+01 4.064413089726155448e+01 0.000000000000000000e+00 0.000000000000000000e+00
9.200000000000000000e+01 3.957675476071634790e+01 1.000000000000000000e+00 0.000000000000000000e+00
9.300000000000000000e+01 4.060265046015951640e+01 0.000000000000000000e+00 0.000000000000000000e+00
9.400000000000000000e+01 4.168015726566319756e+01 0.000000000000000000e+00 0.000000000000000000e+00
9.500000000000000000e+01 4.268577341300543537e+01 0.000000000000000000e+00 0.000000000000000000e+00
9.600000000000000000e+01 4.440437499515611819e+01 0.000000000000000000e+00 0.000000000000000000e+00
9.700000000000000000e+01 4.541878953922645223e+01 0.000000000000000000e+00 0.000000000000000000e+00
9.800000000000000000e+01 4.504281471401611725e+01 0.000000000000000000e+00 0.000000000000000000e+00
9.900000000000000000e+01 4.478339941287374160e+01 2.000000000000000000e+00 0.000000000000000000e+00
1.000000000000000000e+02 4.551384530641908555e+01 0.000000000000000000e+00 0.000000000000000000e+00
1.010000000000000000e+02 4.700110696491676521e+01 0.000000000000000000e+00 0.000000000000000000e+00
1.020000000000000000e+02 4.816097793537719696e+01 0.000000000000000000e+00 0.000000000000000000e+00
1.030000000000000000e+02 4.820065228166922111e+01 1.000000000000000000e+00 0.000000000000000000e+00
1.040000000000000000e+02 4.917331616164268837e+01 0.000000000000000000e+00 0.000000000000000000e+00
1.050000000000000000e+02 4.990410601654647138e+01 0.000000000000000000e+00 0.000000000000000000e+00
1.060000000000000000e+02 5.129403102347708199e+01 0.000000000000000000e+00 0.000000000000000000e+00
1.070000000000000000e+02 5.117461723979553767e+01 0.000000000000000000e+00 0.000000000000000000e+00
1.080000000000000000e+02 5.236036219456678964e+01 0.000000000000000000e+00 0.000000000000000000e+00
1.090000000000000000e+02 5.448623202707930346e+01 0.000000000000000000e+00 0.000000000000000000e+00
1.100000000000000000e+02 5.399386587202820209e+01 1.000000000000000000e+00 0.000000000000000000e+00
1.110000000000000000e+02 5.326505089181171826e+01 1.000000000000000000e+00 0.000000000000000000e+00
1.120000000000000000e+02 5.488458384717402794e+01 0.000000000000000000e+00 0.000000000000000000e+00
1.130000000000000000e+02 5.543716907337373812e+01 0.000000000000000000e+00 0.000000000000000000e+00
1.140000000000000000e+02 5.574781133570573388e+01 2.000000000000000000e+00 0.000000000000000000e+00
1.150000000000000000e+02 5.620112303070955306e+01 0.000000000000000000e+00 0.000000000000000000e+00
1.160000000000000000e+02 5.625256291352592797e+01 0.000000000000000000e+00 0.000000000000000000e+00
1.170000000000000000e+02 5.729439662178954507e+01 1.000000000000000000e+00 0.000000000000000000e+00
1.180000000000000000e+02 5.842639383412068099e+01 0.000000000000000000e+00 0.000000000000000000e+00
1.190000000000000000e+02 5.693032789185173215e+01 1.000000000000000000e+00 0.000000000000000000e+00
1.200000000000000000e+02 5.923577680146264868e+01 0.000000000000000000e+00 0.000000000000000000e+00
1.210000000000000000e+02 5.958339021617116771e+01 0.000000000000000000e+00 0.000000000000000000e+00
1.220000000000000000e+02 6.012680556948046728e+01 0.000000000000000000e+00 0.000000000000000000e+00
1.230000000000000000e+02 6.212769519140965002e+01 0.000000000000000000e+00 0.000000000000000000e+00
1.240000000000000000e+02 6.213108598714111253e+01 1.000000000000000000e+00 0.000000000000000000e+00
1.250000000000000000e+02 6.227997392173777769e+01 1.000000000000000000e+00 0.000000000000000000e+00
1.260000000000000000e+02 6.288790390675179509e+01 0.000000000000000000e+00 0.000000000000000000e+00
1.270000000000000000e+02 6.149313868822657980e+01 1.000000000000000000e+00 0.000000000000000000e+00
1.280000000000000000e+02 6.376518083961560990e+01 0.000000000000000000e+00 0.000000000000000000e+00
1.290000000000000000e+02 6.565922196679910883e+01 0.000000000000000000e+00 0.000000000000000000e+00
1.300000000000000000e+02 6.560777215532117168e+01 0.000000000000000000e+00 0.000000000000000000e+00
1.310000000000000000e+02 6.669961782696988450e+01 1.000000000000000000e+00 0.000000000000000000e+00
1.320000000000000000e+02 6.749932952925310303e+01 0.000000000000000000e+00 0.000000000000000000e+00
1.330000000000000000e+02 6.819343894573422915e+01 0.000000000000000000e+00 0.000000000000000000e+00
1.340000000000000000e+02 6.741171648020875296e+01 1.000000000000000000e+00 0.000000000000000000e+00
1.350000000000000000e+02 6.979751377063097095e+01 0.000000000000000000e+00 0.000000000000000000e+00
1.360000000000000000e+02 6.968908722463017114e+01 0.000000000000000000e+00 0.000000000000000000e+00
1.370000000000000000e+02 7.017985392773155695e+01 0.000000000000000000e+00 0.000000000000000000e+00
1.380000000000000000e+02 7.189614080475527658e+01 0.000000000000000000e+00 0.000000000000000000e+00
1.390000000000000000e+02 7.377268394461825096e+01 0.000000000000000000e+00 0.000000000000000000e+00
1.400000000000000000e+02 7.377042136625962598e+01 0.000000000000000000e+00 0.000000000000000000e+00
1.410000000000000000e+02 7.458400335469542597e+01 0.000000000000000000e+00 0.000000000000000000e+00
1.420000000000000000e+02 7.568061947313736937e+01 1.000000000000000000e+00 0.000000000000000000e+00
1.430000000000000000e+02 7.638206282630267197e+01 0.000000000000000000e+00 0.000000000000000000e+00
1.440000000000000000e+02 7.483941481575647003e+01 2.000000000000000000e+00 0.000000000000000000e+00
1.450000000000000000e+02 7.657313297707975153e+01 0.000000000000000000e+00 0.000000000000000000e+00
1.460000000000000000e+02 7.484678655232332289e+01 2.000000000000000000e+00 0.000000000000000000e+00
1.470000000000000000e+02 7.394377919619201123e+01 2.000000000000000000e+00 0.000000000000000000e+00
1.480000000000000000e+02 7.552096100968870473e+01 0.000000000000000000e+00 0.000000000000000000e+00
1.490000000000000000e+02 7.524791845104209642e+01 0.000000000000000000e+00 0.000000000000000000e+00
1.500000000000000000e+02 7.618947543192328453e+01 0.000000000000000000e+00 0.000000000000000000e+00
1.510000000000000000e+02 7.622204725266975345e+01 1.000000000000000000e+00 0.000000000000000000e+00
1.520000000000000000e+02 7.739231882187647216e+01 0.000000000000000000e+00 0.000000000000000000e+00
1.530000000000000000e+02 8.044618627520590337e+01 0.000000000000000000e+00 0.000000000000000000e+00
1.540000000000000000e+02 7.857907422946452414e+01 2.000000000000000000e+00 0.000000000000000000e+00
1.550000000000000000e+02 7.876867938072140873e+01 0.000000000000000000e+00 0.000000000000000000e+00
1.560000000000000000e+02 7.951331004616719156e+01 0.000000000000000000e+00 0.000000000000000000e+00
1.570000000000000000e+02 7.850892407120454664e+01 2.000000000000000000e+00 0.000000000000000000e+00
1.580000000000000000e+02 7.980976167061007231e+01 0.000000000000000000e+00 0.000000000000000000e+00
1.590000000000000000e+02 7.970044677196564464e+01 1.000000000000000000e+00 0.000000000000000000e+00
1.600000000000000000e+02 7.848253655263842177e+01 2.000000000000000000e+00 0.000000000000000000e+00
1.610000000000000000e+02 8.064946431304051089e+01 0.000000000000000000e+00 0.000000000000000000e+00
1.620000000000000000e+02 8.154694612727577407e+01 0.000000000000000000e+00 0.000000000000000000e+00
1.630000000000000000e+02 8.220374399922100395e+01 0.000000000000000000e+00 0.000000000000000000e+00
1.640000000000000000e+02 8.044841347645196095e+01 2.000000000000000000e+00 0.000000000000000000e+00
1.650000000000000000e+02 8.023039233739865494e+01 1.000000000000000000e+00 0.000000000000000000e+00
1.660000000000000000e+02 8.189661548559766402e+01 0.000000000000000000e+00 0.000000000000000000e+00
1.670000000000000000e+02 8.248951404885949046e+01 0.000000000000000000e+00 0.000000000000000000e+00
1.680000000000000000e+02 8.379087129150441626e+01 0.000000000000000000e+00 0.000000000000000000e+00
1.690000000000000000e+02 8.314435994281456033e+01 2.000000000000000000e+00 0.000000000000000000e+00
1.700000000000000000e+02 8.411618536034323768e+01 0.000000000000000000e+00 0.000000000000000000e+00
1.710000000000000000e+02 8.468971331522547530e+01 0.000000000000000000e+00 0.000000000000000000e+00
1.720000000000000000e+02 8.629904816504917164e+01 0.000000000000000000e+00 0.000000000000000000e+00
1.730000000000000000e+02 8.702574659513977906e+01 0.000000000000000000e+00 0.000000000000000000e+00
1.740000000000000000e+02 8.749631931484438496e+01 0.000000000000000000e+00 0.000000000000000000e+00
1.750000000000000000e+02 8.957419399105971536e+01 0.000000000000000000e+00 0.000000000000000000e+00
1.760000000000000000e+02 9.003820612664928547e+01 0.000000000000000000e+00 0.000000000000000000e+00
1.770000000000000000e+02 9.164181414114382562e+01 0.000000000000000000e+00 0.000000000000000000e+00
1.780000000000000000e+02 9.140321726675544767e+01 1.000000000000000000e+00 0.000000000000000000e+00
1.790000000000000000e+02 9.118740113798246227e+01 1.000000000000000000e+00 0.000000000000000000e+00
1.800000000000000000e+02 9.130569626158943208e+01 1.000000000000000000e+00 0.000000000000000000e+00
1.810000000000000000e+02 9.240410223251974742e+01 0.000000000000000000e+00 0.000000000000000000e+00
1.820000000000000000e+02 9.316162346263843119e+01 0.000000000000000000e+00 0.000000000000000000e+00
1.830000000000000000e+02 9.464889385534790733e+01 0.000000000000000000e+00 0.000000000000000000e+00
1.840000000000000000e+02 9.563035879229644820e+01 0.000000000000000000e+00 0.000000000000000000e+00
1.850000000000000000e+02 9.707074391478377606e+01 0.000000000000000000e+00 0.000000000000000000e+00
1.860000000000000000e+02 9.601303821366553848e+01 2.000000000000000000e+00 0.000000000000000000e+00
1.870000000000000000e+02 9.563142975484333874e+01 1.000000000000000000e+00 0.000000000000000000e+00
1.880000000000000000e+02 9.455323209916794269e+01 1.000000000000000000e+00 0.000000000000000000e+00
1.890000000000000000e+02 9.520033567618854420e+01 0.000000000000000000e+00 0.000000000000000000e+00
1.900000000000000000e+02 9.476048768196547201e+01 2.000000000000000000e+00 0.000000000000000000e+00
1.910000000000000000e+02 9.616972798504404807e+01 0.000000000000000000e+00 0.000000000000000000e+00
1.920000000000000000e+02 9.588914092367927822e+01 0.000000000000000000e+00 0.000000000000000000e+00
1.930000000000000000e+02 9.736209094387507434e+01 0.000000000000000000e+00 0.000000000000000000e+00
1.940000000000000000e+02 9.716303924879342446e+01 1.000000000000000000e+00 0.000000000000000000e+00
1.950000000000000000e+02 9.865992558809793422e+01 0.000000000000000000e+00 0.000000000000000000e+00
1.960000000000000000e+02 9.958073089965131430e+01 1.000000000000000000e+00 0.000000000000000000e+00
1.970000000000000000e+02 1.004745607077633167e+02 0.000000000000000000e+00 0.000000000000000000e+00
1.980000000000000000e+02 1.004808170684557638e+02 1.000000000000000000e+00 0.000000000000000000e+00
1.990000000000000000e+02 9.962011504611784574e+01 0.000000000000000000e+00 0.000000000000000000e+00
2.000000000000000000e+02 1.012659107273406391e+02 0.000000000000000000e+00 0.000000000000000000e+00
2.010000000000000000e+02 1.007653016862831379e+02 2.000000000000000000e+00 0.000000000000000000e+00
2.020000000000000000e+02 1.017336174531321547e+02 0.000000000000000000e+00 0.000000000000000000e+00
2.030000000000000000e+02 1.024498897299965705e+02 0.000000000000000000e+00 0.000000000000000000e+00
2.040000000000000000e+02 1.034587354309580860e+02 0.000000000000000000e+00 0.000000000000000000e+00
2.050000000000000000e+02 1.027113596590586297e+02 2.000000000000000000e+00 0.000000000000000000e+00
2.060000000000000000e+02 1.031720147675607251e+02 0.000000000000000000e+00 0.000000000000000000e+00
2.070000000000000000e+02 1.047176416193328947e+02 0.000000000000000000e+00 0.000000000000000000e+00
2.080000000000000000e+02 1.056071875912255109e+02 0.000000000000000000e+00 0.000000000000000000e+00
2.090000000000000000e+02 1.073862833561993000e+02 0.000000000000000000e+00 0.000000000000000000e+00
2.100000000000000000e+02 1.061469413244270470e+02 2.000000000000000000e+00 0.000000000000000000e+00
2.110000000000000000e+02 1.070795812602046340e+02 0.000000000000000000e+00 0.000000000000000000e+00
2.120000000000000000e+02 1.062936879516093569e+02 2.000000000000000000e+00 0.000000000000000000e+00
2.130000000000000000e+02 1.064834482177733435e+02 0.000000000000000000e+00 0.000000000000000000e+00
2.140000000000000000e+02 1.066208508952073544e+02 1.000000000000000000e+00 0.000000000000000000e+00
2.150000000000000000e+02 1.080028424587680149e+02 0.000000000000000000e+00 0.000000000000000000e+00
2.160000000000000000e+02 1.090541621626807114e+02 0.000000000000000000e+00 0.000000000000000000e+00
2.170000000000000000e+02 1.078866850643220658e+02 2.000000000000000000e+00 0.000000000000000000e+00
2.180000000000000000e+02 1.072687582249646709e+02 2.000000000000000000e+00 0.000000000000000000e+00
2.190000000000000000e+02 1.077443558386740960e+02 0.000000000000000000e+00 0.000000000000000000e+00
2.200000000000000000e+02 1.095623780272759689e+02 0.000000000000000000e+00 0.000000000000000000e+00
2.210000000000000000e+02 1.077694886014054134e+02 2.000000000000000000e+00 0.000000000000000000e+00
2.220000000000000000e+02 1.075346385203574329e+02 1.000000000000000000e+00 0.000000000000000000e+00
2.230000000000000000e+02 1.094353715694936255e+02 0.000000000000000000e+00 0.000000000000000000e+00
2.240000000000000000e+02 1.092488249903273640e+02 1.000000000000000000e+00 0.000000000000000000e+00
2.250000000000000000e+02 1.089289180521726053e+02 1.000000000000000000e+00 0.000000000000000000e+00
2.260000000000000000e+02 1.097645013246802534e+02 0.000000000000000000e+00 0.000000000000000000e+00
2.270000000000000000e+02 1.109309191011783611e+02 0.000000000000000000e+00 0.000000000000000000e+00
2.280000000000000000e+02 1.091656853853844211e+02 2.000000000000000000e+00 0.000000000000000000e+00
2.290000000000000000e+02 1.107266167406194626e+02 0.000000000000000000e+00 0.000000000000000000e+00
2.300000000000000000e+02 1.117849467904379139e+02 0.000000000000000000e+00 0.000000000000000000e+00
2.310000000000000000e+02 1.128757422858832768e+02 0.000000000000000000e+00 0.000000000000000000e+00
2.320000000000000000e+02 1.119790456112345396e+02 2.000000000000000000e+00 0.000000000000000000e+00
2.330000000000000000e+02 1.127423720703279315e+02 0.000000000000000000e+00 0.000000000000000000e+00
2.340000000000000000e+02 1.130735149342097259e+02 1.000000000000000000e+00 0.000000000000000000e+00
2.350000000000000000e+02 1.121056283358262107e+02 2.000000000000000000e+00 0.000000000000000000e+00
2.360000000000000000e+02 1.112080027177272399e+02 2.000000000000000000e+00 0.000000000000000000e+00
2.370000000000000000e+02 1.127853860093470644e+02 0.000000000000000000e+00 0.000000000000000000e+00
2.380000000000000000e+02 1.135831981368048389e+02 0.000000000000000000e+00 0.000000000000000000e+00
2.390000000000000000e+02 1.137258984500177945e+02 0.000000000000000000e+00 0.000000000000000000e+00
2.400000000000000000e+02 1.142021504552067768e+02 1.000000000000000000e+00 0.000000000000000000e+00
2.410000000000000000e+02 1.127111251260698026e+02 2.000000000000000000e+00 0.000000000000000000e+00
2.420000000000000000e+02 1.129496444858546624e+02 0.000000000000000000e+00 0.000000000000000000e+00
2.430000000000000000e+02 1.154220467487117503e+02 0.000000000000000000e+00 0.000000000000000000e+00
2.440000000000000000e+02 1.160708396366704136e+02 0.000000000000000000e+00 0.000000000000000000e+00
2.450000000000000000e+02 1.159821017116026525e+02 1.000000000000000000e+00 0.000000000000000000e+00
2.460000000000000000e+02 1.162745560949831543e+02 1.000000000000000000e+00 0.000000000000000000e+00
2.470000000000000000e+02 1.142866863387040866e+02 2.000000000000000000e+00 0.000000000000000000e+00
2.480000000000000000e+02 1.153095547356183204e+02 0.000000000000000000e+00 0.000000000000000000e+00
2.490000000000000000e+02 1.168731949611719330e+02 0.000000000000000000e+00 0.000000000000000000e+00
2.500000000000000000e+02 1.154241026592716821e+02 2.000000000000000000e+00 0.000000000000000000e+00
2.510000000000000000e+02 1.175305012088918204e+02 0.000000000000000000e+00 0.000000000000000000e+00
2.520000000000000000e+02 1.173796738255505545e+02 0.000000000000000000e+00 0.000000000000000000e+00
2.530000000000000000e+02 1.184298250295850323e+02 0.000000000000000000e+00 0.000000000000000000e+00
2.540000000000000000e+02 1.206565722823453797e+02 0.000000000000000000e+00 0.000000000000000000e+00
2.550000000000000000e+02 1.202313134593427009e+02 0.000000000000000000e+00 0.000000000000000000e+00
2.560000000000000000e+02 1.219128014998064913e+02 0.000000000000000000e+00 0.000000000000000000e+00
2.570000000000000000e+02 1.225618614403043978e+02 0.000000000000000000e+00 0.000000000000000000e+00
2.580000000000000000e+02 1.252941023428571157e+02 0.000000000000000000e+00 0.000000000000000000e+00
2.590000000000000000e+02 1.249823652716140572e+02 0.000000000000000000e+00 0.000000000000000000e+00
2.600000000000000000e+02 1.253643244139895216e+02 0.000000000000000000e+00 0.000000000000000000e+00
2.610000000000000000e+02 1.248070291376019441e+02 2.000000000000000000e+00 0.000000000000000000e+00
2.620000000000000000e+02 1.265807192954394509e+02 0.000000000000000000e+00 0.000000000000000000e+00
2.630000000000000000e+02 1.269828435071102177e+02 0.000000000000000000e+00 0.000000000000000000e+00
2.640000000000000000e+02 1.262520950242954001e+02 2.000000000000000000e+00 0.000000000000000000e+00
2.650000000000000000e+02 1.277563985811335243e+02 0.000000000000000000e+00 0.000000000000000000e+00
2.660000000000000000e+02 1.279436418773004789e+02 0.000000000000000000e+00 0.000000000000000000e+00
2.670000000000000000e+02 1.292684457620111971e+02 0.000000000000000000e+00 0.000000000000000000e+00
2.680000000000000000e+02 1.287436650144258010e+02 2.000000000000000000e+00 0.000000000000000000e+00
2.690000000000000000e+02 1.283542326769450597e+02 1.000000000000000000e+00 0.000000000000000000e+00
2.700000000000000000e+02 1.296242090288741906e+02 0.000000000000000000e+00 0.000000000000000000e+00
2.710000000000000000e+02 1.286253637681202520e+02 0.000000000000000000e+00 0.000000000000000000e+00
2.720000000000000000e+02 1.316256950493122133e+02 0.000000000000000000e+00 0.000000000000000000e+00
2.730000000000000000e+02 1.318432062976906138e+02 0.000000000000000000e+00 0.000000000000000000e+00
2.740000000000000000e+02 1.330830404661614921e+02 0.000000000000000000e+00 0.000000000000000000e+00
2.750000000000000000e+02 1.338697515201043018e+02 0.000000000000000000e+00 0.000000000000000000e+00
2.760000000000000000e+02 1.345340751483391841e+02 1.000000000000000000e+00 0.000000000000000000e+00
2.770000000000000000e+02 1.353308273954972378e+02 0.000000000000000000e+00 0.000000000000000000e+00
2.780000000000000000e+02 1.355410705825946138e+02 0.000000000000000000e+00 0.000000000000000000e+00
2.790000000000000000e+02 1.353980097890478476e+02 1.000000000000000000e+00 0.000000000000000000e+00
2.800000000000000000e+02 1.371429900574428586e+02 0.000000000000000000e+00 0.000000000000000000e+00
2.810000000000000000e+02 1.372482060967463156e+02 2.000000000000000000e+00 0.000000000000000000e+00
2.820000000000000000e+02 1.370670869714446667e+02 0.000000000000000000e+00 0.000000000000000000e+00
2.830000000000000000e+02 1.386171510319548759e+02 0.000000000000000000e+00 0.000000000000000000e+00
2.840000000000000000e+02 1.386605242774697331e+02 0.000000000000000000e+00 0.000000000000000000e+00
2.850000000000000000e+02 1.382009523812949965e+02 2.000000000000000000e+00 0.000000000000000000e+00
2.860000000000000000e+02 1.396034377685919878e+02 0.000000000000000000e+00 0.000000000000000000e+00
2.870000000000000000e+02 1.380739983492162253e+02 2.000000000000000000e+00 0.000000000000000000e+00
2.880000000000000000e+02 1.399156107589716385e+02 0.000000000000000000e+00 0.000000000000000000e+00
2.890000000000000000e+02 1.395285358206294859e+02 1.000000000000000000e+00 0.000000000000000000e+00
2.900000000000000000e+02 1.372921772262959337e+02 2.000000000000000000e+00 0.000000000000000000e+00
2.910000000000000000e+02 1.388701172183422159e+02 0.000000000000000000e+00 0.000000000000000000e+00
2.920000000000000000e+02 1.376799651737138674e+02 2.000000000000000000e+00 0.000000000000000000e+00
2.930000000000000000e+02 1.368065765752126879e+02 2.000000000000000000e+00 0.000000000000000000e+00
2.940000000000000000e+02 1.375283234621477106e+02 0.000000000000000000e+00 0.000000000000000000e+00
2.950000000000000000e+02 1.385909763082551649e+02 0.000000000000000000e+00 0.000000000000000000e+00
2.960000000000000000e+02 1.405463417307183533e+02 0.000000000000000000e+00 0.000000000000000000e+00
2.970000000000000000e+02 1.389679603130308578e+02 2.000000000000000000e+00 0.000000000000000000e+00
2.980000000000000000e+02 1.402115311773478652e+02 0.000000000000000000e+00 0.000000000000000000e+00
2.990000000000000000e+02 1.392808695267185044e+02 2.000000000000000000e+00 0.000000000000000000e+00
3.000000000000000000e+02 1.395105031552423327e+02 1.000000000000000000e+00 0.000000000000000000e+00
3.010000000000000000e+02 1.388484596529240491e+02 0.000000000000000000e+00 0.000000000000000000e+00
3.020000000000000000e+02 1.402918929890504103e+02 1.000000000000000000e+00 0.000000000000000000e+00
3.030000000000000000e+02 1.407521814664952444e+02 0.000000000000000000e+00 0.000000000000000000e+00
3.040000000000000000e+02 1.418234795835648185e+02 0.000000000000000000e+00 0.000000000000000000e+00
3.050000000000000000e+02 1.425500393427357153e+02 0.000000000000000000e+00 0.000000000000000000e+00
3.060000000000000000e+02 1.445796888888663716e+02 0.000000000000000000e+00 0.000000000000000000e+00
3.070000000000000000e+02 1.446703999756345809e+02 0.000000000000000000e+00 0.000000000000000000e+00
3.080000000000000000e+02 1.472760184654263469e+02 0.000000000000000000e+00 0.000000000000000000e+00
3.090000000000000000e+02 1.447435527997865563e+02 2.000000000000000000e+00 0.000000000000000000e+00
3.100000000000000000e+02 1.460921574066512392e+02 0.000000000000000000e+00 0.000000000000000000e+00
3.110000000000000000e+02 1.458939274477629624e+02 2.000000000000000000e+00 0.000000000000000000e+00
3.120000000000000000e+02 1.462600751296126305e+02 0.000000000000000000e+00 0.000000000000000000e+00
3.130000000000000000e+02 1.464151719111807211e+02 0.000000000000000000e+00 0.000000000000000000e+00
3.140000000000000000e+02 1.489218796567743084e+02 0.000000000000000000e+00 0.000000000000000000e+00
3.150000000000000000e+02 1.488041417444966612e+02 0.000000000000000000e+00 0.000000000000000000e+00
3.160000000000000000e+02 1.469618528611298700e+02 2.000000000000000000e+00 0.000000000000000000e+00
3.170000000000000000e+02 1.492688562022714223e+02 0.000000000000000000e+00 0.000000000000000000e+00
3.180000000000000000e+02 1.475104307024411980e+02 2.000000000000000000e+00 0.000000000000000000e+00
3.190000000000000000e+02 1.486793626421214753e+02 0.000000000000000000e+00 0.000000000000000000e+00
3.200000000000000000e+02 1.499978169970224258e+02 0.000000000000000000e+00 0.000000000000000000e+00
3.210000000000000000e+02 1.494931853114303237e+02 2.000000000000000000e+00 0.000000000000000000e+00
3.220000000000000000e+02 1.493138939780226906e+02 0.000000000000000000e+00 0.000000000000000000e+00
3.230000000000000000e+02 1.504360440814197943e+02 0.000000000000000000e+00 0.000000000000000000e+00
3.240000000000000000e+02 1.513444404525966718e+02 0.000000000000000000e+00 0.000000000000000000e+00
3.250000000000000000e+02 1.523507069797819327e+02 0.000000000000000000e+00 0.000000000000000000e+00
3.260000000000000000e+02 1.529882708383894112e+02 1.000000000000000000e+00 0.000000000000000000e+00
3.270000000000000000e+02 1.537148874636508253e+02 0.000000000000000000e+00 0.000000000000000000e+00
3.280000000000000000e+02 1.522403984672854165e+02 2.000000000000000000e+00 0.000000000000000000e+00
3.290000000000000000e+02 1.541469418248320835e+02 0.000000000000000000e+00 0.000000000000000000e+00
3.300000000000000000e+02 1.549452242977487231e+02 0.000000000000000000e+00 0.000000000000000000e+00
3.310000000000000000e+02 1.565618513036687602e+02 0.000000000000000000e+00 0.000000000000000000e+00
3.320000000000000000e+02 1.549309656964344981e+02 2.000000000000000000e+00 0.000000000000000000e+00
3.330000000000000000e+02 1.540974644753608516e+02 2.000000000000000000e+00 0.000000000000000000e+00
3.340000000000000000e+02 1.551072856847401056e+02 0.000000000000000000e+00 0.000000000000000000e+00
3.350000000000000000e+02 1.539979021743745307e+02 2.000000000000000000e+00 0.000000000000000000e+00
3.360000000000000000e+02 1.528937400936923439e+02 1.000000000000000000e+00 0.000000000000000000e+00
3.370000000000000000e+02 1.547134804065797198e+02 0.000000000000000000e+00 0.000000000000000000e+00
3.380000000000000000e+02 1.551570915952136431e+02 1.000000000000000000e+00 0.000000000000000000e+00
3.390000000000000000e+02 1.544866178266757970e+02 1.000000000000000000e+00 0.000000000000000000e+00
3.400000000000000000e+02 1.554176196033362487e+02 0.000000000000000000e+00 0.000000000000000000e+00
3.410000000000000000e+02 1.571352130517971943e+02 0.000000000000000000e+00 0.000000000000000000e+00
3.420000000000000000e+02 1.587441304141973717e+02 0.000000000000000000e+00 0.000000000000000000e+00
3.430000000000000000e+02 1.578335570822354157e+02 1.000000000000000000e+00 0.000000000000000000e+00
3.440000000000000000e+02 1.590801533782343711e+02 0.000000000000000000e+00 0.000000000000000000e+00
3.450000000000000000e+02 1.595102752105456432e+02 1.000000000000000000e+00 0.000000000000000000e+00
3.460000000000000000e+02 1.585659494231890960e+02 1.000000000000000000e+00 0.000000000000000000e+00
3.470000000000000000e+02 1.598640572747366662e+02 1.000000000000000000e+00 0.000000000000000000e+00
3.480000000000000000e+02 1.603995703319617121e+02 0.000000000000000000e+00 0.000000000000000000e+00
3.490000000000000000e+02 1.614983111051258788e+02 0.000000000000000000e+00 0.000000000000000000e+00
3.500000000000000000e+02 1.613913142857293224e+02 0.000000000000000000e+00 0.000000000000000000e+00
3.510000000000000000e+02 1.619875292479655968e+02 0.000000000000000000e+00 0.000000000000000000e+00
3.520000000000000000e+02 1.635456870298397121e+02 0.000000000000000000e+00 0.000000000000000000e+00
3.530000000000000000e+02 1.641329752645602298e+02 0.000000000000000000e+00 0.000000000000000000e+00
3.540000000000000000e+02 1.645571118612227792e+02 1.000000000000000000e+00 0.000000000000000000e+00
3.550000000000000000e+02 1.657933835543205134e+02 0.000000000000000000e+00 0.000000000000000000e+00
3.560000000000000000e+02 1.676137671197655266e+02 0.000000000000000000e+00 0.000000000000000000e+00
3.570000000000000000e+02 1.664152427076564607e+02 2.000000000000000000e+00 0.000000000000000000e+00
3.580000000000000000e+02 1.670191068165683816e+02 0.000000000000000000e+00 0.000000000000000000e+00
3.590000000000000000e+02 1.673206190524360295e+02 0.000000000000000000e+00 0.000000000000000000e+00
3.600000000000000000e+02 1.693510344778540286e+02 0.000000000000000000e+00 0.000000000000000000e+00
3.610000000000000000e+02 1.704615460299807523e+02 0.000000000000000000e+00 0.000000000000000000e+00
3.620000000000000000e+02 1.698527713295252397e+02 1.000000000000000000e+00 0.000000000000000000e+00
3.630000000000000000e+02 1.696257635954432601e+02 1.000000000000000000e+00 0.000000000000000000e+00
3.640000000000000000e+02 1.699492169760980858e+02 1.000000000000000000e+00 0.000000000000000000e+00
3.650000000000000000e+02 1.703850822985353091e+02 0.000000000000000000e+00 0.000000000000000000e+00
3.660000000000000000e+02 1.710268156661082060e+02 1.000000000000000000e+00 0.000000000000000000e+00
3.670000000000000000e+02 1.720654997308353700e+02 0.000000000000000000e+00 0.000000000000000000e+00
3.680000000000000000e+02 1.709843070282289830e+02 2.000000000000000000e+00 0.000000000000000000e+00
3.690000000000000000e+02 1.710990466639262308e+02 1.000000000000000000e+00 0.000000000000000000e+00
3.700000000000000000e+02 1.719339805061658524e+02 0.000000000000000000e+00 0.000000000000000000e+00
3.710000000000000000e+02 1.717518647533500200e+02 0.000000000000000000e+00 0.000000000000000000e+00
3.720000000000000000e+02 1.723776568941486005e+02 2.000000000000000000e+00 0.000000000000000000e+00
3.730000000000000000e+02 1.702894252069394270e+02 2.000000000000000000e+00 0.000000000000000000e+00
3.740000000000000000e+02 1.709289649582201491e+02 1.000000000000000000e+00 0.000000000000000000e+00
3.750000000000000000e+02 1.727806917818774366e+02 0.000000000000000000e+00 0.000000000000000000e+00
3.760000000000000000e+02 1.732627630094355311e+02 0.000000000000000000e+00 0.000000000000000000e+00
3.770000000000000000e+02 1.735992321827118872e+02 0.000000000000000000e+00 0.000000000000000000e+00
3.780000000000000000e+02 1.746065558903977717e+02 1.000000000000000000e+00 0.000000000000000000e+00
3.790000000000000000e+02 1.751816234978717546e+02 0.000000000000000000e+00 0.000000000000000000e+00
3.800000000000000000e+02 1.750596118811862425e+02 1.000000000000000000e+00 0.000000000000000000e+00
3.810000000000000000e+02 1.765505603377760053e+02 0.000000000000000000e+00 0.000000000000000000e+00
3.820000000000000000e+02 1.775509178590225190e+02 0.000000000000000000e+00 0.000000000000000000e+00
3.830000000000000000e+02 1.775072980177562840e+02 0.000000000000000000e+00 0.000000000000000000e+00
3.840000000000000000e+02 1.773179197149724473e+02 2.000000000000000000e+00 0.000000000000000000e+00
3.850000000000000000e+02 1.780567914614025824e+02 0.000000000000000000e+00 0.000000000000000000e+00
3.860000000000000000e+02 1.792460212086107276e+02 0.000000000000000000e+00 0.000000000000000000e+00
3.870000000000000000e+02 1.800247586398153032e+02 0.000000000000000000e+00 0.000000000000000000e+00
3.880000000000000000e+02 1.807828033412725404e+02 0.000000000000000000e+00 0.000000000000000000e+00
3.890000000000000000e+02 1.821536343972673535e+02 0.000000000000000000e+00 0.000000000000000000e+00
3.900000000000000000e+02 1.818721656168040681e+02 1.000000000000000000e+00 0.000000000000000000e+00
3.910000000000000000e+02 1.834158415523088195e+02 0.000000000000000000e+00 0.000000000000000000e+00
3.920000000000000000e+02 1.838460365626452528e+02 0.000000000000000000e+00 0.000000000000000000e+00
3.930000000000000000e+02 1.843277902084310540e+02 0.000000000000000000e+00 0.000000000000000000e+00
3.940000000000000000e+02 1.859726587909754016e+02 0.000000000000000000e+00 0.000000000000000000e+00
3.950000000000000000e+02 1.871723008602057234e+02 0.000000000000000000e+00 0.000000000000000000e+00
3.960000000000000000e+02 1.883082290651169899e+02 0.000000000000000000e+00 0.000000000000000000e+00
3.970000000000000000e+02 1.880667812119694133e+02 1.000000000000000000e+00 0.000000000000000000e+00
3.980000000000000000e+02 1.878766147687614989e+02 0.000000000000000000e+00 0.000000000000000000e+00
3.990000000000000000e+02 1.898062775753170115e+02 0.000000000000000000e+00 0.000000000000000000e+00
4.000000000000000000e+02 1.893131453127888904e+02 2.000000000000000000e+00 0.000000000000000000e+00
4.010000000000000000e+02 1.888392133787879459e+02 0.000000000000000000e+00 0.000000000000000000e+00
4.020000000000000000e+02 1.890390933075839257e+02 1.000000000000000000e+00 0.000000000000000000e+00
4.030000000000000000e+02 1.910647036800018839e+02 0.000000000000000000e+00 0.000000000000000000e+00
4.040000000000000000e+02 1.911882268664013225e+02 1.000000000000000000e+00 0.000000000000000000e+00
4.050000000000000000e+02 1.910526182567068076e+02 1.000000000000000000e+00 0.000000000000000000e+00
4.060000000000000000e+02 1.908406536163813598e+02 1.000000000000000000e+00 0.000000000000000000e+00
4.070000000000000000e+02 1.913652057445117407e+02 0.000000000000000000e+00 0.000000000000000000e+00
4.080000000000000000e+02 1.925683654012142370e+02 0.000000000000000000e+00 0.000000000000000000e+00
4.090000000000000000e+02 1.925809739663240521e+02 1.000000000000000000e+00 0.000000000000000000e+00
4.100000000000000000e+02 1.944442490356942130e+02 0.000000000000000000e+00 0.000000000000000000e+00
4.110000000000000000e+02 1.951172135450648000e+02 0.000000000000000000e+00 0.000000000000000000e+00
4.120000000000000000e+02 1.953428089549996116e+02 1.000000000000000000e+00 0.000000000000000000e+00
4.130000000000000000e+02 1.964898826104927991e+02 0.000000000000000000e+00 0.000000000000000000e+00
4.140000000000000000e+02 1.974482916683012093e+02 0.000000000000000000e+00 0.000000000000000000e+00
4.150000000000000000e+02 1.974070625400284484e+02 1.000000000000000000e+00 0.000000000000000000e+00
4.160000000000000000e+02 1.980205331359213119e+02 0.000000000000000000e+00 0.000000000000000000e+00
4.170000000000000000e+02 1.997832779841463946e+02 0.000000000000000000e+00 0.000000000000000000e+00
4.180000000000000000e+02 1.999621263307296886e+02 0.000000000000000000e+00 0.000000000000000000e+00
4.190000000000000000e+02 2.010159366771432303e+02 0.000000000000000000e+00 0.000000000000000000e+00
4.200000000000000000e+02 2.024480910776183293e+02 0.000000000000000000e+00 0.000000000000000000e+00
4.210000000000000000e+02 2.034126252835022512e+02 0.000000000000000000e+00 0.000000000000000000e+00
4.220000000000000000e+02 2.041349204186826682e+02 0.000000000000000000e+00 0.000000000000000000e+00
4.230000000000000000e+02 2.043243754264767347e+02 1.000000000000000000e+00 0.000000000000000000e+00
4.240000000000000000e+02 2.056167181797112278e+02 0.000000000000000000e+00 0.000000000000000000e+00
4.250000000000000000e+02 2.060729697990680336e+02 0.000000000000000000e+00 0.000000000000000000e+00
4.260000000000000000e+02 2.078304005885124184e+02 0.000000000000000000e+00 0.000000000000000000e+00
4.270000000000000000e+02 2.053310957761155180e+02 2.000000000000000000e+00 0.000000000000000000e+00
4.280000000000000000e+02 2.048538599704136800e+02 2.000000000000000000e+00 0.000000000000000000e+00
4.290000000000000000e+02 2.054103345802542435e+02 0.000000000000000000e+00 0.000000000000000000e+00
4.300000000000000000e+02 2.067698136099214707e+02 0.000000000000000000e+00 0.000000000000000000e+00
4.310000000000000000e+02 2.083406913987134033e+02 0.000000000000000000e+00 0.000000000000000000e+00
4.320000000000000000e+02 2.096525933516077771e+02 0.000000000000000000e+00 0.000000000000000000e+00
4.330000000000000000e+02 2.079353611772724264e+02 2.000000000000000000e+00 0.000000000000000000e+00
4.340000000000000000e+02 2.090368724574082648e+02 0.000000000000000000e+00 0.000000000000000000e+00
4.350000000000000000e+02 2.100445656467426545e+02 0.000000000000000000e+00 0.000000000000000000e+00
4.360000000000000000e+02 2.105000438301902932e+02 0.000000000000000000e+00 0.000000000000000000e+00
4.370000000000000000e+02 2.103148385255572634e+02 2.000000000000000000e+00 0.000000000000000000e+00
4.380000000000000000e+02 2.082341041965630097e+02 2.000000000000000000e+00 0.000000000000000000e+00
4.390000000000000000e+02 2.087521831112942721e+02 1.000000000000000000e+00 0.000000000000000000e+00
4.400000000000000000e+02 2.097299468652372525e+02 0.000000000000000000e+00 0.000000000000000000e+00
4.410000000000000000e+02 2.089834822155124243e+02 2.000000000000000000e+00 0.000000000000000000e+00
4.420000000000000000e+02 2.091337910051971676e+02 1.000000000000000000e+00 0.000000000000000000e+00
4.430000000000000000e+02 2.098975023827976258e+02 0.000000000000000000e+00 0.000000000000000000e+00
4.440000000000000000e+02 2.105053131005837770e+02 0.000000000000000000e+00 0.000000000000000000e+00
4.450000000000000000e+02 2.114485268664043076e+02 0.000000000000000000e+00 0.000000000000000000e+00
4.460000000000000000e+02 2.117790662975666862e+02 1.000000000000000000e+00 0.000000000000000000e+00
4.470000000000000000e+02 2.119179533930636410e+02 0.000000000000000000e+00 0.000000000000000000e+00
4.480000000000000000e+02 2.132259018962791117e+02 1.000000000000000000e+00 0.000000000000000000e+00
4.490000000000000000e+02 2.137435884898316658e+02 0.000000000000000000e+00 0.000000000000000000e+00
4.500000000000000000e+02 2.143267853615157037e+02 0.000000000000000000e+00 0.000000000000000000e+00
4.510000000000000000e+02 2.134239027274126386e+02 2.000000000000000000e+00 0.000000000000000000e+00
4.520000000000000000e+02 2.147481093380457366e+02 0.000000000000000000e+00 0.000000000000000000e+00
4.530000000000000000e+02 2.165347433778087805e+02 0.000000000000000000e+00 0.000000000000000000e+00
4.540000000000000000e+02 2.175945114868562769e+02 0.000000000000000000e+00 0.000000000000000000e+00
4.550000000000000000e+02 2.171250933264381899e+02 0.000000000000000000e+00 0.000000000000000000e+00
4.560000000000000000e+02 2.193546323684140020e+02 0.000000000000000000e+00 0.000000000000000000e+00
4.570000000000000000e+02 2.205976268911983595e+02 0.000000000000000000e+00 0.000000000000000000e+00
4.580000000000000000e+02 2.205184604129986496e+02 0.000000000000000000e+00 0.000000000000000000e+00
4.590000000000000000e+02 2.200531078645836089e+02 2.000000000000000000e+00 0.000000000000000000e+00
4.600000000000000000e+02 2.220210119922660112e+02 0.000000000000000000e+00 0.000000000000000000e+00
4.610000000000000000e+02 2.189950573741487290e+02 2.000000000000000000e+00 0.000000000000000000e+00
4.620000000000000000e+02 2.194322775303112962e+02 1.000000000000000000e+00 0.000000000000000000e+00
4.630000000000000000e+02 2.200517920183544618e+02 1.000000000000000000e+00 0.000000000000000000e+00
4.640000000000000000e+02 2.188306187532116951e+02 2.000000000000000000e+00 0.000000000000000000e+00
4.650000000000000000e+02 2.209041381651159384e+02 0.000000000000000000e+00 0.000000000000000000e+00
4.660000000000000000e+02 2.196705272203224411e+02 1.000000000000000000e+00 0.000000000000000000e+00
4.670000000000000000e+02 2.212072058317792198e+02 1.000000000000000000e+00 0.000000000000000000e+00
4.680000000000000000e+02 2.213159269081407956e+02 0.000000000000000000e+00 0.000000000000000000e+00
4.690000000000000000e+02 2.221456418958294137e+02 0.000000000000000000e+00 0.000000000000000000e+00
4.700000000000000000e+02 2.234067492240306478e+02 0.000000000000000000e+00 0.000000000000000000e+00
4.710000000000000000e+02 2.234844786133949412e+02 0.000000000000000000e+00 0.000000000000000000e+00
4.720000000000000000e+02 2.251128255177579263e+02 0.000000000000000000e+00 0.000000000000000000e+00
4.730000000000000000e+02 2.234935201672527114e+02 2.000000000000000000e+00 0.000000000000000000e+00
4.740000000000000000e+02 2.240666560048068732e+02 0.000000000000000000e+00 0.000000000000000000e+00
4.750000000000000000e+02 2.258907967872987115e+02 0.000000000000000000e+00 0.000000000000000000e+00
4.760000000000000000e+02 2.265108517040302729e+02 0.000000000000000000e+00 0.000000000000000000e+00
4.770000000000000000e+02 2.258477316712632899e+02 2.000000000000000000e+00 0.000000000000000000e+00
4.780000000000000000e+02 2.273432504260411235e+02 0.000000000000000000e+00 0.000000000000000000e+00
4.790000000000000000e+02 2.287078860463182650e+02 0.000000000000000000e+00 0.000000000000000000e+00
4.800000000000000000e+02 2.284979871078161295e+02 0.000000000000000000e+00 0.000000000000000000e+00
4.810000000000000000e+02 2.298662737429250456e+02 0.000000000000000000e+00 0.000000000000000000e+00
4.820000000000000000e+02 2.290026970497631567e+02 2.000000000000000000e+00 0.000000000000000000e+00
4.830000000000000000e+02 2.298493462025719793e+02 0.000000000000000000e+00 0.000000000000000000e+00
4.840000000000000000e+02 2.307283685850061659e+02 0.000000000000000000e+00 0.000000000000000000e+00
4.850000000000000000e+02 2.317536385844180415e+02 0.000000000000000000e+00 0.000000000000000000e+00
4.860000000000000000e+02 2.332126045172976774e+02 0.000000000000000000e+00 0.000000000000000000e+00
4.870000000000000000e+02 2.332365044628629676e+02 0.000000000000000000e+00 0.000000000000000000e+00
4.880000000000000000e+02 2.325940314762955268e+02 2.000000000000000000e+00 0.000000000000000000e+00
4.890000000000000000e+02 2.341786728935470592e+02 0.000000000000000000e+00 0.000000000000000000e+00
4.900000000000000000e+02 2.345976258503344525e+02 0.000000000000000000e+00 0.000000000000000000e+00
4.910000000000000000e+02 2.368033336930513144e+02 0.000000000000000000e+00 0.000000000000000000e+00
4.920000000000000000e+02 2.375687668841780180e+02 0.000000000000000000e+00 0.000000000000000000e+00
4.930000000000000000e+02 2.379130451426400441e+02 0.000000000000000000e+00 0.000000000000000000e+00
4.940000000000000000e+02 2.385607602249820332e+02 0.000000000000000000e+00 0.000000000000000000e+00
4.950000000000000000e+02 2.403314187922422320e+02 0.000000000000000000e+00 0.000000000000000000e+00
4.960000000000000000e+02 2.414495083056114026e+02 0.000000000000000000e+00 0.000000000000000000e+00
4.970000000000000000e+02 2.394003052504479570e+02 2.000000000000000000e+00 0.000000000000000000e+00
4.980000000000000000e+02 2.405102605787661503e+02 1.000000000000000000e+00 0.000000000000000000e+00
4.990000000000000000e+02 2.396942308416961680e+02 1.000000000000000000e+00 0.000000000000000000e+00
5.000000000000000000e+02 2.414687447159210478e+02 0.000000000000000000e+00 0.000000000000000000e+00
5.010000000000000000e+02 2.417428983923850581e+02 0.000000000000000000e+00 0.000000000000000000e+00
5.020000000000000000e+02 2.427432624932494605e+02 0.000000000000000000e+00 0.000000000000000000e+00
5.030000000000000000e+02 2.437543437777339079e+02 0.000000000000000000e+00 0.000000000000000000e+00
5.040000000000000000e+02 2.450455926735707521e+02 0.000000000000000000e+00 0.000000000000000000e+00
5.050000000000000000e+02 2.454845978218146172e+02 0.000000000000000000e+00 0.000000000000000000e+00
5.060000000000000000e+02 2.470585745694821753e+02 0.000000000000000000e+00 0.000000000000000000e+00
5.070000000000000000e+02 2.478945374140073739e+02 0.000000000000000000e+00 0.000000000000000000e+00
5.080000000000000000e+02 2.477456534217081128e+02 1.000000000000000000e+00 0.000000000000000000e+00
5.090000000000000000e+02 2.471294437477959036e+02 2.000000000000000000e+00 0.000000000000000000e+00
5.100000000000000000e+02 2.491940162880520973e+02 0.000000000000000000e+00 0.000000000000000000e+00
5.110000000000000000e+02 2.488193370283076433e+02 0.000000000000000000e+00 0.000000000000000000e+00
5.120000000000000000e+02 2.504917055802791026e+02 0.000000000000000000e+00 0.000000000000000000e+00
5.130000000000000000e+02 2.495639802890432009e+02 1.000000000000000000e+00 0.000000000000000000e+00
5.140000000000000000e+02 2.510724617909006042e+02 0.000000000000000000e+00 0.000000000000000000e+00
5.150000000000000000e+02 2.517799112311667784e+02 1.000000000000000000e+00 0.000000000000000000e+00
5.160000000000000000e+02 2.510758859124834146e+02 2.000000000000000000e+00 0.000000000000000000e+00
5.170000000000000000e+02 2.513393410536698980e+02 0.000000000000000000e+00 0.000000000000000000e+00
5.180000000000000000e+02 2.527756687278951233e+02 0.000000000000000000e+00 0.000000000000000000e+00
5.190000000000000000e+02 2.527460384349958247e+02 0.000000000000000000e+00 0.000000000000000000e+00
5.200000000000000000e+02 2.530983346874584186e+02 2.000000000000000000e+00 0.000000000000000000e+00
5.210000000000000000e+02 2.516325958230835909e+02 1.000000000000000000e+00 0.000000000000000000e+00
5.220000000000000000e+02 2.532861433930719670e+02 0.000000000000000000e+00 0.000000000000000000e+00
5.230000000000000000e+02 2.544619345326019015e+02 0.000000000000000000e+00 0.000000000000000000e+00
5.240000000000000000e+02 2.530638581965514788e+02 2.000000000000000000e+00 0.000000000000000000e+00
5.250000000000000000e+02 2.548537626319769629e+02 0.000000000000000000e+00 0.000000000000000000e+00
5.260000000000000000e+02 2.537844357059364029e+02 2.000000000000000000e+00 0.000000000000000000e+00
5.270000000000000000e+02 2.535238721053416953e+02 0.000000000000000000e+00 0.000000000000000000e+00
5.280000000000000000e+02 2.547737423846896831e+02 0.000000000000000000e+00 0.000000000000000000e+00
5.290000000000000000e+02 2.559724187771831225e+02 0.000000000000000000e+00 0.000000000000000000e+00
5.300000000000000000e+02 2.570465633637581959e+02 0.000000000000000000e+00 0.000000000000000000e+00
5.310000000000000000e+02 2.583110315467424130e+02 0.000000000000000000e+00 0.000000000000000000e+00
5.320000000000000000e+02 2.565631052411362703e+02 2.000000000000000000e+00 0.000000000000000000e+00
5.330000000000000000e+02 2.581406046023208205e+02 0.000000000000000000e+00 0.000000000000000000e+00
5.340000000000000000e+02 2.591526905716951319e+02 0.000000000000000000e+00 0.000000000000000000e+00
5.350000000000000000e+02 2.572846876183022005e+02 2.000000000000000000e+00 0.000000000000000000e+00
5.360000000000000000e+02 2.581385948713385119e+02 0.000000000000000000e+00 0.000000000000000000e+00
5.370000000000000000e+02 2.599671807354044404e+02 0.000000000000000000e+00 0.000000000000000000e+00
5.380000000000000000e+02 2.601241003786796568e+02 0.000000000000000000e+00 0.000000000000000000e+00
5.390000000000000000e+02 2.625534549951694316e+02 0.000000000000000000e+00 0.000000000000000000e+00
5.400000000000000000e+02 2.633692217008922398e+02 0.000000000000000000e+00 0.000000000000000000e+00
5.410000000000000000e+02 2.646311583407627381e+02 0.000000000000000000e+00 0.000000000000000000e+00
5.420000000000000000e+02 2.655093844075045126e+02 0.000000000000000000e+00 0.000000000000000000e+00
5.430000000000000000e+02 2.654018972996274215e+02 0.000000000000000000e+00 0.000000000000000000e+00
5.440000000000000000e+02 2.664793091722269764e+02 0.000000000000000000e+00 0.000000000000000000e+00
5.450000000000000000e+02 2.686541460714060463e+02 0.000000000000000000e+00 0.000000000000000000e+00
5.460000000000000000e+02 2.672998007081299647e+02 2.000000000000000000e+00 0.000000000000000000e+00
5.470000000000000000e+02 2.675595868305620684e+02 0.000000000000000000e+00 0.000000000000000000e+00
5.480000000000000000e+02 2.696378491387472423e+02 0.000000000000000000e+00 0.000000000000000000e+00
5.490000000000000000e+02 2.694096421504188470e+02 1.000000000000000000e+00 0.000000000000000000e+00
5.500000000000000000e+02 2.704746207796563340e+02 0.000000000000000000e+00 0.000000000000000000e+00
5.510000000000000000e+02 2.705975091796399852e+02 0.000000000000000000e+00 0.000000000000000000e+00
5.520000000000000000e+02 2.725604493943300781e+02 0.000000000000000000e+00 0.000000000000000000e+00
5.530000000000000000e+02 2.709097489176564864e+02 2.000000000000000000e+00 0.000000000000000000e+00
5.540000000000000000e+02 2.717837805911229907e+02 0.000000000000000000e+00 0.000000000000000000e+00
5.550000000000000000e+02 2.722708065931940382e+02 1.000000000000000000e+00 0.000000000000000000e+00
5.560000000000000000e+02 2.725171881698065590e+02 1.000000000000000000e+00 0.000000000000000000e+00
5.570000000000000000e+02 2.729180848262215591e+02 0.000000000000000000e+00 0.000000000000000000e+00
5.580000000000000000e+02 2.733136535863625909e+02 1.000000000000000000e+00 0.000000000000000000e+00
5.590000000000000000e+02 2.723027929235456668e+02 2.000000000000000000e+00 0.000000000000000000e+00
5.600000000000000000e+02 2.722016082410887634e+02 1.000000000000000000e+00 0.000000000000000000e+00
5.610000000000000000e+02 2.730927473158892553e+02 0.000000000000000000e+00 0.000000000000000000e+00
5.620000000000000000e+02 2.743072912501531846e+02 0.000000000000000000e+00 0.000000000000000000e+00
5.630000000000000000e+02 2.749574337841816600e+02 1.000000000000000000e+00 0.000000000000000000e+00
5.640000000000000000e+02 2.727032696115598469e+02 2.000000000000000000e+00 0.000000000000000000e+00
5.650000000000000000e+02 2.737311982543700424e+02 0.000000000000000000e+00 0.000000000000000000e+00
5.660000000000000000e+02 2.749072013118963014e+02 0.000000000000000000e+00 0.000000000000000000e+00
5.670000000000000000e+02 2.757172263674534065e+02 0.000000000000000000e+00 0.000000000000000000e+00
5.680000000000000000e+02 2.767571224145756901e+02 0.000000000000000000e+00 0.000000000000000000e+00
5.690000000000000000e+02 2.774783630266882142e+02 0.000000000000000000e+00 0.000000000000000000e+00
5.700000000000000000e+02 2.787932920800967054e+02 1.000000000000000000e+00 0.000000000000000000e+00
5.710000000000000000e+02 2.795953473470274844e+02 0.000000000000000000e+00 0.000000000000000000e+00
5.720000000000000000e+02 2.801882642874295470e+02 0.000000000000000000e+00 0.000000000000000000e+00
5.730000000000000000e+02 2.812685604483112911e+02 0.000000000000000000e+00 0.000000000000000000e+00
5.740000000000000000e+02 2.819977162067257836e+02 0.000000000000000000e+00 0.000000000000000000e+00
5.750000000000000000e+02 2.833604467693747893e+02 0.000000000000000000e+00 0.000000000000000000e+00
5.760000000000000000e+02 2.834821189614715422e+02 0.000000000000000000e+00 0.000000000000000000e+00
5.770000000000000000e+02 2.849094527563053134e+02 0.000000000000000000e+00 0.000000000000000000e+00
5.780000000000000000e+02 2.859053481870624864e+02 0.000000000000000000e+00 0.000000000000000000e+00
5.790000000000000000e+02 2.866816659824596627e+02 0.000000000000000000e+00 0.000000000000000000e+00
5.800000000000000000e+02 2.879822474059802175e+02 0.000000000000000000e+00 0.000000000000000000e+00
5.810000000000000000e+02 2.899712989011580362e+02 0.000000000000000000e+00 0.000000000000000000e+00
5.820000000000000000e+02 2.877836588528585366e+02 2.000000000000000000e+00 0.000000000000000000e+00
5.830000000000000000e+02 2.895803830067497984e+02 0.000000000000000000e+00 0.000000000000000000e+00
5.840000000000000000e+02 2.888166293482348124e+02 1.000000000000000000e+00 0.000000000000000000e+00
5.850000000000000000e+02 2.905063275789361796e+02 0.000000000000000000e+00 0.000000000000000000e+00
5.860000000000000000e+02 2.906718004111071991e+02 0.000000000000000000e+00 0.000000000000000000e+00
5.870000000000000000e+02 2.910524747252406996e+02 0.000000000000000000e+00 0.000000000000000000e+00
5.880000000000000000e+02 2.940034360892508403e+02 0.000000000000000000e+00 0.000000000000000000e+00
5.890000000000000000e+02 2.928297795619401995e+02 0.000000000000000000e+00 0.000000000000000000e+00
5.900000000000000000e+02 2.962159237853941249e+02 0.000000000000000000e+00 0.000000000000000000e+00
5.910000000000000000e+02 2.965609832412927176e+02 0.000000000000000000e+00 0.000000000000000000e+00
5.920000000000000000e+02 2.949004532659072879e+02 2.000000000000000000e+00 0.000000000000000000e+00
5.930000000000000000e+02 2.957023469060098932e+02 0.000000000000000000e+00 0.000000000000000000e+00
5.940000000000000000e+02 2.971478887691682189e+02 0.000000000000000000e+00 0.000000000000000000e+00
5.950000000000000000e+02 2.976559543530231053e+02 0.000000000000000000e+00 0.000000000000000000e+00
5.960000000000000000e+02 2.968707267695967289e+02 1.000000000000000000e+00 0.000000000000000000e+00
5.970000000000000000e+02 2.973342047847389154e+02 1.000000000000000000e+00 0.000000000000000000e+00
5.980000000000000000e+02 2.974948469223236316e+02 1.000000000000000000e+00 0.000000000000000000e+00
5.990000000000000000e+02 2.976857130305727992e+02 1.000000000000000000e+00 0.000000000000000000e+00
6.000000000000000000e+02 2.982909281461293176e+02 1.000000000000000000e+00 0.000000000000000000e+00
6.010000000000000000e+02 2.994062803423832975e+02 0.000000000000000000e+00 0.000000000000000000e+00
6.020000000000000000e+02 2.985075096723054457e+02 2.000000000000000000e+00 0.000000000000000000e+00
6.030000000000000000e+02 2.986207177269500335e+02 0.000000000000000000e+00 0.000000000000000000e+00
6.040000000000000000e+02 2.977034427412540367e+02 2.000000000000000000e+00 0.000000000000000000e+00
6.050000000000000000e+02 2.987522606059173995e+02 1.000000000000000000e+00 0.000000000000000000e+00
6.060000000000000000e+02 2.993925634650819347e+02 0.000000000000000000e+00 0.000000000000000000e+00
6.070000000000000000e+02 3.007329016807614721e+02 0.000000000000000000e+00 0.000000000000000000e+00
6.080000000000000000e+02 3.013997554370893113e+02 0.000000000000000000e+00 0.000000000000000000e+00
6.090000000000000000e+02 3.021735227962415138e+02 0.000000000000000000e+00 0.000000000000000000e+00
6.100000000000000000e+02 3.023478109585485072e+02 0.000000000000000000e+00 0.000000000000000000e+00
6.110000000000000000e+02 3.034060742710774434e+02 1.000000000000000000e+00 0.000000000000000000e+00
6.120000000000000000e+02 3.039292971296699761e+02 0.000000000000000000e+00 0.000000000000000000e+00
6.130000000000000000e+02 3.048589970500677282e+02 0.000000000000000000e+00 0.000000000000000000e+00
6.140000000000000000e+02 3.045369600659331013e+02 1.000000000000000000e+00 0.000000000000000000e+00
6.150000000000000000e+02 3.056669531057418681e+02 0.000000000000000000e+00 0.000000000000000000e+00
6.160000000000000000e+02 3.053634072966394797e+02 1.000000000000000000e+00 0.000000000000000000e+00
6.170000000000000000e+02 3.070233225620950179e+02 0.000000000000000000e+00 0.000000000000000000e+00
6.180000000000000000e+02 3.061986529494744218e+02 2.000000000000000000e+00 0.000000000000000000e+00
6.190000000000000000e+02 3.056842197997191874e+02 1.000000000000000000e+00 0.000000000000000000e+00
6.200000000000000000e+02 3.067483139452274372e+02 0.000000000000000000e+00 0.000000000000000000e+00
6.210000000000000000e+02 3.070282983207563916e+02 1.000000000000000000e+00 0.000000000000000000e+00
6.220000000000000000e+02 3.073695636450318034e+02 1.000000000000000000e+00 0.000000000000000000e+00
6.230000000000000000e+02 3.064632073318732068e+02 1.000000000000000000e+00 0.000000000000000000e+00
6.240000000000000000e+02 3.079132523968805799e+02 0.000000000000000000e+00 0.000000000000000000e+00
6.250000000000000000e+02 3.091407859442695667e+02 0.000000000000000000e+00 0.000000000000000000e+00
6.260000000000000000e+02 3.100706323295949005e+02 0.000000000000000000e+00 0.000000000000000000e+00
6.270000000000000000e+02 3.091879346163570972e+02 2.000000000000000000e+00 0.000000000000000000e+00
6.280000000000000000e+02 3.093789937189474131e+02 0.000000000000000000e+00 0.000000000000000000e+00
6.290000000000000000e+02 3.098743446620829900e+02 2.000000000000000000e+00 0.000000000000000000e+00
6.300000000000000000e+02 3.097309405807725966e+02 0.000000000000000000e+00 0.000000000000000000e+00
6.310000000000000000e+02 3.113335979049448952e+02 0.000000000000000000e+00 0.000000000000000000e+00
6.320000000000000000e+02 3.118443300293874358e+02 0.000000000000000000e+00 0.000000000000000000e+00
6.330000000000000000e+02 3.116274640503713158e+02 2.000000000000000000e+00 0.000000000000000000e+00
6.340000000000000000e+02 3.120320579692262868e+02 0.000000000000000000e+00 0.000000000000000000e+00
6.350000000000000000e+02 3.131116297716225176e+02 0.000000000000000000e+00 0.000000000000000000e+00
6.360000000000000000e+02 3.144076830767667161e+02 0.000000000000000000e+00 0.000000000000000000e+00
6.370000000000000000e+02 3.155482623982543942e+02 0.000000000000000000e+00 0.000000000000000000e+00
6.380000000000000000e+02 3.171485043590792543e+02 0.000000000000000000e+00 0.000000000000000000e+00
6.390000000000000000e+02 3.176164009514063764e+02 0.000000000000000000e+00 0.000000000000000000e+00
6.400000000000000000e+02 3.178745847087164407e+02 0.000000000000000000e+00 0.000000000000000000e+00
6.410000000000000000e+02 3.178135403134469357e+02 1.000000000000000000e+00 0.000000000000000000e+00
6.420000000000000000e+02 3.177420202891574945e+02 2.000000000000000000e+00 0.000000000000000000e+00
6.430000000000000000e+02 3.180608631674290905e+02 0.000000000000000000e+00 0.000000000000000000e+00
6.440000000000000000e+02 3.193404110177572193e+02 0.000000000000000000e+00 0.000000000000000000e+00
6.450000000000000000e+02 3.178142737569747851e+02 2.000000000000000000e+00 0.000000000000000000e+00
6.460000000000000000e+02 3.185295493302519958e+02 1.000000000000000000e+00 0.000000000000000000e+00
6.470000000000000000e+02 3.174489970631573215e+02 1.000000000000000000e+00 0.000000000000000000e+00
6.480000000000000000e+02 3.176359243837308100e+02 1.000000000000000000e+00 0.000000000000000000e+00
6.490000000000000000e+02 3.192447201837156854e+02 0.000000000000000000e+00 0.000000000000000000e+00
6.500000000000000000e+02 3.201160514409736493e+02 0.000000000000000000e+00 0.000000000000000000e+00
6.510000000000000000e+02 3.188777912073402376e+02 2.000000000000000000e+00 0.000000000000000000e+00
6.520000000000000000e+02 3.173801773521784639e+02 2.000000000000000000e+00 0.000000000000000000e+00
6.530000000000000000e+02 3.191484629398127595e+02 0.000000000000000000e+00 0.000000000000000000e+00
6.540000000000000000e+02 3.191895072887701872e+02 1.000000000000000000e+00 0.000000000000000000e+00
6.550000000000000000e+02 3.192886082982037692e+02 0.000000000000000000e+00 0.000000000000000000e+00
6.560000000000000000e+02 3.208571647828752020e+02 0.000000000000000000e+00 0.000000000000000000e+00
6.570000000000000000e+02 3.215754067861157637e+02 0.000000000000000000e+00 0.000000000000000000e+00
6.580000000000000000e+02 3.231004837685628104e+02 0.000000000000000000e+00 0.000000000000000000e+00
6.590000000000000000e+02 3.237191203519273586e+02 0.000000000000000000e+00 0.000000000000000000e+00
6.600000000000000000e+02 3.233494654675099014e+02 1.000000000000000000e+00 0.000000000000000000e+00
6.610000000000000000e+02 3.245973268564121668e+02 0.000000000000000000e+00 0.000000000000000000e+00
6.620000000000000000e+02 3.239002855550970708e+02 2.000000000000000000e+00 0.000000000000000000e+00
6.630000000000000000e+02 3.251100894870464231e+02 0.000000000000000000e+00 0.000000000000000000e+00
6.640000000000000000e+02 3.251280322182849432e+02 1.000000000000000000e+00 0.000000000000000000e+00
6.650000000000000000e+02 3.250839966371058836e+02 1.000000000000000000e+00 0.000000000000000000e+00
6.660000000000000000e+02 3.261652382520886704e+02 0.000000000000000000e+00 0.000000000000000000e+00
6.670000000000000000e+02 3.245276754381735600e+02 2.000000000000000000e+00 0.000000000000000000e+00
6.680000000000000000e+02 3.237639185728153848e+02 2.000000000000000000e+00 0.000000000000000000e+00
6.690000000000000000e+02 3.251811082660220791e+02 0.000000000000000000e+00 0.000000000000000000e+00
6.700000000000000000e+02 3.254529732242304476e+02 0.000000000000000000e+00 0.000000000000000000e+00
6.710000000000000000e+02 3.272033132741626105e+02 0.000000000000000000e+00 0.000000000000000000e+00
6.720000000000000000e+02 3.272400771070638257e+02 0.000000000000000000e+00 0.000000000000000000e+00
6.730000000000000000e+02 3.291577961968977206e+02 0.000000000000000000e+00 0.000000000000000000e+00
6.740000000000000000e+02 3.297264850985862381e+02 0.000000000000000000e+00 0.000000000000000000e+00
6.750000000000000000e+02 3.313612515266304399e+02 0.000000000000000000e+00 0.000000000000000000e+00
6.760000000000000000e+02 3.305882263074876732e+02 2.000000000000000000e+00 0.000000000000000000e+00
6.770000000000000000e+02 3.312564313776198901e+02 0.000000000000000000e+00 0.000000000000000000e+00
6.780000000000000000e+02 3.325157577059949290e+02 0.000000000000000000e+00 0.000000000000000000e+00
6.790000000000000000e+02 3.327096548938409910e+02 0.000000000000000000e+00 0.000000000000000000e+00
6.800000000000000000e+02 3.326649164926187154e+02 1.000000000000000000e+00 0.000000000000000000e+00
6.810000000000000000e+02 3.325173704334876561e+02 2.000000000000000000e+00 0.000000000000000000e+00
6.820000000000000000e+02 3.328737427703024423e+02 0.000000000000000000e+00 0.000000000000000000e+00
6.830000000000000000e+02 3.339407825024897534e+02 0.000000000000000000e+00 0.000000000000000000e+00
6.840000000000000000e+02 3.355513789341096071e+02 0.000000000000000000e+00 0.000000000000000000e+00
6.850000000000000000e+02 3.358504168578842268e+02 0.000000000000000000e+00 0.000000000000000000e+00
6.860000000000000000e+02 3.360965804828809382e+02 1.000000000000000000e+00 0.000000000000000000e+00
6.870000000000000000e+02 3.367552264452936583e+02 0.000000000000000000e+00 0.000000000000000000e+00
6.880000000000000000e+02 3.361914189979757452e+02 2.000000000000000000e+00 0.000000000000000000e+00
6.890000000000000000e+02 3.371393400142786163e+02 0.000000000000000000e+00 0.000000000000000000e+00
6.900000000000000000e+02 3.358135476645807103e+02 1.000000000000000000e+00 0.000000000000000000e+00
6.910000000000000000e+02 3.390592140840456068e+02 0.000000000000000000e+00 0.000000000000000000e+00
6.920000000000000000e+02 3.392666158830393215e+02 0.000000000000000000e+00 0.000000000000000000e+00
6.930000000000000000e+02 3.392898425703874636e+02 0.000000000000000000e+00 0.000000000000000000e+00
6.940000000000000000e+02 3.394233035538983927e+02 2.000000000000000000e+00 0.000000000000000000e+00
6.950000000000000000e+02 3.399971541479246753e+02 0.000000000000000000e+00 0.000000000000000000e+00
6.960000000000000000e+02 3.407151727451064289e+02 0.000000000000000000e+00 0.000000000000000000e+00
6.970000000000000000e+02 3.425455553483294580e+02 0.000000000000000000e+00 0.000000000000000000e+00
6.980000000000000000e+02 3.425042235597223339e+02 0.000000000000000000e+00 0.000000000000000000e+00
6.990000000000000000e+02 3.440255236194674353e+02 0.000000000000000000e+00 0.000000000000000000e+00
7.000000000000000000e+02 3.456211416782828110e+02 0.000000000000000000e+00 0.000000000000000000e+00
7.010000000000000000e+02 3.461074214397276023e+02 0.000000000000000000e+00 0.000000000000000000e+00
7.020000000000000000e+02 3.469834587855539212e+02 0.000000000000000000e+00 0.000000000000000000e+00
7.030000000000000000e+02 3.468120498773790814e+02 0.000000000000000000e+00 0.000000000000000000e+00
7.040000000000000000e+02 3.491206372674120644e+02 0.000000000000000000e+00 0.000000000000000000e+00
7.050000000000000000e+02 3.501075896376989363e+02 0.000000000000000000e+00 0.000000000000000000e+00
7.060000000000000000e+02 3.513947179448810516e+02 0.000000000000000000e+00 0.000000000000000000e+00
7.070000000000000000e+02 3.520710113518142066e+02 0.000000000000000000e+00 0.000000000000000000e+00
7.080000000000000000e+02 3.524291614797112402e+02 0.000000000000000000e+00 0.000000000000000000e+00
7.090000000000000000e+02 3.536807444795732067e+02 0.000000000000000000e+00 0.000000000000000000e+00
7.100000000000000000e+02 3.550752100151586887e+02 0.000000000000000000e+00 0.000000000000000000e+00
7.110000000000000000e+02 3.567684382103410599e+02 0.000000000000000000e+00 0.000000000000000000e+00
7.120000000000000000e+02 3.573589949050978589e+02 0.000000000000000000e+00 0.000000000000000000e+00
7.130000000000000000e+02 3.578930846582742333e+02 0.000000000000000000e+00 0.000000000000000000e+00
7.140000000000000000e+02 3.583378294803214885e+02 0.000000000000000000e+00 0.000000000000000000e+00
7.150000000000000000e+02 3.570395108218674523e+02 2.000000000000000000e+00 0.000000000000000000e+00
7.160000000000000000e+02 3.572700783080127849e+02 2.000000000000000000e+00 0.000000000000000000e+00
7.170000000000000000e+02 3.560868596239861290e+02 2.000000000000000000e+00 0.000000000000000000e+00
7.180000000000000000e+02 3.571276540738149379e+02 0.000000000000000000e+00 0.000000000000000000e+00
7.190000000000000000e+02 3.578660135793903123e+02 0.000000000000000000e+00 0.000000000000000000e+00
7.200000000000000000e+02 3.577897535443661354e+02 1.000000000000000000e+00 0.000000000000000000e+00
7.210000000000000000e+02 3.590431199301521588e+02 0.000000000000000000e+00 0.000000000000000000e+00
7.220000000000000000e+02 3.594091290684499995e+02 0.000000000000000000e+00 0.000000000000000000e+00
7.230000000000000000e+02 3.600840849508556403e+02 1.000000000000000000e+00 0.000000000000000000e+00
7.240000000000000000e+02 3.611367499417498834e+02 0.000000000000000000e+00 0.000000000000000000e+00
7.250000000000000000e+02 3.617662253293253229e+02 0.000000000000000000e+00 0.000000000000000000e+00
7.260000000000000000e+02 3.619642429087380719e+02 1.000000000000000000e+00 0.000000000000000000e+00
7.270000000000000000e+02 3.631629804214426827e+02 0.000000000000000000e+00 0.000000000000000000e+00
7.280000000000000000e+02 3.645773685601845955e+02 0.000000000000000000e+00 0.000000000000000000e+00
7.290000000000000000e+02 3.628546383413508920e+02 2.000000000000000000e+00 0.000000000000000000e+00
7.300000000000000000e+02 3.642252353087262691e+02 0.000000000000000000e+00 0.000000000000000000e+00
7.310000000000000000e+02 3.653681104045147094e+02 0.000000000000000000e+00 0.000000000000000000e+00
7.320000000000000000e+02 3.659587407221471835e+02 0.000000000000000000e+00 0.000000000000000000e+00
7.330000000000000000e+02 3.646006345554204131e+02 2.000000000000000000e+00 0.000000000000000000e+00
7.340000000000000000e+02 3.659359954987824040e+02 0.000000000000000000e+00 0.000000000000000000e+00
7.350000000000000000e+02 3.667149524986141387e+02 0.000000000000000000e+00 0.000000000000000000e+00
7.360000000000000000e+02 3.685219602866267223e+02 0.000000000000000000e+00 0.000000000000000000e+00
7.370000000000000000e+02 3.690299448707553438e+02 0.000000000000000000e+00 0.000000000000000000e+00
7.380000000000000000e+02 3.676533799445206228e+02 2.000000000000000000e+00 0.000000000000000000e+00
7.390000000000000000e+02 3.691942056704249353e+02 0.000000000000000000e+00 0.000000000000000000e+00
7.400000000000000000e+02 3.683739244419485317e+02 2.000000000000000000e+00 0.000000000000000000e+00
7.410000000000000000e+02 3.686459614753536016e+02 0.000000000000000000e+00 0.000000000000000000e+00
7.420000000000000000e+02 3.707877088126865601e+02 0.000000000000000000e+00 0.000000000000000000e+00
7.430000000000000000e+02 3.708281304933786373e+02 0.000000000000000000e+00 0.000000000000000000e+00
7.440000000000000000e+02 3.710989122466792196e+02 1.000000000000000000e+00 0.000000000000000000e+00
7.450000000000000000e+02 3.708645768914281007e+02 1.000000000000000000e+00 0.000000000000000000e+00
7.460000000000000000e+02 3.720143760638164849e+02 0.000000000000000000e+00 0.000000000000000000e+00
7.470000000000000000e+02 3.736111570242360926e+02 0.000000000000000000e+00 0.000000000000000000e+00
7.480000000000000000e+02 3.723563674482672354e+02 2.000000000000000000e+00 0.000000000000000000e+00
7.490000000000000000e+02 3.732105275869156458e+02 0.000000000000000000e+00 0.000000000000000000e+00
7.500000000000000000e+02 3.714411147170953313e+02 2.000000000000000000e+00 0.000000000000000000e+00
7.510000000000000000e+02 3.717600904022900750e+02 2.000000000000000000e+00 0.000000000000000000e+00
7.520000000000000000e+02 3.703110841872763785e+02 2.000000000000000000e+00 0.000000000000000000e+00
7.530000000000000000e+02 3.696668158745069945e+02 2.000000000000000000e+00 0.000000000000000000e+00
7.540000000000000000e+02 3.701723442959021213e+02 0.000000000000000000e+00 0.000000000000000000e+00
7.550000000000000000e+02 3.697567466750038534e+02 1.000000000000000000e+00 0.000000000000000000e+00
7.560000000000000000e+02 3.704800722430051678e+02 1.000000000000000000e+00 0.000000000000000000e+00
7.570000000000000000e+02 3.716050925154282254e+02 0.000000000000000000e+00 0.000000000000000000e+00
7.580000000000000000e+02 3.718866851649795535e+02 0.000000000000000000e+00 0.000000000000000000e+00
7.590000000000000000e+02 3.735865512085089790e+02 0.000000000000000000e+00 0.000000000000000000e+00
7.600000000000000000e+02 3.730852641523650846e+02 0.000000000000000000e+00 0.000000000000000000e+00
7.610000000000000000e+02 3.752912680929043177e+02 0.000000000000000000e+00 0.000000000000000000e+00
7.620000000000000000e+02 3.750232890561213708e+02 1.000000000000000000e+00 0.000000000000000000e+00
7.630000000000000000e+02 3.757322281824421566e+02 0.000000000000000000e+00 0.000000000000000000e+00
7.640000000000000000e+02 3.776065090271131339e+02 0.000000000000000000e+00 0.000000000000000000e+00
7.650000000000000000e+02 3.774558332721039164e+02 0.000000000000000000e+00 0.000000000000000000e+00
7.660000000000000000e+02 3.781385494928679236e+02 1.000000000000000000e+00 0.000000000000000000e+00
7.670000000000000000e+02 3.795260914777947505e+02 0.000000000000000000e+00 0.000000000000000000e+00
7.680000000000000000e+02 3.781537905210613530e+02 2.000000000000000000e+00 0.000000000000000000e+00
7.690000000000000000e+02 3.784017433891271480e+02 0.000000000000000000e+00 0.000000000000000000e+00
7.700000000000000000e+02 3.796309827861747408e+02 1.000000000000000000e+00 0.000000000000000000e+00
7.710000000000000000e+02 3.776428151662125288e+02 2.000000000000000000e+00 0.000000000000000000e+00
7.720000000000000000e+02 3.791377950341136511e+02 0.000000000000000000e+00 0.000000000000000000e+00
7.730000000000000000e+02 3.794752067800957889e+02 0.000000000000000000e+00 0.000000000000000000e+00
7.740000000000000000e+02 3.785679170967047753e+02 2.000000000000000000e+00 0.000000000000000000e+00
7.750000000000000000e+02 3.800352247110939743e+02 0.000000000000000000e+00 0.000000000000000000e+00
7.760000000000000000e+02 3.813084820669195665e+02 0.000000000000000000e+00 0.000000000000000000e+00
7.770000000000000000e+02 3.822053434104955159e+02 0.000000000000000000e+00 0.000000000000000000e+00
7.780000000000000000e+02 3.825819304332825936e+02 0.000000000000000000e+00 0.000000000000000000e+00
7.790000000000000000e+02 3.823287753881267577e+02 1.000000000000000000e+00 0.000000000000000000e+00
7.800000000000000000e+02 3.827809745351602260e+02 1.000000000000000000e+00 0.000000000000000000e+00
7.810000000000000000e+02 3.842888335886806317e+02 0.000000000000000000e+00 0.000000000000000000e+00
7.820000000000000000e+02 3.844422513659644665e+02 1.000000000000000000e+00 0.000000000000000000e+00
7.830000000000000000e+02 3.852654360608369188e+02 0.000000000000000000e+00 0.000000000000000000e+00
7.840000000000000000e+02 3.858767332454916641e+02 0.000000000000000000e+00 0.000000000000000000e+00
7.850000000000000000e+02 3.873079053607397100e+02 0.000000000000000000e+00 0.000000000000000000e+00
7.860000000000000000e+02 3.878593696438130678e+02 0.000000000000000000e+00 0.000000000000000000e+00
7.870000000000000000e+02 3.889882753362110179e+02 0.000000000000000000e+00 0.000000000000000000e+00
7.880000000000000000e+02 3.899925495008342295e+02 0.000000000000000000e+00 0.000000000000000000e+00
7.890000000000000000e+02 3.888396940230869632e+02 2.000000000000000000e+00 0.000000000000000000e+00
7.900000000000000000e+02 3.907165330886831498e+02 0.000000000000000000e+00 0.000000000000000000e+00
7.910000000000000000e+02 3.907941859489188232e+02 0.000000000000000000e+00 0.000000000000000000e+00
7.920000000000000000e+02 3.898692479623063036e+02 2.000000000000000000e+00 0.000000000000000000e+00
7.930000000000000000e+02 3.892874719220016573e+02 2.000000000000000000e+00 0.000000000000000000e+00
7.940000000000000000e+02 3.890026919404159003e+02 1.000000000000000000e+00 0.000000000000000000e+00
7.950000000000000000e+02 3.902557939377435332e+02 0.000000000000000000e+00 0.000000000000000000e+00
7.960000000000000000e+02 3.909367520259057756e+02 0.000000000000000000e+00 0.000000000000000000e+00
7.970000000000000000e+02 3.929585122379433528e+02 0.000000000000000000e+00 0.000000000000000000e+00
7.980000000000000000e+02 3.910639425936205384e+02 1.000000000000000000e+00 0.000000000000000000e+00
7.990000000000000000e+02 3.908121958060242491e+02 2.000000000000000000e+00 0.000000000000000000e+00
8.000000000000000000e+02 3.915193971443695204e+02 0.000000000000000000e+00 0.000000000000000000e+00
