time	position	state	ATP_bound
1.000000000000000000e+00 1.649462740015969139e-02 1.000000000000000000e+00 0.000000000000000000e+00
2.000000000000000000e+00 2.901931404648332435e-01 0.000000000000000000e+00 0.000000000000000000e+00
3.000000000000000000e+00 1.771016085162756548e+00 0.000000000000000000e+00 0.000000000000000000e+00
4.000000000000000000e+00 2.504714979377293815e+00 0.000000000000000000e+00 0.000000000000000000e+00
5.000000000000000000e+00 1.916379047926042078e+00 2.000000000000000000e+00 0.000000000000000000e+00
6.000000000000000000e+00 3.191368209102604325e+00 0.000000000000000000e+00 0.000000000000000000e+00
7.000000000000000000e+00 2.733777193792906068e+00 1.000000000000000000e+00 0.000000000000000000e+00
8.000000000000000000e+00 2.833644018746538151e+00 1.000000000000000000e+00 0.000000000000000000e+00
9.000000000000000000e+00 1.867136242545526459e+00 2.000000000000000000e+00 0.000000000000000000e+00
1.000000000000000000e+01 1.619057821193689461e+00 1.000000000000000000e+00 0.000000000000000000e+00
1.100000000000000000e+01 1.470093520623706018e+00 2.000000000000000000e+00 0.000000000000000000e+00
1.200000000000000000e+01 2.300273780075935637e+00 0.000000000000000000e+00 0.000000000000000000e+00
1.300000000000000000e+01 3.046311123846968449e+00 0.000000000000000000e+00 0.000000000000000000e+00
1.400000000000000000e+01 4.649009741660402817e+00 0.000000000000000000e+00 0.000000000000000000e+00
1.500000000000000000e+01 5.001909428722459694e+00 0.000000000000000000e+00 0.000000000000000000e+00
1.600000000000000000e+01 5.536504714968101482e+00 0.000000000000000000e+00 0.000000000000000000e+00
1.700000000000000000e+01 6.203751703108141946e+00 0.000000000000000000e+00 0.000000000000000000e+00
1.800000000000000000e+01 7.276803378539410616e+00 1.000000000000000000e+00 0.000000000000000000e+00
1.900000000000000000e+01 8.301253934017680081e+00 0.000000000000000000e+00 0.000000000000000000e+00
2.000000000000000000e+01 7.986017391465619397e+00 2.000000000000000000e+00 0.000000000000000000e+00
2.100000000000000000e+01 8.050555130719091679e+00 0.000000000000000000e+00 0.000000000000000000e+00
2.200000000000000000e+01 9.577998687295432134e+00 0.000000000000000000e+00 0.000000000000000000e+00
2.300000000000000000e+01 1.030583377236281351e+01 0.000000000000000000e+00 0.000000000000000000e+00
2.400000000000000000e+01 1.081938438197563457e+01 0.000000000000000000e+00 0.000000000000000000e+00
2.500000000000000000e+01 1.177513076022222194e+01 0.000000000000000000e+00 0.000000000000000000e+00
2.600000000000000000e+01 1.267892240723372588e+01 0.000000000000000000e+00 0.000000000000000000e+00
2.700000000000000000e+01 1.176254896267938932e+01 2.000000000000000000e+00 0.000000000000000000e+00
2.800000000000000000e+01 1.131169976002819411e+01 2.000000000000000000e+00 0.000000000000000000e+00
2.900000000000000000e+01 9.270405112295263095e+00 2.000000000000000000e+00 0.000000000000000000e+00
3.000000000000000000e+01 1.106441809516334907e+01 0.000000000000000000e+00 0.000000000000000000e+00
3.100000000000000000e+01 1.287876532055274481e+01 0.000000000000000000e+00 0.000000000000000000e+00
3.200000000000000000e+01 1.353856696491948242e+01 0.000000000000000000e+00 0.000000000000000000e+00
3.300000000000000000e+01 1.249339314857982863e+01 2.000000000000000000e+00 0.000000000000000000e+00
3.400000000000000000e+01 1.294443256601637593e+01 0.000000000000000000e+00 0.000000000000000000e+00
3.500000000000000000e+01 1.420586838326254941e+01 0.000000000000000000e+00 0.000000000000000000e+00
3.600000000000000000e+01 1.520566784521554737e+01 0.000000000000000000e+00 0.000000000000000000e+00
3.700000000000000000e+01 1.312649471564796322e+01 2.000000000000000000e+00 0.000000000000000000e+00
3.800000000000000000e+01 1.514502784091756737e+01 0.000000000000000000e+00 0.000000000000000000e+00
3.900000000000000000e+01 1.396223705077890287e+01 2.000000000000000000e+00 0.000000000000000000e+00
4.000000000000000000e+01 1.274440770351736418e+01 2.000000000000000000e+00 0.000000000000000000e+00
4.100000000000000000e+01 1.421309253614386314e+01 0.000000000000000000e+00 0.000000000000000000e+00
4.200000000000000000e+01 1.451772984152434631e+01 1.000000000000000000e+00 0.000000000000000000e+00
4.300000000000000000e+01 1.480669627367380770e+01 0.000000000000000000e+00 0.000000000000000000e+00
4.400000000000000000e+01 1.585114319099545455e+01 0.000000000000000000e+00 0.000000000000000000e+00
4.500000000000000000e+01 1.681671141232576616e+01 1.000000000000000000e+00 0.000000000000000000e+00
4.600000000000000000e+01 1.636592658418216573e+01 1.000000000000000000e+00 0.000000000000000000e+00
4.700000000000000000e+01 1.710394829844570808e+01 0.000000000000000000e+00 0.000000000000000000e+00
4.800000000000000000e+01 1.834569016278880937e+01 0.000000000000000000e+00 0.000000000000000000e+00
4.900000000000000000e+01 1.643150343126301749e+01 2.000000000000000000e+00 0.000000000000000000e+00
5.000000000000000000e+01 1.759651654908084240e+01 0.000000000000000000e+00 0.000000000000000000e+00
5.100000000000000000e+01 1.917512667408939109e+01 0.000000000000000000e+00 0.000000000000000000e+00
5.200000000000000000e+01 1.988099033490835410e+01 0.000000000000000000e+00 0.000000000000000000e+00
5.300000000000000000e+01 1.947590716775549780e+01 1.000000000000000000e+00 0.000000000000000000e+00
5.400000000000000000e+01 2.216219749221530932e+01 0.000000000000000000e+00 0.000000000000000000e+00
5.500000000000000000e+01 2.216422851190018051e+01 0.000000000000000000e+00 0.000000000000000000e+00
5.600000000000000000e+01 2.282534269903503343e+01 0.000000000000000000e+00 0.000000000000000000e+00
5.700000000000000000e+01 2.302594133383282582e+01 1.000000000000000000e+00 0.000000000000000000e+00
5.800000000000000000e+01 2.225389843054890804e+01 1.000000000000000000e+00 0.000000000000000000e+00
5.900000000000000000e+01 2.171160852574154276e+01 2.000000000000000000e+00 0.000000000000000000e+00
6.000000000000000000e+01 2.038318119221766622e+01 2.000000000000000000e+00 0.000000000000000000e+00
6.100000000000000000e+01 2.084794189502367345e+01 1.000000000000000000e+00 0.000000000000000000e+00
6.200000000000000000e+01 2.110676027892163020e+01 1.000000000000000000e+00 0.000000000000000000e+00
6.300000000000000000e+01 2.257998455222250911e+01 0.000000000000000000e+00 0.000000000000000000e+00
6.400000000000000000e+01 2.302129615742180846e+01 0.000000000000000000e+00 0.000000000000000000e+00
6.500000000000000000e+01 2.463764833161321022e+01 0.000000000000000000e+00 0.000000000000000000e+00
6.600000000000000000e+01 2.436827078415222303e+01 0.000000000000000000e+00 0.000000000000000000e+00
6.700000000000000000e+01 2.569171482125806349e+01 0.000000000000000000e+00 0.000000000000000000e+00
6.800000000000000000e+01 2.784590818493555631e+01 0.000000000000000000e+00 0.000000000000000000e+00
6.900000000000000000e+01 2.789176472730463274e+01 0.000000000000000000e+00 0.000000000000000000e+00
7.000000000000000000e+01 2.852430449504594634e+01 1.000000000000000000e+00 0.000000000000000000e+00
7.100000000000000000e+01 2.754650045894053534e+01 2.000000000000000000e+00 0.000000000000000000e+00
7.200000000000000000e+01 2.655510745559817920e+01 2.000000000000000000e+00 0.000000000000000000e+00
7.300000000000000000e+01 2.685298529972795478e+01 0.000000000000000000e+00 0.000000000000000000e+00
7.400000000000000000e+01 2.816405662235625584e+01 0.000000000000000000e+00 0.000000000000000000e+00
7.500000000000000000e+01 2.757266466930140325e+01 2.000000000000000000e+00 0.000000000000000000e+00
7.600000000000000000e+01 2.709997594323731462e+01 1.000000000000000000e+00 0.000000000000000000e+00
7.700000000000000000e+01 2.720737853988460486e+01 0.000000000000000000e+00 0.000000000000000000e+00
7.800000000000000000e+01 2.873375684134459007e+01 0.000000000000000000e+00 0.000000000000000000e+00
7.900000000000000000e+01 2.963147792639389877e+01 0.000000000000000000e+00 0.000000000000000000e+00
8.000000000000000000e+01 2.881269791985437934e+01 2.000000000000000000e+00 0.000000000000000000e+00
8.100000000000000000e+01 2.919126610387217369e+01 1.000000000000000000e+00 0.000000000000000000e+00
8.200000000000000000e+01 2.835827247439533849e+01 2.000000000000000000e+00 0.000000000000000000e+00
8.300000000000000000e+01 2.940638145352725985e+01 0.000000000000000000e+00 0.000000000000000000e+00
8.400000000000000000e+01 2.980597875690011023e+01 0.000000000000000000e+00 0.000000000000000000e+00
8.500000000000000000e+01 2.991757489286384342e+01 1.000000000000000000e+00 0.000000000000000000e+00
8.600000000000000000e+01 3.015872072010066418e+01 1.000000000000000000e+00 0.000000000000000000e+00
8.700000000000000000e+01 3.030535357745441161e+01 0.000000000000000000e+00 0.000000000000000000e+00
8.800000000000000000e+01 3.214518118523935897e+01 0.000000000000000000e+00 0.000000000000000000e+00
8.900000000000000000e+01 3.388291334576761216e+01 0.000000000000000000e+00 0.000000000000000000e+00
9.000000000000000000e+01 3.358217530871394985e+01 0.000000000000000000e+00 0.000000000000000000e+00
9.100000000000000000e+01 3.346867992892618560e+01 1.000000000000000000e+00 0.000000000000000000e+00
9.200000000000000000e+01 3.466224822878059086e+01 1.000000000000000000e+00 0.000000000000000000e+00
9.300000000000000000e+01 3.359070349434731639e+01 0.000000000000000000e+00 0.000000000000000000e+00
9.400000000000000000e+01 3.562247898328929097e+01 0.000000000000000000e+00 0.000000000000000000e+00
9.500000000000000000e+01 3.761144370390200464e+01 0.000000000000000000e+00 0.000000000000000000e+00
9.600000000000000000e+01 3.905309490609018752e+01 0.000000000000000000e+00 0.000000000000000000e+00
9.700000000000000000e+01 3.714892820352210379e+01 2.000000000000000000e+00 0.000000000000000000e+00
9.800000000000000000e+01 3.785788836852578498e+01 0.000000000000000000e+00 0.000000000000000000e+00
9.900000000000000000e+01 3.932171628807296315e+01 0.000000000000000000e+00 0.000000000000000000e+00
1.000000000000000000e+02 3.804066899534592494e+01 1.000000000000000000e+00 0.000000000000000000e+00
1.010000000000000000e+02 3.988750790011185643e+01 0.000000000000000000e+00 0.000000000000000000e+00
1.020000000000000000e+02 4.093010180848014556e+01 0.000000000000000000e+00 0.000000000000000000e+00
1.030000000000000000e+02 4.143221380602589932e+01 0.000000000000000000e+00 0.000000000000000000e+00
1.040000000000000000e+02 4.354300939854861952e+01 0.000000000000000000e+00 0.000000000000000000e+00
1.050000000000000000e+02 4.413033787834615396e+01 0.000000000000000000e+00 0.000000000000000000e+00
1.060000000000000000e+02 4.350351880863897946e+01 2.000000000000000000e+00 0.000000000000000000e+00
1.070000000000000000e+02 4.169540265153987235e+01 2.000000000000000000e+00 0.000000000000000000e+00
1.080000000000000000e+02 4.154323681616648400e+01 2.000000000000000000e+00 0.000000000000000000e+00
1.090000000000000000e+02 4.134957724865057571e+01 1.000000000000000000e+00 0.000000000000000000e+00
1.100000000000000000e+02 4.191997155919644058e+01 0.000000000000000000e+00 0.000000000000000000e+00
1.110000000000000000e+02 4.091453983050615761e+01 2.000000000000000000e+00 0.000000000000000000e+00
1.120000000000000000e+02 4.197593158271415348e+01 0.000000000000000000e+00 0.000000000000000000e+00
1.130000000000000000e+02 4.211642812660704749e+01 1.000000000000000000e+00 0.000000000000000000e+00
1.140000000000000000e+02 4.291500042844227636e+01 0.000000000000000000e+00 0.000000000000000000e+00
1.150000000000000000e+02 4.386821783766418292e+01 0.000000000000000000e+00 0.000000000000000000e+00
1.160000000000000000e+02 4.462439507847302167e+01 0.000000000000000000e+00 0.000000000000000000e+00
1.170000000000000000e+02 4.470414427543956748e+01 1.000000000000000000e+00 0.000000000000000000e+00
1.180000000000000000e+02 4.472152824527884718e+01 1.000000000000000000e+00 0.000000000000000000e+00
1.190000000000000000e+02 4.603289969497397038e+01 0.000000000000000000e+00 0.000000000000000000e+00
1.200000000000000000e+02 4.599040254100311387e+01 0.000000000000000000e+00 0.000000000000000000e+00
1.210000000000000000e+02 4.833250318190117412e+01 0.000000000000000000e+00 0.000000000000000000e+00
1.220000000000000000e+02 4.768555572272229170e+01 2.000000000000000000e+00 0.000000000000000000e+00
1.230000000000000000e+02 4.607275798497154540e+01 2.000000000000000000e+00 0.000000000000000000e+00
1.240000000000000000e+02 4.677510671339705084e+01 0.000000000000000000e+00 0.000000000000000000e+00
1.250000000000000000e+02 4.725201737393805956e+01 0.000000000000000000e+00 0.000000000000000000e+00
1.260000000000000000e+02 4.897396201559512008e+01 0.000000000000000000e+00 0.000000000000000000e+00
1.270000000000000000e+02 4.904954457424910430e+01 1.000000000000000000e+00 0.000000000000000000e+00
1.280000000000000000e+02 5.030606911191696184e+01 0.000000000000000000e+00 0.000000000000000000e+00
1.290000000000000000e+02 4.917405987450332816e+01 2.000000000000000000e+00 0.000000000000000000e+00
1.300000000000000000e+02 5.036735768611470832e+01 0.000000000000000000e+00 0.000000000000000000e+00
1.310000000000000000e+02 5.129320732921512160e+01 0.000000000000000000e+00 0.000000000000000000e+00
1.320000000000000000e+02 5.036928077211657495e+01 2.000000000000000000e+00 0.000000000000000000e+00
1.330000000000000000e+02 5.013172238807857184e+01 2.000000000000000000e+00 0.000000000000000000e+00
1.340000000000000000e+02 4.822647932677809024e+01 2.000000000000000000e+00 0.000000000000000000e+00
1.350000000000000000e+02 4.765526944306017754e+01 0.000000000000000000e+00 0.000000000000000000e+00
1.360000000000000000e+02 5.053302305848634290e+01 0.000000000000000000e+00 0.000000000000000000e+00
1.370000000000000000e+02 4.956412384742621668e+01 1.000000000000000000e+00 0.000000000000000000e+00
1.380000000000000000e+02 5.041406569473274146e+01 1.000000000000000000e+00 0.000000000000000000e+00
1.390000000000000000e+02 5.107759153362378868e+01 0.000000000000000000e+00 0.000000000000000000e+00
1.400000000000000000e+02 5.266939702080328090e+01 0.000000000000000000e+00 0.000000000000000000e+00
1.410000000000000000e+02 5.185187232236123123e+01 1.000000000000000000e+00 0.000000000000000000e+00
1.420000000000000000e+02 5.349036618186345748e+01 0.000000000000000000e+00 0.000000000000000000e+00
1.430000000000000000e+02 5.457818469350944213e+01 0.000000000000000000e+00 0.000000000000000000e+00
1.440000000000000000e+02 5.524468134715363732e+01 0.000000000000000000e+00 0.000000000000000000e+00
1.450000000000000000e+02 5.558038664329618683e+01 0.000000000000000000e+00 0.000000000000000000e+00
1.460000000000000000e+02 5.640995988599045319e+01 0.000000000000000000e+00 0.000000000000000000e+00
1.470000000000000000e+02 5.831456051417374198e+01 0.000000000000000000e+00 0.000000000000000000e+00
1.480000000000000000e+02 5.913504602351517292e+01 0.000000000000000000e+00 0.000000000000000000e+00
1.490000000000000000e+02 5.965496751632839789e+01 0.000000000000000000e+00 0.000000000000000000e+00
1.500000000000000000e+02 6.154614119102350855e+01 0.000000000000000000e+00 0.000000000000000000e+00
1.510000000000000000e+02 6.211585981803490597e+01 0.000000000000000000e+00 0.000000000000000000e+00
1.520000000000000000e+02 6.247104133697943240e+01 1.000000000000000000e+00 0.000000000000000000e+00
1.530000000000000000e+02 6.269060261501157072e+01 0.000000000000000000e+00 0.000000000000000000e+00
1.540000000000000000e+02 6.403665423202197360e+01 0.000000000000000000e+00 0.000000000000000000e+00
1.550000000000000000e+02 6.492258538377149080e+01 0.000000000000000000e+00 0.000000000000000000e+00
1.560000000000000000e+02 6.583667334827451612e+01 0.000000000000000000e+00 0.000000000000000000e+00
1.570000000000000000e+02 6.427700862384588731e+01 2.000000000000000000e+00 0.000000000000000000e+00
1.580000000000000000e+02 6.518346048649750912e+01 1.000000000000000000e+00 0.000000000000000000e+00
1.590000000000000000e+02 6.552454180054226640e+01 1.000000000000000000e+00 0.000000000000000000e+00
1.600000000000000000e+02 6.523789734676682883e+01 1.000000000000000000e+00 0.000000000000000000e+00
1.610000000000000000e+02 6.636338379376839214e+01 0.000000000000000000e+00 0.000000000000000000e+00
1.620000000000000000e+02 6.669659518373943285e+01 1.000000000000000000e+00 0.000000000000000000e+00
1.630000000000000000e+02 6.684906867369616634e+01 0.000000000000000000e+00 0.000000000000000000e+00
1.640000000000000000e+02 6.498121115100519773e+01 2.000000000000000000e+00 0.000000000000000000e+00
1.650000000000000000e+02 6.775423350960342361e+01 0.000000000000000000e+00 0.000000000000000000e+00
1.660000000000000000e+02 6.541571870924265397e+01 2.000000000000000000e+00 0.000000000000000000e+00
1.670000000000000000e+02 6.498416458974010368e+01 2.000000000000000000e+00 0.000000000000000000e+00
1.680000000000000000e+02 6.670704954469694314e+01 0.000000000000000000e+00 0.000000000000000000e+00
1.690000000000000000e+02 6.575815469666466129e+01 1.000000000000000000e+00 0.000000000000000000e+00
1.700000000000000000e+02 6.610855478707651400e+01 2.000000000000000000e+00 0.000000000000000000e+00
1.710000000000000000e+02 6.631904799025278407e+01 0.000000000000000000e+00 0.000000000000000000e+00
1.720000000000000000e+02 6.688756879308135694e+01 0.000000000000000000e+00 0.000000000000000000e+00
1.730000000000000000e+02 6.873676337568404904e+01 0.000000000000000000e+00 0.000000000000000000e+00
1.740000000000000000e+02 6.662794361458082903e+01 2.000000000000000000e+00 0.000000000000000000e+00
1.750000000000000000e+02 6.752635193825516069e+01 1.000000000000000000e+00 0.000000000000000000e+00
1.760000000000000000e+02 6.765194316314743617e+01 0.000000000000000000e+00 0.000000000000000000e+00
1.770000000000000000e+02 6.862249334961011016e+01 0.000000000000000000e+00 0.000000000000000000e+00
1.780000000000000000e+02 6.824673354238215950e+01 2.000000000000000000e+00 0.000000000000000000e+00
1.790000000000000000e+02 6.904175712117312003e+01 0.000000000000000000e+00 0.000000000000000000e+00
1.800000000000000000e+02 6.831907201066803736e+01 1.000000000000000000e+00 0.000000000000000000e+00
1.810000000000000000e+02 6.973551536137676976e+01 1.000000000000000000e+00 0.000000000000000000e+00
1.820000000000000000e+02 6.984754016365631912e+01 0.000000000000000000e+00 0.000000000000000000e+00
1.830000000000000000e+02 6.996921623156545422e+01 2.000000000000000000e+00 0.000000000000000000e+00
1.840000000000000000e+02 7.078916801606780496e+01 0.000000000000000000e+00 0.000000000000000000e+00
1.850000000000000000e+02 7.078117129049694256e+01 0.000000000000000000e+00 0.000000000000000000e+00
1.860000000000000000e+02 7.047990736236641851e+01 1.000000000000000000e+00 0.000000000000000000e+00
1.870000000000000000e+02 6.988139581349186358e+01 2.000000000000000000e+00 0.000000000000000000e+00
1.880000000000000000e+02 6.875586701955823798e+01 2.000000000000000000e+00 0.000000000000000000e+00
1.890000000000000000e+02 7.001368080759129953e+01 0.000000000000000000e+00 0.000000000000000000e+00
1.900000000000000000e+02 7.028973778442036746e+01 1.000000000000000000e+00 0.000000000000000000e+00
1.910000000000000000e+02 7.128615369030514159e+01 0.000000000000000000e+00 0.000000000000000000e+00
1.920000000000000000e+02 7.192042651460192815e+01 0.000000000000000000e+00 0.000000000000000000e+00
1.930000000000000000e+02 7.289358290193547418e+01 0.000000000000000000e+00 0.000000000000000000e+00
1.940000000000000000e+02 7.351051120259842264e+01 0.000000000000000000e+00 0.000000000000000000e+00
1.950000000000000000e+02 7.409796952188425223e+01 1.000000000000000000e+00 0.000000000000000000e+00
1.960000000000000000e+02 7.463152115104992390e+01 0.000000000000000000e+00 0.000000000000000000e+00
1.970000000000000000e+02 7.681561538219833096e+01 0.000000000000000000e+00 0.000000000000000000e+00
1.980000000000000000e+02 7.547973659249387879e+01 2.000000000000000000e+00 0.000000000000000000e+00
1.990000000000000000e+02 7.481248043796716729e+01 2.000000000000000000e+00 0.000000000000000000e+00
2.000000000000000000e+02 7.520292737546344597e+01 0.000000000000000000e+00 0.000000000000000000e+00
2.010000000000000000e+02 7.636588803314188567e+01 0.000000000000000000e+00 0.000000000000000000e+00
2.020000000000000000e+02 7.739130394597167140e+01 0.000000000000000000e+00 0.000000000000000000e+00
2.030000000000000000e+02 7.780199930571461664e+01 1.000000000000000000e+00 0.000000000000000000e+00
2.040000000000000000e+02 7.566226868328664068e+01 2.000000000000000000e+00 0.000000000000000000e+00
2.050000000000000000e+02 7.566877942414507174e+01 1.000000000000000000e+00 0.000000000000000000e+00
2.060000000000000000e+02 7.554820313961181455e+01 2.000000000000000000e+00 0.000000000000000000e+00
2.070000000000000000e+02 7.356449622046297065e+01 2.000000000000000000e+00 0.000000000000000000e+00
2.080000000000000000e+02 7.483151935023754220e+01 2.000000000000000000e+00 0.000000000000000000e+00
2.090000000000000000e+02 7.241580528130671723e+01 2.000000000000000000e+00 0.000000000000000000e+00
2.100000000000000000e+02 7.022200737402509674e+01 2.000000000000000000e+00 0.000000000000000000e+00
2.110000000000000000e+02 7.153631428483517141e+01 1.000000000000000000e+00 0.000000000000000000e+00
2.120000000000000000e+02 7.249175331147027634e+01 0.000000000000000000e+00 0.000000000000000000e+00
2.130000000000000000e+02 7.050108038711339020e+01 2.000000000000000000e+00 0.000000000000000000e+00
2.140000000000000000e+02 7.193406619467822338e+01 1.000000000000000000e+00 0.000000000000000000e+00
2.150000000000000000e+02 7.115111478565897585e+01 0.000000000000000000e+00 0.000000000000000000e+00
2.160000000000000000e+02 7.233935929798994380e+01 1.000000000000000000e+00 0.000000000000000000e+00
2.170000000000000000e+02 7.339375742412210002e+01 1.000000000000000000e+00 0.000000000000000000e+00
2.180000000000000000e+02 7.296889027924670756e+01 0.000000000000000000e+00 0.000000000000000000e+00
2.190000000000000000e+02 7.450418746105594892e+01 0.000000000000000000e+00 0.000000000000000000e+00
2.200000000000000000e+02 7.389866361417351470e+01 1.000000000000000000e+00 0.000000000000000000e+00
2.210000000000000000e+02 7.636383564507285371e+01 0.000000000000000000e+00 0.000000000000000000e+00
2.220000000000000000e+02 7.559945579591646947e+01 0.000000000000000000e+00 0.000000000000000000e+00
2.230000000000000000e+02 7.433472638949184841e+01 2.000000000000000000e+00 0.000000000000000000e+00
2.240000000000000000e+02 7.371141103519165938e+01 2.000000000000000000e+00 0.000000000000000000e+00
2.250000000000000000e+02 7.484617706103541934e+01 1.000000000000000000e+00 0.000000000000000000e+00
2.260000000000000000e+02 7.234148743340425369e+01 2.000000000000000000e+00 0.000000000000000000e+00
2.270000000000000000e+02 7.375361593282718786e+01 0.000000000000000000e+00 0.000000000000000000e+00
2.280000000000000000e+02 7.417253728093066911e+01 0.000000000000000000e+00 0.000000000000000000e+00
2.290000000000000000e+02 7.316459348919430283e+01 2.000000000000000000e+00 0.000000000000000000e+00
2.300000000000000000e+02 7.354477346537520077e+01 2.000000000000000000e+00 0.000000000000000000e+00
2.310000000000000000e+02 7.438634425247396109e+01 0.000000000000000000e+00 0.000000000000000000e+00
2.320000000000000000e+02 7.527942058649830415e+01 0.000000000000000000e+00 0.000000000000000000e+00
2.330000000000000000e+02 7.526591818782200960e+01 0.000000000000000000e+00 0.000000000000000000e+00
2.340000000000000000e+02 7.706717884351557757e+01 0.000000000000000000e+00 0.000000000000000000e+00
2.350000000000000000e+02 7.699673492071413250e+01 0.000000000000000000e+00 0.000000000000000000e+00
2.360000000000000000e+02 7.579407621575936105e+01 2.000000000000000000e+00 0.000000000000000000e+00
2.370000000000000000e+02 7.626060963630371248e+01 2.000000000000000000e+00 0.000000000000000000e+00
2.380000000000000000e+02 7.605569219489153454e+01 1.000000000000000000e+00 0.000000000000000000e+00
2.390000000000000000e+02 7.638586260433665132e+01 0.000000000000000000e+00 0.000000000000000000e+00
2.400000000000000000e+02 7.678881084341666963e+01 1.000000000000000000e+00 0.000000000000000000e+00
2.410000000000000000e+02 7.813270998049755178e+01 0.000000000000000000e+00 0.000000000000000000e+00
2.420000000000000000e+02 7.941450090275820628e+01 0.000000000000000000e+00 0.000000000000000000e+00
2.430000000000000000e+02 7.883892519447528002e+01 1.000000000000000000e+00 0.000000000000000000e+00
2.440000000000000000e+02 7.926709813575870101e+01 1.000000000000000000e+00 0.000000000000000000e+00
2.450000000000000000e+02 7.978089801195008590e+01 0.000000000000000000e+00 0.000000000000000000e+00
2.460000000000000000e+02 7.860811454180795010e+01 2.000000000000000000e+00 0.000000000000000000e+00
2.470000000000000000e+02 7.827014867927925934e+01 2.000000000000000000e+00 0.000000000000000000e+00
2.480000000000000000e+02 7.893043403776866285e+01 0.000000000000000000e+00 0.000000000000000000e+00
2.490000000000000000e+02 7.730648811649773222e+01 2.000000000000000000e+00 0.000000000000000000e+00
2.500000000000000000e+02 7.800828660348093990e+01 0.000000000000000000e+00 0.000000000000000000e+00
2.510000000000000000e+02 7.952948511050573188e+01 0.000000000000000000e+00 0.000000000000000000e+00
2.520000000000000000e+02 8.119366046889297195e+01 0.000000000000000000e+00 0.000000000000000000e+00
2.530000000000000000e+02 8.148156383691564031e+01 0.000000000000000000e+00 0.000000000000000000e+00
2.540000000000000000e+02 8.297356791992528713e+01 0.000000000000000000e+00 0.000000000000000000e+00
2.550000000000000000e+02 8.382138571510128600e+01 0.000000000000000000e+00 0.000000000000000000e+00
2.560000000000000000e+02 8.544343335966350139e+01 0.000000000000000000e+00 0.000000000000000000e+00
2.570000000000000000e+02 8.543163876850410077e+01 1.000000000000000000e+00 0.000000000000000000e+00
2.580000000000000000e+02 8.314756064608761221e+01 2.000000000000000000e+00 0.000000000000000000e+00
2.590000000000000000e+02 8.470603425045618451e+01 0.000000000000000000e+00 0.000000000000000000e+00
2.600000000000000000e+02 8.500274450627496492e+01 0.000000000000000000e+00 0.000000000000000000e+00
2.610000000000000000e+02 8.663707091409636973e+01 0.000000000000000000e+00 0.000000000000000000e+00
2.620000000000000000e+02 8.650205619776423305e+01 1.000000000000000000e+00 0.000000000000000000e+00
2.630000000000000000e+02 8.818175122377952846e+01 0.000000000000000000e+00 0.000000000000000000e+00
2.640000000000000000e+02 8.997109754384563018e+01 0.000000000000000000e+00 0.000000000000000000e+00
2.650000000000000000e+02 8.981678089899483552e+01 0.000000000000000000e+00 0.000000000000000000e+00
2.660000000000000000e+02 9.116158931959287770e+01 0.000000000000000000e+00 0.000000000000000000e+00
2.670000000000000000e+02 9.144848423763718870e+01 0.000000000000000000e+00 0.000000000000000000e+00
2.680000000000000000e+02 9.197711747620299150e+01 1.000000000000000000e+00 0.000000000000000000e+00
2.690000000000000000e+02 9.319129104442937717e+01 0.000000000000000000e+00 0.000000000000000000e+00
2.700000000000000000e+02 9.290286656281655553e+01 1.000000000000000000e+00 0.000000000000000000e+00
2.710000000000000000e+02 9.462394373038542028e+01 0.000000000000000000e+00 0.000000000000000000e+00
2.720000000000000000e+02 9.199776533919650490e+01 2.000000000000000000e+00 0.000000000000000000e+00
2.730000000000000000e+02 9.232786644068630721e+01 2.000000000000000000e+00 0.000000000000000000e+00
2.740000000000000000e+02 9.211800214696714306e+01 0.000000000000000000e+00 0.000000000000000000e+00
2.750000000000000000e+02 9.158367209852980295e+01 2.000000000000000000e+00 0.000000000000000000e+00
2.760000000000000000e+02 9.224826213540781339e+01 0.000000000000000000e+00 0.000000000000000000e+00
2.770000000000000000e+02 9.391277248749776163e+01 0.000000000000000000e+00 0.000000000000000000e+00
2.780000000000000000e+02 9.469689058591484354e+01 0.000000000000000000e+00 0.000000000000000000e+00
2.790000000000000000e+02 9.442489195262353974e+01 0.000000000000000000e+00 0.000000000000000000e+00
2.800000000000000000e+02 9.767232092857322812e+01 0.000000000000000000e+00 0.000000000000000000e+00
2.810000000000000000e+02 9.769564189155656209e+01 0.000000000000000000e+00 0.000000000000000000e+00
2.820000000000000000e+02 9.790877659804689870e+01 2.000000000000000000e+00 0.000000000000000000e+00
2.830000000000000000e+02 9.766000903524549415e+01 0.000000000000000000e+00 0.000000000000000000e+00
2.840000000000000000e+02 9.896745213114536455e+01 0.000000000000000000e+00 0.000000000000000000e+00
2.850000000000000000e+02 1.005367211795871754e+02 0.000000000000000000e+00 0.000000000000000000e+00
2.860000000000000000e+02 9.948190736997339911e+01 2.000000000000000000e+00 0.000000000000000000e+00
2.870000000000000000e+02 9.831031984155708869e+01 2.000000000000000000e+00 0.000000000000000000e+00
2.880000000000000000e+02 9.985700815573136424e+01 0.000000000000000000e+00 0.000000000000000000e+00
2.890000000000000000e+02 9.877285220990167147e+01 0.000000000000000000e+00 0.000000000000000000e+00
2.900000000000000000e+02 9.964634983547382774e+01 1.000000000000000000e+00 0.000000000000000000e+00
2.910000000000000000e+02 9.996444471686808697e+01 0.000000000000000000e+00 0.000000000000000000e+00
2.920000000000000000e+02 1.008385533581634377e+02 1.000000000000000000e+00 0.000000000000000000e+00
2.930000000000000000e+02 1.013110082862989429e+02 0.000000000000000000e+00 0.000000000000000000e+00
2.940000000000000000e+02 1.007296801645162105e+02 2.000000000000000000e+00 0.000000000000000000e+00
2.950000000000000000e+02 1.014935558989842548e+02 1.000000000000000000e+00 0.000000000000000000e+00
2.960000000000000000e+02 9.958677615005041162e+01 2.000000000000000000e+00 0.000000000000000000e+00
2.970000000000000000e+02 1.003096197294554059e+02 0.000000000000000000e+00 0.000000000000000000e+00
2.980000000000000000e+02 1.010091977470470681e+02 1.000000000000000000e+00 0.000000000000000000e+00
2.990000000000000000e+02 1.014027803239234373e+02 0.000000000000000000e+00 0.000000000000000000e+00
3.000000000000000000e+02 1.025191828751291041e+02 0.000000000000000000e+00 0.000000000000000000e+00
3.010000000000000000e+02 1.047961026370502253e+02 0.000000000000000000e+00 0.000000000000000000e+00
3.020000000000000000e+02 1.048109851801006158e+02 0.000000000000000000e+00 0.000000000000000000e+00
3.030000000000000000e+02 1.057360468961855702e+02 1.000000000000000000e+00 0.000000000000000000e+00
3.040000000000000000e+02 1.052741293582526225e+02 1.000000000000000000e+00 0.000000000000000000e+00
3.050000000000000000e+02 1.064614105999149558e+02 0.000000000000000000e+00 0.000000000000000000e+00
3.060000000000000000e+02 1.074483217416539702e+02 0.000000000000000000e+00 0.000000000000000000e+00
3.070000000000000000e+02 1.078281653917441218e+02 0.000000000000000000e+00 0.000000000000000000e+00
3.080000000000000000e+02 1.072591032271313622e+02 2.000000000000000000e+00 0.000000000000000000e+00
3.090000000000000000e+02 1.090321261612233741e+02 0.000000000000000000e+00 0.000000000000000000e+00
3.100000000000000000e+02 1.071908729546964878e+02 2.000000000000000000e+00 0.000000000000000000e+00
3.110000000000000000e+02 1.060090821906825624e+02 2.000000000000000000e+00 0.000000000000000000e+00
3.120000000000000000e+02 1.070572908632102269e+02 0.000000000000000000e+00 0.000000000000000000e+00
3.130000000000000000e+02 1.081039656975139422e+02 0.000000000000000000e+00 0.000000000000000000e+00
3.140000000000000000e+02 1.094560092430169647e+02 0.000000000000000000e+00 0.000000000000000000e+00
3.150000000000000000e+02 1.108479177159856306e+02 0.000000000000000000e+00 0.000000000000000000e+00
3.160000000000000000e+02 1.108897430055279756e+02 0.000000000000000000e+00 0.000000000000000000e+00
3.170000000000000000e+02 1.107635247610249110e+02 2.000000000000000000e+00 0.000000000000000000e+00
3.180000000000000000e+02 1.105581146131668646e+02 0.000000000000000000e+00 0.000000000000000000e+00
3.190000000000000000e+02 1.112833609297599224e+02 0.000000000000000000e+00 0.000000000000000000e+00
3.200000000000000000e+02 1.128519651031971165e+02 0.000000000000000000e+00 0.000000000000000000e+00
3.210000000000000000e+02 1.139414229794767692e+02 0.000000000000000000e+00 0.000000000000000000e+00
3.220000000000000000e+02 1.144227600588505283e+02 0.000000000000000000e+00 0.000000000000000000e+00
3.230000000000000000e+02 1.152903050292733411e+02 1.000000000000000000e+00 0.000000000000000000e+00
3.240000000000000000e+02 1.161200779754244223e+02 0.000000000000000000e+00 0.000000000000000000e+00
3.250000000000000000e+02 1.169706497431075860e+02 0.000000000000000000e+00 0.000000000000000000e+00
3.260000000000000000e+02 1.182443345248330644e+02 0.000000000000000000e+00 0.000000000000000000e+00
3.270000000000000000e+02 1.174836150557022307e+02 2.000000000000000000e+00 0.000000000000000000e+00
3.280000000000000000e+02 1.183473470755450165e+02 0.000000000000000000e+00 0.000000000000000000e+00
3.290000000000000000e+02 1.197165354934663668e+02 0.000000000000000000e+00 0.000000000000000000e+00
3.300000000000000000e+02 1.194136272720992054e+02 0.000000000000000000e+00 0.000000000000000000e+00
3.310000000000000000e+02 1.213522219807054654e+02 0.000000000000000000e+00 0.000000000000000000e+00
3.320000000000000000e+02 1.206376164032272982e+02 2.000000000000000000e+00 0.000000000000000000e+00
3.330000000000000000e+02 1.212039384368605823e+02 0.000000000000000000e+00 0.000000000000000000e+00
3.340000000000000000e+02 1.214373573532102313e+02 0.000000000000000000e+00 0.000000000000000000e+00
3.350000000000000000e+02 1.229856424829202410e+02 0.000000000000000000e+00 0.000000000000000000e+00
3.360000000000000000e+02 1.237585659456074723e+02 0.000000000000000000e+00 0.000000000000000000e+00
3.370000000000000000e+02 1.248685338192357364e+02 0.000000000000000000e+00 0.000000000000000000e+00
3.380000000000000000e+02 1.258507047048973817e+02 1.000000000000000000e+00 0.000000000000000000e+00
3.390000000000000000e+02 1.258116518108902966e+02 0.000000000000000000e+00 0.000000000000000000e+00
3.400000000000000000e+02 1.264718272202505318e+02 0.000000000000000000e+00 0.000000000000000000e+00
3.410000000000000000e+02 1.264699356219094994e+02 1.000000000000000000e+00 0.000000000000000000e+00
3.420000000000000000e+02 1.275434198558772039e+02 0.000000000000000000e+00 0.000000000000000000e+00
3.430000000000000000e+02 1.282160109138904716e+02 0.000000000000000000e+00 0.000000000000000000e+00
3.440000000000000000e+02 1.297171043936037336e+02 0.000000000000000000e+00 0.000000000000000000e+00
3.450000000000000000e+02 1.295396211551093870e+02 2.000000000000000000e+00 0.000000000000000000e+00
3.460000000000000000e+02 1.272336573694833390e+02 2.000000000000000000e+00 0.000000000000000000e+00
3.470000000000000000e+02 1.267682444957521142e+02 2.000000000000000000e+00 0.000000000000000000e+00
3.480000000000000000e+02 1.283851841605087998e+02 0.000000000000000000e+00 0.000000000000000000e+00
3.490000000000000000e+02 1.282374005835657726e+02 0.000000000000000000e+00 0.000000000000000000e+00
3.500000000000000000e+02 1.299632506338618327e+02 0.000000000000000000e+00 0.000000000000000000e+00
3.510000000000000000e+02 1.301923862070645725e+02 1.000000000000000000e+00 0.000000000000000000e+00
3.520000000000000000e+02 1.297449030796174156e+02 1.000000000000000000e+00 0.000000000000000000e+00
3.530000000000000000e+02 1.304613398070502228e+02 0.000000000000000000e+00 0.000000000000000000e+00
3.540000000000000000e+02 1.319587674890675260e+02 0.000000000000000000e+00 0.000000000000000000e+00
3.550000000000000000e+02 1.326131078717862124e+02 0.000000000000000000e+00 0.000000000000000000e+00
3.560000000000000000e+02 1.335172434725516268e+02 1.000000000000000000e+00 0.000000000000000000e+00
3.570000000000000000e+02 1.342531483446609855e+02 0.000000000000000000e+00 0.000000000000000000e+00
3.580000000000000000e+02 1.347714668165797320e+02 0.000000000000000000e+00 0.000000000000000000e+00
3.590000000000000000e+02 1.354609601921300168e+02 0.000000000000000000e+00 0.000000000000000000e+00
3.600000000000000000e+02 1.364166647442745841e+02 0.000000000000000000e+00 0.000000000000000000e+00
3.610000000000000000e+02 1.374807017559758719e+02 0.000000000000000000e+00 0.000000000000000000e+00
3.620000000000000000e+02 1.375889462124723366e+02 2.000000000000000000e+00 0.000000000000000000e+00
3.630000000000000000e+02 1.378040912697032923e+02 0.000000000000000000e+00 0.000000000000000000e+00
3.640000000000000000e+02 1.392762776405386376e+02 0.000000000000000000e+00 0.000000000000000000e+00
3.650000000000000000e+02 1.396412859688669812e+02 0.000000000000000000e+00 0.000000000000000000e+00
3.660000000000000000e+02 1.411117132098187597e+02 0.000000000000000000e+00 0.000000000000000000e+00
3.670000000000000000e+02 1.406141909065819959e+02 1.000000000000000000e+00 0.000000000000000000e+00
3.680000000000000000e+02 1.415256026114760743e+02 1.000000000000000000e+00 0.000000000000000000e+00
3.690000000000000000e+02 1.424219812729046737e+02 0.000000000000000000e+00 0.000000000000000000e+00
3.700000000000000000e+02 1.434090821287611561e+02 0.000000000000000000e+00 0.000000000000000000e+00
3.710000000000000000e+02 1.440129100106681790e+02 0.000000000000000000e+00 0.000000000000000000e+00
3.720000000000000000e+02 1.438825710078359918e+02 1.000000000000000000e+00 0.000000000000000000e+00
3.730000000000000000e+02 1.447884784345760920e+02 0.000000000000000000e+00 0.000000000000000000e+00
3.740000000000000000e+02 1.453870701515891710e+02 0.000000000000000000e+00 0.000000000000000000e+00
3.750000000000000000e+02 1.471737836236231942e+02 0.000000000000000000e+00 0.000000000000000000e+00
3.760000000000000000e+02 1.463056040167118397e+02 2.000000000000000000e+00 0.000000000000000000e+00
3.770000000000000000e+02 1.452445918399629932e+02 2.000000000000000000e+00 0.000000000000000000e+00
3.780000000000000000e+02 1.441759578074463093e+02 2.000000000000000000e+00 0.000000000000000000e+00
3.790000000000000000e+02 1.443114605086985023e+02 1.000000000000000000e+00 0.000000000000000000e+00
3.800000000000000000e+02 1.451165026297101690e+02 0.000000000000000000e+00 0.000000000000000000e+00
3.810000000000000000e+02 1.457630618477923861e+02 0.000000000000000000e+00 0.000000000000000000e+00
3.820000000000000000e+02 1.467111551585774407e+02 0.000000000000000000e+00 0.000000000000000000e+00
3.830000000000000000e+02 1.451929481555657446e+02 2.000000000000000000e+00 0.000000000000000000e+00
3.840000000000000000e+02 1.472818998471351506e+02 0.000000000000000000e+00 0.000000000000000000e+00
3.850000000000000000e+02 1.485375757934223202e+02 0.000000000000000000e+00 0.000000000000000000e+00
3.860000000000000000e+02 1.490620310248220051e+02 0.000000000000000000e+00 0.000000000000000000e+00
3.870000000000000000e+02 1.483070097303955777e+02 2.000000000000000000e+00 0.000000000000000000e+00
3.880000000000000000e+02 1.489192548075649540e+02 0.000000000000000000e+00 0.000000000000000000e+00
3.890000000000000000e+02 1.473335623855349468e+02 2.000000000000000000e+00 0.000000000000000000e+00
3.900000000000000000e+02 1.499074121346434367e+02 0.000000000000000000e+00 0.000000000000000000e+00
3.910000000000000000e+02 1.502213042065201591e+02 0.000000000000000000e+00 0.000000000000000000e+00
3.920000000000000000e+02 1.510371083912112624e+02 0.000000000000000000e+00 0.000000000000000000e+00
3.930000000000000000e+02 1.520192178772661862e+02 0.000000000000000000e+00 0.000000000000000000e+00
3.940000000000000000e+02 1.525375949595835721e+02 0.000000000000000000e+00 0.000000000000000000e+00
3.950000000000000000e+02 1.542387710576973348e+02 0.000000000000000000e+00 0.000000000000000000e+00
3.960000000000000000e+02 1.556115488489126051e+02 0.000000000000000000e+00 0.000000000000000000e+00
3.970000000000000000e+02 1.555318738058552697e+02 0.000000000000000000e+00 0.000000000000000000e+00
3.980000000000000000e+02 1.570303960514403627e+02 0.000000000000000000e+00 0.000000000000000000e+00
3.990000000000000000e+02 1.582240407091364602e+02 0.000000000000000000e+00 0.000000000000000000e+00
4.000000000000000000e+02 1.566136606287207371e+02 2.000000000000000000e+00 0.000000000000000000e+00
4.010000000000000000e+02 1.581595787726126332e+02 0.000000000000000000e+00 0.000000000000000000e+00
4.020000000000000000e+02 1.586203541573574682e+02 0.000000000000000000e+00 0.000000000000000000e+00
4.030000000000000000e+02 1.600602128336414864e+02 1.000000000000000000e+00 0.000000000000000000e+00
4.040000000000000000e+02 1.575372519759359875e+02 2.000000000000000000e+00 0.000000000000000000e+00
4.050000000000000000e+02 1.588556236616921638e+02 0.000000000000000000e+00 0.000000000000000000e+00
4.060000000000000000e+02 1.601504957789440766e+02 0.000000000000000000e+00 0.000000000000000000e+00
4.070000000000000000e+02 1.614147073900987834e+02 0.000000000000000000e+00 0.000000000000000000e+00
4.080000000000000000e+02 1.618083130999865205e+02 0.000000000000000000e+00 0.000000000000000000e+00
4.090000000000000000e+02 1.632399652784259558e+02 0.000000000000000000e+00 0.000000000000000000e+00
4.100000000000000000e+02 1.651589448508926523e+02 0.000000000000000000e+00 0.000000000000000000e+00
4.110000000000000000e+02 1.653977344216660583e+02 0.000000000000000000e+00 0.000000000000000000e+00
4.120000000000000000e+02 1.662605418677002262e+02 0.000000000000000000e+00 0.000000000000000000e+00
4.130000000000000000e+02 1.660208368523625211e+02 0.000000000000000000e+00 0.000000000000000000e+00
4.140000000000000000e+02 1.679268942657770936e+02 0.000000000000000000e+00 0.000000000000000000e+00
4.150000000000000000e+02 1.693859770308363863e+02 0.000000000000000000e+00 0.000000000000000000e+00
4.160000000000000000e+02 1.695632230388731898e+02 0.000000000000000000e+00 0.000000000000000000e+00
4.170000000000000000e+02 1.701432104707782003e+02 1.000000000000000000e+00 0.000000000000000000e+00
4.180000000000000000e+02 1.708654608971833682e+02 0.000000000000000000e+00 0.000000000000000000e+00
4.190000000000000000e+02 1.715768251155377300e+02 0.000000000000000000e+00 0.000000000000000000e+00
4.200000000000000000e+02 1.726039293653780078e+02 0.000000000000000000e+00 0.000000000000000000e+00
4.210000000000000000e+02 1.749253461523140061e+02 0.000000000000000000e+00 0.000000000000000000e+00
4.220000000000000000e+02 1.748895398907433503e+02 0.000000000000000000e+00 0.000000000000000000e+00
4.230000000000000000e+02 1.754405563928995377e+02 0.000000000000000000e+00 0.000000000000000000e+00
4.240000000000000000e+02 1.769265679590876346e+02 0.000000000000000000e+00 0.000000000000000000e+00
4.250000000000000000e+02 1.780621795861364944e+02 0.000000000000000000e+00 0.000000000000000000e+00
4.260000000000000000e+02 1.789648219343584117e+02 0.000000000000000000e+00 0.000000000000000000e+00
4.270000000000000000e+02 1.806270592324487438e+02 0.000000000000000000e+00 0.000000000000000000e+00
4.280000000000000000e+02 1.793529080240045346e+02 2.000000000000000000e+00 0.000000000000000000e+00
4.290000000000000000e+02 1.779874384236773039e+02 2.000000000000000000e+00 0.000000000000000000e+00
4.300000000000000000e+02 1.788102449198782722e+02 0.000000000000000000e+00 0.000000000000000000e+00
4.310000000000000000e+02 1.796135895164340468e+02 0.000000000000000000e+00 0.000000000000000000e+00
4.320000000000000000e+02 1.811995944900733377e+02 0.000000000000000000e+00 0.000000000000000000e+00
4.330000000000000000e+02 1.819782049389443443e+02 0.000000000000000000e+00 0.000000000000000000e+00
4.340000000000000000e+02 1.829043972857449774e+02 0.000000000000000000e+00 0.000000000000000000e+00
4.350000000000000000e+02 1.831708035812880553e+02 1.000000000000000000e+00 0.000000000000000000e+00
4.360000000000000000e+02 1.831134335676273679e+02 0.000000000000000000e+00 0.000000000000000000e+00
4.370000000000000000e+02 1.842863162974893498e+02 1.000000000000000000e+00 0.000000000000000000e+00
4.380000000000000000e+02 1.843442277028304375e+02 1.000000000000000000e+00 0.000000000000000000e+00
4.390000000000000000e+02 1.837706552334129810e+02 1.000000000000000000e+00 0.000000000000000000e+00
4.400000000000000000e+02 1.852675320770228780e+02 0.000000000000000000e+00 0.000000000000000000e+00
4.410000000000000000e+02 1.864190542441712637e+02 0.000000000000000000e+00 0.000000000000000000e+00
4.420000000000000000e+02 1.862620548389647297e+02 1.000000000000000000e+00 0.000000000000000000e+00
4.430000000000000000e+02 1.871862964361947661e+02 0.000000000000000000e+00 0.000000000000000000e+00
4.440000000000000000e+02 1.881473582679349477e+02 0.000000000000000000e+00 0.000000000000000000e+00
4.450000000000000000e+02 1.872754252538408082e+02 1.000000000000000000e+00 0.000000000000000000e+00
4.460000000000000000e+02 1.875499560098934921e+02 2.000000000000000000e+00 0.000000000000000000e+00
4.470000000000000000e+02 1.880593674438571838e+02 0.000000000000000000e+00 0.000000000000000000e+00
4.480000000000000000e+02 1.867948092935890543e+02 2.000000000000000000e+00 0.000000000000000000e+00
4.490000000000000000e+02 1.879507381407147761e+02 0.000000000000000000e+00 0.000000000000000000e+00
4.500000000000000000e+02 1.886205088544752186e+02 0.000000000000000000e+00 0.000000000000000000e+00
4.510000000000000000e+02 1.902131189829346738e+02 0.000000000000000000e+00 0.000000000000000000e+00
4.520000000000000000e+02 1.913931087116038157e+02 0.000000000000000000e+00 0.000000000000000000e+00
4.530000000000000000e+02 1.931556295587270711e+02 0.000000000000000000e+00 0.000000000000000000e+00
4.540000000000000000e+02 1.920260207210033627e+02 1.000000000000000000e+00 0.000000000000000000e+00
4.550000000000000000e+02 1.928523305483032004e+02 0.000000000000000000e+00 0.000000000000000000e+00
4.560000000000000000e+02 1.916985084120260581e+02 2.000000000000000000e+00 0.000000000000000000e+00
4.570000000000000000e+02 1.923708909128685889e+02 0.000000000000000000e+00 0.000000000000000000e+00
4.580000000000000000e+02 1.931183033788007606e+02 1.000000000000000000e+00 0.000000000000000000e+00
4.590000000000000000e+02 1.943552895387175852e+02 0.000000000000000000e+00 0.000000000000000000e+00
4.600000000000000000e+02 1.932204430997548457e+02 2.000000000000000000e+00 0.000000000000000000e+00
4.610000000000000000e+02 1.940758917314222458e+02 0.000000000000000000e+00 0.000000000000000000e+00
4.620000000000000000e+02 1.930307624577301624e+02 2.000000000000000000e+00 0.000000000000000000e+00
4.630000000000000000e+02 1.930146880409390349e+02 1.000000000000000000e+00 0.000000000000000000e+00
4.640000000000000000e+02 1.942083297558738479e+02 0.000000000000000000e+00 0.000000000000000000e+00
4.650000000000000000e+02 1.945890207761092938e+02 0.000000000000000000e+00 0.000000000000000000e+00
4.660000000000000000e+02 1.958029524619910262e+02 0.000000000000000000e+00 0.000000000000000000e+00
4.670000000000000000e+02 1.966310557982447165e+02 0.000000000000000000e+00 0.000000000000000000e+00
4.680000000000000000e+02 1.976570336865231923e+02 1.000000000000000000e+00 0.000000000000000000e+00
4.690000000000000000e+02 1.987795382260286488e+02 0.000000000000000000e+00 0.000000000000000000e+00
4.700000000000000000e+02 1.968549835683043057e+02 2.000000000000000000e+00 0.000000000000000000e+00
4.710000000000000000e+02 1.976463188941459066e+02 0.000000000000000000e+00 0.000000000000000000e+00
4.720000000000000000e+02 1.976489991121678429e+02 0.000000000000000000e+00 0.000000000000000000e+00
4.730000000000000000e+02 2.006120222230118486e+02 0.000000000000000000e+00 0.000000000000000000e+00
4.740000000000000000e+02 2.007304639972056748e+02 0.000000000000000000e+00 0.000000000000000000e+00
4.750000000000000000e+02 2.006185648628539866e+02 1.000000000000000000e+00 0.000000000000000000e+00
4.760000000000000000e+02 2.020986575332497353e+02 0.000000000000000000e+00 0.000000000000000000e+00
4.770000000000000000e+02 2.034427151783230556e+02 0.000000000000000000e+00 0.000000000000000000e+00
4.780000000000000000e+02 2.017901508821348955e+02 2.000000000000000000e+00 0.000000000000000000e+00
4.790000000000000000e+02 2.028276752268316727e+02 0.000000000000000000e+00 0.000000000000000000e+00
4.800000000000000000e+02 2.043641272948407561e+02 0.000000000000000000e+00 0.000000000000000000e+00
4.810000000000000000e+02 2.040885079943855658e+02 1.000000000000000000e+00 0.000000000000000000e+00
4.820000000000000000e+02 2.036520689193884266e+02 1.000000000000000000e+00 0.000000000000000000e+00
4.830000000000000000e+02 2.054041884071968127e+02 0.000000000000000000e+00 0.000000000000000000e+00
4.840000000000000000e+02 2.058948108051101542e+02 0.000000000000000000e+00 0.000000000000000000e+00
4.850000000000000000e+02 2.059332394059703404e+02 0.000000000000000000e+00 0.000000000000000000e+00
4.860000000000000000e+02 2.073211712744825661e+02 1.000000000000000000e+00 0.000000000000000000e+00
4.870000000000000000e+02 2.089297799603882311e+02 0.000000000000000000e+00 0.000000000000000000e+00
4.880000000000000000e+02 2.090259177617911917e+02 0.000000000000000000e+00 0.000000000000000000e+00
4.890000000000000000e+02 2.101041348788738787e+02 0.000000000000000000e+00 0.000000000000000000e+00
4.900000000000000000e+02 2.089570711673705432e+02 2.000000000000000000e+00 0.000000000000000000e+00
4.910000000000000000e+02 2.067234906558451257e+02 2.000000000000000000e+00 0.000000000000000000e+00
4.920000000000000000e+02 2.088872888064194342e+02 0.000000000000000000e+00 0.000000000000000000e+00
4.930000000000000000e+02 2.080536332163490556e+02 2.000000000000000000e+00 0.000000000000000000e+00
4.940000000000000000e+02 2.079093321905550624e+02 1.000000000000000000e+00 0.000000000000000000e+00
4.950000000000000000e+02 2.068404989114489752e+02 1.000000000000000000e+00 0.000000000000000000e+00
4.960000000000000000e+02 2.089600050390971830e+02 0.000000000000000000e+00 0.000000000000000000e+00
4.970000000000000000e+02 2.094394659767063445e+02 0.000000000000000000e+00 0.000000000000000000e+00
4.980000000000000000e+02 2.099180818859432520e+02 1.000000000000000000e+00 0.000000000000000000e+00
4.990000000000000000e+02 2.111783205015464659e+02 0.000000000000000000e+00 0.000000000000000000e+00
5.000000000000000000e+02 2.109422649067856241e+02 1.000000000000000000e+00 0.000000000000000000e+00
5.010000000000000000e+02 2.117995699957973841e+02 0.000000000000000000e+00 0.000000000000000000e+00
5.020000000000000000e+02 2.122448726388493299e+02 1.000000000000000000e+00 0.000000000000000000e+00
5.030000000000000000e+02 2.128096889219536934e+02 0.000000000000000000e+00 0.000000000000000000e+00
5.040000000000000000e+02 2.142171494182186962e+02 0.000000000000000000e+00 0.000000000000000000e+00
5.050000000000000000e+02 2.130486857061021340e+02 2.000000000000000000e+00 0.000000000000000000e+00
5.060000000000000000e+02 2.130041034967283622e+02 2.000000000000000000e+00 0.000000000000000000e+00
5.070000000000000000e+02 2.129248943728186418e+02 0.000000000000000000e+00 0.000000000000000000e+00
5.080000000000000000e+02 2.115076694548328078e+02 2.000000000000000000e+00 0.000000000000000000e+00
5.090000000000000000e+02 2.115034997005222976e+02 2.000000000000000000e+00 0.000000000000000000e+00
5.100000000000000000e+02 2.111433107677178782e+02 0.000000000000000000e+00 0.000000000000000000e+00
5.110000000000000000e+02 2.103408667444933826e+02 2.000000000000000000e+00 0.000000000000000000e+00
5.120000000000000000e+02 2.127474411906323439e+02 0.000000000000000000e+00 0.000000000000000000e+00
5.130000000000000000e+02 2.133012766274859189e+02 0.000000000000000000e+00 0.000000000000000000e+00
5.140000000000000000e+02 2.114282341287699012e+02 2.000000000000000000e+00 0.000000000000000000e+00
5.150000000000000000e+02 2.106891521311685551e+02 2.000000000000000000e+00 0.000000000000000000e+00
5.160000000000000000e+02 2.099444531835257806e+02 2.000000000000000000e+00 0.000000000000000000e+00
5.170000000000000000e+02 2.104249627654127437e+02 0.000000000000000000e+00 0.000000000000000000e+00
5.180000000000000000e+02 2.125454230773781319e+02 0.000000000000000000e+00 0.000000000000000000e+00
5.190000000000000000e+02 2.109870291879975923e+02 2.000000000000000000e+00 0.000000000000000000e+00
5.200000000000000000e+02 2.110699358115692803e+02 1.000000000000000000e+00 0.000000000000000000e+00
5.210000000000000000e+02 2.103498238077366693e+02 2.000000000000000000e+00 0.000000000000000000e+00
5.220000000000000000e+02 2.122497556615472263e+02 0.000000000000000000e+00 0.000000000000000000e+00
5.230000000000000000e+02 2.114314309426692944e+02 1.000000000000000000e+00 0.000000000000000000e+00
5.240000000000000000e+02 2.121710243575912784e+02 0.000000000000000000e+00 0.000000000000000000e+00
5.250000000000000000e+02 2.125533988679876813e+02 0.000000000000000000e+00 0.000000000000000000e+00
5.260000000000000000e+02 2.123882669104738170e+02 2.000000000000000000e+00 0.000000000000000000e+00
5.270000000000000000e+02 2.118806323941286962e+02 0.000000000000000000e+00 0.000000000000000000e+00
5.280000000000000000e+02 2.138657403271700446e+02 0.000000000000000000e+00 0.000000000000000000e+00
5.290000000000000000e+02 2.154528055829792947e+02 0.000000000000000000e+00 0.000000000000000000e+00
5.300000000000000000e+02 2.164980281897395002e+02 0.000000000000000000e+00 0.000000000000000000e+00
5.310000000000000000e+02 2.159646013501694313e+02 1.000000000000000000e+00 0.000000000000000000e+00
5.320000000000000000e+02 2.149053745792095640e+02 2.000000000000000000e+00 0.000000000000000000e+00
5.330000000000000000e+02 2.139567623177568976e+02 2.000000000000000000e+00 0.000000000000000000e+00
5.340000000000000000e+02 2.154438534050159717e+02 0.000000000000000000e+00 0.000000000000000000e+00
5.350000000000000000e+02 2.158696968491500172e+02 0.000000000000000000e+00 0.000000000000000000e+00
5.360000000000000000e+02 2.157890977195298206e+02 1.000000000000000000e+00 0.000000000000000000e+00
5.370000000000000000e+02 2.163208700435651792e+02 1.000000000000000000e+00 0.000000000000000000e+00
5.380000000000000000e+02 2.160053979227198511e+02 1.000000000000000000e+00 0.000000000000000000e+00
5.390000000000000000e+02 2.154453038423966689e+02 2.000000000000000000e+00 0.000000000000000000e+00
5.400000000000000000e+02 2.166667998828212092e+02 0.000000000000000000e+00 0.000000000000000000e+00
5.410000000000000000e+02 2.144850363160188067e+02 2.000000000000000000e+00 0.000000000000000000e+00
5.420000000000000000e+02 2.142828260501799207e+02 2.000000000000000000e+00 0.000000000000000000e+00
5.430000000000000000e+02 2.145993057614447252e+02 0.000000000000000000e+00 0.000000000000000000e+00
5.440000000000000000e+02 2.168846440004808187e+02 0.000000000000000000e+00 0.000000000000000000e+00
5.450000000000000000e+02 2.157502674427252884e+02 1.000000000000000000e+00 0.000000000000000000e+00
5.460000000000000000e+02 2.143190994072251385e+02 2.000000000000000000e+00 0.000000000000000000e+00
5.470000000000000000e+02 2.154041344626894841e+02 0.000000000000000000e+00 0.000000000000000000e+00
5.480000000000000000e+02 2.168712662295878033e+02 0.000000000000000000e+00 0.000000000000000000e+00
5.490000000000000000e+02 2.164548798078448044e+02 2.000000000000000000e+00 0.000000000000000000e+00
5.500000000000000000e+02 2.173378406851959710e+02 0.000000000000000000e+00 0.000000000000000000e+00
5.510000000000000000e+02 2.178427342841475820e+02 0.000000000000000000e+00 0.000000000000000000e+00
5.520000000000000000e+02 2.188079022379294258e+02 0.000000000000000000e+00 0.000000000000000000e+00
5.530000000000000000e+02 2.205366919710536422e+02 0.000000000000000000e+00 0.000000000000000000e+00
5.540000000000000000e+02 2.199410199968362178e+02 0.000000000000000000e+00 0.000000000000000000e+00
5.550000000000000000e+02 2.221335111623966156e+02 0.000000000000000000e+00 0.000000000000000000e+00
5.560000000000000000e+02 2.217621297279100361e+02 1.000000000000000000e+00 0.000000000000000000e+00
5.570000000000000000e+02 2.222861286807764998e+02 1.000000000000000000e+00 0.000000000000000000e+00
5.580000000000000000e+02 2.232999896536025517e+02 0.000000000000000000e+00 0.000000000000000000e+00
5.590000000000000000e+02 2.250305214581906910e+02 0.000000000000000000e+00 0.000000000000000000e+00
5.600000000000000000e+02 2.237868502803512172e+02 1.000000000000000000e+00 0.000000000000000000e+00
5.610000000000000000e+02 2.247726799728168032e+02 0.000000000000000000e+00 0.000000000000000000e+00
5.620000000000000000e+02 2.267402965594963007e+02 0.000000000000000000e+00 0.000000000000000000e+00
5.630000000000000000e+02 2.271008239991433300e+02 0.000000000000000000e+00 0.000000000000000000e+00
5.640000000000000000e+02 2.275380885999444445e+02 0.000000000000000000e+00 0.000000000000000000e+00
5.650000000000000000e+02 2.297889019720512067e+02 0.000000000000000000e+00 0.000000000000000000e+00
5.660000000000000000e+02 2.294341388869372622e+02 1.000000000000000000e+00 0.000000000000000000e+00
5.670000000000000000e+02 2.296766149192172577e+02 1.000000000000000000e+00 0.000000000000000000e+00
5.680000000000000000e+02 2.300576141322796389e+02 0.000000000000000000e+00 0.000000000000000000e+00
5.690000000000000000e+02 2.283342707700505798e+02 2.000000000000000000e+00 0.000000000000000000e+00
5.700000000000000000e+02 2.302374718764479837e+02 0.000000000000000000e+00 0.000000000000000000e+00
5.710000000000000000e+02 2.287241780138773208e+02 2.000000000000000000e+00 0.000000000000000000e+00
5.720000000000000000e+02 2.308852513672849796e+02 0.000000000000000000e+00 0.000000000000000000e+00
5.730000000000000000e+02 2.315102638435762117e+02 0.000000000000000000e+00 0.000000000000000000e+00
5.740000000000000000e+02 2.325935584729270431e+02 0.000000000000000000e+00 0.000000000000000000e+00
5.750000000000000000e+02 2.327022388550254561e+02 0.000000000000000000e+00 0.000000000000000000e+00
5.760000000000000000e+02 2.339780521973478926e+02 0.000000000000000000e+00 0.000000000000000000e+00
5.770000000000000000e+02 2.335682412819607237e+02 1.000000000000000000e+00 0.000000000000000000e+00
5.780000000000000000e+02 2.347539669228169146e+02 1.000000000000000000e+00 0.000000000000000000e+00
5.790000000000000000e+02 2.346202577429353084e+02 0.000000000000000000e+00 0.000000000000000000e+00
5.800000000000000000e+02 2.359006295836607592e+02 0.000000000000000000e+00 0.000000000000000000e+00
5.810000000000000000e+02 2.363402881976609251e+02 0.000000000000000000e+00 0.000000000000000000e+00
5.820000000000000000e+02 2.351895946809394502e+02 2.000000000000000000e+00 0.000000000000000000e+00
5.830000000000000000e+02 2.373543129398648830e+02 0.000000000000000000e+00 0.000000000000000000e+00
5.840000000000000000e+02 2.376736236572259031e+02 0.000000000000000000e+00 0.000000000000000000e+00
5.850000000000000000e+02 2.390249474707708544e+02 0.000000000000000000e+00 0.000000000000000000e+00
5.860000000000000000e+02 2.401164726354202799e+02 0.000000000000000000e+00 0.000000000000000000e+00
5.870000000000000000e+02 2.402924444084468973e+02 0.000000000000000000e+00 0.000000000000000000e+00
5.880000000000000000e+02 2.420397790212008147e+02 1.000000000000000000e+00 0.000000000000000000e+00
5.890000000000000000e+02 2.427355073599833304e+02 0.000000000000000000e+00 0.000000000000000000e+00
5.900000000000000000e+02 2.437273690844400562e+02 0.000000000000000000e+00 0.000000000000000000e+00
5.910000000000000000e+02 2.413442191024724934e+02 2.000000000000000000e+00 0.000000000000000000e+00
5.920000000000000000e+02 2.402561452447899342e+02 2.000000000000000000e+00 0.000000000000000000e+00
5.930000000000000000e+02 2.420877802631353859e+02 0.000000000000000000e+00 0.000000000000000000e+00
5.940000000000000000e+02 2.414872406135593224e+02 2.000000000000000000e+00 0.000000000000000000e+00
5.950000000000000000e+02 2.423622797436674432e+02 0.000000000000000000e+00 0.000000000000000000e+00
5.960000000000000000e+02 2.418329029324760597e+02 1.000000000000000000e+00 0.000000000000000000e+00
5.970000000000000000e+02 2.429830585261439637e+02 0.000000000000000000e+00 0.000000000000000000e+00
5.980000000000000000e+02 2.439673416128796077e+02 0.000000000000000000e+00 0.000000000000000000e+00
5.990000000000000000e+02 2.449421337328195420e+02 1.000000000000000000e+00 0.000000000000000000e+00
6.000000000000000000e+02 2.453682272059172078e+02 0.000000000000000000e+00 0.000000000000000000e+00
6.010000000000000000e+02 2.455664833640452969e+02 0.000000000000000000e+00 0.000000000000000000e+00
6.020000000000000000e+02 2.452500642852758119e+02 2.000000000000000000e+00 0.000000000000000000e+00
6.030000000000000000e+02 2.456304127564229418e+02 1.000000000000000000e+00 0.000000000000000000e+00
6.040000000000000000e+02 2.463089523451535001e+02 0.000000000000000000e+00 0.000000000000000000e+00
6.050000000000000000e+02 2.462495890494507762e+02 0.000000000000000000e+00 0.000000000000000000e+00
6.060000000000000000e+02 2.475916986019566934e+02 0.000000000000000000e+00 0.000000000000000000e+00
6.070000000000000000e+02 2.492544304844892622e+02 0.000000000000000000e+00 0.000000000000000000e+00
6.080000000000000000e+02 2.483665849406883410e+02 1.000000000000000000e+00 0.000000000000000000e+00
6.090000000000000000e+02 2.482369297116382540e+02 2.000000000000000000e+00 0.000000000000000000e+00
6.100000000000000000e+02 2.492772708279071310e+02 0.000000000000000000e+00 0.000000000000000000e+00
6.110000000000000000e+02 2.495695182850445519e+02 0.000000000000000000e+00 0.000000000000000000e+00
6.120000000000000000e+02 2.513287413166391673e+02 0.000000000000000000e+00 0.000000000000000000e+00
6.130000000000000000e+02 2.509381315148527563e+02 2.000000000000000000e+00 0.000000000000000000e+00
6.140000000000000000e+02 2.509364294746146413e+02 1.000000000000000000e+00 0.000000000000000000e+00
6.150000000000000000e+02 2.505362355699834325e+02 0.000000000000000000e+00 0.000000000000000000e+00
6.160000000000000000e+02 2.514448414028189518e+02 0.000000000000000000e+00 0.000000000000000000e+00
6.170000000000000000e+02 2.533320914645296682e+02 0.000000000000000000e+00 0.000000000000000000e+00
6.180000000000000000e+02 2.535799874878940159e+02 0.000000000000000000e+00 0.000000000000000000e+00
6.190000000000000000e+02 2.541624122651339235e+02 0.000000000000000000e+00 0.000000000000000000e+00
6.200000000000000000e+02 2.554476148349830851e+02 0.000000000000000000e+00 0.000000000000000000e+00
6.210000000000000000e+02 2.551203672269878382e+02 2.000000000000000000e+00 0.000000000000000000e+00
6.220000000000000000e+02 2.553428232285027661e+02 1.000000000000000000e+00 0.000000000000000000e+00
6.230000000000000000e+02 2.548470933079290717e+02 2.000000000000000000e+00 0.000000000000000000e+00
6.240000000000000000e+02 2.552334193443135746e+02 0.000000000000000000e+00 0.000000000000000000e+00
6.250000000000000000e+02 2.556430705249499056e+02 1.000000000000000000e+00 0.000000000000000000e+00
6.260000000000000000e+02 2.552611823767314831e+02 0.000000000000000000e+00 0.000000000000000000e+00
6.270000000000000000e+02 2.554604854124141582e+02 2.000000000000000000e+00 0.000000000000000000e+00
6.280000000000000000e+02 2.557963772985077640e+02 0.000000000000000000e+00 0.000000000000000000e+00
6.290000000000000000e+02 2.570088372172299387e+02 0.000000000000000000e+00 0.000000000000000000e+00
6.300000000000000000e+02 2.583285492687531359e+02 0.000000000000000000e+00 0.000000000000000000e+00
6.310000000000000000e+02 2.590929701696750271e+02 0.000000000000000000e+00 0.000000000000000000e+00
6.320000000000000000e+02 2.581259537899500742e+02 2.000000000000000000e+00 0.000000000000000000e+00
6.330000000000000000e+02 2.601199411395091374e+02 0.000000000000000000e+00 0.000000000000000000e+00
6.340000000000000000e+02 2.585424587549638318e+02 2.000000000000000000e+00 0.000000000000000000e+00
6.350000000000000000e+02 2.595977581216282033e+02 0.000000000000000000e+00 0.000000000000000000e+00
6.360000000000000000e+02 2.583575698919898400e+02 1.000000000000000000e+00 0.000000000000000000e+00
6.370000000000000000e+02 2.604288695605902149e+02 0.000000000000000000e+00 0.000000000000000000e+00
6.380000000000000000e+02 2.610982623097333430e+02 0.000000000000000000e+00 0.000000000000000000e+00
6.390000000000000000e+02 2.608036461556019958e+02 1.000000000000000000e+00 0.000000000000000000e+00
6.400000000000000000e+02 2.616739463169548685e+02 0.000000000000000000e+00 0.000000000000000000e+00
6.410000000000000000e+02 2.629877487781364493e+02 0.000000000000000000e+00 0.000000000000000000e+00
6.420000000000000000e+02 2.634811297114931676e+02 0.000000000000000000e+00 0.000000000000000000e+00
6.430000000000000000e+02 2.637905502469786825e+02 1.000000000000000000e+00 0.000000000000000000e+00
6.440000000000000000e+02 2.652418923496134653e+02 0.000000000000000000e+00 0.000000000000000000e+00
6.450000000000000000e+02 2.647749013602693822e+02 0.000000000000000000e+00 0.000000000000000000e+00
6.460000000000000000e+02 2.655121614188610124e+02 2.000000000000000000e+00 0.000000000000000000e+00
6.470000000000000000e+02 2.648098450378448661e+02 1.000000000000000000e+00 0.000000000000000000e+00
6.480000000000000000e+02 2.644951460283468805e+02 1.000000000000000000e+00 0.000000000000000000e+00
6.490000000000000000e+02 2.668135502455119195e+02 0.000000000000000000e+00 0.000000000000000000e+00
6.500000000000000000e+02 2.665724918546414983e+02 0.000000000000000000e+00 0.000000000000000000e+00
6.510000000000000000e+02 2.659780279258183100e+02 2.000000000000000000e+00 0.000000000000000000e+00
6.520000000000000000e+02 2.670002771736625391e+02 0.000000000000000000e+00 0.000000000000000000e+00
6.530000000000000000e+02 2.680572095379647521e+02 0.000000000000000000e+00 0.000000000000000000e+00
6.540000000000000000e+02 2.675013413944911349e+02 2.000000000000000000e+00 0.000000000000000000e+00
6.550000000000000000e+02 2.659358046575903245e+02 2.000000000000000000e+00 0.000000000000000000e+00
6.560000000000000000e+02 2.638685338529197111e+02 2.000000000000000000e+00 0.000000000000000000e+00
6.570000000000000000e+02 2.649844679257409439e+02 1.000000000000000000e+00 0.000000000000000000e+00
6.580000000000000000e+02 2.643854300634698689e+02 2.000000000000000000e+00 0.000000000000000000e+00
6.590000000000000000e+02 2.653117040914673908e+02 0.000000000000000000e+00 0.000000000000000000e+00
6.600000000000000000e+02 2.653193926034641095e+02 1.000000000000000000e+00 0.000000000000000000e+00
6.610000000000000000e+02 2.654934989585332801e+02 0.000000000000000000e+00 0.000000000000000000e+00
6.620000000000000000e+02 2.673950312614338714e+02 0.000000000000000000e+00 0.000000000000000000e+00
6.630000000000000000e+02 2.669639618703068322e+02 1.000000000000000000e+00 0.000000000000000000e+00
6.640000000000000000e+02 2.663963142261330290e+02 2.000000000000000000e+00 0.000000000000000000e+00
6.650000000000000000e+02 2.667844354780855838e+02 0.000000000000000000e+00 0.000000000000000000e+00
6.660000000000000000e+02 2.662358810410720480e+02 2.000000000000000000e+00 0.000000000000000000e+00
6.670000000000000000e+02 2.656317730177315752e+02 1.000000000000000000e+00 0.000000000000000000e+00
6.680000000000000000e+02 2.647389930224154568e+02 2.000000000000000000e+00 0.000000000000000000e+00
6.690000000000000000e+02 2.663748024014444127e+02 1.000000000000000000e+00 0.000000000000000000e+00
6.700000000000000000e+02 2.656981735654057957e+02 0.000000000000000000e+00 0.000000000000000000e+00
6.710000000000000000e+02 2.643733672364962217e+02 2.000000000000000000e+00 0.000000000000000000e+00
6.720000000000000000e+02 2.648776236821326506e+02 1.000000000000000000e+00 0.000000000000000000e+00
6.730000000000000000e+02 2.660884971574907354e+02 0.000000000000000000e+00 0.000000000000000000e+00
6.740000000000000000e+02 2.671365405700719862e+02 0.000000000000000000e+00 0.000000000000000000e+00
6.750000000000000000e+02 2.675465381578220558e+02 0.000000000000000000e+00 0.000000000000000000e+00
6.760000000000000000e+02 2.685203434918211656e+02 0.000000000000000000e+00 0.000000000000000000e+00
6.770000000000000000e+02 2.693548135699819568e+02 0.000000000000000000e+00 0.000000000000000000e+00
6.780000000000000000e+02 2.711464595410679408e+02 0.000000000000000000e+00 0.000000000000000000e+00
6.790000000000000000e+02 2.727566343965111741e+02 0.000000000000000000e+00 0.000000000000000000e+00
6.800000000000000000e+02 2.718944933471314584e+02 1.000000000000000000e+00 0.000000000000000000e+00
6.810000000000000000e+02 2.720152434835677013e+02 1.000000000000000000e+00 0.000000000000000000e+00
6.820000000000000000e+02 2.728451393727761456e+02 0.000000000000000000e+00 0.000000000000000000e+00
6.830000000000000000e+02 2.739155025227166220e+02 0.000000000000000000e+00 0.000000000000000000e+00
6.840000000000000000e+02 2.760880546215280447e+02 0.000000000000000000e+00 0.000000000000000000e+00
6.850000000000000000e+02 2.735356770763033296e+02 2.000000000000000000e+00 0.000000000000000000e+00
6.860000000000000000e+02 2.755139636900373148e+02 0.000000000000000000e+00 0.000000000000000000e+00
6.870000000000000000e+02 2.763631888436607937e+02 0.000000000000000000e+00 0.000000000000000000e+00
6.880000000000000000e+02 2.773399612210592409e+02 0.000000000000000000e+00 0.000000000000000000e+00
6.890000000000000000e+02 2.751229174541828115e+02 2.000000000000000000e+00 0.000000000000000000e+00
6.900000000000000000e+02 2.753741002598156342e+02 1.000000000000000000e+00 0.000000000000000000e+00
6.910000000000000000e+02 2.767329987037282422e+02 0.000000000000000000e+00 0.000000000000000000e+00
6.920000000000000000e+02 2.760194120709554113e+02 1.000000000000000000e+00 0.000000000000000000e+00
6.930000000000000000e+02 2.782203862035601105e+02 0.000000000000000000e+00 0.000000000000000000e+00
6.940000000000000000e+02 2.768045098590557700e+02 1.000000000000000000e+00 0.000000000000000000e+00
6.950000000000000000e+02 2.772671132079101426e+02 2.000000000000000000e+00 0.000000000000000000e+00
6.960000000000000000e+02 2.777622357001507680e+02 1.000000000000000000e+00 0.000000000000000000e+00
6.970000000000000000e+02 2.774813366213398353e+02 0.000000000000000000e+00 0.000000000000000000e+00
6.980000000000000000e+02 2.782885723765910484e+02 0.000000000000000000e+00 0.000000000000000000e+00
6.990000000000000000e+02 2.790769972997985064e+02 1.000000000000000000e+00 0.000000000000000000e+00
7.000000000000000000e+02 2.776666757597034234e+02 1.000000000000000000e+00 0.000000000000000000e+00
7.010000000000000000e+02 2.787773230561467130e+02 1.000000000000000000e+00 0.000000000000000000e+00
7.020000000000000000e+02 2.774477380971332536e+02 2.000000000000000000e+00 0.000000000000000000e+00
7.030000000000000000e+02 2.784220783707424971e+02 0.000000000000000000e+00 0.000000000000000000e+00
7.040000000000000000e+02 2.798487572543029387e+02 0.000000000000000000e+00 0.000000000000000000e+00
7.050000000000000000e+02 2.790146404812991250e+02 2.000000000000000000e+00 0.000000000000000000e+00
7.060000000000000000e+02 2.791400064242662324e+02 2.000000000000000000e+00 0.000000000000000000e+00
7.070000000000000000e+02 2.786829629676959144e+02 1.000000000000000000e+00 0.000000000000000000e+00
7.080000000000000000e+02 2.776962460298755673e+02 2.000000000000000000e+00 0.000000000000000000e+00
7.090000000000000000e+02 2.787702708657341191e+02 0.000000000000000000e+00 0.000000000000000000e+00
7.100000000000000000e+02 2.767526646429118387e+02 2.000000000000000000e+00 0.000000000000000000e+00
7.110000000000000000e+02 2.779753871344481695e+02 0.000000000000000000e+00 0.000000000000000000e+00
7.120000000000000000e+02 2.782722252876552034e+02 1.000000000000000000e+00 0.000000000000000000e+00
7.130000000000000000e+02 2.799276410740454821e+02 0.000000000000000000e+00 0.000000000000000000e+00
7.140000000000000000e+02 2.781593038226594672e+02 2.000000000000000000e+00 0.000000000000000000e+00
7.150000000000000000e+02 2.787684045520478548e+02 0.000000000000000000e+00 0.000000000000000000e+00
7.160000000000000000e+02 2.809558196982139862e+02 0.000000000000000000e+00 0.000000000000000000e+00
7.170000000000000000e+02 2.795747775081627537e+02 2.000000000000000000e+00 0.000000000000000000e+00
7.180000000000000000e+02 2.809383046862391780e+02 0.000000000000000000e+00 0.000000000000000000e+00
7.190000000000000000e+02 2.809116282749138804e+02 0.000000000000000000e+00 0.000000000000000000e+00
7.200000000000000000e+02 2.820915049005228639e+02 0.000000000000000000e+00 0.000000000000000000e+00
7.210000000000000000e+02 2.815448429093138429e+02 2.000000000000000000e+00 0.000000000000000000e+00
7.220000000000000000e+02 2.803892820353794946e+02 2.000000000000000000e+00 0.000000000000000000e+00
7.230000000000000000e+02 2.794016118687688390e+02 2.000000000000000000e+00 0.000000000000000000e+00
7.240000000000000000e+02 2.805194660352414076e+02 0.000000000000000000e+00 0.000000000000000000e+00
7.250000000000000000e+02 2.805429466765737061e+02 0.000000000000000000e+00 0.000000000000000000e+00
7.260000000000000000e+02 2.806271894351873470e+02 2.000000000000000000e+00 0.000000000000000000e+00
7.270000000000000000e+02 2.793481382513290896e+02 2.000000000000000000e+00 0.000000000000000000e+00
7.280000000000000000e+02 2.798562597346795542e+02 0.000000000000000000e+00 0.000000000000000000e+00
7.290000000000000000e+02 2.807348354330655980e+02 0.000000000000000000e+00 0.000000000000000000e+00
7.300000000000000000e+02 2.809721235239861699e+02 1.000000000000000000e+00 0.000000000000000000e+00
7.310000000000000000e+02 2.800990222076694636e+02 2.000000000000000000e+00 0.000000000000000000e+00
7.320000000000000000e+02 2.814502092300290315e+02 0.000000000000000000e+00 0.000000000000000000e+00
7.330000000000000000e+02 2.815580612262078830e+02 0.000000000000000000e+00 0.000000000000000000e+00
7.340000000000000000e+02 2.836718314277317745e+02 0.000000000000000000e+00 0.000000000000000000e+00
7.350000000000000000e+02 2.833758121410293711e+02 1.000000000000000000e+00 0.000000000000000000e+00
7.360000000000000000e+02 2.841046329009843134e+02 0.000000000000000000e+00 0.000000000000000000e+00
7.370000000000000000e+02 2.843608273450895467e+02 1.000000000000000000e+00 0.000000000000000000e+00
7.380000000000000000e+02 2.846489151170547984e+02 1.000000000000000000e+00 0.000000000000000000e+00
7.390000000000000000e+02 2.853377612104918057e+02 0.000000000000000000e+00 0.000000000000000000e+00
7.400000000000000000e+02 2.848548838751237895e+02 0.000000000000000000e+00 0.000000000000000000e+00
7.410000000000000000e+02 2.873608406352498150e+02 0.000000000000000000e+00 0.000000000000000000e+00
7.420000000000000000e+02 2.877035194209564679e+02 0.000000000000000000e+00 0.000000000000000000e+00
7.430000000000000000e+02 2.887400589052018063e+02 0.000000000000000000e+00 0.000000000000000000e+00
7.440000000000000000e+02 2.908175197787901425e+02 0.000000000000000000e+00 0.000000000000000000e+00
7.450000000000000000e+02 2.912612465739157415e+02 0.000000000000000000e+00 0.000000000000000000e+00
7.460000000000000000e+02 2.922689323852030725e+02 0.000000000000000000e+00 0.000000000000000000e+00
7.470000000000000000e+02 2.940898217338869358e+02 0.000000000000000000e+00 0.000000000000000000e+00
7.480000000000000000e+02 2.943776834095363597e+02 0.000000000000000000e+00 0.000000000000000000e+00
7.490000000000000000e+02 2.941678247279685365e+02 0.000000000000000000e+00 0.000000000000000000e+00
7.500000000000000000e+02 2.952295695551435415e+02 0.000000000000000000e+00 0.000000000000000000e+00
7.510000000000000000e+02 2.961032411873975434e+02 1.000000000000000000e+00 0.000000000000000000e+00
7.520000000000000000e+02 2.965424816367545304e+02 0.000000000000000000e+00 0.000000000000000000e+00
7.530000000000000000e+02 2.988186824189999129e+02 0.000000000000000000e+00 0.000000000000000000e+00
7.540000000000000000e+02 2.990889662687474697e+02 0.000000000000000000e+00 0.000000000000000000e+00
7.550000000000000000e+02 3.001700802204135243e+02 1.000000000000000000e+00 0.000000000000000000e+00
7.560000000000000000e+02 3.006194035514693610e+02 0.000000000000000000e+00 0.000000000000000000e+00
7.570000000000000000e+02 3.002353588826938449e+02 0.000000000000000000e+00 0.000000000000000000e+00
7.580000000000000000e+02 3.015849351205770859e+02 1.000000000000000000e+00 0.000000000000000000e+00
7.590000000000000000e+02 3.021943928590651467e+02 0.000000000000000000e+00 0.000000000000000000e+00
7.600000000000000000e+02 3.027730199961158064e+02 0.000000000000000000e+00 0.000000000000000000e+00
7.610000000000000000e+02 3.036508706433173757e+02 0.000000000000000000e+00 0.000000000000000000e+00
7.620000000000000000e+02 3.037572448620700243e+02 1.000000000000000000e+00 0.000000000000000000e+00
7.630000000000000000e+02 3.028772585018692212e+02 2.000000000000000000e+00 0.000000000000000000e+00
7.640000000000000000e+02 3.032265557834601850e+02 1.000000000000000000e+00 0.000000000000000000e+00
7.650000000000000000e+02 3.038737577670809742e+02 0.000000000000000000e+00 0.000000000000000000e+00
7.660000000000000000e+02 3.041338802901170766e+02 0.000000000000000000e+00 0.000000000000000000e+00
7.670000000000000000e+02 3.050227900892697903e+02 1.000000000000000000e+00 0.000000000000000000e+00
7.680000000000000000e+02 3.037407151236022855e+02 2.000000000000000000e+00 0.000000000000000000e+00
7.690000000000000000e+02 3.039012038136340834e+02 0.000000000000000000e+00 0.000000000000000000e+00
7.700000000000000000e+02 3.050416389900481704e+02 1.000000000000000000e+00 0.000000000000000000e+00
7.710000000000000000e+02 3.049794366482615828e+02 1.000000000000000000e+00 0.000000000000000000e+00
7.720000000000000000e+02 3.071325140060621948e+02 0.000000000000000000e+00 0.000000000000000000e+00
7.730000000000000000e+02 3.069809900855207729e+02 0.000000000000000000e+00 0.000000000000000000e+00
7.740000000000000000e+02 3.077609081847997459e+02 0.000000000000000000e+00 0.000000000000000000e+00
7.750000000000000000e+02 3.080350057738491500e+02 1.000000000000000000e+00 0.000000000000000000e+00
7.760000000000000000e+02 3.093646654185191665e+02 0.000000000000000000e+00 0.000000000000000000e+00
7.770000000000000000e+02 3.104432190768733903e+02 0.000000000000000000e+00 0.000000000000000000e+00
7.780000000000000000e+02 3.085781992340328657e+02 2.000000000000000000e+00 0.000000000000000000e+00
7.790000000000000000e+02 3.099713634440280430e+02 0.000000000000000000e+00 0.000000000000000000e+00
7.800000000000000000e+02 3.114384005200190018e+02 0.000000000000000000e+00 0.000000000000000000e+00
7.810000000000000000e+02 3.127143816244628169e+02 0.000000000000000000e+00 0.000000000000000000e+00
7.820000000000000000e+02 3.130332487068318983e+02 0.000000000000000000e+00 0.000000000000000000e+00
7.830000000000000000e+02 3.129607709139276039e+02 1.000000000000000000e+00 0.000000000000000000e+00
7.840000000000000000e+02 3.119391550538600768e+02 2.000000000000000000e+00 0.000000000000000000e+00
7.850000000000000000e+02 3.119654193969113294e+02 0.000000000000000000e+00 0.000000000000000000e+00
7.860000000000000000e+02 3.141631151026091970e+02 0.000000000000000000e+00 0.000000000000000000e+00
7.870000000000000000e+02 3.153361330984231472e+02 0.000000000000000000e+00 0.000000000000000000e+00
7.880000000000000000e+02 3.152406546049453482e+02 0.000000000000000000e+00 0.000000000000000000e+00
7.890000000000000000e+02 3.152340025000299306e+02 2.000000000000000000e+00 0.000000000000000000e+00
7.900000000000000000e+02 3.147086888484068936e+02 1.000000000000000000e+00 0.000000000000000000e+00
7.910000000000000000e+02 3.165559842961478694e+02 0.000000000000000000e+00 0.000000000000000000e+00
7.920000000000000000e+02 3.173202378572380553e+02 0.000000000000000000e+00 0.000000000000000000e+00
7.930000000000000000e+02 3.155698516916128824e+02 2.000000000000000000e+00 0.000000000000000000e+00
7.940000000000000000e+02 3.159770954898197033e+02 1.000000000000000000e+00 0.000000000000000000e+00
7.950000000000000000e+02 3.158085006409518769e+02 1.000000000000000000e+00 0.000000000000000000e+00
7.960000000000000000e+02 3.169585295234562636e+02 0.000000000000000000e+00 0.000000000000000000e+00
7.970000000000000000e+02 3.182130338245528378e+02 0.000000000000000000e+00 0.000000000000000000e+00
7.980000000000000000e+02 3.192628091617507948e+02 0.000000000000000000e+00 0.000000000000000000e+00
7.990000000000000000e+02 3.176773513359207755e+02 2.000000000000000000e+00 0.000000000000000000e+00
8.000000000000000000e+02 3.185702843819559575e+02 0.000000000000000000e+00 0.000000000000000000e+00
