time	position	state	ATP_bound
1.000000000000000000e+00 9.524103196149135142e-01 0.000000000000000000e+00 0.000000000000000000e+00
2.000000000000000000e+00 1.401580096497259342e+00 0.000000000000000000e+00 0.000000000000000000e+00
3.000000000000000000e+00 2.530999586988872174e+00 0.000000000000000000e+00 0.000000000000000000e+00
4.000000000000000000e+00 3.007718282233638352e+00 1.000000000000000000e+00 0.000000000000000000e+00
5.000000000000000000e+00 4.450528146965225140e+00 0.000000000000000000e+00 0.000000000000000000e+00
6.000000000000000000e+00 3.644503072950961986e+00 2.000000000000000000e+00 0.000000000000000000e+00
7.000000000000000000e+00 2.113298092829787755e+00 1.000000000000000000e+00 0.000000000000000000e+00
8.000000000000000000e+00 4.395991564966047704e+00 0.000000000000000000e+00 0.000000000000000000e+00
9.000000000000000000e+00 3.436557806845156993e+00 2.000000000000000000e+00 0.000000000000000000e+00
1.000000000000000000e+01 7.000390213661547012e-01 2.000000000000000000e+00 0.000000000000000000e+00
1.100000000000000000e+01 3.709710171672449430e+00 0.000000000000000000e+00 0.000000000000000000e+00
1.200000000000000000e+01 1.858773195881467943e+00 2.000000000000000000e+00 0.000000000000000000e+00
1.300000000000000000e+01 6.884617252131578491e-01 2.000000000000000000e+00 0.000000000000000000e+00
1.400000000000000000e+01 7.206949484383999849e-01 1.000000000000000000e+00 0.000000000000000000e+00
1.500000000000000000e+01 1.226987279604037084e+00 1.000000000000000000e+00 0.000000000000000000e+00
1.600000000000000000e+01 4.995376169216714235e-01 1.000000000000000000e+00 0.000000000000000000e+00
1.700000000000000000e+01 1.931614304773719537e+00 0.000000000000000000e+00 0.000000000000000000e+00
1.800000000000000000e+01 2.355431929373269284e+00 0.000000000000000000e+00 0.000000000000000000e+00
1.900000000000000000e+01 3.309589614715486849e+00 1.000000000000000000e+00 0.000000000000000000e+00
2.000000000000000000e+01 3.742876821189084602e+00 0.000000000000000000e+00 0.000000000000000000e+00
2.100000000000000000e+01 5.465494096514699862e+00 0.000000000000000000e+00 0.000000000000000000e+00
2.200000000000000000e+01 3.835100094342122290e+00 2.000000000000000000e+00 0.000000000000000000e+00
2.300000000000000000e+01 3.700795338024094328e+00 1.000000000000000000e+00 0.000000000000000000e+00
2.400000000000000000e+01 5.705992680930513927e+00 0.000000000000000000e+00 0.000000000000000000e+00
2.500000000000000000e+01 6.025123452196633700e+00 0.000000000000000000e+00 0.000000000000000000e+00
2.600000000000000000e+01 7.066501446071652204e+00 0.000000000000000000e+00 0.000000000000000000e+00
2.700000000000000000e+01 6.384603430005410196e+00 1.000000000000000000e+00 0.000000000000000000e+00
2.800000000000000000e+01 6.268816297303966500e+00 2.000000000000000000e+00 0.000000000000000000e+00
2.900000000000000000e+01 7.757050649858697966e+00 0.000000000000000000e+00 0.000000000000000000e+00
3.000000000000000000e+01 5.490016996672041572e+00 2.000000000000000000e+00 0.000000000000000000e+00
3.100000000000000000e+01 6.571305498936149903e+00 1.000000000000000000e+00 0.000000000000000000e+00
3.200000000000000000e+01 7.481071433507340274e+00 0.000000000000000000e+00 0.000000000000000000e+00
3.300000000000000000e+01 7.817706217702425242e+00 0.000000000000000000e+00 0.000000000000000000e+00
3.400000000000000000e+01 8.404992853516551676e+00 0.000000000000000000e+00 0.000000000000000000e+00
3.500000000000000000e+01 1.011823479784065327e+01 0.000000000000000000e+00 0.000000000000000000e+00
3.600000000000000000e+01 1.021224840182469329e+01 1.000000000000000000e+00 0.000000000000000000e+00
3.700000000000000000e+01 1.124752142974945635e+01 0.000000000000000000e+00 0.000000000000000000e+00
3.800000000000000000e+01 1.092485677908382691e+01 2.000000000000000000e+00 0.000000000000000000e+00
3.900000000000000000e+01 1.128723517845389424e+01 0.000000000000000000e+00 0.000000000000000000e+00
4.000000000000000000e+01 1.305046869857431879e+01 0.000000000000000000e+00 0.000000000000000000e+00
4.100000000000000000e+01 1.057752649334314476e+01 2.000000000000000000e+00 0.000000000000000000e+00
4.200000000000000000e+01 1.195243825765825108e+01 0.000000000000000000e+00 0.000000000000000000e+00
4.300000000000000000e+01 1.286195312094047871e+01 0.000000000000000000e+00 0.000000000000000000e+00
4.400000000000000000e+01 1.414168214013937153e+01 0.000000000000000000e+00 0.000000000000000000e+00
4.500000000000000000e+01 1.470187946826736436e+01 0.000000000000000000e+00 0.000000000000000000e+00
4.600000000000000000e+01 1.647330481874444885e+01 0.000000000000000000e+00 0.000000000000000000e+00
4.700000000000000000e+01 1.500146343947545269e+01 2.000000000000000000e+00 0.000000000000000000e+00
4.800000000000000000e+01 1.577322081324167335e+01 0.000000000000000000e+00 0.000000000000000000e+00
4.900000000000000000e+01 1.513696375602211397e+01 2.000000000000000000e+00 0.000000000000000000e+00
5.000000000000000000e+01 1.336544121030940424e+01 2.000000000000000000e+00 0.000000000000000000e+00
5.100000000000000000e+01 1.528268398683270135e+01 0.000000000000000000e+00 0.000000000000000000e+00
5.200000000000000000e+01 1.644399379006449990e+01 0.000000000000000000e+00 0.000000000000000000e+00
5.300000000000000000e+01 1.477554697966666097e+01 2.000000000000000000e+00 0.000000000000000000e+00
5.400000000000000000e+01 1.609911715396403054e+01 0.000000000000000000e+00 0.000000000000000000e+00
5.500000000000000000e+01 1.683022556372289458e+01 1.000000000000000000e+00 0.000000000000000000e+00
5.600000000000000000e+01 1.731332871883263991e+01 0.000000000000000000e+00 0.000000000000000000e+00
5.700000000000000000e+01 1.581734584814981837e+01 2.000000000000000000e+00 0.000000000000000000e+00
5.800000000000000000e+01 1.703422160755127379e+01 0.000000000000000000e+00 0.000000000000000000e+00
5.900000000000000000e+01 1.804818270790945434e+01 0.000000000000000000e+00 0.000000000000000000e+00
6.000000000000000000e+01 1.953330244956127260e+01 0.000000000000000000e+00 0.000000000000000000e+00
6.100000000000000000e+01 1.826721841654707035e+01 2.000000000000000000e+00 0.000000000000000000e+00
6.200000000000000000e+01 1.695206964398836291e+01 2.000000000000000000e+00 0.000000000000000000e+00
6.300000000000000000e+01 1.880040344869697932e+01 0.000000000000000000e+00 0.000000000000000000e+00
6.400000000000000000e+01 1.928953680940713866e+01 0.000000000000000000e+00 0.000000000000000000e+00
6.500000000000000000e+01 1.967360769358082706e+01 0.000000000000000000e+00 0.000000000000000000e+00
6.600000000000000000e+01 1.905286834502300408e+01 2.000000000000000000e+00 0.000000000000000000e+00
6.700000000000000000e+01 2.011481721632811315e+01 0.000000000000000000e+00 0.000000000000000000e+00
6.800000000000000000e+01 2.179761812820220612e+01 0.000000000000000000e+00 0.000000000000000000e+00
6.900000000000000000e+01 2.129116050954831252e+01 1.000000000000000000e+00 0.000000000000000000e+00
7.000000000000000000e+01 2.068973387117956975e+01 1.000000000000000000e+00 0.000000000000000000e+00
7.100000000000000000e+01 2.193291879761653007e+01 0.000000000000000000e+00 0.000000000000000000e+00
7.200000000000000000e+01 2.317175226268146915e+01 0.000000000000000000e+00 0.000000000000000000e+00
7.300000000000000000e+01 2.428307394966526545e+01 0.000000000000000000e+00 0.000000000000000000e+00
7.400000000000000000e+01 2.241389972959733257e+01 2.000000000000000000e+00 0.000000000000000000e+00
7.500000000000000000e+01 2.337136872847902680e+01 0.000000000000000000e+00 0.000000000000000000e+00
7.600000000000000000e+01 2.441804228712648595e+01 0.000000000000000000e+00 0.000000000000000000e+00
7.700000000000000000e+01 2.626184044339791868e+01 0.000000000000000000e+00 0.000000000000000000e+00
7.800000000000000000e+01 2.602634509828305553e+01 0.000000000000000000e+00 0.000000000000000000e+00
7.900000000000000000e+01 2.822527385924033894e+01 0.000000000000000000e+00 0.000000000000000000e+00
8.000000000000000000e+01 2.883268299394754663e+01 0.000000000000000000e+00 0.000000000000000000e+00
8.100000000000000000e+01 2.812237066825323595e+01 1.000000000000000000e+00 0.000000000000000000e+00
8.200000000000000000e+01 3.029100087190999702e+01 0.000000000000000000e+00 0.000000000000000000e+00
8.300000000000000000e+01 3.167987442047742164e+01 0.000000000000000000e+00 0.000000000000000000e+00
8.400000000000000000e+01 3.196485109091613097e+01 0.000000000000000000e+00 0.000000000000000000e+00
8.500000000000000000e+01 3.153529902033466570e+01 1.000000000000000000e+00 0.000000000000000000e+00
8.600000000000000000e+01 3.247455874683485177e+01 0.000000000000000000e+00 0.000000000000000000e+00
8.700000000000000000e+01 3.411563772949276085e+01 0.000000000000000000e+00 0.000000000000000000e+00
8.800000000000000000e+01 3.343856192991491127e+01 2.000000000000000000e+00 0.000000000000000000e+00
8.900000000000000000e+01 3.316546372697579415e+01 0.000000000000000000e+00 0.000000000000000000e+00
9.000000000000000000e+01 3.505552635514300164e+01 0.000000000000000000e+00 0.000000000000000000e+00
9.100000000000000000e+01 3.474535126926853223e+01 1.000000000000000000e+00 0.000000000000000000e+00
9.200000000000000000e+01 3.616525255799656691e+01 0.000000000000000000e+00 0.000000000000000000e+00
9.300000000000000000e+01 3.690421390066497054e+01 0.000000000000000000e+00 0.000000000000000000e+00
9.400000000000000000e+01 3.757810517776650983e+01 1.000000000000000000e+00 0.000000000000000000e+00
9.500000000000000000e+01 3.778483048262685173e+01 0.000000000000000000e+00 0.000000000000000000e+00
9.600000000000000000e+01 3.803146127691952216e+01 0.000000000000000000e+00 0.000000000000000000e+00
9.700000000000000000e+01 3.997843111434767138e+01 0.000000000000000000e+00 0.000000000000000000e+00
9.800000000000000000e+01 4.070916802798924294e+01 0.000000000000000000e+00 0.000000000000000000e+00
9.900000000000000000e+01 4.025736934351377982e+01 2.000000000000000000e+00 0.000000000000000000e+00
1.000000000000000000e+02 4.222618657605892878e+01 0.000000000000000000e+00 0.000000000000000000e+00
1.010000000000000000e+02 4.149862575465285630e+01 0.000000000000000000e+00 0.000000000000000000e+00
1.020000000000000000e+02 4.096021597653045632e+01 2.000000000000000000e+00 0.000000000000000000e+00
1.030000000000000000e+02 4.067457387715418093e+01 1.000000000000000000e+00 0.000000000000000000e+00
1.040000000000000000e+02 4.166120603846339776e+01 0.000000000000000000e+00 0.000000000000000000e+00
1.050000000000000000e+02 4.010659230041141399e+01 2.000000000000000000e+00 0.000000000000000000e+00
1.060000000000000000e+02 4.232972733501792106e+01 0.000000000000000000e+00 0.000000000000000000e+00
1.070000000000000000e+02 4.310084452390351117e+01 0.000000000000000000e+00 0.000000000000000000e+00
1.080000000000000000e+02 4.247116754959861851e+01 2.000000000000000000e+00 0.000000000000000000e+00
1.090000000000000000e+02 4.342551456626264894e+01 0.000000000000000000e+00 0.000000000000000000e+00
1.100000000000000000e+02 4.413879002699938781e+01 0.000000000000000000e+00 0.000000000000000000e+00
1.110000000000000000e+02 4.451175867197073899e+01 0.000000000000000000e+00 0.000000000000000000e+00
1.120000000000000000e+02 4.546614371573863878e+01 0.000000000000000000e+00 0.000000000000000000e+00
1.130000000000000000e+02 4.794272197903817556e+01 0.000000000000000000e+00 0.000000000000000000e+00
1.140000000000000000e+02 4.816793104042117335e+01 1.000000000000000000e+00 0.000000000000000000e+00
1.150000000000000000e+02 4.674016686770630713e+01 1.000000000000000000e+00 0.000000000000000000e+00
1.160000000000000000e+02 4.752578542473311529e+01 1.000000000000000000e+00 0.000000000000000000e+00
1.170000000000000000e+02 4.816121637266659405e+01 0.000000000000000000e+00 0.000000000000000000e+00
1.180000000000000000e+02 4.896117288009559587e+01 0.000000000000000000e+00 0.000000000000000000e+00
1.190000000000000000e+02 4.955056780966513230e+01 0.000000000000000000e+00 0.000000000000000000e+00
1.200000000000000000e+02 5.039250219326199698e+01 0.000000000000000000e+00 0.000000000000000000e+00
1.210000000000000000e+02 5.043664430556926703e+01 2.000000000000000000e+00 0.000000000000000000e+00
1.220000000000000000e+02 5.114619554410177926e+01 0.000000000000000000e+00 0.000000000000000000e+00
1.230000000000000000e+02 5.226141121652048582e+01 0.000000000000000000e+00 0.000000000000000000e+00
1.240000000000000000e+02 5.323450821103266151e+01 0.000000000000000000e+00 0.000000000000000000e+00
1.250000000000000000e+02 5.497087135568104799e+01 0.000000000000000000e+00 0.000000000000000000e+00
1.260000000000000000e+02 5.303371213113874916e+01 2.000000000000000000e+00 0.000000000000000000e+00
1.270000000000000000e+02 5.475469766932938143e+01 0.000000000000000000e+00 0.000000000000000000e+00
1.280000000000000000e+02 5.263077364196365693e+01 2.000000000000000000e+00 0.000000000000000000e+00
1.290000000000000000e+02 5.396024434936258274e+01 1.000000000000000000e+00 0.000000000000000000e+00
1.300000000000000000e+02 5.342531098503256715e+01 1.000000000000000000e+00 0.000000000000000000e+00
1.310000000000000000e+02 5.448584055741496712e+01 0.000000000000000000e+00 0.000000000000000000e+00
1.320000000000000000e+02 5.566591155454208462e+01 0.000000000000000000e+00 0.000000000000000000e+00
1.330000000000000000e+02 5.650613370445165629e+01 0.000000000000000000e+00 0.000000000000000000e+00
1.340000000000000000e+02 5.680808988213305355e+01 0.000000000000000000e+00 0.000000000000000000e+00
1.350000000000000000e+02 5.747551551924868818e+01 0.000000000000000000e+00 0.000000000000000000e+00
1.360000000000000000e+02 5.906945217004232518e+01 0.000000000000000000e+00 0.000000000000000000e+00
1.370000000000000000e+02 6.010313214306592755e+01 0.000000000000000000e+00 0.000000000000000000e+00
1.380000000000000000e+02 6.028911875994982950e+01 1.000000000000000000e+00 0.000000000000000000e+00
1.390000000000000000e+02 6.149351689364694096e+01 0.000000000000000000e+00 0.000000000000000000e+00
1.400000000000000000e+02 6.085650537276585226e+01 1.000000000000000000e+00 0.000000000000000000e+00
1.410000000000000000e+02 6.155461940466283011e+01 1.000000000000000000e+00 0.000000000000000000e+00
1.420000000000000000e+02 6.146115955513892004e+01 0.000000000000000000e+00 0.000000000000000000e+00
1.430000000000000000e+02 6.287870918690769173e+01 0.000000000000000000e+00 0.000000000000000000e+00
1.440000000000000000e+02 6.384297934840271438e+01 0.000000000000000000e+00 0.000000000000000000e+00
1.450000000000000000e+02 6.478370506646626836e+01 0.000000000000000000e+00 0.000000000000000000e+00
1.460000000000000000e+02 6.567593208329941490e+01 0.000000000000000000e+00 0.000000000000000000e+00
1.470000000000000000e+02 6.708874930580482498e+01 0.000000000000000000e+00 0.000000000000000000e+00
1.480000000000000000e+02 6.669732769962618590e+01 2.000000000000000000e+00 0.000000000000000000e+00
1.490000000000000000e+02 6.499175818339188027e+01 2.000000000000000000e+00 0.000000000000000000e+00
1.500000000000000000e+02 6.653685407858134226e+01 0.000000000000000000e+00 0.000000000000000000e+00
1.510000000000000000e+02 6.731765355581491406e+01 0.000000000000000000e+00 0.000000000000000000e+00
1.520000000000000000e+02 6.663365804174841855e+01 2.000000000000000000e+00 0.000000000000000000e+00
1.530000000000000000e+02 6.591705731070672414e+01 1.000000000000000000e+00 0.000000000000000000e+00
1.540000000000000000e+02 6.602112946451849496e+01 1.000000000000000000e+00 0.000000000000000000e+00
1.550000000000000000e+02 6.687253040523349057e+01 1.000000000000000000e+00 0.000000000000000000e+00
1.560000000000000000e+02 6.685071823971303218e+01 0.000000000000000000e+00 0.000000000000000000e+00
1.570000000000000000e+02 6.718688833775846092e+01 0.000000000000000000e+00 0.000000000000000000e+00
1.580000000000000000e+02 6.919209037847473098e+01 0.000000000000000000e+00 0.000000000000000000e+00
1.590000000000000000e+02 7.052082628566112987e+01 0.000000000000000000e+00 0.000000000000000000e+00
1.600000000000000000e+02 6.879269320851521741e+01 2.000000000000000000e+00 0.000000000000000000e+00
1.610000000000000000e+02 7.031916934879590997e+01 0.000000000000000000e+00 0.000000000000000000e+00
1.620000000000000000e+02 6.834394039275225907e+01 2.000000000000000000e+00 0.000000000000000000e+00
1.630000000000000000e+02 7.064446761638406258e+01 0.000000000000000000e+00 0.000000000000000000e+00
1.640000000000000000e+02 7.145159570414666916e+01 0.000000000000000000e+00 0.000000000000000000e+00
1.650000000000000000e+02 7.179887574188144583e+01 1.000000000000000000e+00 0.000000000000000000e+00
1.660000000000000000e+02 7.220554744112224910e+01 0.000000000000000000e+00 0.000000000000000000e+00
1.670000000000000000e+02 7.310705804069495173e+01 0.000000000000000000e+00 0.000000000000000000e+00
1.680000000000000000e+02 7.410910518243036904e+01 0.000000000000000000e+00 0.000000000000000000e+00
1.690000000000000000e+02 7.547426995818928219e+01 0.000000000000000000e+00 0.000000000000000000e+00
1.700000000000000000e+02 7.548642652453061430e+01 0.000000000000000000e+00 0.000000000000000000e+00
1.710000000000000000e+02 7.704443391120628348e+01 0.000000000000000000e+00 0.000000000000000000e+00
1.720000000000000000e+02 7.749176199070842586e+01 1.000000000000000000e+00 0.000000000000000000e+00
1.730000000000000000e+02 7.786606153783752404e+01 0.000000000000000000e+00 0.000000000000000000e+00
1.740000000000000000e+02 7.895176010745680628e+01 0.000000000000000000e+00 0.000000000000000000e+00
1.750000000000000000e+02 7.994333371141631517e+01 0.000000000000000000e+00 0.000000000000000000e+00
1.760000000000000000e+02 7.852440990367433926e+01 2.000000000000000000e+00 0.000000000000000000e+00
1.770000000000000000e+02 7.887347151061838701e+01 1.000000000000000000e+00 0.000000000000000000e+00
1.780000000000000000e+02 7.888000802363994524e+01 1.000000000000000000e+00 0.000000000000000000e+00
1.790000000000000000e+02 7.742445145541570639e+01 2.000000000000000000e+00 0.000000000000000000e+00
1.800000000000000000e+02 7.866822234574364359e+01 0.000000000000000000e+00 0.000000000000000000e+00
1.810000000000000000e+02 7.865121994582347043e+01 1.000000000000000000e+00 0.000000000000000000e+00
1.820000000000000000e+02 7.789506863431329009e+01 2.000000000000000000e+00 0.000000000000000000e+00
1.830000000000000000e+02 7.899577289744020447e+01 0.000000000000000000e+00 0.000000000000000000e+00
1.840000000000000000e+02 7.837737342067556767e+01 0.000000000000000000e+00 0.000000000000000000e+00
1.850000000000000000e+02 7.977310826715465453e+01 2.000000000000000000e+00 0.000000000000000000e+00
1.860000000000000000e+02 8.012827151701858952e+01 0.000000000000000000e+00 0.000000000000000000e+00
1.870000000000000000e+02 8.000944183988595171e+01 0.000000000000000000e+00 0.000000000000000000e+00
1.880000000000000000e+02 8.124846126240073829e+01 1.000000000000000000e+00 0.000000000000000000e+00
1.890000000000000000e+02 8.232872135981435235e+01 0.000000000000000000e+00 0.000000000000000000e+00
1.900000000000000000e+02 8.230281292086515066e+01 1.000000000000000000e+00 0.000000000000000000e+00
1.910000000000000000e+02 8.279322690005672314e+01 0.000000000000000000e+00 0.000000000000000000e+00
1.920000000000000000e+02 8.308524003632371091e+01 1.000000000000000000e+00 0.000000000000000000e+00
1.930000000000000000e+02 8.358170667153589761e+01 2.000000000000000000e+00 0.000000000000000000e+00
1.940000000000000000e+02 8.126658060566686004e+01 2.000000000000000000e+00 0.000000000000000000e+00
1.950000000000000000e+02 8.178194094562435623e+01 0.000000000000000000e+00 0.000000000000000000e+00
1.960000000000000000e+02 8.338837119234101181e+01 0.000000000000000000e+00 0.000000000000000000e+00
1.970000000000000000e+02 8.181594922646901580e+01 2.000000000000000000e+00 0.000000000000000000e+00
1.980000000000000000e+02 8.306612220381401812e+01 0.000000000000000000e+00 0.000000000000000000e+00
1.990000000000000000e+02 8.447553496792163230e+01 0.000000000000000000e+00 0.000000000000000000e+00
2.000000000000000000e+02 8.362442740474689629e+01 2.000000000000000000e+00 0.000000000000000000e+00
2.010000000000000000e+02 8.417522538071303018e+01 0.000000000000000000e+00 0.000000000000000000e+00
2.020000000000000000e+02 8.367653558897960409e+01 2.000000000000000000e+00 0.000000000000000000e+00
2.030000000000000000e+02 8.444394002804294530e+01 0.000000000000000000e+00 0.000000000000000000e+00
2.040000000000000000e+02 8.248348897607591823e+01 2.000000000000000000e+00 0.000000000000000000e+00
2.050000000000000000e+02 8.436736271026394718e+01 0.000000000000000000e+00 0.000000000000000000e+00
2.060000000000000000e+02 8.274905344386547767e+01 2.000000000000000000e+00 0.000000000000000000e+00
2.070000000000000000e+02 8.421057602673151621e+01 0.000000000000000000e+00 0.000000000000000000e+00
2.080000000000000000e+02 8.491286164656825974e+01 0.000000000000000000e+00 0.000000000000000000e+00
2.090000000000000000e+02 8.476563912454633964e+01 2.000000000000000000e+00 0.000000000000000000e+00
2.100000000000000000e+02 8.287110847342135855e+01 2.000000000000000000e+00 0.000000000000000000e+00
2.110000000000000000e+02 8.329537804788651556e+01 1.000000000000000000e+00 0.000000000000000000e+00
2.120000000000000000e+02 8.338366662826470588e+01 0.000000000000000000e+00 0.000000000000000000e+00
2.130000000000000000e+02 8.293898594671422586e+01 2.000000000000000000e+00 0.000000000000000000e+00
2.140000000000000000e+02 8.426054114313880916e+01 0.000000000000000000e+00 0.000000000000000000e+00
2.150000000000000000e+02 8.395889202663531137e+01 1.000000000000000000e+00 0.000000000000000000e+00
2.160000000000000000e+02 8.524571273727795528e+01 0.000000000000000000e+00 0.000000000000000000e+00
2.170000000000000000e+02 8.463207492331419246e+01 2.000000000000000000e+00 0.000000000000000000e+00
2.180000000000000000e+02 8.264856265319272666e+01 2.000000000000000000e+00 0.000000000000000000e+00
2.190000000000000000e+02 8.348492749887127218e+01 1.000000000000000000e+00 0.000000000000000000e+00
2.200000000000000000e+02 8.256848282423497665e+01 1.000000000000000000e+00 0.000000000000000000e+00
2.210000000000000000e+02 8.188250683799013530e+01 1.000000000000000000e+00 0.000000000000000000e+00
2.220000000000000000e+02 8.466533143859571453e+01 0.000000000000000000e+00 0.000000000000000000e+00
2.230000000000000000e+02 8.509554689460927079e+01 0.000000000000000000e+00 0.000000000000000000e+00
2.240000000000000000e+02 8.663414111357714376e+01 0.000000000000000000e+00 0.000000000000000000e+00
2.250000000000000000e+02 8.737540910935928196e+01 0.000000000000000000e+00 0.000000000000000000e+00
2.260000000000000000e+02 8.774133846534330416e+01 0.000000000000000000e+00 0.000000000000000000e+00
2.270000000000000000e+02 8.808534151151259550e+01 0.000000000000000000e+00 0.000000000000000000e+00
2.280000000000000000e+02 9.021095185947527284e+01 0.000000000000000000e+00 0.000000000000000000e+00
2.290000000000000000e+02 8.941404908081257474e+01 2.000000000000000000e+00 0.000000000000000000e+00
2.300000000000000000e+02 8.988338859848349216e+01 0.000000000000000000e+00 0.000000000000000000e+00
2.310000000000000000e+02 9.022366739433631722e+01 0.000000000000000000e+00 0.000000000000000000e+00
2.320000000000000000e+02 9.110080994624861717e+01 1.000000000000000000e+00 0.000000000000000000e+00
2.330000000000000000e+02 9.268040215165095219e+01 0.000000000000000000e+00 0.000000000000000000e+00
2.340000000000000000e+02 9.256599258158472310e+01 0.000000000000000000e+00 0.000000000000000000e+00
2.350000000000000000e+02 9.442242905231373129e+01 0.000000000000000000e+00 0.000000000000000000e+00
2.360000000000000000e+02 9.233514000385885367e+01 2.000000000000000000e+00 0.000000000000000000e+00
2.370000000000000000e+02 9.452908976257360507e+01 0.000000000000000000e+00 0.000000000000000000e+00
2.380000000000000000e+02 9.469559842037803321e+01 0.000000000000000000e+00 0.000000000000000000e+00
2.390000000000000000e+02 9.690179639311915594e+01 0.000000000000000000e+00 0.000000000000000000e+00
2.400000000000000000e+02 9.549981501359437175e+01 1.000000000000000000e+00 0.000000000000000000e+00
2.410000000000000000e+02 9.792072746468608102e+01 0.000000000000000000e+00 0.000000000000000000e+00
2.420000000000000000e+02 9.696325913995931955e+01 1.000000000000000000e+00 0.000000000000000000e+00
2.430000000000000000e+02 9.572276821949074588e+01 2.000000000000000000e+00 0.000000000000000000e+00
2.440000000000000000e+02 9.814466170813203405e+01 0.000000000000000000e+00 0.000000000000000000e+00
2.450000000000000000e+02 9.815534612070860021e+01 0.000000000000000000e+00 0.000000000000000000e+00
2.460000000000000000e+02 9.850166982456289588e+01 1.000000000000000000e+00 0.000000000000000000e+00
2.470000000000000000e+02 9.677956286350334381e+01 2.000000000000000000e+00 0.000000000000000000e+00
2.480000000000000000e+02 9.859810695878545062e+01 0.000000000000000000e+00 0.000000000000000000e+00
2.490000000000000000e+02 9.873952912580639918e+01 0.000000000000000000e+00 0.000000000000000000e+00
2.500000000000000000e+02 9.987084743188785296e+01 0.000000000000000000e+00 0.000000000000000000e+00
2.510000000000000000e+02 1.008718169965761859e+02 0.000000000000000000e+00 0.000000000000000000e+00
2.520000000000000000e+02 1.021765584318282123e+02 0.000000000000000000e+00 0.000000000000000000e+00
2.530000000000000000e+02 1.025079010750896629e+02 0.000000000000000000e+00 0.000000000000000000e+00
2.540000000000000000e+02 1.038033067765828719e+02 0.000000000000000000e+00 0.000000000000000000e+00
2.550000000000000000e+02 1.052928117192513184e+02 0.000000000000000000e+00 0.000000000000000000e+00
2.560000000000000000e+02 1.060799818095928657e+02 0.000000000000000000e+00 0.000000000000000000e+00
2.570000000000000000e+02 1.064950328551359604e+02 0.000000000000000000e+00 0.000000000000000000e+00
2.580000000000000000e+02 1.080873951826815329e+02 0.000000000000000000e+00 0.000000000000000000e+00
2.590000000000000000e+02 1.096049381779059502e+02 0.000000000000000000e+00 0.000000000000000000e+00
2.600000000000000000e+02 1.103773807855716171e+02 0.000000000000000000e+00 0.000000000000000000e+00
2.610000000000000000e+02 1.109373513233441599e+02 0.000000000000000000e+00 0.000000000000000000e+00
2.620000000000000000e+02 1.109124837004449233e+02 1.000000000000000000e+00 0.000000000000000000e+00
2.630000000000000000e+02 1.115805799201583284e+02 0.000000000000000000e+00 0.000000000000000000e+00
2.640000000000000000e+02 1.123615125527219618e+02 0.000000000000000000e+00 0.000000000000000000e+00
2.650000000000000000e+02 1.135539382124737102e+02 1.000000000000000000e+00 0.000000000000000000e+00
2.660000000000000000e+02 1.144911442339236629e+02 1.000000000000000000e+00 0.000000000000000000e+00
2.670000000000000000e+02 1.133269737423427870e+02 0.000000000000000000e+00 0.000000000000000000e+00
2.680000000000000000e+02 1.141076476221788170e+02 1.000000000000000000e+00 0.000000000000000000e+00
2.690000000000000000e+02 1.132178165393645202e+02 2.000000000000000000e+00 0.000000000000000000e+00
2.700000000000000000e+02 1.146132760821368777e+02 0.000000000000000000e+00 0.000000000000000000e+00
2.710000000000000000e+02 1.145025194120819378e+02 1.000000000000000000e+00 0.000000000000000000e+00
2.720000000000000000e+02 1.149222384217891033e+02 0.000000000000000000e+00 0.000000000000000000e+00
2.730000000000000000e+02 1.148558566877056393e+02 1.000000000000000000e+00 0.000000000000000000e+00
2.740000000000000000e+02 1.154057284185568051e+02 1.000000000000000000e+00 0.000000000000000000e+00
2.750000000000000000e+02 1.153621424534695450e+02 0.000000000000000000e+00 0.000000000000000000e+00
2.760000000000000000e+02 1.178925945415574148e+02 0.000000000000000000e+00 0.000000000000000000e+00
2.770000000000000000e+02 1.187911399858518564e+02 0.000000000000000000e+00 0.000000000000000000e+00
2.780000000000000000e+02 1.173742593818708997e+02 2.000000000000000000e+00 0.000000000000000000e+00
2.790000000000000000e+02 1.183062888232315117e+02 0.000000000000000000e+00 0.000000000000000000e+00
2.800000000000000000e+02 1.177452993047433125e+02 1.000000000000000000e+00 0.000000000000000000e+00
2.810000000000000000e+02 1.186978999152251504e+02 0.000000000000000000e+00 0.000000000000000000e+00
2.820000000000000000e+02 1.198728676784745062e+02 0.000000000000000000e+00 0.000000000000000000e+00
2.830000000000000000e+02 1.202606788553904096e+02 1.000000000000000000e+00 0.000000000000000000e+00
2.840000000000000000e+02 1.192335698491287133e+02 2.000000000000000000e+00 0.000000000000000000e+00
2.850000000000000000e+02 1.201025114439165691e+02 0.000000000000000000e+00 0.000000000000000000e+00
2.860000000000000000e+02 1.208027151622145254e+02 0.000000000000000000e+00 0.000000000000000000e+00
2.870000000000000000e+02 1.219166356533321078e+02 0.000000000000000000e+00 0.000000000000000000e+00
2.880000000000000000e+02 1.224697147269797028e+02 1.000000000000000000e+00 0.000000000000000000e+00
2.890000000000000000e+02 1.232492010772925255e+02 0.000000000000000000e+00 0.000000000000000000e+00
2.900000000000000000e+02 1.225780027060696256e+02 2.000000000000000000e+00 0.000000000000000000e+00
2.910000000000000000e+02 1.221251368629402663e+02 1.000000000000000000e+00 0.000000000000000000e+00
2.920000000000000000e+02 1.231013669467799474e+02 0.000000000000000000e+00 0.000000000000000000e+00
2.930000000000000000e+02 1.225647578768767829e+02 1.000000000000000000e+00 0.000000000000000000e+00
2.940000000000000000e+02 1.233024969474586783e+02 0.000000000000000000e+00 0.000000000000000000e+00
2.950000000000000000e+02 1.243995104383938042e+02 1.000000000000000000e+00 0.000000000000000000e+00
2.960000000000000000e+02 1.245779361261985088e+02 0.000000000000000000e+00 0.000000000000000000e+00
2.970000000000000000e+02 1.254677053578234904e+02 0.000000000000000000e+00 0.000000000000000000e+00
2.980000000000000000e+02 1.243524004391902764e+02 2.000000000000000000e+00 0.000000000000000000e+00
2.990000000000000000e+02 1.260570077448516031e+02 0.000000000000000000e+00 0.000000000000000000e+00
3.000000000000000000e+02 1.274592580766616123e+02 0.000000000000000000e+00 0.000000000000000000e+00
3.010000000000000000e+02 1.273874031221778012e+02 1.000000000000000000e+00 0.000000000000000000e+00
3.020000000000000000e+02 1.282314098177536721e+02 0.000000000000000000e+00 0.000000000000000000e+00
3.030000000000000000e+02 1.286707746978290743e+02 0.000000000000000000e+00 0.000000000000000000e+00
3.040000000000000000e+02 1.299642292401244106e+02 0.000000000000000000e+00 0.000000000000000000e+00
3.050000000000000000e+02 1.291549524393324191e+02 2.000000000000000000e+00 0.000000000000000000e+00
3.060000000000000000e+02 1.297216214426476313e+02 0.000000000000000000e+00 0.000000000000000000e+00
3.070000000000000000e+02 1.293141706060237652e+02 2.000000000000000000e+00 0.000000000000000000e+00
3.080000000000000000e+02 1.306968301532203611e+02 0.000000000000000000e+00 0.000000000000000000e+00
3.090000000000000000e+02 1.282001770266977587e+02 2.000000000000000000e+00 0.000000000000000000e+00
3.100000000000000000e+02 1.283629664679335747e+02 2.000000000000000000e+00 0.000000000000000000e+00
3.110000000000000000e+02 1.295740581480589810e+02 0.000000000000000000e+00 0.000000000000000000e+00
3.120000000000000000e+02 1.282764494305326366e+02 2.000000000000000000e+00 0.000000000000000000e+00
3.130000000000000000e+02 1.296750724750912411e+02 0.000000000000000000e+00 0.000000000000000000e+00
3.140000000000000000e+02 1.288308504504434211e+02 1.000000000000000000e+00 0.000000000000000000e+00
3.150000000000000000e+02 1.283458605347710488e+02 1.000000000000000000e+00 0.000000000000000000e+00
3.160000000000000000e+02 1.288169774046271527e+02 1.000000000000000000e+00 0.000000000000000000e+00
3.170000000000000000e+02 1.275761345795447568e+02 2.000000000000000000e+00 0.000000000000000000e+00
3.180000000000000000e+02 1.262798286621968771e+02 2.000000000000000000e+00 0.000000000000000000e+00
3.190000000000000000e+02 1.258918127261749618e+02 2.000000000000000000e+00 0.000000000000000000e+00
3.200000000000000000e+02 1.268996400404197971e+02 0.000000000000000000e+00 0.000000000000000000e+00
3.210000000000000000e+02 1.277363516166059298e+02 0.000000000000000000e+00 0.000000000000000000e+00
3.220000000000000000e+02 1.284318310783657751e+02 0.000000000000000000e+00 0.000000000000000000e+00
3.230000000000000000e+02 1.296922424794004485e+02 0.000000000000000000e+00 0.000000000000000000e+00
3.240000000000000000e+02 1.318070455573865445e+02 0.000000000000000000e+00 0.000000000000000000e+00
3.250000000000000000e+02 1.322693078163686096e+02 0.000000000000000000e+00 0.000000000000000000e+00
3.260000000000000000e+02 1.323528870970347100e+02 1.000000000000000000e+00 0.000000000000000000e+00
3.270000000000000000e+02 1.305203815417451381e+02 2.000000000000000000e+00 0.000000000000000000e+00
3.280000000000000000e+02 1.294113850214884849e+02 2.000000000000000000e+00 0.000000000000000000e+00
3.290000000000000000e+02 1.293118058989185215e+02 2.000000000000000000e+00 0.000000000000000000e+00
3.300000000000000000e+02 1.305132609504961181e+02 0.000000000000000000e+00 0.000000000000000000e+00
3.310000000000000000e+02 1.303997772441666427e+02 1.000000000000000000e+00 0.000000000000000000e+00
3.320000000000000000e+02 1.292869299879473033e+02 1.000000000000000000e+00 0.000000000000000000e+00
3.330000000000000000e+02 1.303632793897844806e+02 0.000000000000000000e+00 0.000000000000000000e+00
3.340000000000000000e+02 1.316780625936677609e+02 0.000000000000000000e+00 0.000000000000000000e+00
3.350000000000000000e+02 1.341946907621497189e+02 0.000000000000000000e+00 0.000000000000000000e+00
3.360000000000000000e+02 1.328574235682976905e+02 1.000000000000000000e+00 0.000000000000000000e+00
3.370000000000000000e+02 1.320386112558412037e+02 2.000000000000000000e+00 0.000000000000000000e+00
3.380000000000000000e+02 1.328886289550236768e+02 0.000000000000000000e+00 0.000000000000000000e+00
3.390000000000000000e+02 1.346567727216671244e+02 0.000000000000000000e+00 0.000000000000000000e+00
3.400000000000000000e+02 1.343359897125049827e+02 1.000000000000000000e+00 0.000000000000000000e+00
3.410000000000000000e+02 1.340410115955810113e+02 1.000000000000000000e+00 0.000000000000000000e+00
3.420000000000000000e+02 1.329727893619556482e+02 2.000000000000000000e+00 0.000000000000000000e+00
3.430000000000000000e+02 1.341651938586379060e+02 0.000000000000000000e+00 0.000000000000000000e+00
3.440000000000000000e+02 1.343785720746089680e+02 1.000000000000000000e+00 0.000000000000000000e+00
3.450000000000000000e+02 1.350018094380039599e+02 1.000000000000000000e+00 0.000000000000000000e+00
3.460000000000000000e+02 1.340580861974904394e+02 1.000000000000000000e+00 0.000000000000000000e+00
3.470000000000000000e+02 1.340046615329063684e+02 1.000000000000000000e+00 0.000000000000000000e+00
3.480000000000000000e+02 1.351573850808685506e+02 0.000000000000000000e+00 0.000000000000000000e+00
3.490000000000000000e+02 1.350890254072232040e+02 0.000000000000000000e+00 0.000000000000000000e+00
3.500000000000000000e+02 1.367308734894684505e+02 0.000000000000000000e+00 0.000000000000000000e+00
3.510000000000000000e+02 1.362385637939253229e+02 2.000000000000000000e+00 0.000000000000000000e+00
3.520000000000000000e+02 1.376189447615778363e+02 0.000000000000000000e+00 0.000000000000000000e+00
3.530000000000000000e+02 1.358840889859784227e+02 2.000000000000000000e+00 0.000000000000000000e+00
3.540000000000000000e+02 1.357999563994472396e+02 2.000000000000000000e+00 0.000000000000000000e+00
3.550000000000000000e+02 1.357259448330547968e+02 0.000000000000000000e+00 0.000000000000000000e+00
3.560000000000000000e+02 1.369121251170972187e+02 0.000000000000000000e+00 0.000000000000000000e+00
3.570000000000000000e+02 1.382571756616868583e+02 0.000000000000000000e+00 0.000000000000000000e+00
3.580000000000000000e+02 1.388395378551044530e+02 0.000000000000000000e+00 0.000000000000000000e+00
3.590000000000000000e+02 1.404201726722372143e+02 0.000000000000000000e+00 0.000000000000000000e+00
3.600000000000000000e+02 1.397557526536029116e+02 2.000000000000000000e+00 0.000000000000000000e+00
3.610000000000000000e+02 1.379978212236337356e+02 2.000000000000000000e+00 0.000000000000000000e+00
3.620000000000000000e+02 1.362899455184376620e+02 2.000000000000000000e+00 0.000000000000000000e+00
3.630000000000000000e+02 1.384666881492265418e+02 0.000000000000000000e+00 0.000000000000000000e+00
3.640000000000000000e+02 1.373898459397942418e+02 2.000000000000000000e+00 0.000000000000000000e+00
3.650000000000000000e+02 1.368692989094275845e+02 1.000000000000000000e+00 0.000000000000000000e+00
3.660000000000000000e+02 1.364975235753695415e+02 2.000000000000000000e+00 0.000000000000000000e+00
3.670000000000000000e+02 1.372707736137510324e+02 0.000000000000000000e+00 0.000000000000000000e+00
3.680000000000000000e+02 1.377153225429977113e+02 0.000000000000000000e+00 0.000000000000000000e+00
3.690000000000000000e+02 1.385046961170745590e+02 0.000000000000000000e+00 0.000000000000000000e+00
3.700000000000000000e+02 1.393997459050106897e+02 0.000000000000000000e+00 0.000000000000000000e+00
3.710000000000000000e+02 1.398458654931172589e+02 1.000000000000000000e+00 0.000000000000000000e+00
3.720000000000000000e+02 1.417034463453715318e+02 0.000000000000000000e+00 0.000000000000000000e+00
3.730000000000000000e+02 1.402491620234354173e+02 2.000000000000000000e+00 0.000000000000000000e+00
3.740000000000000000e+02 1.413394402964765959e+02 0.000000000000000000e+00 0.000000000000000000e+00
3.750000000000000000e+02 1.412942136013979564e+02 0.000000000000000000e+00 0.000000000000000000e+00
3.760000000000000000e+02 1.429579001601224491e+02 0.000000000000000000e+00 0.000000000000000000e+00
3.770000000000000000e+02 1.435637560904636985e+02 0.000000000000000000e+00 0.000000000000000000e+00
3.780000000000000000e+02 1.438700746654772615e+02 0.000000000000000000e+00 0.000000000000000000e+00
3.790000000000000000e+02 1.461272069041463624e+02 0.000000000000000000e+00 0.000000000000000000e+00
3.800000000000000000e+02 1.474003479270425316e+02 0.000000000000000000e+00 0.000000000000000000e+00
3.810000000000000000e+02 1.477806419549904433e+02 1.000000000000000000e+00 0.000000000000000000e+00
3.820000000000000000e+02 1.483214563208823620e+02 0.000000000000000000e+00 0.000000000000000000e+00
3.830000000000000000e+02 1.497478347221699551e+02 0.000000000000000000e+00 0.000000000000000000e+00
3.840000000000000000e+02 1.484224758540801474e+02 1.000000000000000000e+00 0.000000000000000000e+00
3.850000000000000000e+02 1.494588783457368777e+02 0.000000000000000000e+00 0.000000000000000000e+00
3.860000000000000000e+02 1.516062723223176363e+02 0.000000000000000000e+00 0.000000000000000000e+00
3.870000000000000000e+02 1.491953114513265746e+02 2.000000000000000000e+00 0.000000000000000000e+00
3.880000000000000000e+02 1.484624121738135329e+02 2.000000000000000000e+00 0.000000000000000000e+00
3.890000000000000000e+02 1.498470503804857969e+02 0.000000000000000000e+00 0.000000000000000000e+00
3.900000000000000000e+02 1.508570258034866924e+02 0.000000000000000000e+00 0.000000000000000000e+00
3.910000000000000000e+02 1.515116030710911730e+02 0.000000000000000000e+00 0.000000000000000000e+00
3.920000000000000000e+02 1.535670107305756744e+02 0.000000000000000000e+00 0.000000000000000000e+00
3.930000000000000000e+02 1.527032673782566121e+02 1.000000000000000000e+00 0.000000000000000000e+00
3.940000000000000000e+02 1.537686909318811672e+02 0.000000000000000000e+00 0.000000000000000000e+00
3.950000000000000000e+02 1.542383303890978823e+02 1.000000000000000000e+00 0.000000000000000000e+00
3.960000000000000000e+02 1.540438886856995566e+02 0.000000000000000000e+00 0.000000000000000000e+00
3.970000000000000000e+02 1.544674805801689956e+02 2.000000000000000000e+00 0.000000000000000000e+00
3.980000000000000000e+02 1.528050120171689343e+02 2.000000000000000000e+00 0.000000000000000000e+00
3.990000000000000000e+02 1.547264193540813437e+02 0.000000000000000000e+00 0.000000000000000000e+00
4.000000000000000000e+02 1.533845188403545592e+02 1.000000000000000000e+00 0.000000000000000000e+00
4.010000000000000000e+02 1.553537276854167430e+02 0.000000000000000000e+00 0.000000000000000000e+00
4.020000000000000000e+02 1.556041652473325030e+02 0.000000000000000000e+00 0.000000000000000000e+00
4.030000000000000000e+02 1.568249325444294300e+02 0.000000000000000000e+00 0.000000000000000000e+00
4.040000000000000000e+02 1.570688766055515373e+02 0.000000000000000000e+00 0.000000000000000000e+00
4.050000000000000000e+02 1.600690639158386830e+02 0.000000000000000000e+00 0.000000000000000000e+00
4.060000000000000000e+02 1.597451391000886076e+02 0.000000000000000000e+00 0.000000000000000000e+00
4.070000000000000000e+02 1.606575195959176199e+02 1.000000000000000000e+00 0.000000000000000000e+00
4.080000000000000000e+02 1.608534683918067287e+02 0.000000000000000000e+00 0.000000000000000000e+00
4.090000000000000000e+02 1.627803636817477582e+02 0.000000000000000000e+00 0.000000000000000000e+00
4.100000000000000000e+02 1.600768944811772485e+02 2.000000000000000000e+00 0.000000000000000000e+00
4.110000000000000000e+02 1.604357030397272013e+02 2.000000000000000000e+00 0.000000000000000000e+00
4.120000000000000000e+02 1.607175642968070122e+02 0.000000000000000000e+00 0.000000000000000000e+00
4.130000000000000000e+02 1.614874172347662125e+02 0.000000000000000000e+00 0.000000000000000000e+00
4.140000000000000000e+02 1.629837528427929385e+02 0.000000000000000000e+00 0.000000000000000000e+00
4.150000000000000000e+02 1.619753557407347841e+02 2.000000000000000000e+00 0.000000000000000000e+00
4.160000000000000000e+02 1.616450158763100831e+02 2.000000000000000000e+00 0.000000000000000000e+00
4.170000000000000000e+02 1.606533784334800430e+02 1.000000000000000000e+00 0.000000000000000000e+00
4.180000000000000000e+02 1.607441830368884439e+02 1.000000000000000000e+00 0.000000000000000000e+00
4.190000000000000000e+02 1.619295334534175765e+02 0.000000000000000000e+00 0.000000000000000000e+00
4.200000000000000000e+02 1.620569604687204333e+02 1.000000000000000000e+00 0.000000000000000000e+00
4.210000000000000000e+02 1.631963662590793263e+02 0.000000000000000000e+00 0.000000000000000000e+00
4.220000000000000000e+02 1.628429078495138924e+02 0.000000000000000000e+00 0.000000000000000000e+00
4.230000000000000000e+02 1.627820509495190890e+02 2.000000000000000000e+00 0.000000000000000000e+00
4.240000000000000000e+02 1.643770066066655033e+02 0.000000000000000000e+00 0.000000000000000000e+00
4.250000000000000000e+02 1.654121265267527576e+02 0.000000000000000000e+00 0.000000000000000000e+00
4.260000000000000000e+02 1.666714079109737554e+02 0.000000000000000000e+00 0.000000000000000000e+00
4.270000000000000000e+02 1.678123014925284622e+02 0.000000000000000000e+00 0.000000000000000000e+00
4.280000000000000000e+02 1.663095519962485582e+02 2.000000000000000000e+00 0.000000000000000000e+00
4.290000000000000000e+02 1.673454143562652234e+02 0.000000000000000000e+00 0.000000000000000000e+00
4.300000000000000000e+02 1.654866361623832063e+02 2.000000000000000000e+00 0.000000000000000000e+00
4.310000000000000000e+02 1.681357167254988667e+02 0.000000000000000000e+00 0.000000000000000000e+00
4.320000000000000000e+02 1.676208063817658456e+02 1.000000000000000000e+00 0.000000000000000000e+00
4.330000000000000000e+02 1.678443137578382220e+02 0.000000000000000000e+00 0.000000000000000000e+00
4.340000000000000000e+02 1.695124697591892868e+02 0.000000000000000000e+00 0.000000000000000000e+00
4.350000000000000000e+02 1.675747727482763594e+02 2.000000000000000000e+00 0.000000000000000000e+00
4.360000000000000000e+02 1.685522377230576296e+02 0.000000000000000000e+00 0.000000000000000000e+00
4.370000000000000000e+02 1.693891680503363375e+02 1.000000000000000000e+00 0.000000000000000000e+00
4.380000000000000000e+02 1.696603136363530382e+02 0.000000000000000000e+00 0.000000000000000000e+00
4.390000000000000000e+02 1.696893802718266784e+02 1.000000000000000000e+00 0.000000000000000000e+00
4.400000000000000000e+02 1.704691535808201479e+02 0.000000000000000000e+00 0.000000000000000000e+00
4.410000000000000000e+02 1.706374282225151262e+02 1.000000000000000000e+00 0.000000000000000000e+00
4.420000000000000000e+02 1.723290578817463654e+02 0.000000000000000000e+00 0.000000000000000000e+00
4.430000000000000000e+02 1.722040325059378745e+02 1.000000000000000000e+00 0.000000000000000000e+00
4.440000000000000000e+02 1.727184195857131783e+02 0.000000000000000000e+00 0.000000000000000000e+00
4.450000000000000000e+02 1.738194427310134813e+02 0.000000000000000000e+00 0.000000000000000000e+00
4.460000000000000000e+02 1.738178890190422692e+02 1.000000000000000000e+00 0.000000000000000000e+00
4.470000000000000000e+02 1.748778415376398243e+02 0.000000000000000000e+00 0.000000000000000000e+00
4.480000000000000000e+02 1.763261649331835486e+02 0.000000000000000000e+00 0.000000000000000000e+00
4.490000000000000000e+02 1.749696693528551066e+02 2.000000000000000000e+00 0.000000000000000000e+00
4.500000000000000000e+02 1.753657553707203363e+02 0.000000000000000000e+00 0.000000000000000000e+00
4.510000000000000000e+02 1.770287059174753210e+02 0.000000000000000000e+00 0.000000000000000000e+00
4.520000000000000000e+02 1.776007648941979369e+02 1.000000000000000000e+00 0.000000000000000000e+00
4.530000000000000000e+02 1.762064662290915180e+02 2.000000000000000000e+00 0.000000000000000000e+00
4.540000000000000000e+02 1.773480605235419318e+02 0.000000000000000000e+00 0.000000000000000000e+00
4.550000000000000000e+02 1.779375050861335126e+02 0.000000000000000000e+00 0.000000000000000000e+00
4.560000000000000000e+02 1.791956202048326929e+02 0.000000000000000000e+00 0.000000000000000000e+00
4.570000000000000000e+02 1.785793676413705668e+02 1.000000000000000000e+00 0.000000000000000000e+00
4.580000000000000000e+02 1.788474759148019189e+02 1.000000000000000000e+00 0.000000000000000000e+00
4.590000000000000000e+02 1.806275840884980823e+02 0.000000000000000000e+00 0.000000000000000000e+00
4.600000000000000000e+02 1.809886388846360603e+02 0.000000000000000000e+00 0.000000000000000000e+00
4.610000000000000000e+02 1.811792189218978422e+02 0.000000000000000000e+00 0.000000000000000000e+00
4.620000000000000000e+02 1.827402185072272687e+02 0.000000000000000000e+00 0.000000000000000000e+00
4.630000000000000000e+02 1.837127386183275348e+02 0.000000000000000000e+00 0.000000000000000000e+00
4.640000000000000000e+02 1.822949680991940227e+02 2.000000000000000000e+00 0.000000000000000000e+00
4.650000000000000000e+02 1.840853948401091600e+02 0.000000000000000000e+00 0.000000000000000000e+00
4.660000000000000000e+02 1.839460702128827450e+02 1.000000000000000000e+00 0.000000000000000000e+00
4.670000000000000000e+02 1.837820417303069860e+02 1.000000000000000000e+00 0.000000000000000000e+00
4.680000000000000000e+02 1.842900290195470632e+02 1.000000000000000000e+00 0.000000000000000000e+00
4.690000000000000000e+02 1.852440429121985517e+02 0.000000000000000000e+00 0.000000000000000000e+00
4.700000000000000000e+02 1.862866533926208490e+02 0.000000000000000000e+00 0.000000000000000000e+00
4.710000000000000000e+02 1.850934349651541027e+02 2.000000000000000000e+00 0.000000000000000000e+00
4.720000000000000000e+02 1.852023030102763244e+02 0.000000000000000000e+00 0.000000000000000000e+00
4.730000000000000000e+02 1.870169640033688552e+02 0.000000000000000000e+00 0.000000000000000000e+00
4.740000000000000000e+02 1.880655271031004645e+02 0.000000000000000000e+00 0.000000000000000000e+00
4.750000000000000000e+02 1.884110869991457093e+02 0.000000000000000000e+00 0.000000000000000000e+00
4.760000000000000000e+02 1.876737278371739137e+02 2.000000000000000000e+00 0.000000000000000000e+00
4.770000000000000000e+02 1.884004604130910252e+02 0.000000000000000000e+00 0.000000000000000000e+00
4.780000000000000000e+02 1.882929170222533344e+02 2.000000000000000000e+00 0.000000000000000000e+00
4.790000000000000000e+02 1.864038155411232083e+02 2.000000000000000000e+00 0.000000000000000000e+00
4.800000000000000000e+02 1.884643114345437027e+02 0.000000000000000000e+00 0.000000000000000000e+00
4.810000000000000000e+02 1.884605567257243024e+02 0.000000000000000000e+00 0.000000000000000000e+00
4.820000000000000000e+02 1.888056433547672839e+02 1.000000000000000000e+00 0.000000000000000000e+00
4.830000000000000000e+02 1.896009663868366033e+02 0.000000000000000000e+00 0.000000000000000000e+00
4.840000000000000000e+02 1.888309000471792274e+02 2.000000000000000000e+00 0.000000000000000000e+00
4.850000000000000000e+02 1.896436751550902784e+02 0.000000000000000000e+00 0.000000000000000000e+00
4.860000000000000000e+02 1.906997721909564518e+02 0.000000000000000000e+00 0.000000000000000000e+00
4.870000000000000000e+02 1.911842212021043395e+02 0.000000000000000000e+00 0.000000000000000000e+00
4.880000000000000000e+02 1.941129864860631073e+02 0.000000000000000000e+00 0.000000000000000000e+00
4.890000000000000000e+02 1.930900445848270124e+02 0.000000000000000000e+00 0.000000000000000000e+00
4.900000000000000000e+02 1.929767408844233785e+02 1.000000000000000000e+00 0.000000000000000000e+00
4.910000000000000000e+02 1.943891509423026491e+02 0.000000000000000000e+00 0.000000000000000000e+00
4.920000000000000000e+02 1.946849678282225682e+02 1.000000000000000000e+00 0.000000000000000000e+00
4.930000000000000000e+02 1.946191220329497753e+02 2.000000000000000000e+00 0.000000000000000000e+00
4.940000000000000000e+02 1.939514049674536409e+02 0.000000000000000000e+00 0.000000000000000000e+00
4.950000000000000000e+02 1.960666218018793643e+02 0.000000000000000000e+00 0.000000000000000000e+00
4.960000000000000000e+02 1.984121726266734242e+02 0.000000000000000000e+00 0.000000000000000000e+00
4.970000000000000000e+02 1.989512088424761203e+02 0.000000000000000000e+00 0.000000000000000000e+00
4.980000000000000000e+02 1.990319276165097335e+02 0.000000000000000000e+00 0.000000000000000000e+00
4.990000000000000000e+02 1.999310235517120589e+02 0.000000000000000000e+00 0.000000000000000000e+00
5.000000000000000000e+02 1.993352361712552465e+02 2.000000000000000000e+00 0.000000000000000000e+00
5.010000000000000000e+02 1.991036276479054266e+02 0.000000000000000000e+00 0.000000000000000000e+00
5.020000000000000000e+02 2.018718464015679217e+02 0.000000000000000000e+00 0.000000000000000000e+00
5.030000000000000000e+02 1.999172087099514954e+02 2.000000000000000000e+00 0.000000000000000000e+00
5.040000000000000000e+02 2.015614790984254512e+02 0.000000000000000000e+00 0.000000000000000000e+00
5.050000000000000000e+02 2.017064538447573057e+02 0.000000000000000000e+00 0.000000000000000000e+00
5.060000000000000000e+02 2.033356200952190989e+02 1.000000000000000000e+00 0.000000000000000000e+00
5.070000000000000000e+02 2.035427634478189418e+02 0.000000000000000000e+00 0.000000000000000000e+00
5.080000000000000000e+02 2.042205148197907931e+02 0.000000000000000000e+00 0.000000000000000000e+00
5.090000000000000000e+02 2.062209393920729781e+02 0.000000000000000000e+00 0.000000000000000000e+00
5.100000000000000000e+02 2.047849301658190484e+02 2.000000000000000000e+00 0.000000000000000000e+00
5.110000000000000000e+02 2.045184692404195914e+02 1.000000000000000000e+00 0.000000000000000000e+00
5.120000000000000000e+02 2.031101659838893170e+02 2.000000000000000000e+00 0.000000000000000000e+00
5.130000000000000000e+02 2.022358892924237921e+02 2.000000000000000000e+00 0.000000000000000000e+00
5.140000000000000000e+02 2.034144858319847629e+02 0.000000000000000000e+00 0.000000000000000000e+00
5.150000000000000000e+02 2.039479116549460116e+02 0.000000000000000000e+00 0.000000000000000000e+00
5.160000000000000000e+02 2.041822023744337287e+02 1.000000000000000000e+00 0.000000000000000000e+00
5.170000000000000000e+02 2.055575197705395283e+02 0.000000000000000000e+00 0.000000000000000000e+00
5.180000000000000000e+02 2.062778753157341498e+02 0.000000000000000000e+00 0.000000000000000000e+00
5.190000000000000000e+02 2.063023464864111247e+02 1.000000000000000000e+00 0.000000000000000000e+00
5.200000000000000000e+02 2.046309518549035715e+02 2.000000000000000000e+00 0.000000000000000000e+00
5.210000000000000000e+02 2.048812629410243460e+02 1.000000000000000000e+00 0.000000000000000000e+00
5.220000000000000000e+02 2.043167489105244385e+02 1.000000000000000000e+00 0.000000000000000000e+00
5.230000000000000000e+02 2.038610788649307608e+02 2.000000000000000000e+00 0.000000000000000000e+00
5.240000000000000000e+02 2.043274443092167871e+02 1.000000000000000000e+00 0.000000000000000000e+00
5.250000000000000000e+02 2.043822990664531289e+02 0.000000000000000000e+00 0.000000000000000000e+00
5.260000000000000000e+02 2.053424809426946922e+02 0.000000000000000000e+00 0.000000000000000000e+00
5.270000000000000000e+02 2.058733720323856176e+02 1.000000000000000000e+00 0.000000000000000000e+00
5.280000000000000000e+02 2.079307945096365131e+02 0.000000000000000000e+00 0.000000000000000000e+00
5.290000000000000000e+02 2.079099912007616240e+02 1.000000000000000000e+00 0.000000000000000000e+00
5.300000000000000000e+02 2.065077351950245657e+02 2.000000000000000000e+00 0.000000000000000000e+00
5.310000000000000000e+02 2.057833012394289653e+02 1.000000000000000000e+00 0.000000000000000000e+00
5.320000000000000000e+02 2.049379241724226404e+02 1.000000000000000000e+00 0.000000000000000000e+00
5.330000000000000000e+02 2.053918518350327531e+02 1.000000000000000000e+00 0.000000000000000000e+00
5.340000000000000000e+02 2.046207922773645862e+02 2.000000000000000000e+00 0.000000000000000000e+00
5.350000000000000000e+02 2.068871953620357829e+02 0.000000000000000000e+00 0.000000000000000000e+00
5.360000000000000000e+02 2.069026526656616056e+02 0.000000000000000000e+00 0.000000000000000000e+00
5.370000000000000000e+02 2.058548967543545132e+02 2.000000000000000000e+00 0.000000000000000000e+00
5.380000000000000000e+02 2.055508900051248702e+02 1.000000000000000000e+00 0.000000000000000000e+00
5.390000000000000000e+02 2.062474823971520834e+02 0.000000000000000000e+00 0.000000000000000000e+00
5.400000000000000000e+02 2.073093514698878153e+02 0.000000000000000000e+00 0.000000000000000000e+00
5.410000000000000000e+02 2.082121431963298903e+02 0.000000000000000000e+00 0.000000000000000000e+00
5.420000000000000000e+02 2.094586963300809828e+02 0.000000000000000000e+00 0.000000000000000000e+00
5.430000000000000000e+02 2.096145374946316622e+02 1.000000000000000000e+00 0.000000000000000000e+00
5.440000000000000000e+02 2.093652383187791486e+02 2.000000000000000000e+00 0.000000000000000000e+00
5.450000000000000000e+02 2.102628838133367992e+02 0.000000000000000000e+00 0.000000000000000000e+00
5.460000000000000000e+02 2.113065179733453078e+02 0.000000000000000000e+00 0.000000000000000000e+00
5.470000000000000000e+02 2.118706904410338439e+02 0.000000000000000000e+00 0.000000000000000000e+00
5.480000000000000000e+02 2.116024615664278201e+02 1.000000000000000000e+00 0.000000000000000000e+00
5.490000000000000000e+02 2.125351942601474207e+02 0.000000000000000000e+00 0.000000000000000000e+00
5.500000000000000000e+02 2.138178213401368453e+02 0.000000000000000000e+00 0.000000000000000000e+00
5.510000000000000000e+02 2.151470190278166967e+02 0.000000000000000000e+00 0.000000000000000000e+00
5.520000000000000000e+02 2.164231886207112154e+02 0.000000000000000000e+00 0.000000000000000000e+00
5.530000000000000000e+02 2.165174570054139735e+02 0.000000000000000000e+00 0.000000000000000000e+00
5.540000000000000000e+02 2.156709167955877433e+02 2.000000000000000000e+00 0.000000000000000000e+00
5.550000000000000000e+02 2.180897291674263272e+02 0.000000000000000000e+00 0.000000000000000000e+00
5.560000000000000000e+02 2.174336883533799210e+02 0.000000000000000000e+00 0.000000000000000000e+00
5.570000000000000000e+02 2.173106508828062715e+02 2.000000000000000000e+00 0.000000000000000000e+00
5.580000000000000000e+02 2.169958653024285411e+02 0.000000000000000000e+00 0.000000000000000000e+00
5.590000000000000000e+02 2.193428813508955386e+02 0.000000000000000000e+00 0.000000000000000000e+00
5.600000000000000000e+02 2.181870023336929592e+02 2.000000000000000000e+00 0.000000000000000000e+00
5.610000000000000000e+02 2.186076513513414454e+02 0.000000000000000000e+00 0.000000000000000000e+00
5.620000000000000000e+02 2.180372523906810329e+02 2.000000000000000000e+00 0.000000000000000000e+00
5.630000000000000000e+02 2.178234985999337994e+02 2.000000000000000000e+00 0.000000000000000000e+00
5.640000000000000000e+02 2.166880606170384453e+02 1.000000000000000000e+00 0.000000000000000000e+00
5.650000000000000000e+02 2.160389306183874396e+02 2.000000000000000000e+00 0.000000000000000000e+00
5.660000000000000000e+02 2.157236368307747796e+02 0.000000000000000000e+00 0.000000000000000000e+00
5.670000000000000000e+02 2.173588254404416205e+02 1.000000000000000000e+00 0.000000000000000000e+00
5.680000000000000000e+02 2.174698104811266148e+02 1.000000000000000000e+00 0.000000000000000000e+00
5.690000000000000000e+02 2.171961812492303636e+02 0.000000000000000000e+00 0.000000000000000000e+00
5.700000000000000000e+02 2.195941883962389340e+02 0.000000000000000000e+00 0.000000000000000000e+00
5.710000000000000000e+02 2.204397995914662545e+02 0.000000000000000000e+00 0.000000000000000000e+00
5.720000000000000000e+02 2.207768073000978575e+02 1.000000000000000000e+00 0.000000000000000000e+00
5.730000000000000000e+02 2.202492493853602866e+02 1.000000000000000000e+00 0.000000000000000000e+00
5.740000000000000000e+02 2.201869635466325406e+02 0.000000000000000000e+00 0.000000000000000000e+00
5.750000000000000000e+02 2.225832921612641258e+02 0.000000000000000000e+00 0.000000000000000000e+00
5.760000000000000000e+02 2.237653237784795976e+02 0.000000000000000000e+00 0.000000000000000000e+00
5.770000000000000000e+02 2.243422588358814380e+02 0.000000000000000000e+00 0.000000000000000000e+00
5.780000000000000000e+02 2.242008398742131021e+02 1.000000000000000000e+00 0.000000000000000000e+00
5.790000000000000000e+02 2.243283419132074812e+02 0.000000000000000000e+00 0.000000000000000000e+00
5.800000000000000000e+02 2.254370395462217118e+02 0.000000000000000000e+00 0.000000000000000000e+00
5.810000000000000000e+02 2.254563143486288368e+02 1.000000000000000000e+00 0.000000000000000000e+00
5.820000000000000000e+02 2.271106182045907076e+02 0.000000000000000000e+00 0.000000000000000000e+00
5.830000000000000000e+02 2.286767834639534271e+02 0.000000000000000000e+00 0.000000000000000000e+00
5.840000000000000000e+02 2.289227385806026405e+02 0.000000000000000000e+00 0.000000000000000000e+00
5.850000000000000000e+02 2.301721042553793666e+02 0.000000000000000000e+00 0.000000000000000000e+00
5.860000000000000000e+02 2.309882346710000434e+02 0.000000000000000000e+00 0.000000000000000000e+00
5.870000000000000000e+02 2.293040791521530934e+02 2.000000000000000000e+00 0.000000000000000000e+00
5.880000000000000000e+02 2.291215686043392168e+02 2.000000000000000000e+00 0.000000000000000000e+00
5.890000000000000000e+02 2.304105576565007993e+02 0.000000000000000000e+00 0.000000000000000000e+00
5.900000000000000000e+02 2.311556330794533380e+02 0.000000000000000000e+00 0.000000000000000000e+00
5.910000000000000000e+02 2.321058412967432787e+02 0.000000000000000000e+00 0.000000000000000000e+00
5.920000000000000000e+02 2.325672008573465064e+02 0.000000000000000000e+00 0.000000000000000000e+00
5.930000000000000000e+02 2.349044836620326180e+02 0.000000000000000000e+00 0.000000000000000000e+00
5.940000000000000000e+02 2.346891473082998232e+02 0.000000000000000000e+00 0.000000000000000000e+00
5.950000000000000000e+02 2.362984298707933988e+02 0.000000000000000000e+00 0.000000000000000000e+00
5.960000000000000000e+02 2.379784671023421652e+02 0.000000000000000000e+00 0.000000000000000000e+00
5.970000000000000000e+02 2.375941167410283015e+02 0.000000000000000000e+00 0.000000000000000000e+00
5.980000000000000000e+02 2.388328995576910927e+02 0.000000000000000000e+00 0.000000000000000000e+00
5.990000000000000000e+02 2.392757674993372632e+02 1.000000000000000000e+00 0.000000000000000000e+00
6.000000000000000000e+02 2.394218596561568972e+02 0.000000000000000000e+00 0.000000000000000000e+00
6.010000000000000000e+02 2.396223478286090369e+02 1.000000000000000000e+00 0.000000000000000000e+00
6.020000000000000000e+02 2.407459426058766496e+02 0.000000000000000000e+00 0.000000000000000000e+00
6.030000000000000000e+02 2.407711218920936176e+02 2.000000000000000000e+00 0.000000000000000000e+00
6.040000000000000000e+02 2.415352527920831562e+02 0.000000000000000000e+00 0.000000000000000000e+00
6.050000000000000000e+02 2.414236015950403100e+02 1.000000000000000000e+00 0.000000000000000000e+00
6.060000000000000000e+02 2.414849617135664630e+02 0.000000000000000000e+00 0.000000000000000000e+00
6.070000000000000000e+02 2.436057941593604141e+02 0.000000000000000000e+00 0.000000000000000000e+00
6.080000000000000000e+02 2.439219839860036814e+02 0.000000000000000000e+00 0.000000000000000000e+00
6.090000000000000000e+02 2.435319631015242123e+02 1.000000000000000000e+00 0.000000000000000000e+00
6.100000000000000000e+02 2.456376544987473096e+02 0.000000000000000000e+00 0.000000000000000000e+00
6.110000000000000000e+02 2.464837849887020695e+02 0.000000000000000000e+00 0.000000000000000000e+00
6.120000000000000000e+02 2.461915336296418957e+02 0.000000000000000000e+00 0.000000000000000000e+00
6.130000000000000000e+02 2.481628234871938332e+02 0.000000000000000000e+00 0.000000000000000000e+00
6.140000000000000000e+02 2.462328131593069429e+02 2.000000000000000000e+00 0.000000000000000000e+00
6.150000000000000000e+02 2.455107987511245540e+02 2.000000000000000000e+00 0.000000000000000000e+00
6.160000000000000000e+02 2.462409147942606182e+02 0.000000000000000000e+00 0.000000000000000000e+00
6.170000000000000000e+02 2.483316794069868365e+02 0.000000000000000000e+00 0.000000000000000000e+00
6.180000000000000000e+02 2.480828516154121814e+02 1.000000000000000000e+00 0.000000000000000000e+00
6.190000000000000000e+02 2.487307145472465493e+02 0.000000000000000000e+00 0.000000000000000000e+00
6.200000000000000000e+02 2.485817773920173011e+02 1.000000000000000000e+00 0.000000000000000000e+00
6.210000000000000000e+02 2.499850635417256797e+02 0.000000000000000000e+00 0.000000000000000000e+00
6.220000000000000000e+02 2.493425988125139270e+02 2.000000000000000000e+00 0.000000000000000000e+00
6.230000000000000000e+02 2.498416592680048609e+02 0.000000000000000000e+00 0.000000000000000000e+00
6.240000000000000000e+02 2.503884395766815203e+02 0.000000000000000000e+00 0.000000000000000000e+00
6.250000000000000000e+02 2.514102175239566179e+02 0.000000000000000000e+00 0.000000000000000000e+00
6.260000000000000000e+02 2.525008031805044197e+02 0.000000000000000000e+00 0.000000000000000000e+00
6.270000000000000000e+02 2.534094779303499934e+02 0.000000000000000000e+00 0.000000000000000000e+00
6.280000000000000000e+02 2.556051599439765312e+02 0.000000000000000000e+00 0.000000000000000000e+00
6.290000000000000000e+02 2.564159065051296125e+02 0.000000000000000000e+00 0.000000000000000000e+00
6.300000000000000000e+02 2.574607294609604651e+02 0.000000000000000000e+00 0.000000000000000000e+00
6.310000000000000000e+02 2.583298566787601658e+02 0.000000000000000000e+00 0.000000000000000000e+00
6.320000000000000000e+02 2.585985378720168910e+02 0.000000000000000000e+00 0.000000000000000000e+00
6.330000000000000000e+02 2.604570683077612898e+02 0.000000000000000000e+00 0.000000000000000000e+00
6.340000000000000000e+02 2.611643183685062013e+02 0.000000000000000000e+00 0.000000000000000000e+00
6.350000000000000000e+02 2.599676888451382979e+02 2.000000000000000000e+00 0.000000000000000000e+00
6.360000000000000000e+02 2.612958810054471996e+02 0.000000000000000000e+00 0.000000000000000000e+00
6.370000000000000000e+02 2.615195026641229106e+02 0.000000000000000000e+00 0.000000000000000000e+00
6.380000000000000000e+02 2.629831443883732049e+02 0.000000000000000000e+00 0.000000000000000000e+00
6.390000000000000000e+02 2.629924997576646319e+02 1.000000000000000000e+00 0.000000000000000000e+00
6.400000000000000000e+02 2.645721856384539024e+02 0.000000000000000000e+00 0.000000000000000000e+00
6.410000000000000000e+02 2.648182138160152022e+02 0.000000000000000000e+00 0.000000000000000000e+00
6.420000000000000000e+02 2.657911261397359226e+02 0.000000000000000000e+00 0.000000000000000000e+00
6.430000000000000000e+02 2.654507384985722069e+02 1.000000000000000000e+00 0.000000000000000000e+00
6.440000000000000000e+02 2.671165529713725846e+02 0.000000000000000000e+00 0.000000000000000000e+00
6.450000000000000000e+02 2.667972795192048920e+02 1.000000000000000000e+00 0.000000000000000000e+00
6.460000000000000000e+02 2.683038908146530162e+02 0.000000000000000000e+00 0.000000000000000000e+00
6.470000000000000000e+02 2.668728911644920458e+02 2.000000000000000000e+00 0.000000000000000000e+00
6.480000000000000000e+02 2.660436486288238029e+02 2.000000000000000000e+00 0.000000000000000000e+00
6.490000000000000000e+02 2.650380256735377884e+02 2.000000000000000000e+00 0.000000000000000000e+00
6.500000000000000000e+02 2.647608291612187941e+02 1.000000000000000000e+00 0.000000000000000000e+00
6.510000000000000000e+02 2.659707564171059175e+02 0.000000000000000000e+00 0.000000000000000000e+00
6.520000000000000000e+02 2.652748090947630430e+02 2.000000000000000000e+00 0.000000000000000000e+00
6.530000000000000000e+02 2.649601889607396288e+02 1.000000000000000000e+00 0.000000000000000000e+00
6.540000000000000000e+02 2.654428082970766809e+02 1.000000000000000000e+00 0.000000000000000000e+00
6.550000000000000000e+02 2.665397477313914010e+02 0.000000000000000000e+00 0.000000000000000000e+00
6.560000000000000000e+02 2.647536403162613965e+02 2.000000000000000000e+00 0.000000000000000000e+00
6.570000000000000000e+02 2.652202764439551856e+02 0.000000000000000000e+00 0.000000000000000000e+00
6.580000000000000000e+02 2.680122182763699357e+02 0.000000000000000000e+00 0.000000000000000000e+00
6.590000000000000000e+02 2.677688647921988832e+02 0.000000000000000000e+00 0.000000000000000000e+00
6.600000000000000000e+02 2.666271215046021439e+02 2.000000000000000000e+00 0.000000000000000000e+00
6.610000000000000000e+02 2.657667993168705607e+02 2.000000000000000000e+00 0.000000000000000000e+00
6.620000000000000000e+02 2.662278573414714629e+02 0.000000000000000000e+00 0.000000000000000000e+00
6.630000000000000000e+02 2.680481217271973264e+02 0.000000000000000000e+00 0.000000000000000000e+00
6.640000000000000000e+02 2.668552746121546875e+02 2.000000000000000000e+00 0.000000000000000000e+00
6.650000000000000000e+02 2.664716362041172033e+02 1.000000000000000000e+00 0.000000000000000000e+00
6.660000000000000000e+02 2.655759822512375763e+02 2.000000000000000000e+00 0.000000000000000000e+00
6.670000000000000000e+02 2.661995833579770192e+02 0.000000000000000000e+00 0.000000000000000000e+00
6.680000000000000000e+02 2.682466318383399653e+02 0.000000000000000000e+00 0.000000000000000000e+00
6.690000000000000000e+02 2.691123210938538932e+02 0.000000000000000000e+00 0.000000000000000000e+00
6.700000000000000000e+02 2.683233497385558621e+02 2.000000000000000000e+00 0.000000000000000000e+00
6.710000000000000000e+02 2.676513280054892334e+02 2.000000000000000000e+00 0.000000000000000000e+00
6.720000000000000000e+02 2.692139006939791557e+02 0.000000000000000000e+00 0.000000000000000000e+00
6.730000000000000000e+02 2.687866054345701059e+02 0.000000000000000000e+00 0.000000000000000000e+00
6.740000000000000000e+02 2.686193995571607047e+02 2.000000000000000000e+00 0.000000000000000000e+00
6.750000000000000000e+02 2.687689455190026138e+02 0.000000000000000000e+00 0.000000000000000000e+00
6.760000000000000000e+02 2.698410512079487376e+02 0.000000000000000000e+00 0.000000000000000000e+00
6.770000000000000000e+02 2.716983969685599618e+02 0.000000000000000000e+00 0.000000000000000000e+00
6.780000000000000000e+02 2.721773651187612018e+02 0.000000000000000000e+00 0.000000000000000000e+00
6.790000000000000000e+02 2.720793280657602509e+02 0.000000000000000000e+00 0.000000000000000000e+00
6.800000000000000000e+02 2.721341899457696059e+02 2.000000000000000000e+00 0.000000000000000000e+00
6.810000000000000000e+02 2.730101752234811556e+02 0.000000000000000000e+00 0.000000000000000000e+00
6.820000000000000000e+02 2.747262734744692807e+02 0.000000000000000000e+00 0.000000000000000000e+00
6.830000000000000000e+02 2.745794582599325508e+02 1.000000000000000000e+00 0.000000000000000000e+00
6.840000000000000000e+02 2.741444126571454376e+02 0.000000000000000000e+00 0.000000000000000000e+00
6.850000000000000000e+02 2.767226851399401539e+02 0.000000000000000000e+00 0.000000000000000000e+00
6.860000000000000000e+02 2.770563345051600663e+02 0.000000000000000000e+00 0.000000000000000000e+00
6.870000000000000000e+02 2.780343318711265397e+02 0.000000000000000000e+00 0.000000000000000000e+00
6.880000000000000000e+02 2.799330288369482105e+02 0.000000000000000000e+00 0.000000000000000000e+00
6.890000000000000000e+02 2.801579945858497922e+02 0.000000000000000000e+00 0.000000000000000000e+00
6.900000000000000000e+02 2.799550602757833531e+02 1.000000000000000000e+00 0.000000000000000000e+00
6.910000000000000000e+02 2.793468641700380886e+02 2.000000000000000000e+00 0.000000000000000000e+00
6.920000000000000000e+02 2.801344802666297369e+02 0.000000000000000000e+00 0.000000000000000000e+00
6.930000000000000000e+02 2.783812102790329845e+02 2.000000000000000000e+00 0.000000000000000000e+00
6.940000000000000000e+02 2.806141007018412665e+02 0.000000000000000000e+00 0.000000000000000000e+00
6.950000000000000000e+02 2.798900267665595152e+02 1.000000000000000000e+00 0.000000000000000000e+00
6.960000000000000000e+02 2.811862213894105480e+02 0.000000000000000000e+00 0.000000000000000000e+00
6.970000000000000000e+02 2.828108456388272316e+02 0.000000000000000000e+00 0.000000000000000000e+00
6.980000000000000000e+02 2.834722793543116381e+02 0.000000000000000000e+00 0.000000000000000000e+00
6.990000000000000000e+02 2.826561760807293808e+02 2.000000000000000000e+00 0.000000000000000000e+00
7.000000000000000000e+02 2.823636102217056418e+02 1.000000000000000000e+00 0.000000000000000000e+00
7.010000000000000000e+02 2.814745758762678634e+02 0.000000000000000000e+00 0.000000000000000000e+00
7.020000000000000000e+02 2.841642546499876971e+02 0.000000000000000000e+00 0.000000000000000000e+00
7.030000000000000000e+02 2.853268133666119297e+02 0.000000000000000000e+00 0.000000000000000000e+00
7.040000000000000000e+02 2.863247010753982522e+02 0.000000000000000000e+00 0.000000000000000000e+00
7.050000000000000000e+02 2.877185064817266493e+02 0.000000000000000000e+00 0.000000000000000000e+00
7.060000000000000000e+02 2.882183655780010554e+02 0.000000000000000000e+00 0.000000000000000000e+00
7.070000000000000000e+02 2.884440211541205485e+02 0.000000000000000000e+00 0.000000000000000000e+00
7.080000000000000000e+02 2.898292111272143643e+02 0.000000000000000000e+00 0.000000000000000000e+00
7.090000000000000000e+02 2.899173233933205438e+02 1.000000000000000000e+00 0.000000000000000000e+00
7.100000000000000000e+02 2.902598141974742703e+02 0.000000000000000000e+00 0.000000000000000000e+00
7.110000000000000000e+02 2.926661136506419325e+02 0.000000000000000000e+00 0.000000000000000000e+00
7.120000000000000000e+02 2.929934756275352470e+02 0.000000000000000000e+00 0.000000000000000000e+00
7.130000000000000000e+02 2.941954985891408114e+02 0.000000000000000000e+00 0.000000000000000000e+00
7.140000000000000000e+02 2.949131396334032047e+02 0.000000000000000000e+00 0.000000000000000000e+00
7.150000000000000000e+02 2.957528644329610188e+02 0.000000000000000000e+00 0.000000000000000000e+00
7.160000000000000000e+02 2.961727635341609357e+02 1.000000000000000000e+00 0.000000000000000000e+00
7.170000000000000000e+02 2.968080393230048912e+02 0.000000000000000000e+00 0.000000000000000000e+00
7.180000000000000000e+02 2.982910993617458075e+02 0.000000000000000000e+00 0.000000000000000000e+00
7.190000000000000000e+02 2.967642754929040052e+02 2.000000000000000000e+00 0.000000000000000000e+00
7.200000000000000000e+02 2.968541774013796726e+02 1.000000000000000000e+00 0.000000000000000000e+00
7.210000000000000000e+02 2.965888749053744391e+02 1.000000000000000000e+00 0.000000000000000000e+00
7.220000000000000000e+02 2.969766886318348043e+02 0.000000000000000000e+00 0.000000000000000000e+00
7.230000000000000000e+02 2.965388917677111635e+02 2.000000000000000000e+00 0.000000000000000000e+00
7.240000000000000000e+02 2.982605245767338715e+02 0.000000000000000000e+00 0.000000000000000000e+00
7.250000000000000000e+02 2.981337909480607777e+02 0.000000000000000000e+00 0.000000000000000000e+00
7.260000000000000000e+02 2.988445410709841212e+02 1.000000000000000000e+00 0.000000000000000000e+00
7.270000000000000000e+02 2.978555463928473728e+02 2.000000000000000000e+00 0.000000000000000000e+00
7.280000000000000000e+02 2.975723273174309043e+02 2.000000000000000000e+00 0.000000000000000000e+00
7.290000000000000000e+02 2.973097040096967021e+02 0.000000000000000000e+00 0.000000000000000000e+00
7.300000000000000000e+02 2.986024586120553863e+02 0.000000000000000000e+00 0.000000000000000000e+00
7.310000000000000000e+02 2.983068243237434558e+02 2.000000000000000000e+00 0.000000000000000000e+00
7.320000000000000000e+02 2.984284092135404194e+02 0.000000000000000000e+00 0.000000000000000000e+00
7.330000000000000000e+02 3.005274621171527087e+02 0.000000000000000000e+00 0.000000000000000000e+00
7.340000000000000000e+02 2.995432506808829771e+02 1.000000000000000000e+00 0.000000000000000000e+00
7.350000000000000000e+02 2.997293440517454997e+02 2.000000000000000000e+00 0.000000000000000000e+00
7.360000000000000000e+02 2.989378215980843265e+02 0.000000000000000000e+00 0.000000000000000000e+00
7.370000000000000000e+02 3.014390679024249380e+02 0.000000000000000000e+00 0.000000000000000000e+00
7.380000000000000000e+02 3.004079355617375882e+02 1.000000000000000000e+00 0.000000000000000000e+00
7.390000000000000000e+02 2.995910202621836333e+02 2.000000000000000000e+00 0.000000000000000000e+00
7.400000000000000000e+02 3.011415056385374669e+02 0.000000000000000000e+00 0.000000000000000000e+00
7.410000000000000000e+02 3.025993630122761715e+02 0.000000000000000000e+00 0.000000000000000000e+00
7.420000000000000000e+02 3.037664109509516948e+02 0.000000000000000000e+00 0.000000000000000000e+00
7.430000000000000000e+02 3.041341891171297220e+02 0.000000000000000000e+00 0.000000000000000000e+00
7.440000000000000000e+02 3.047694428520256338e+02 0.000000000000000000e+00 0.000000000000000000e+00
7.450000000000000000e+02 3.069802763721409633e+02 0.000000000000000000e+00 0.000000000000000000e+00
7.460000000000000000e+02 3.052710917401724942e+02 2.000000000000000000e+00 0.000000000000000000e+00
7.470000000000000000e+02 3.058192664107571659e+02 0.000000000000000000e+00 0.000000000000000000e+00
7.480000000000000000e+02 3.073365166757909606e+02 0.000000000000000000e+00 0.000000000000000000e+00
7.490000000000000000e+02 3.055868379361942857e+02 2.000000000000000000e+00 0.000000000000000000e+00
7.500000000000000000e+02 3.041506981368364677e+02 2.000000000000000000e+00 0.000000000000000000e+00
7.510000000000000000e+02 3.062189567256897931e+02 0.000000000000000000e+00 0.000000000000000000e+00
7.520000000000000000e+02 3.061230708371203946e+02 1.000000000000000000e+00 0.000000000000000000e+00
7.530000000000000000e+02 3.050771318457048551e+02 2.000000000000000000e+00 0.000000000000000000e+00
7.540000000000000000e+02 3.060098098382441094e+02 0.000000000000000000e+00 0.000000000000000000e+00
7.550000000000000000e+02 3.053513749167509559e+02 2.000000000000000000e+00 0.000000000000000000e+00
7.560000000000000000e+02 3.050929668394703640e+02 0.000000000000000000e+00 0.000000000000000000e+00
7.570000000000000000e+02 3.042911109694714469e+02 2.000000000000000000e+00 0.000000000000000000e+00
7.580000000000000000e+02 3.038851284100613839e+02 1.000000000000000000e+00 0.000000000000000000e+00
7.590000000000000000e+02 3.056968948048277070e+02 0.000000000000000000e+00 0.000000000000000000e+00
7.600000000000000000e+02 3.064382163584380123e+02 0.000000000000000000e+00 0.000000000000000000e+00
7.610000000000000000e+02 3.088331543875754619e+02 0.000000000000000000e+00 0.000000000000000000e+00
7.620000000000000000e+02 3.085627960047971783e+02 0.000000000000000000e+00 0.000000000000000000e+00
7.630000000000000000e+02 3.084862911291893397e+02 2.000000000000000000e+00 0.000000000000000000e+00
7.640000000000000000e+02 3.094295097629144493e+02 0.000000000000000000e+00 0.000000000000000000e+00
7.650000000000000000e+02 3.096638098332890081e+02 0.000000000000000000e+00 0.000000000000000000e+00
7.660000000000000000e+02 3.114755929206351652e+02 0.000000000000000000e+00 0.000000000000000000e+00
7.670000000000000000e+02 3.121651303456974347e+02 0.000000000000000000e+00 0.000000000000000000e+00
7.680000000000000000e+02 3.134210609104934520e+02 0.000000000000000000e+00 0.000000000000000000e+00
7.690000000000000000e+02 3.143764838045866554e+02 0.000000000000000000e+00 0.000000000000000000e+00
7.700000000000000000e+02 3.147880724752746460e+02 1.000000000000000000e+00 0.000000000000000000e+00
7.710000000000000000e+02 3.150019025141085081e+02 0.000000000000000000e+00 0.000000000000000000e+00
7.720000000000000000e+02 3.159650699759865233e+02 0.000000000000000000e+00 0.000000000000000000e+00
7.730000000000000000e+02 3.174322952184680844e+02 1.000000000000000000e+00 0.000000000000000000e+00
7.740000000000000000e+02 3.154919242996670619e+02 1.000000000000000000e+00 0.000000000000000000e+00
7.750000000000000000e+02 3.167669607072198801e+02 0.000000000000000000e+00 0.000000000000000000e+00
7.760000000000000000e+02 3.174787712853279800e+02 1.000000000000000000e+00 0.000000000000000000e+00
7.770000000000000000e+02 3.172721708920224160e+02 1.000000000000000000e+00 0.000000000000000000e+00
7.780000000000000000e+02 3.177539153327905410e+02 0.000000000000000000e+00 0.000000000000000000e+00
7.790000000000000000e+02 3.176732941796520890e+02 1.000000000000000000e+00 0.000000000000000000e+00
7.800000000000000000e+02 3.181351539890913500e+02 1.000000000000000000e+00 0.000000000000000000e+00
7.810000000000000000e+02 3.191516448635898087e+02 0.000000000000000000e+00 0.000000000000000000e+00
7.820000000000000000e+02 3.191903982596511469e+02 0.000000000000000000e+00 0.000000000000000000e+00
7.830000000000000000e+02 3.210815262173081805e+02 0.000000000000000000e+00 0.000000000000000000e+00
7.840000000000000000e+02 3.217797976292684439e+02 0.000000000000000000e+00 0.000000000000000000e+00
7.850000000000000000e+02 3.205144215924442506e+02 2.000000000000000000e+00 0.000000000000000000e+00
7.860000000000000000e+02 3.203613225731171497e+02 2.000000000000000000e+00 0.000000000000000000e+00
7.870000000000000000e+02 3.208445123122306200e+02 0.000000000000000000e+00 0.000000000000000000e+00
7.880000000000000000e+02 3.216808844763037314e+02 0.000000000000000000e+00 0.000000000000000000e+00
7.890000000000000000e+02 3.232688496139180643e+02 0.000000000000000000e+00 0.000000000000000000e+00
7.900000000000000000e+02 3.246085822039889877e+02 0.000000000000000000e+00 0.000000000000000000e+00
7.910000000000000000e+02 3.248405105203480048e+02 1.000000000000000000e+00 0.000000000000000000e+00
7.920000000000000000e+02 3.237954590561128612e+02 2.000000000000000000e+00 0.000000000000000000e+00
7.930000000000000000e+02 3.242340291982133067e+02 0.000000000000000000e+00 0.000000000000000000e+00
7.940000000000000000e+02 3.248827839341797130e+02 0.000000000000000000e+00 0.000000000000000000e+00
7.950000000000000000e+02 3.260431632024657915e+02 0.000000000000000000e+00 0.000000000000000000e+00
7.960000000000000000e+02 3.276571069025267775e+02 0.000000000000000000e+00 0.000000000000000000e+00
7.970000000000000000e+02 3.261656941952319357e+02 2.000000000000000000e+00 0.000000000000000000e+00
7.980000000000000000e+02 3.256392251500332691e+02 1.000000000000000000e+00 0.000000000000000000e+00
7.990000000000000000e+02 3.267202117313303802e+02 0.000000000000000000e+00 0.000000000000000000e+00
8.000000000000000000e+02 3.284669866852607356e+02 0.000000000000000000e+00 0.000000000000000000e+00
