time	position	state	ATP_bound
1.000000000000000000e+00 8.178755772945209279e-02 1.000000000000000000e+00 0.000000000000000000e+00
2.000000000000000000e+00 5.198988139229899774e-01 0.000000000000000000e+00 0.000000000000000000e+00
3.000000000000000000e+00 2.371103759930039523e+00 0.000000000000000000e+00 0.000000000000000000e+00
4.000000000000000000e+00 2.186772471772394866e+00 1.000000000000000000e+00 0.000000000000000000e+00
5.000000000000000000e+00 2.232223623481158992e+00 0.000000000000000000e+00 0.000000000000000000e+00
6.000000000000000000e+00 3.239212315360305183e+00 1.000000000000000000e+00 0.000000000000000000e+00
7.000000000000000000e+00 1.957599195995544772e+00 2.000000000000000000e+00 0.000000000000000000e+00
8.000000000000000000e+00 3.035774919819546280e+00 0.000000000000000000e+00 0.000000000000000000e+00
9.000000000000000000e+00 3.738994395771478185e+00 0.000000000000000000e+00 0.000000000000000000e+00
1.000000000000000000e+01 3.575856918133505147e+00 1.000000000000000000e+00 0.000000000000000000e+00
1.100000000000000000e+01 4.950206681837405753e+00 0.000000000000000000e+00 0.000000000000000000e+00
1.200000000000000000e+01 5.813201290206525762e+00 0.000000000000000000e+00 0.000000000000000000e+00
1.300000000000000000e+01 6.927526504798736440e+00 0.000000000000000000e+00 0.000000000000000000e+00
1.400000000000000000e+01 6.099849222744684774e+00 2.000000000000000000e+00 0.000000000000000000e+00
1.500000000000000000e+01 5.239628223673842733e+00 2.000000000000000000e+00 0.000000000000000000e+00
1.600000000000000000e+01 5.496639586804014321e+00 0.000000000000000000e+00 0.000000000000000000e+00
1.700000000000000000e+01 4.667797181593157596e+00 2.000000000000000000e+00 0.000000000000000000e+00
1.800000000000000000e+01 5.801709456781316554e+00 0.000000000000000000e+00 0.000000000000000000e+00
1.900000000000000000e+01 7.018845313212912274e+00 0.000000000000000000e+00 0.000000000000000000e+00
2.000000000000000000e+01 7.841480649997762953e+00 1.000000000000000000e+00 0.000000000000000000e+00
2.100000000000000000e+01 6.747852173495979322e+00 0.000000000000000000e+00 0.000000000000000000e+00
2.200000000000000000e+01 9.736884408212640452e+00 0.000000000000000000e+00 0.000000000000000000e+00
2.300000000000000000e+01 9.994894032216331325e+00 0.000000000000000000e+00 0.000000000000000000e+00
2.400000000000000000e+01 1.137977387906709126e+01 0.000000000000000000e+00 0.000000000000000000e+00
2.500000000000000000e+01 1.159807395757608894e+01 0.000000000000000000e+00 0.000000000000000000e+00
2.600000000000000000e+01 1.329305883764939544e+01 0.000000000000000000e+00 0.000000000000000000e+00
2.700000000000000000e+01 1.187343727341724886e+01 1.000000000000000000e+00 0.000000000000000000e+00
2.800000000000000000e+01 1.431071107942922360e+01 0.000000000000000000e+00 0.000000000000000000e+00
2.900000000000000000e+01 1.426473682196403026e+01 1.000000000000000000e+00 0.000000000000000000e+00
3.000000000000000000e+01 1.381165339588421404e+01 0.000000000000000000e+00 0.000000000000000000e+00
3.100000000000000000e+01 1.627060815948454930e+01 0.000000000000000000e+00 0.000000000000000000e+00
3.200000000000000000e+01 1.586066182888562004e+01 2.000000000000000000e+00 0.000000000000000000e+00
3.300000000000000000e+01 1.553921059202824395e+01 0.000000000000000000e+00 0.000000000000000000e+00
3.400000000000000000e+01 1.636138799801694077e+01 0.000000000000000000e+00 0.000000000000000000e+00
3.500000000000000000e+01 1.861068844578128889e+01 0.000000000000000000e+00 0.000000000000000000e+00
3.600000000000000000e+01 1.670172556766726757e+01 2.000000000000000000e+00 0.000000000000000000e+00
3.700000000000000000e+01 1.791235023205394228e+01 0.000000000000000000e+00 0.000000000000000000e+00
3.800000000000000000e+01 1.772217517376998686e+01 1.000000000000000000e+00 0.000000000000000000e+00
3.900000000000000000e+01 1.976977181372667403e+01 0.000000000000000000e+00 0.000000000000000000e+00
4.000000000000000000e+01 2.017024343453369539e+01 0.000000000000000000e+00 0.000000000000000000e+00
4.100000000000000000e+01 2.093930517437419425e+01 0.000000000000000000e+00 0.000000000000000000e+00
4.200000000000000000e+01 2.198823930830303652e+01 0.000000000000000000e+00 0.000000000000000000e+00
4.300000000000000000e+01 2.254413506432257108e+01 0.000000000000000000e+00 0.000000000000000000e+00
4.400000000000000000e+01 2.255799391560431388e+01 1.000000000000000000e+00 0.000000000000000000e+00
4.500000000000000000e+01 2.448619806673964661e+01 0.000000000000000000e+00 0.000000000000000000e+00
4.600000000000000000e+01 2.428847042678919266e+01 0.000000000000000000e+00 0.000000000000000000e+00
4.700000000000000000e+01 2.424181390609671993e+01 2.000000000000000000e+00 0.000000000000000000e+00
4.800000000000000000e+01 2.493999945145820973e+01 0.000000000000000000e+00 0.000000000000000000e+00
4.900000000000000000e+01 2.610758644701902043e+01 0.000000000000000000e+00 0.000000000000000000e+00
5.000000000000000000e+01 2.735717043156652650e+01 0.000000000000000000e+00 0.000000000000000000e+00
5.100000000000000000e+01 2.556593178540444100e+01 2.000000000000000000e+00 0.000000000000000000e+00
5.200000000000000000e+01 2.628338731514672943e+01 1.000000000000000000e+00 0.000000000000000000e+00
5.300000000000000000e+01 2.774148879813315105e+01 0.000000000000000000e+00 0.000000000000000000e+00
5.400000000000000000e+01 2.793631957535690802e+01 1.000000000000000000e+00 0.000000000000000000e+00
5.500000000000000000e+01 2.771445174172235326e+01 0.000000000000000000e+00 0.000000000000000000e+00
5.600000000000000000e+01 2.971506867342675307e+01 0.000000000000000000e+00 0.000000000000000000e+00
5.700000000000000000e+01 2.729273359889679895e+01 2.000000000000000000e+00 0.000000000000000000e+00
5.800000000000000000e+01 2.937214253207150705e+01 0.000000000000000000e+00 0.000000000000000000e+00
5.900000000000000000e+01 3.022390851023054381e+01 0.000000000000000000e+00 0.000000000000000000e+00
6.000000000000000000e+01 2.992330001752564783e+01 2.000000000000000000e+00 0.000000000000000000e+00
6.100000000000000000e+01 2.855945058212804710e+01 1.000000000000000000e+00 0.000000000000000000e+00
6.200000000000000000e+01 2.973107025863083308e+01 0.000000000000000000e+00 0.000000000000000000e+00
6.300000000000000000e+01 3.173997275567364085e+01 0.000000000000000000e+00 0.000000000000000000e+00
6.400000000000000000e+01 3.226510758258028488e+01 0.000000000000000000e+00 0.000000000000000000e+00
6.500000000000000000e+01 3.357076851852158939e+01 0.000000000000000000e+00 0.000000000000000000e+00
6.600000000000000000e+01 3.422670334632714884e+01 0.000000000000000000e+00 0.000000000000000000e+00
6.700000000000000000e+01 3.492714945396961923e+01 0.000000000000000000e+00 0.000000000000000000e+00
6.800000000000000000e+01 3.522213333269664304e+01 0.000000000000000000e+00 0.000000000000000000e+00
6.900000000000000000e+01 3.752165475717841048e+01 0.000000000000000000e+00 0.000000000000000000e+00
7.000000000000000000e+01 3.586415249348998913e+01 2.000000000000000000e+00 0.000000000000000000e+00
7.100000000000000000e+01 3.773666739337480180e+01 0.000000000000000000e+00 0.000000000000000000e+00
7.200000000000000000e+01 3.759164829533094832e+01 0.000000000000000000e+00 0.000000000000000000e+00
7.300000000000000000e+01 3.689944591868096779e+01 1.000000000000000000e+00 0.000000000000000000e+00
7.400000000000000000e+01 3.921244242343209407e+01 0.000000000000000000e+00 0.000000000000000000e+00
7.500000000000000000e+01 3.900349981193070192e+01 0.000000000000000000e+00 0.000000000000000000e+00
7.600000000000000000e+01 3.972753337957631459e+01 2.000000000000000000e+00 0.000000000000000000e+00
7.700000000000000000e+01 3.773908277194366434e+01 2.000000000000000000e+00 0.000000000000000000e+00
7.800000000000000000e+01 3.655463192553308716e+01 2.000000000000000000e+00 0.000000000000000000e+00
7.900000000000000000e+01 3.823004632696475369e+01 0.000000000000000000e+00 0.000000000000000000e+00
8.000000000000000000e+01 3.832762894690240785e+01 1.000000000000000000e+00 0.000000000000000000e+00
8.100000000000000000e+01 3.863175507699767763e+01 0.000000000000000000e+00 0.000000000000000000e+00
8.200000000000000000e+01 4.092354324664000842e+01 0.000000000000000000e+00 0.000000000000000000e+00
8.300000000000000000e+01 4.190463665544746874e+01 0.000000000000000000e+00 0.000000000000000000e+00
8.400000000000000000e+01 4.011117113315985705e+01 1.000000000000000000e+00 0.000000000000000000e+00
8.500000000000000000e+01 4.116520785598606125e+01 0.000000000000000000e+00 0.000000000000000000e+00
8.600000000000000000e+01 4.333371150897676927e+01 0.000000000000000000e+00 0.000000000000000000e+00
8.700000000000000000e+01 4.391469984463147824e+01 0.000000000000000000e+00 0.000000000000000000e+00
8.800000000000000000e+01 4.408206686540590624e+01 1.000000000000000000e+00 0.000000000000000000e+00
8.900000000000000000e+01 4.533361543735346544e+01 0.000000000000000000e+00 0.000000000000000000e+00
9.000000000000000000e+01 4.583798522709127354e+01 0.000000000000000000e+00 0.000000000000000000e+00
9.100000000000000000e+01 4.781134295329854922e+01 0.000000000000000000e+00 0.000000000000000000e+00
9.200000000000000000e+01 4.763185481497551166e+01 0.000000000000000000e+00 0.000000000000000000e+00
9.300000000000000000e+01 4.928116163358919266e+01 0.000000000000000000e+00 0.000000000000000000e+00
9.400000000000000000e+01 4.937913674405859865e+01 2.000000000000000000e+00 0.000000000000000000e+00
9.500000000000000000e+01 4.755230698629295460e+01 1.000000000000000000e+00 0.000000000000000000e+00
9.600000000000000000e+01 4.956819251211162225e+01 0.000000000000000000e+00 0.000000000000000000e+00
9.700000000000000000e+01 4.970939288593151417e+01 0.000000000000000000e+00 0.000000000000000000e+00
9.800000000000000000e+01 5.039534407243893099e+01 0.000000000000000000e+00 0.000000000000000000e+00
9.900000000000000000e+01 5.157581267767854172e+01 1.000000000000000000e+00 0.000000000000000000e+00
1.000000000000000000e+02 5.233298470519480361e+01 0.000000000000000000e+00 0.000000000000000000e+00
1.010000000000000000e+02 5.219708611357473416e+01 0.000000000000000000e+00 0.000000000000000000e+00
1.020000000000000000e+02 5.419237696776676216e+01 0.000000000000000000e+00 0.000000000000000000e+00
1.030000000000000000e+02 5.385117801447448471e+01 2.000000000000000000e+00 0.000000000000000000e+00
1.040000000000000000e+02 5.436776042347182170e+01 0.000000000000000000e+00 0.000000000000000000e+00
1.050000000000000000e+02 5.500258148095041122e+01 0.000000000000000000e+00 0.000000000000000000e+00
1.060000000000000000e+02 5.390158981590739273e+01 2.000000000000000000e+00 0.000000000000000000e+00
1.070000000000000000e+02 5.369089945833655264e+01 1.000000000000000000e+00 0.000000000000000000e+00
1.080000000000000000e+02 5.287440859390926562e+01 2.000000000000000000e+00 0.000000000000000000e+00
1.090000000000000000e+02 5.254551759930729560e+01 1.000000000000000000e+00 0.000000000000000000e+00
1.100000000000000000e+02 5.408320948026423736e+01 0.000000000000000000e+00 0.000000000000000000e+00
1.110000000000000000e+02 5.492970850756547918e+01 0.000000000000000000e+00 0.000000000000000000e+00
1.120000000000000000e+02 5.645357233437180611e+01 0.000000000000000000e+00 0.000000000000000000e+00
1.130000000000000000e+02 5.647899226230676817e+01 0.000000000000000000e+00 0.000000000000000000e+00
1.140000000000000000e+02 5.856714611941126236e+01 0.000000000000000000e+00 0.000000000000000000e+00
1.150000000000000000e+02 5.944352534450840864e+01 0.000000000000000000e+00 0.000000000000000000e+00
1.160000000000000000e+02 6.100516628885615944e+01 0.000000000000000000e+00 0.000000000000000000e+00
1.170000000000000000e+02 6.113530093248699160e+01 0.000000000000000000e+00 0.000000000000000000e+00
1.180000000000000000e+02 5.968148593185848227e+01 2.000000000000000000e+00 0.000000000000000000e+00
1.190000000000000000e+02 5.935618383788313679e+01 2.000000000000000000e+00 0.000000000000000000e+00
1.200000000000000000e+02 5.910111132087343577e+01 0.000000000000000000e+00 0.000000000000000000e+00
1.210000000000000000e+02 5.983526780334412365e+01 1.000000000000000000e+00 0.000000000000000000e+00
1.220000000000000000e+02 6.190211381004982627e+01 0.000000000000000000e+00 0.000000000000000000e+00
1.230000000000000000e+02 6.028578451551052098e+01 2.000000000000000000e+00 0.000000000000000000e+00
1.240000000000000000e+02 5.974057719134360411e+01 1.000000000000000000e+00 0.000000000000000000e+00
1.250000000000000000e+02 6.187278703228047760e+01 0.000000000000000000e+00 0.000000000000000000e+00
1.260000000000000000e+02 6.209538890923760590e+01 0.000000000000000000e+00 0.000000000000000000e+00
1.270000000000000000e+02 6.287882934173988758e+01 0.000000000000000000e+00 0.000000000000000000e+00
1.280000000000000000e+02 6.375695699499967617e+01 0.000000000000000000e+00 0.000000000000000000e+00
1.290000000000000000e+02 6.277547179368864505e+01 2.000000000000000000e+00 0.000000000000000000e+00
1.300000000000000000e+02 6.218196288020777018e+01 2.000000000000000000e+00 0.000000000000000000e+00
1.310000000000000000e+02 6.272160477576306903e+01 0.000000000000000000e+00 0.000000000000000000e+00
1.320000000000000000e+02 6.212149006210835012e+01 2.000000000000000000e+00 0.000000000000000000e+00
1.330000000000000000e+02 6.312332211270734206e+01 0.000000000000000000e+00 0.000000000000000000e+00
1.340000000000000000e+02 6.378341662230422315e+01 0.000000000000000000e+00 0.000000000000000000e+00
1.350000000000000000e+02 6.398857676091505908e+01 1.000000000000000000e+00 0.000000000000000000e+00
1.360000000000000000e+02 6.527577926979124356e+01 0.000000000000000000e+00 0.000000000000000000e+00
1.370000000000000000e+02 6.659663144460769502e+01 0.000000000000000000e+00 0.000000000000000000e+00
1.380000000000000000e+02 6.680623778189061568e+01 0.000000000000000000e+00 0.000000000000000000e+00
1.390000000000000000e+02 6.826203131556817993e+01 0.000000000000000000e+00 0.000000000000000000e+00
1.400000000000000000e+02 6.912934957552579363e+01 0.000000000000000000e+00 0.000000000000000000e+00
1.410000000000000000e+02 7.017044857338066777e+01 0.000000000000000000e+00 0.000000000000000000e+00
1.420000000000000000e+02 7.073539186985038896e+01 0.000000000000000000e+00 0.000000000000000000e+00
1.430000000000000000e+02 7.262909343839231724e+01 0.000000000000000000e+00 0.000000000000000000e+00
1.440000000000000000e+02 7.346817072190623321e+01 0.000000000000000000e+00 0.000000000000000000e+00
1.450000000000000000e+02 7.352408037339399982e+01 0.000000000000000000e+00 0.000000000000000000e+00
1.460000000000000000e+02 7.502051466260790846e+01 0.000000000000000000e+00 0.000000000000000000e+00
1.470000000000000000e+02 7.595875605319741908e+01 0.000000000000000000e+00 0.000000000000000000e+00
1.480000000000000000e+02 7.628030452858662613e+01 1.000000000000000000e+00 0.000000000000000000e+00
1.490000000000000000e+02 7.683107686965665550e+01 0.000000000000000000e+00 0.000000000000000000e+00
1.500000000000000000e+02 7.835031837711127878e+01 0.000000000000000000e+00 0.000000000000000000e+00
1.510000000000000000e+02 7.879922923283295688e+01 0.000000000000000000e+00 0.000000000000000000e+00
1.520000000000000000e+02 7.952619092961288061e+01 0.000000000000000000e+00 0.000000000000000000e+00
1.530000000000000000e+02 7.999684597706144018e+01 1.000000000000000000e+00 0.000000000000000000e+00
1.540000000000000000e+02 8.095860847773516866e+01 0.000000000000000000e+00 0.000000000000000000e+00
1.550000000000000000e+02 8.118828388966437615e+01 0.000000000000000000e+00 0.000000000000000000e+00
1.560000000000000000e+02 8.282059387812716977e+01 0.000000000000000000e+00 0.000000000000000000e+00
1.570000000000000000e+02 8.397571881674252836e+01 0.000000000000000000e+00 0.000000000000000000e+00
1.580000000000000000e+02 8.499892803013578657e+01 0.000000000000000000e+00 0.000000000000000000e+00
1.590000000000000000e+02 8.518268447927630405e+01 1.000000000000000000e+00 0.000000000000000000e+00
1.600000000000000000e+02 8.462006646199249360e+01 1.000000000000000000e+00 0.000000000000000000e+00
1.610000000000000000e+02 8.687028418988001022e+01 0.000000000000000000e+00 0.000000000000000000e+00
1.620000000000000000e+02 8.647539312240998299e+01 1.000000000000000000e+00 0.000000000000000000e+00
1.630000000000000000e+02 8.654427440476719369e+01 0.000000000000000000e+00 0.000000000000000000e+00
1.640000000000000000e+02 8.759296875609685173e+01 0.000000000000000000e+00 0.000000000000000000e+00
1.650000000000000000e+02 8.848296016975777434e+01 1.000000000000000000e+00 0.000000000000000000e+00
1.660000000000000000e+02 8.966334460731494005e+01 0.000000000000000000e+00 0.000000000000000000e+00
1.670000000000000000e+02 8.897190643627052964e+01 1.000000000000000000e+00 0.000000000000000000e+00
1.680000000000000000e+02 8.730850013923907227e+01 2.000000000000000000e+00 0.000000000000000000e+00
1.690000000000000000e+02 8.708454483683966885e+01 2.000000000000000000e+00 0.000000000000000000e+00
1.700000000000000000e+02 8.850899604860700265e+01 0.000000000000000000e+00 0.000000000000000000e+00
1.710000000000000000e+02 8.800305935630345289e+01 0.000000000000000000e+00 0.000000000000000000e+00
1.720000000000000000e+02 8.991961924961339037e+01 0.000000000000000000e+00 0.000000000000000000e+00
1.730000000000000000e+02 8.892488376421461282e+01 2.000000000000000000e+00 0.000000000000000000e+00
1.740000000000000000e+02 8.992858714267553921e+01 0.000000000000000000e+00 0.000000000000000000e+00
1.750000000000000000e+02 8.984369448296249061e+01 1.000000000000000000e+00 0.000000000000000000e+00
1.760000000000000000e+02 9.121309456453938935e+01 0.000000000000000000e+00 0.000000000000000000e+00
1.770000000000000000e+02 9.232071951030749801e+01 0.000000000000000000e+00 0.000000000000000000e+00
1.780000000000000000e+02 9.049393309357046178e+01 2.000000000000000000e+00 0.000000000000000000e+00
1.790000000000000000e+02 9.221892068787295216e+01 0.000000000000000000e+00 0.000000000000000000e+00
1.800000000000000000e+02 9.164245065172598004e+01 1.000000000000000000e+00 0.000000000000000000e+00
1.810000000000000000e+02 9.337162294280881270e+01 0.000000000000000000e+00 0.000000000000000000e+00
1.820000000000000000e+02 9.285468621980811577e+01 2.000000000000000000e+00 0.000000000000000000e+00
1.830000000000000000e+02 9.260286343588775537e+01 0.000000000000000000e+00 0.000000000000000000e+00
1.840000000000000000e+02 9.395609004678316012e+01 0.000000000000000000e+00 0.000000000000000000e+00
1.850000000000000000e+02 9.512689328796582799e+01 0.000000000000000000e+00 0.000000000000000000e+00
1.860000000000000000e+02 9.572435162543958143e+01 0.000000000000000000e+00 0.000000000000000000e+00
1.870000000000000000e+02 9.684594296305031946e+01 0.000000000000000000e+00 0.000000000000000000e+00
1.880000000000000000e+02 9.829277649625596780e+01 0.000000000000000000e+00 0.000000000000000000e+00
1.890000000000000000e+02 9.734001831836567931e+01 2.000000000000000000e+00 0.000000000000000000e+00
1.900000000000000000e+02 9.704533380814896759e+01 1.000000000000000000e+00 0.000000000000000000e+00
1.910000000000000000e+02 9.760520901501112689e+01 1.000000000000000000e+00 0.000000000000000000e+00
1.920000000000000000e+02 9.777548722452515051e+01 0.000000000000000000e+00 0.000000000000000000e+00
1.930000000000000000e+02 9.962210819821524410e+01 0.000000000000000000e+00 0.000000000000000000e+00
1.940000000000000000e+02 9.818192625960351450e+01 2.000000000000000000e+00 0.000000000000000000e+00
1.950000000000000000e+02 9.946564438563271437e+01 0.000000000000000000e+00 0.000000000000000000e+00
1.960000000000000000e+02 1.001177695223184827e+02 0.000000000000000000e+00 0.000000000000000000e+00
1.970000000000000000e+02 1.012643875709652264e+02 0.000000000000000000e+00 0.000000000000000000e+00
1.980000000000000000e+02 1.021581305434903300e+02 0.000000000000000000e+00 0.000000000000000000e+00
1.990000000000000000e+02 1.024566094565224859e+02 1.000000000000000000e+00 0.000000000000000000e+00
2.000000000000000000e+02 1.014920789770162060e+02 2.000000000000000000e+00 0.000000000000000000e+00
2.010000000000000000e+02 1.005571024323961353e+02 2.000000000000000000e+00 0.000000000000000000e+00
2.020000000000000000e+02 9.898143080354850554e+01 2.000000000000000000e+00 0.000000000000000000e+00
2.030000000000000000e+02 1.002616224844408492e+02 0.000000000000000000e+00 0.000000000000000000e+00
2.040000000000000000e+02 1.020522274341164746e+02 0.000000000000000000e+00 0.000000000000000000e+00
2.050000000000000000e+02 1.026569564230422600e+02 0.000000000000000000e+00 0.000000000000000000e+00
2.060000000000000000e+02 1.013335869561069273e+02 2.000000000000000000e+00 0.000000000000000000e+00
2.070000000000000000e+02 1.025379789866139930e+02 0.000000000000000000e+00 0.000000000000000000e+00
2.080000000000000000e+02 1.019379318307038886e+02 1.000000000000000000e+00 0.000000000000000000e+00
2.090000000000000000e+02 1.030402290861219683e+02 0.000000000000000000e+00 0.000000000000000000e+00
2.100000000000000000e+02 1.033096486090641690e+02 0.000000000000000000e+00 0.000000000000000000e+00
2.110000000000000000e+02 1.053896758500478086e+02 0.000000000000000000e+00 0.000000000000000000e+00
2.120000000000000000e+02 1.037408564083440865e+02 2.000000000000000000e+00 0.000000000000000000e+00
2.130000000000000000e+02 1.044418650438355058e+02 0.000000000000000000e+00 0.000000000000000000e+00
2.140000000000000000e+02 1.047952716778844291e+02 1.000000000000000000e+00 0.000000000000000000e+00
2.150000000000000000e+02 1.050635447253533243e+02 1.000000000000000000e+00 0.000000000000000000e+00
2.160000000000000000e+02 1.044570123184773820e+02 0.000000000000000000e+00 0.000000000000000000e+00
2.170000000000000000e+02 1.073530243568975209e+02 0.000000000000000000e+00 0.000000000000000000e+00
2.180000000000000000e+02 1.072777137137438928e+02 0.000000000000000000e+00 0.000000000000000000e+00
2.190000000000000000e+02 1.090477558708820567e+02 0.000000000000000000e+00 0.000000000000000000e+00
2.200000000000000000e+02 1.081753097776309431e+02 2.000000000000000000e+00 0.000000000000000000e+00
2.210000000000000000e+02 1.095308106301513504e+02 0.000000000000000000e+00 0.000000000000000000e+00
2.220000000000000000e+02 1.089647596663841256e+02 1.000000000000000000e+00 0.000000000000000000e+00
2.230000000000000000e+02 1.095906457048242686e+02 0.000000000000000000e+00 0.000000000000000000e+00
2.240000000000000000e+02 1.087129251065927917e+02 2.000000000000000000e+00 0.000000000000000000e+00
2.250000000000000000e+02 1.092891521277173013e+02 1.000000000000000000e+00 0.000000000000000000e+00
2.260000000000000000e+02 1.098033044517735277e+02 0.000000000000000000e+00 0.000000000000000000e+00
2.270000000000000000e+02 1.108691458847256257e+02 0.000000000000000000e+00 0.000000000000000000e+00
2.280000000000000000e+02 1.103026924851579196e+02 2.000000000000000000e+00 0.000000000000000000e+00
2.290000000000000000e+02 1.113271312511336930e+02 0.000000000000000000e+00 0.000000000000000000e+00
2.300000000000000000e+02 1.112192537169105719e+02 1.000000000000000000e+00 0.000000000000000000e+00
2.310000000000000000e+02 1.114409803755532238e+02 0.000000000000000000e+00 0.000000000000000000e+00
2.320000000000000000e+02 1.127318543057800184e+02 1.000000000000000000e+00 0.000000000000000000e+00
2.330000000000000000e+02 1.136922098461310640e+02 0.000000000000000000e+00 0.000000000000000000e+00
2.340000000000000000e+02 1.110875560511635030e+02 2.000000000000000000e+00 0.000000000000000000e+00
2.350000000000000000e+02 1.129455906452940042e+02 0.000000000000000000e+00 0.000000000000000000e+00
2.360000000000000000e+02 1.137910639864546170e+02 0.000000000000000000e+00 0.000000000000000000e+00
2.370000000000000000e+02 1.150462600524597434e+02 0.000000000000000000e+00 0.000000000000000000e+00
2.380000000000000000e+02 1.154319814962645836e+02 0.000000000000000000e+00 0.000000000000000000e+00
2.390000000000000000e+02 1.172681503882688219e+02 0.000000000000000000e+00 0.000000000000000000e+00
2.400000000000000000e+02 1.161987208760459680e+02 2.000000000000000000e+00 0.000000000000000000e+00
2.410000000000000000e+02 1.167531013280809731e+02 0.000000000000000000e+00 0.000000000000000000e+00
2.420000000000000000e+02 1.166869736274660312e+02 1.000000000000000000e+00 0.000000000000000000e+00
2.430000000000000000e+02 1.176339219186634182e+02 0.000000000000000000e+00 0.000000000000000000e+00
2.440000000000000000e+02 1.185310106920800308e+02 0.000000000000000000e+00 0.000000000000000000e+00
2.450000000000000000e+02 1.197746262932860901e+02 0.000000000000000000e+00 0.000000000000000000e+00
2.460000000000000000e+02 1.207954263717739707e+02 0.000000000000000000e+00 0.000000000000000000e+00
2.470000000000000000e+02 1.212962041899149881e+02 0.000000000000000000e+00 0.000000000000000000e+00
2.480000000000000000e+02 1.231717556834538954e+02 0.000000000000000000e+00 0.000000000000000000e+00
2.490000000000000000e+02 1.244182394346148754e+02 0.000000000000000000e+00 0.000000000000000000e+00
2.500000000000000000e+02 1.234076653315758136e+02 2.000000000000000000e+00 0.000000000000000000e+00
2.510000000000000000e+02 1.229578050710138655e+02 0.000000000000000000e+00 0.000000000000000000e+00
2.520000000000000000e+02 1.251437054782980027e+02 0.000000000000000000e+00 0.000000000000000000e+00
2.530000000000000000e+02 1.265428796873374750e+02 0.000000000000000000e+00 0.000000000000000000e+00
2.540000000000000000e+02 1.259728877311862618e+02 1.000000000000000000e+00 0.000000000000000000e+00
2.550000000000000000e+02 1.277074350949725670e+02 0.000000000000000000e+00 0.000000000000000000e+00
2.560000000000000000e+02 1.275496850506331157e+02 1.000000000000000000e+00 0.000000000000000000e+00
2.570000000000000000e+02 1.264321305543459033e+02 2.000000000000000000e+00 0.000000000000000000e+00
2.580000000000000000e+02 1.247477200030026410e+02 1.000000000000000000e+00 0.000000000000000000e+00
2.590000000000000000e+02 1.271814039538518841e+02 0.000000000000000000e+00 0.000000000000000000e+00
2.600000000000000000e+02 1.276244921825219478e+02 0.000000000000000000e+00 0.000000000000000000e+00
2.610000000000000000e+02 1.276986564022939774e+02 1.000000000000000000e+00 0.000000000000000000e+00
2.620000000000000000e+02 1.295575981469908697e+02 0.000000000000000000e+00 0.000000000000000000e+00
2.630000000000000000e+02 1.283393889141799207e+02 2.000000000000000000e+00 0.000000000000000000e+00
2.640000000000000000e+02 1.294954603567828428e+02 0.000000000000000000e+00 0.000000000000000000e+00
2.650000000000000000e+02 1.289952999903862292e+02 2.000000000000000000e+00 0.000000000000000000e+00
2.660000000000000000e+02 1.282170264167873484e+02 1.000000000000000000e+00 0.000000000000000000e+00
2.670000000000000000e+02 1.295239700890370500e+02 0.000000000000000000e+00 0.000000000000000000e+00
2.680000000000000000e+02 1.301050590539321661e+02 0.000000000000000000e+00 0.000000000000000000e+00
2.690000000000000000e+02 1.303885080731166966e+02 0.000000000000000000e+00 0.000000000000000000e+00
2.700000000000000000e+02 1.317960084672880043e+02 0.000000000000000000e+00 0.000000000000000000e+00
2.710000000000000000e+02 1.330264715243310718e+02 0.000000000000000000e+00 0.000000000000000000e+00
2.720000000000000000e+02 1.333317601443627041e+02 1.000000000000000000e+00 0.000000000000000000e+00
2.730000000000000000e+02 1.339118885786789974e+02 0.000000000000000000e+00 0.000000000000000000e+00
2.740000000000000000e+02 1.338045287324938499e+02 2.000000000000000000e+00 0.000000000000000000e+00
2.750000000000000000e+02 1.341859157810656313e+02 0.000000000000000000e+00 0.000000000000000000e+00
2.760000000000000000e+02 1.355936546979446291e+02 0.000000000000000000e+00 0.000000000000000000e+00
2.770000000000000000e+02 1.361207896478642283e+02 0.000000000000000000e+00 0.000000000000000000e+00
2.780000000000000000e+02 1.372947675055143293e+02 0.000000000000000000e+00 0.000000000000000000e+00
2.790000000000000000e+02 1.388136513944341743e+02 0.000000000000000000e+00 0.000000000000000000e+00
2.800000000000000000e+02 1.396187750691785538e+02 0.000000000000000000e+00 0.000000000000000000e+00
2.810000000000000000e+02 1.399791909777731576e+02 0.000000000000000000e+00 0.000000000000000000e+00
2.820000000000000000e+02 1.385434654170050237e+02 2.000000000000000000e+00 0.000000000000000000e+00
2.830000000000000000e+02 1.390296501634406638e+02 1.000000000000000000e+00 0.000000000000000000e+00
2.840000000000000000e+02 1.394559766283564954e+02 0.000000000000000000e+00 0.000000000000000000e+00
2.850000000000000000e+02 1.412168598860843645e+02 0.000000000000000000e+00 0.000000000000000000e+00
2.860000000000000000e+02 1.422905657891922431e+02 0.000000000000000000e+00 0.000000000000000000e+00
2.870000000000000000e+02 1.427664972893240360e+02 0.000000000000000000e+00 0.000000000000000000e+00
2.880000000000000000e+02 1.435012403875101654e+02 0.000000000000000000e+00 0.000000000000000000e+00
2.890000000000000000e+02 1.454774588895843408e+02 0.000000000000000000e+00 0.000000000000000000e+00
2.900000000000000000e+02 1.463760556836198248e+02 0.000000000000000000e+00 0.000000000000000000e+00
2.910000000000000000e+02 1.474635892271418527e+02 0.000000000000000000e+00 0.000000000000000000e+00
2.920000000000000000e+02 1.480545978638551503e+02 0.000000000000000000e+00 0.000000000000000000e+00
2.930000000000000000e+02 1.469373011224192851e+02 2.000000000000000000e+00 0.000000000000000000e+00
2.940000000000000000e+02 1.489781665672730071e+02 0.000000000000000000e+00 0.000000000000000000e+00
2.950000000000000000e+02 1.489535326632411909e+02 0.000000000000000000e+00 0.000000000000000000e+00
2.960000000000000000e+02 1.504434459353933846e+02 0.000000000000000000e+00 0.000000000000000000e+00
2.970000000000000000e+02 1.502325089617395406e+02 0.000000000000000000e+00 0.000000000000000000e+00
2.980000000000000000e+02 1.494582216817324252e+02 2.000000000000000000e+00 0.000000000000000000e+00
2.990000000000000000e+02 1.483399548956503793e+02 2.000000000000000000e+00 0.000000000000000000e+00
3.000000000000000000e+02 1.501643953596482675e+02 0.000000000000000000e+00 0.000000000000000000e+00
3.010000000000000000e+02 1.493869176744039180e+02 2.000000000000000000e+00 0.000000000000000000e+00
3.020000000000000000e+02 1.492478733335240122e+02 1.000000000000000000e+00 0.000000000000000000e+00
3.030000000000000000e+02 1.495757589210943763e+02 0.000000000000000000e+00 0.000000000000000000e+00
3.040000000000000000e+02 1.504456827991048442e+02 1.000000000000000000e+00 0.000000000000000000e+00
3.050000000000000000e+02 1.504530996796126203e+02 0.000000000000000000e+00 0.000000000000000000e+00
3.060000000000000000e+02 1.519045467630609778e+02 0.000000000000000000e+00 0.000000000000000000e+00
3.070000000000000000e+02 1.521456999629601228e+02 1.000000000000000000e+00 0.000000000000000000e+00
3.080000000000000000e+02 1.539239710334242943e+02 0.000000000000000000e+00 0.000000000000000000e+00
3.090000000000000000e+02 1.525350973604663807e+02 2.000000000000000000e+00 0.000000000000000000e+00
3.100000000000000000e+02 1.524664222967822127e+02 0.000000000000000000e+00 0.000000000000000000e+00
3.110000000000000000e+02 1.526025643347269636e+02 2.000000000000000000e+00 0.000000000000000000e+00
3.120000000000000000e+02 1.535037041901552755e+02 0.000000000000000000e+00 0.000000000000000000e+00
3.130000000000000000e+02 1.541851273151976613e+02 0.000000000000000000e+00 0.000000000000000000e+00
3.140000000000000000e+02 1.557626006882347269e+02 0.000000000000000000e+00 0.000000000000000000e+00
3.150000000000000000e+02 1.559356906581042210e+02 0.000000000000000000e+00 0.000000000000000000e+00
3.160000000000000000e+02 1.549200433250096012e+02 2.000000000000000000e+00 0.000000000000000000e+00
3.170000000000000000e+02 1.530861969288150704e+02 2.000000000000000000e+00 0.000000000000000000e+00
3.180000000000000000e+02 1.548453179458232967e+02 0.000000000000000000e+00 0.000000000000000000e+00
3.190000000000000000e+02 1.562910805219515282e+02 0.000000000000000000e+00 0.000000000000000000e+00
3.200000000000000000e+02 1.574342494774566319e+02 0.000000000000000000e+00 0.000000000000000000e+00
3.210000000000000000e+02 1.584925032598292773e+02 0.000000000000000000e+00 0.000000000000000000e+00
3.220000000000000000e+02 1.564544502353550683e+02 2.000000000000000000e+00 0.000000000000000000e+00
3.230000000000000000e+02 1.577301083337761156e+02 1.000000000000000000e+00 0.000000000000000000e+00
3.240000000000000000e+02 1.584755526758443978e+02 0.000000000000000000e+00 0.000000000000000000e+00
3.250000000000000000e+02 1.562129238473174837e+02 2.000000000000000000e+00 0.000000000000000000e+00
3.260000000000000000e+02 1.578796337940513865e+02 0.000000000000000000e+00 0.000000000000000000e+00
3.270000000000000000e+02 1.588668973608246233e+02 0.000000000000000000e+00 0.000000000000000000e+00
3.280000000000000000e+02 1.602953424908768909e+02 0.000000000000000000e+00 0.000000000000000000e+00
3.290000000000000000e+02 1.600639425054926619e+02 1.000000000000000000e+00 0.000000000000000000e+00
3.300000000000000000e+02 1.607739171487686747e+02 0.000000000000000000e+00 0.000000000000000000e+00
3.310000000000000000e+02 1.609861992472907275e+02 0.000000000000000000e+00 0.000000000000000000e+00
3.320000000000000000e+02 1.619705807876542281e+02 1.000000000000000000e+00 0.000000000000000000e+00
3.330000000000000000e+02 1.624383482001690027e+02 0.000000000000000000e+00 0.000000000000000000e+00
3.340000000000000000e+02 1.644954186881300870e+02 0.000000000000000000e+00 0.000000000000000000e+00
3.350000000000000000e+02 1.619318330181572207e+02 2.000000000000000000e+00 0.000000000000000000e+00
3.360000000000000000e+02 1.633970720853164664e+02 0.000000000000000000e+00 0.000000000000000000e+00
3.370000000000000000e+02 1.615539900964790831e+02 2.000000000000000000e+00 0.000000000000000000e+00
3.380000000000000000e+02 1.647340837621177911e+02 0.000000000000000000e+00 0.000000000000000000e+00
3.390000000000000000e+02 1.654098157973403147e+02 0.000000000000000000e+00 0.000000000000000000e+00
3.400000000000000000e+02 1.636381847949594999e+02 2.000000000000000000e+00 0.000000000000000000e+00
3.410000000000000000e+02 1.650189664377903682e+02 0.000000000000000000e+00 0.000000000000000000e+00
3.420000000000000000e+02 1.660705219986137990e+02 0.000000000000000000e+00 0.000000000000000000e+00
3.430000000000000000e+02 1.649546408926336767e+02 2.000000000000000000e+00 0.000000000000000000e+00
3.440000000000000000e+02 1.667375308185687572e+02 0.000000000000000000e+00 0.000000000000000000e+00
3.450000000000000000e+02 1.665135755734035286e+02 0.000000000000000000e+00 0.000000000000000000e+00
3.460000000000000000e+02 1.670904100932081633e+02 1.000000000000000000e+00 0.000000000000000000e+00
3.470000000000000000e+02 1.680109985064845546e+02 0.000000000000000000e+00 0.000000000000000000e+00
3.480000000000000000e+02 1.690908499637660896e+02 0.000000000000000000e+00 0.000000000000000000e+00
3.490000000000000000e+02 1.689208326510359086e+02 1.000000000000000000e+00 0.000000000000000000e+00
3.500000000000000000e+02 1.673367497549677978e+02 2.000000000000000000e+00 0.000000000000000000e+00
3.510000000000000000e+02 1.673957335676218179e+02 2.000000000000000000e+00 0.000000000000000000e+00
3.520000000000000000e+02 1.678643974666359497e+02 0.000000000000000000e+00 0.000000000000000000e+00
3.530000000000000000e+02 1.697159572375237815e+02 0.000000000000000000e+00 0.000000000000000000e+00
3.540000000000000000e+02 1.696874211038795863e+02 0.000000000000000000e+00 0.000000000000000000e+00
3.550000000000000000e+02 1.709248519868533833e+02 0.000000000000000000e+00 0.000000000000000000e+00
3.560000000000000000e+02 1.724328301857812562e+02 0.000000000000000000e+00 0.000000000000000000e+00
3.570000000000000000e+02 1.729781814666566788e+02 0.000000000000000000e+00 0.000000000000000000e+00
3.580000000000000000e+02 1.743778819793831758e+02 0.000000000000000000e+00 0.000000000000000000e+00
3.590000000000000000e+02 1.752480674795012590e+02 0.000000000000000000e+00 0.000000000000000000e+00
3.600000000000000000e+02 1.761257236872745580e+02 0.000000000000000000e+00 0.000000000000000000e+00
3.610000000000000000e+02 1.769813011166598358e+02 0.000000000000000000e+00 0.000000000000000000e+00
3.620000000000000000e+02 1.780747146813069435e+02 0.000000000000000000e+00 0.000000000000000000e+00
3.630000000000000000e+02 1.769194379508433030e+02 2.000000000000000000e+00 0.000000000000000000e+00
3.640000000000000000e+02 1.782404727536075484e+02 0.000000000000000000e+00 0.000000000000000000e+00
3.650000000000000000e+02 1.794941211375660259e+02 0.000000000000000000e+00 0.000000000000000000e+00
3.660000000000000000e+02 1.793562588796686157e+02 0.000000000000000000e+00 0.000000000000000000e+00
3.670000000000000000e+02 1.801377048760485877e+02 1.000000000000000000e+00 0.000000000000000000e+00
3.680000000000000000e+02 1.800669909726181857e+02 1.000000000000000000e+00 0.000000000000000000e+00
3.690000000000000000e+02 1.809740081838793628e+02 0.000000000000000000e+00 0.000000000000000000e+00
3.700000000000000000e+02 1.815301992246099587e+02 0.000000000000000000e+00 0.000000000000000000e+00
3.710000000000000000e+02 1.819692871652406154e+02 0.000000000000000000e+00 0.000000000000000000e+00
3.720000000000000000e+02 1.830444249361202083e+02 1.000000000000000000e+00 0.000000000000000000e+00
3.730000000000000000e+02 1.836628054959034557e+02 0.000000000000000000e+00 0.000000000000000000e+00
3.740000000000000000e+02 1.854242628682682721e+02 0.000000000000000000e+00 0.000000000000000000e+00
3.750000000000000000e+02 1.860650465819355759e+02 0.000000000000000000e+00 0.000000000000000000e+00
3.760000000000000000e+02 1.869031222993902190e+02 0.000000000000000000e+00 0.000000000000000000e+00
3.770000000000000000e+02 1.879189021999051192e+02 0.000000000000000000e+00 0.000000000000000000e+00
3.780000000000000000e+02 1.883665902090808117e+02 0.000000000000000000e+00 0.000000000000000000e+00
3.790000000000000000e+02 1.885558997487095212e+02 1.000000000000000000e+00 0.000000000000000000e+00
3.800000000000000000e+02 1.901983628966934532e+02 0.000000000000000000e+00 0.000000000000000000e+00
3.810000000000000000e+02 1.903327012634684650e+02 1.000000000000000000e+00 0.000000000000000000e+00
3.820000000000000000e+02 1.912549538855803064e+02 0.000000000000000000e+00 0.000000000000000000e+00
3.830000000000000000e+02 1.911209887329824255e+02 1.000000000000000000e+00 0.000000000000000000e+00
3.840000000000000000e+02 1.918623111645243853e+02 0.000000000000000000e+00 0.000000000000000000e+00
3.850000000000000000e+02 1.912529367014116417e+02 2.000000000000000000e+00 0.000000000000000000e+00
3.860000000000000000e+02 1.929229319307988533e+02 0.000000000000000000e+00 0.000000000000000000e+00
3.870000000000000000e+02 1.931745890243657300e+02 0.000000000000000000e+00 0.000000000000000000e+00
3.880000000000000000e+02 1.930537958687370121e+02 1.000000000000000000e+00 0.000000000000000000e+00
3.890000000000000000e+02 1.915009286750256194e+02 2.000000000000000000e+00 0.000000000000000000e+00
3.900000000000000000e+02 1.907782223479951824e+02 2.000000000000000000e+00 0.000000000000000000e+00
3.910000000000000000e+02 1.897046788077560961e+02 2.000000000000000000e+00 0.000000000000000000e+00
3.920000000000000000e+02 1.909265541344869632e+02 0.000000000000000000e+00 0.000000000000000000e+00
3.930000000000000000e+02 1.913213231219901331e+02 1.000000000000000000e+00 0.000000000000000000e+00
3.940000000000000000e+02 1.919229459044286159e+02 0.000000000000000000e+00 0.000000000000000000e+00
3.950000000000000000e+02 1.931754540772737982e+02 0.000000000000000000e+00 0.000000000000000000e+00
3.960000000000000000e+02 1.923034792842027798e+02 1.000000000000000000e+00 0.000000000000000000e+00
3.970000000000000000e+02 1.927393563884550645e+02 1.000000000000000000e+00 0.000000000000000000e+00
3.980000000000000000e+02 1.928895703905039909e+02 1.000000000000000000e+00 0.000000000000000000e+00
3.990000000000000000e+02 1.939486017496680006e+02 0.000000000000000000e+00 0.000000000000000000e+00
4.000000000000000000e+02 1.943807415991226435e+02 1.000000000000000000e+00 0.000000000000000000e+00
4.010000000000000000e+02 1.944018478593226575e+02 0.000000000000000000e+00 0.000000000000000000e+00
4.020000000000000000e+02 1.962186758255491839e+02 0.000000000000000000e+00 0.000000000000000000e+00
4.030000000000000000e+02 1.974745362015441685e+02 0.000000000000000000e+00 0.000000000000000000e+00
4.040000000000000000e+02 1.976089561447371921e+02 0.000000000000000000e+00 0.000000000000000000e+00
4.050000000000000000e+02 1.990134338744691718e+02 0.000000000000000000e+00 0.000000000000000000e+00
4.060000000000000000e+02 2.010347900387115487e+02 0.000000000000000000e+00 0.000000000000000000e+00
4.070000000000000000e+02 2.011834122414246622e+02 0.000000000000000000e+00 0.000000000000000000e+00
4.080000000000000000e+02 2.031117767052031695e+02 0.000000000000000000e+00 0.000000000000000000e+00
4.090000000000000000e+02 2.027485976868374280e+02 0.000000000000000000e+00 0.000000000000000000e+00
4.100000000000000000e+02 2.018957318450656544e+02 2.000000000000000000e+00 0.000000000000000000e+00
4.110000000000000000e+02 2.035961130028277637e+02 0.000000000000000000e+00 0.000000000000000000e+00
4.120000000000000000e+02 2.030484102854564696e+02 2.000000000000000000e+00 0.000000000000000000e+00
4.130000000000000000e+02 2.032500327517302594e+02 0.000000000000000000e+00 0.000000000000000000e+00
4.140000000000000000e+02 2.020820444654648611e+02 2.000000000000000000e+00 0.000000000000000000e+00
4.150000000000000000e+02 2.007855333877135138e+02 2.000000000000000000e+00 0.000000000000000000e+00
4.160000000000000000e+02 2.003472684115824052e+02 2.000000000000000000e+00 0.000000000000000000e+00
4.170000000000000000e+02 2.007286385758285974e+02 0.000000000000000000e+00 0.000000000000000000e+00
4.180000000000000000e+02 2.021049811869711448e+02 0.000000000000000000e+00 0.000000000000000000e+00
4.190000000000000000e+02 1.997198564550045319e+02 2.000000000000000000e+00 0.000000000000000000e+00
4.200000000000000000e+02 2.015760213627516748e+02 0.000000000000000000e+00 0.000000000000000000e+00
4.210000000000000000e+02 2.021055701276621619e+02 1.000000000000000000e+00 0.000000000000000000e+00
4.220000000000000000e+02 2.030124903583282503e+02 0.000000000000000000e+00 0.000000000000000000e+00
4.230000000000000000e+02 2.041434463011171090e+02 0.000000000000000000e+00 0.000000000000000000e+00
4.240000000000000000e+02 2.056068274890448606e+02 0.000000000000000000e+00 0.000000000000000000e+00
4.250000000000000000e+02 2.061306815942685660e+02 0.000000000000000000e+00 0.000000000000000000e+00
4.260000000000000000e+02 2.070659457832677219e+02 0.000000000000000000e+00 0.000000000000000000e+00
4.270000000000000000e+02 2.063988098978070695e+02 2.000000000000000000e+00 0.000000000000000000e+00
4.280000000000000000e+02 2.066498424120678692e+02 0.000000000000000000e+00 0.000000000000000000e+00
4.290000000000000000e+02 2.083660023314407113e+02 0.000000000000000000e+00 0.000000000000000000e+00
4.300000000000000000e+02 2.093183241279320157e+02 0.000000000000000000e+00 0.000000000000000000e+00
4.310000000000000000e+02 2.102990299414094579e+02 0.000000000000000000e+00 0.000000000000000000e+00
4.320000000000000000e+02 2.112835932675387767e+02 0.000000000000000000e+00 0.000000000000000000e+00
4.330000000000000000e+02 2.120235528816110673e+02 0.000000000000000000e+00 0.000000000000000000e+00
4.340000000000000000e+02 2.124286861350489346e+02 1.000000000000000000e+00 0.000000000000000000e+00
4.350000000000000000e+02 2.130605072158426481e+02 0.000000000000000000e+00 0.000000000000000000e+00
4.360000000000000000e+02 2.139356087180399015e+02 1.000000000000000000e+00 0.000000000000000000e+00
4.370000000000000000e+02 2.142630802456695847e+02 0.000000000000000000e+00 0.000000000000000000e+00
4.380000000000000000e+02 2.137966798856188007e+02 1.000000000000000000e+00 0.000000000000000000e+00
4.390000000000000000e+02 2.154211917537247132e+02 0.000000000000000000e+00 0.000000000000000000e+00
4.400000000000000000e+02 2.159580945976206010e+02 0.000000000000000000e+00 0.000000000000000000e+00
4.410000000000000000e+02 2.174536073683531754e+02 0.000000000000000000e+00 0.000000000000000000e+00
4.420000000000000000e+02 2.181560409622565260e+02 0.000000000000000000e+00 0.000000000000000000e+00
4.430000000000000000e+02 2.186764077606575256e+02 0.000000000000000000e+00 0.000000000000000000e+00
4.440000000000000000e+02 2.197156475583590804e+02 0.000000000000000000e+00 0.000000000000000000e+00
4.450000000000000000e+02 2.220937966673741926e+02 0.000000000000000000e+00 0.000000000000000000e+00
4.460000000000000000e+02 2.220886274406750545e+02 0.000000000000000000e+00 0.000000000000000000e+00
4.470000000000000000e+02 2.218543975448286858e+02 1.000000000000000000e+00 0.000000000000000000e+00
4.480000000000000000e+02 2.219681361373269510e+02 1.000000000000000000e+00 0.000000000000000000e+00
4.490000000000000000e+02 2.225015156257977367e+02 1.000000000000000000e+00 0.000000000000000000e+00
4.500000000000000000e+02 2.202267645054839988e+02 2.000000000000000000e+00 0.000000000000000000e+00
4.510000000000000000e+02 2.200781036279617240e+02 2.000000000000000000e+00 0.000000000000000000e+00
4.520000000000000000e+02 2.210549200025050993e+02 0.000000000000000000e+00 0.000000000000000000e+00
4.530000000000000000e+02 2.219101638578711118e+02 1.000000000000000000e+00 0.000000000000000000e+00
4.540000000000000000e+02 2.216137456923068783e+02 0.000000000000000000e+00 0.000000000000000000e+00
4.550000000000000000e+02 2.224085856277280868e+02 0.000000000000000000e+00 0.000000000000000000e+00
4.560000000000000000e+02 2.242571797737276995e+02 0.000000000000000000e+00 0.000000000000000000e+00
4.570000000000000000e+02 2.247562832406281075e+02 0.000000000000000000e+00 0.000000000000000000e+00
4.580000000000000000e+02 2.260704694451856085e+02 1.000000000000000000e+00 0.000000000000000000e+00
4.590000000000000000e+02 2.260482665841423113e+02 0.000000000000000000e+00 0.000000000000000000e+00
4.600000000000000000e+02 2.247860417455551953e+02 2.000000000000000000e+00 0.000000000000000000e+00
4.610000000000000000e+02 2.258685970568014056e+02 0.000000000000000000e+00 0.000000000000000000e+00
4.620000000000000000e+02 2.259621951990941398e+02 0.000000000000000000e+00 0.000000000000000000e+00
4.630000000000000000e+02 2.261127982185473684e+02 2.000000000000000000e+00 0.000000000000000000e+00
4.640000000000000000e+02 2.268292391612285428e+02 0.000000000000000000e+00 0.000000000000000000e+00
4.650000000000000000e+02 2.275838996864202102e+02 0.000000000000000000e+00 0.000000000000000000e+00
4.660000000000000000e+02 2.283718879163422741e+02 0.000000000000000000e+00 0.000000000000000000e+00
4.670000000000000000e+02 2.296127419621002730e+02 0.000000000000000000e+00 0.000000000000000000e+00
4.680000000000000000e+02 2.285096698690176424e+02 2.000000000000000000e+00 0.000000000000000000e+00
4.690000000000000000e+02 2.278107331043752595e+02 2.000000000000000000e+00 0.000000000000000000e+00
4.700000000000000000e+02 2.288115267830901587e+02 0.000000000000000000e+00 0.000000000000000000e+00
4.710000000000000000e+02 2.310664043752453551e+02 0.000000000000000000e+00 0.000000000000000000e+00
4.720000000000000000e+02 2.308545878089668975e+02 0.000000000000000000e+00 0.000000000000000000e+00
4.730000000000000000e+02 2.323695238728355434e+02 0.000000000000000000e+00 0.000000000000000000e+00
4.740000000000000000e+02 2.306676011190699853e+02 2.000000000000000000e+00 0.000000000000000000e+00
4.750000000000000000e+02 2.310615114567657429e+02 1.000000000000000000e+00 0.000000000000000000e+00
4.760000000000000000e+02 2.326931459522593855e+02 0.000000000000000000e+00 0.000000000000000000e+00
4.770000000000000000e+02 2.332289753095482752e+02 0.000000000000000000e+00 0.000000000000000000e+00
4.780000000000000000e+02 2.323786032880399262e+02 1.000000000000000000e+00 0.000000000000000000e+00
4.790000000000000000e+02 2.349431275198941194e+02 0.000000000000000000e+00 0.000000000000000000e+00
4.800000000000000000e+02 2.322013008356398416e+02 2.000000000000000000e+00 0.000000000000000000e+00
4.810000000000000000e+02 2.327869401981810711e+02 1.000000000000000000e+00 0.000000000000000000e+00
4.820000000000000000e+02 2.336431161011278732e+02 0.000000000000000000e+00 0.000000000000000000e+00
4.830000000000000000e+02 2.346954629231051399e+02 0.000000000000000000e+00 0.000000000000000000e+00
4.840000000000000000e+02 2.338915236881156545e+02 2.000000000000000000e+00 0.000000000000000000e+00
4.850000000000000000e+02 2.328578124837698908e+02 2.000000000000000000e+00 0.000000000000000000e+00
4.860000000000000000e+02 2.345642335996150791e+02 0.000000000000000000e+00 0.000000000000000000e+00
4.870000000000000000e+02 2.323961461168176186e+02 2.000000000000000000e+00 0.000000000000000000e+00
4.880000000000000000e+02 2.333379759670770000e+02 1.000000000000000000e+00 0.000000000000000000e+00
4.890000000000000000e+02 2.333105237211767928e+02 1.000000000000000000e+00 0.000000000000000000e+00
4.900000000000000000e+02 2.339322191396223900e+02 0.000000000000000000e+00 0.000000000000000000e+00
4.910000000000000000e+02 2.332439484704963206e+02 2.000000000000000000e+00 0.000000000000000000e+00
4.920000000000000000e+02 2.335879908236964582e+02 0.000000000000000000e+00 0.000000000000000000e+00
4.930000000000000000e+02 2.336410701965516807e+02 1.000000000000000000e+00 0.000000000000000000e+00
4.940000000000000000e+02 2.349762700472020356e+02 0.000000000000000000e+00 0.000000000000000000e+00
4.950000000000000000e+02 2.353270602320652358e+02 0.000000000000000000e+00 0.000000000000000000e+00
4.960000000000000000e+02 2.370710099957303783e+02 0.000000000000000000e+00 0.000000000000000000e+00
4.970000000000000000e+02 2.383776167893721265e+02 0.000000000000000000e+00 0.000000000000000000e+00
4.980000000000000000e+02 2.388201498011788431e+02 0.000000000000000000e+00 0.000000000000000000e+00
4.990000000000000000e+02 2.382591335253162299e+02 2.000000000000000000e+00 0.000000000000000000e+00
5.000000000000000000e+02 2.364787929529249197e+02 2.000000000000000000e+00 0.000000000000000000e+00
5.010000000000000000e+02 2.378698613202085141e+02 0.000000000000000000e+00 0.000000000000000000e+00
5.020000000000000000e+02 2.396154141288875508e+02 0.000000000000000000e+00 0.000000000000000000e+00
5.030000000000000000e+02 2.400910753392236927e+02 0.000000000000000000e+00 0.000000000000000000e+00
5.040000000000000000e+02 2.413850522340305531e+02 0.000000000000000000e+00 0.000000000000000000e+00
5.050000000000000000e+02 2.423570323483593256e+02 0.000000000000000000e+00 0.000000000000000000e+00
5.060000000000000000e+02 2.412494317873739647e+02 1.000000000000000000e+00 0.000000000000000000e+00
5.070000000000000000e+02 2.420580518611552350e+02 2.000000000000000000e+00 0.000000000000000000e+00
5.080000000000000000e+02 2.421512288762839660e+02 0.000000000000000000e+00 0.000000000000000000e+00
5.090000000000000000e+02 2.418730682584661622e+02 1.000000000000000000e+00 0.000000000000000000e+00
5.100000000000000000e+02 2.411300854105010956e+02 2.000000000000000000e+00 0.000000000000000000e+00
5.110000000000000000e+02 2.410297038807659078e+02 1.000000000000000000e+00 0.000000000000000000e+00
5.120000000000000000e+02 2.406357963594215050e+02 2.000000000000000000e+00 0.000000000000000000e+00
5.130000000000000000e+02 2.391416613922699810e+02 2.000000000000000000e+00 0.000000000000000000e+00
5.140000000000000000e+02 2.399077292098280623e+02 0.000000000000000000e+00 0.000000000000000000e+00
5.150000000000000000e+02 2.407535884574749332e+02 0.000000000000000000e+00 0.000000000000000000e+00
5.160000000000000000e+02 2.419419085344854921e+02 1.000000000000000000e+00 0.000000000000000000e+00
5.170000000000000000e+02 2.424903751274801778e+02 0.000000000000000000e+00 0.000000000000000000e+00
5.180000000000000000e+02 2.424896229234770999e+02 0.000000000000000000e+00 0.000000000000000000e+00
5.190000000000000000e+02 2.436260671051490476e+02 0.000000000000000000e+00 0.000000000000000000e+00
5.200000000000000000e+02 2.440879985219053765e+02 1.000000000000000000e+00 0.000000000000000000e+00
5.210000000000000000e+02 2.458897629773603910e+02 0.000000000000000000e+00 0.000000000000000000e+00
5.220000000000000000e+02 2.440121460581322026e+02 2.000000000000000000e+00 0.000000000000000000e+00
5.230000000000000000e+02 2.449865113913951404e+02 0.000000000000000000e+00 0.000000000000000000e+00
5.240000000000000000e+02 2.445704017845544911e+02 1.000000000000000000e+00 0.000000000000000000e+00
5.250000000000000000e+02 2.462956779838188197e+02 0.000000000000000000e+00 0.000000000000000000e+00
5.260000000000000000e+02 2.468290483968117144e+02 0.000000000000000000e+00 0.000000000000000000e+00
5.270000000000000000e+02 2.472825632914969276e+02 0.000000000000000000e+00 0.000000000000000000e+00
5.280000000000000000e+02 2.491134393961782507e+02 0.000000000000000000e+00 0.000000000000000000e+00
5.290000000000000000e+02 2.503918336113304406e+02 0.000000000000000000e+00 0.000000000000000000e+00
5.300000000000000000e+02 2.507979797675337750e+02 0.000000000000000000e+00 0.000000000000000000e+00
5.310000000000000000e+02 2.502831418356157371e+02 2.000000000000000000e+00 0.000000000000000000e+00
5.320000000000000000e+02 2.505151414863916273e+02 0.000000000000000000e+00 0.000000000000000000e+00
5.330000000000000000e+02 2.510414894217159940e+02 1.000000000000000000e+00 0.000000000000000000e+00
5.340000000000000000e+02 2.526446142594954267e+02 0.000000000000000000e+00 0.000000000000000000e+00
5.350000000000000000e+02 2.534244538683337851e+02 0.000000000000000000e+00 0.000000000000000000e+00
5.360000000000000000e+02 2.548053263407336146e+02 0.000000000000000000e+00 0.000000000000000000e+00
5.370000000000000000e+02 2.530117491628699327e+02 2.000000000000000000e+00 0.000000000000000000e+00
5.380000000000000000e+02 2.541570563511299383e+02 0.000000000000000000e+00 0.000000000000000000e+00
5.390000000000000000e+02 2.544154052349433925e+02 0.000000000000000000e+00 0.000000000000000000e+00
5.400000000000000000e+02 2.542974833377933521e+02 2.000000000000000000e+00 0.000000000000000000e+00
5.410000000000000000e+02 2.556137670261051369e+02 0.000000000000000000e+00 0.000000000000000000e+00
5.420000000000000000e+02 2.558680453977892455e+02 0.000000000000000000e+00 0.000000000000000000e+00
5.430000000000000000e+02 2.561552071631387548e+02 1.000000000000000000e+00 0.000000000000000000e+00
5.440000000000000000e+02 2.562218565609276197e+02 0.000000000000000000e+00 0.000000000000000000e+00
5.450000000000000000e+02 2.562223621272722198e+02 2.000000000000000000e+00 0.000000000000000000e+00
5.460000000000000000e+02 2.571324840016687858e+02 0.000000000000000000e+00 0.000000000000000000e+00
5.470000000000000000e+02 2.568214265239553811e+02 1.000000000000000000e+00 0.000000000000000000e+00
5.480000000000000000e+02 2.561307248882999943e+02 2.000000000000000000e+00 0.000000000000000000e+00
5.490000000000000000e+02 2.574450568332740659e+02 0.000000000000000000e+00 0.000000000000000000e+00
5.500000000000000000e+02 2.589301978353536811e+02 0.000000000000000000e+00 0.000000000000000000e+00
5.510000000000000000e+02 2.594051040887197814e+02 0.000000000000000000e+00 0.000000000000000000e+00
5.520000000000000000e+02 2.596709418925829027e+02 0.000000000000000000e+00 0.000000000000000000e+00
5.530000000000000000e+02 2.598764142298182378e+02 1.000000000000000000e+00 0.000000000000000000e+00
5.540000000000000000e+02 2.588839462284117872e+02 2.000000000000000000e+00 0.000000000000000000e+00
5.550000000000000000e+02 2.613011728068084381e+02 0.000000000000000000e+00 0.000000000000000000e+00
5.560000000000000000e+02 2.609655893554513000e+02 0.000000000000000000e+00 0.000000000000000000e+00
5.570000000000000000e+02 2.596927758017424139e+02 2.000000000000000000e+00 0.000000000000000000e+00
5.580000000000000000e+02 2.608011965301906230e+02 0.000000000000000000e+00 0.000000000000000000e+00
5.590000000000000000e+02 2.609693387979816066e+02 0.000000000000000000e+00 0.000000000000000000e+00
5.600000000000000000e+02 2.623257345362594037e+02 1.000000000000000000e+00 0.000000000000000000e+00
5.610000000000000000e+02 2.630798023523146298e+02 0.000000000000000000e+00 0.000000000000000000e+00
5.620000000000000000e+02 2.646418282205298738e+02 0.000000000000000000e+00 0.000000000000000000e+00
5.630000000000000000e+02 2.645022232303977603e+02 0.000000000000000000e+00 0.000000000000000000e+00
5.640000000000000000e+02 2.664009052687209191e+02 0.000000000000000000e+00 0.000000000000000000e+00
5.650000000000000000e+02 2.674197826064004175e+02 0.000000000000000000e+00 0.000000000000000000e+00
5.660000000000000000e+02 2.673645249201878187e+02 0.000000000000000000e+00 0.000000000000000000e+00
5.670000000000000000e+02 2.696276626859576595e+02 0.000000000000000000e+00 0.000000000000000000e+00
5.680000000000000000e+02 2.691435329895234077e+02 1.000000000000000000e+00 0.000000000000000000e+00
5.690000000000000000e+02 2.694814338651355570e+02 0.000000000000000000e+00 0.000000000000000000e+00
5.700000000000000000e+02 2.714953838286294285e+02 0.000000000000000000e+00 0.000000000000000000e+00
5.710000000000000000e+02 2.721725930085823393e+02 0.000000000000000000e+00 0.000000000000000000e+00
5.720000000000000000e+02 2.726582836371158010e+02 0.000000000000000000e+00 0.000000000000000000e+00
5.730000000000000000e+02 2.738248363909425507e+02 0.000000000000000000e+00 0.000000000000000000e+00
5.740000000000000000e+02 2.728449000637219797e+02 1.000000000000000000e+00 0.000000000000000000e+00
5.750000000000000000e+02 2.747564145345336328e+02 0.000000000000000000e+00 0.000000000000000000e+00
5.760000000000000000e+02 2.747645130577836881e+02 1.000000000000000000e+00 0.000000000000000000e+00
5.770000000000000000e+02 2.754172166295685429e+02 0.000000000000000000e+00 0.000000000000000000e+00
5.780000000000000000e+02 2.765787413227545244e+02 0.000000000000000000e+00 0.000000000000000000e+00
5.790000000000000000e+02 2.757409865955270902e+02 2.000000000000000000e+00 0.000000000000000000e+00
5.800000000000000000e+02 2.775170034045660827e+02 0.000000000000000000e+00 0.000000000000000000e+00
5.810000000000000000e+02 2.754092146037331759e+02 2.000000000000000000e+00 0.000000000000000000e+00
5.820000000000000000e+02 2.758912280843449025e+02 2.000000000000000000e+00 0.000000000000000000e+00
5.830000000000000000e+02 2.754962866782680635e+02 0.000000000000000000e+00 0.000000000000000000e+00
5.840000000000000000e+02 2.760595628044787873e+02 1.000000000000000000e+00 0.000000000000000000e+00
5.850000000000000000e+02 2.748432571008945047e+02 2.000000000000000000e+00 0.000000000000000000e+00
5.860000000000000000e+02 2.749183418587815027e+02 1.000000000000000000e+00 0.000000000000000000e+00
5.870000000000000000e+02 2.764380751349896173e+02 0.000000000000000000e+00 0.000000000000000000e+00
5.880000000000000000e+02 2.764512248678431661e+02 0.000000000000000000e+00 0.000000000000000000e+00
5.890000000000000000e+02 2.779332135755942659e+02 0.000000000000000000e+00 0.000000000000000000e+00
5.900000000000000000e+02 2.779958293217088681e+02 0.000000000000000000e+00 0.000000000000000000e+00
5.910000000000000000e+02 2.791930436752971332e+02 0.000000000000000000e+00 0.000000000000000000e+00
5.920000000000000000e+02 2.791925291874431423e+02 2.000000000000000000e+00 0.000000000000000000e+00
5.930000000000000000e+02 2.779608088535915158e+02 2.000000000000000000e+00 0.000000000000000000e+00
5.940000000000000000e+02 2.784852883886051131e+02 0.000000000000000000e+00 0.000000000000000000e+00
5.950000000000000000e+02 2.796597235655981990e+02 0.000000000000000000e+00 0.000000000000000000e+00
5.960000000000000000e+02 2.790070524510684891e+02 1.000000000000000000e+00 0.000000000000000000e+00
5.970000000000000000e+02 2.812562812499422762e+02 0.000000000000000000e+00 0.000000000000000000e+00
5.980000000000000000e+02 2.797743262404884490e+02 2.000000000000000000e+00 0.000000000000000000e+00
5.990000000000000000e+02 2.807647519372680449e+02 0.000000000000000000e+00 0.000000000000000000e+00
6.000000000000000000e+02 2.819623669931980317e+02 0.000000000000000000e+00 0.000000000000000000e+00
6.010000000000000000e+02 2.829286113070828605e+02 0.000000000000000000e+00 0.000000000000000000e+00
6.020000000000000000e+02 2.830873527791320612e+02 0.000000000000000000e+00 0.000000000000000000e+00
6.030000000000000000e+02 2.855921600564187202e+02 0.000000000000000000e+00 0.000000000000000000e+00
6.040000000000000000e+02 2.853324171120334540e+02 1.000000000000000000e+00 0.000000000000000000e+00
6.050000000000000000e+02 2.859040970760864298e+02 0.000000000000000000e+00 0.000000000000000000e+00
6.060000000000000000e+02 2.862906291492740820e+02 0.000000000000000000e+00 0.000000000000000000e+00
6.070000000000000000e+02 2.878214509550855951e+02 0.000000000000000000e+00 0.000000000000000000e+00
6.080000000000000000e+02 2.873150134266752502e+02 2.000000000000000000e+00 0.000000000000000000e+00
6.090000000000000000e+02 2.868955291821187643e+02 2.000000000000000000e+00 0.000000000000000000e+00
6.100000000000000000e+02 2.878211223840486355e+02 0.000000000000000000e+00 0.000000000000000000e+00
6.110000000000000000e+02 2.877505755561151091e+02 1.000000000000000000e+00 0.000000000000000000e+00
6.120000000000000000e+02 2.860413264575251446e+02 2.000000000000000000e+00 0.000000000000000000e+00
6.130000000000000000e+02 2.880513967635450285e+02 0.000000000000000000e+00 0.000000000000000000e+00
6.140000000000000000e+02 2.870712505939264361e+02 1.000000000000000000e+00 0.000000000000000000e+00
6.150000000000000000e+02 2.853564810524205768e+02 2.000000000000000000e+00 0.000000000000000000e+00
6.160000000000000000e+02 2.863010738678531766e+02 0.000000000000000000e+00 0.000000000000000000e+00
6.170000000000000000e+02 2.880385427880713678e+02 0.000000000000000000e+00 0.000000000000000000e+00
6.180000000000000000e+02 2.899145737597349353e+02 0.000000000000000000e+00 0.000000000000000000e+00
6.190000000000000000e+02 2.899837326931010466e+02 0.000000000000000000e+00 0.000000000000000000e+00
6.200000000000000000e+02 2.894891141407518376e+02 2.000000000000000000e+00 0.000000000000000000e+00
6.210000000000000000e+02 2.899345722285765987e+02 0.000000000000000000e+00 0.000000000000000000e+00
6.220000000000000000e+02 2.888396682005025582e+02 2.000000000000000000e+00 0.000000000000000000e+00
6.230000000000000000e+02 2.902731041205973384e+02 0.000000000000000000e+00 0.000000000000000000e+00
6.240000000000000000e+02 2.893839972451498852e+02 2.000000000000000000e+00 0.000000000000000000e+00
6.250000000000000000e+02 2.891048137820785655e+02 0.000000000000000000e+00 0.000000000000000000e+00
6.260000000000000000e+02 2.905331072648762074e+02 0.000000000000000000e+00 0.000000000000000000e+00
6.270000000000000000e+02 2.917238300340589490e+02 0.000000000000000000e+00 0.000000000000000000e+00
6.280000000000000000e+02 2.920841485481710151e+02 1.000000000000000000e+00 0.000000000000000000e+00
6.290000000000000000e+02 2.928651033124463083e+02 0.000000000000000000e+00 0.000000000000000000e+00
6.300000000000000000e+02 2.945792262829306765e+02 0.000000000000000000e+00 0.000000000000000000e+00
6.310000000000000000e+02 2.945490971962217372e+02 0.000000000000000000e+00 0.000000000000000000e+00
6.320000000000000000e+02 2.961793213105695486e+02 0.000000000000000000e+00 0.000000000000000000e+00
6.330000000000000000e+02 2.975281605976811079e+02 0.000000000000000000e+00 0.000000000000000000e+00
6.340000000000000000e+02 2.961114060168441711e+02 2.000000000000000000e+00 0.000000000000000000e+00
6.350000000000000000e+02 2.962920156319916032e+02 0.000000000000000000e+00 0.000000000000000000e+00
6.360000000000000000e+02 2.984518875403573475e+02 0.000000000000000000e+00 0.000000000000000000e+00
6.370000000000000000e+02 2.979027622178841739e+02 1.000000000000000000e+00 0.000000000000000000e+00
6.380000000000000000e+02 2.983066670080423251e+02 1.000000000000000000e+00 0.000000000000000000e+00
6.390000000000000000e+02 2.998573522406529719e+02 0.000000000000000000e+00 0.000000000000000000e+00
6.400000000000000000e+02 2.991678151814194848e+02 0.000000000000000000e+00 0.000000000000000000e+00
6.410000000000000000e+02 3.012030174041643136e+02 0.000000000000000000e+00 0.000000000000000000e+00
6.420000000000000000e+02 3.014271572188800405e+02 0.000000000000000000e+00 0.000000000000000000e+00
6.430000000000000000e+02 3.013516167946072528e+02 2.000000000000000000e+00 0.000000000000000000e+00
6.440000000000000000e+02 3.016405448526006126e+02 0.000000000000000000e+00 0.000000000000000000e+00
6.450000000000000000e+02 3.019704603524262438e+02 0.000000000000000000e+00 0.000000000000000000e+00
6.460000000000000000e+02 3.035403766304486339e+02 0.000000000000000000e+00 0.000000000000000000e+00
6.470000000000000000e+02 3.038341215848719230e+02 1.000000000000000000e+00 0.000000000000000000e+00
6.480000000000000000e+02 3.043743278224737310e+02 0.000000000000000000e+00 0.000000000000000000e+00
6.490000000000000000e+02 3.055583450109487558e+02 0.000000000000000000e+00 0.000000000000000000e+00
6.500000000000000000e+02 3.068791734745159943e+02 0.000000000000000000e+00 0.000000000000000000e+00
6.510000000000000000e+02 3.075254152627805979e+02 1.000000000000000000e+00 0.000000000000000000e+00
6.520000000000000000e+02 3.079800590809112464e+02 0.000000000000000000e+00 0.000000000000000000e+00
6.530000000000000000e+02 3.082841352794373506e+02 0.000000000000000000e+00 0.000000000000000000e+00
6.540000000000000000e+02 3.101306369581283775e+02 0.000000000000000000e+00 0.000000000000000000e+00
6.550000000000000000e+02 3.099646055796923747e+02 1.000000000000000000e+00 0.000000000000000000e+00
6.560000000000000000e+02 3.111083446746530967e+02 0.000000000000000000e+00 0.000000000000000000e+00
6.570000000000000000e+02 3.127409915120762776e+02 0.000000000000000000e+00 0.000000000000000000e+00
6.580000000000000000e+02 3.126184341201491179e+02 1.000000000000000000e+00 0.000000000000000000e+00
6.590000000000000000e+02 3.123798652289640927e+02 0.000000000000000000e+00 0.000000000000000000e+00
6.600000000000000000e+02 3.131281829366153033e+02 1.000000000000000000e+00 0.000000000000000000e+00
6.610000000000000000e+02 3.121997945682871887e+02 1.000000000000000000e+00 0.000000000000000000e+00
6.620000000000000000e+02 3.140068566990963745e+02 0.000000000000000000e+00 0.000000000000000000e+00
6.630000000000000000e+02 3.155281290291782739e+02 0.000000000000000000e+00 0.000000000000000000e+00
6.640000000000000000e+02 3.143032027630808329e+02 2.000000000000000000e+00 0.000000000000000000e+00
6.650000000000000000e+02 3.146530783649675413e+02 1.000000000000000000e+00 0.000000000000000000e+00
6.660000000000000000e+02 3.153150949899655302e+02 0.000000000000000000e+00 0.000000000000000000e+00
6.670000000000000000e+02 3.149472656921830094e+02 1.000000000000000000e+00 0.000000000000000000e+00
6.680000000000000000e+02 3.136301660720195628e+02 2.000000000000000000e+00 0.000000000000000000e+00
6.690000000000000000e+02 3.125883520929004362e+02 2.000000000000000000e+00 0.000000000000000000e+00
6.700000000000000000e+02 3.148656194299683762e+02 0.000000000000000000e+00 0.000000000000000000e+00
6.710000000000000000e+02 3.153042658847897997e+02 0.000000000000000000e+00 0.000000000000000000e+00
6.720000000000000000e+02 3.155567393657254911e+02 0.000000000000000000e+00 0.000000000000000000e+00
6.730000000000000000e+02 3.172601167129209330e+02 0.000000000000000000e+00 0.000000000000000000e+00
6.740000000000000000e+02 3.161505833594233081e+02 2.000000000000000000e+00 0.000000000000000000e+00
6.750000000000000000e+02 3.169497645288365106e+02 0.000000000000000000e+00 0.000000000000000000e+00
6.760000000000000000e+02 3.181134284674297987e+02 0.000000000000000000e+00 0.000000000000000000e+00
6.770000000000000000e+02 3.190725714785879745e+02 0.000000000000000000e+00 0.000000000000000000e+00
6.780000000000000000e+02 3.203788538296756769e+02 0.000000000000000000e+00 0.000000000000000000e+00
6.790000000000000000e+02 3.207964668141231073e+02 0.000000000000000000e+00 0.000000000000000000e+00
6.800000000000000000e+02 3.225345740868377220e+02 0.000000000000000000e+00 0.000000000000000000e+00
6.810000000000000000e+02 3.226537623898665856e+02 0.000000000000000000e+00 0.000000000000000000e+00
6.820000000000000000e+02 3.241562243089365438e+02 0.000000000000000000e+00 0.000000000000000000e+00
6.830000000000000000e+02 3.242607543270945598e+02 1.000000000000000000e+00 0.000000000000000000e+00
6.840000000000000000e+02 3.251177814743936096e+02 0.000000000000000000e+00 0.000000000000000000e+00
6.850000000000000000e+02 3.252444141592994811e+02 1.000000000000000000e+00 0.000000000000000000e+00
6.860000000000000000e+02 3.261811626062961977e+02 0.000000000000000000e+00 0.000000000000000000e+00
6.870000000000000000e+02 3.258885972814312026e+02 1.000000000000000000e+00 0.000000000000000000e+00
6.880000000000000000e+02 3.270722024427272459e+02 0.000000000000000000e+00 0.000000000000000000e+00
6.890000000000000000e+02 3.258023310786535376e+02 2.000000000000000000e+00 0.000000000000000000e+00
6.900000000000000000e+02 3.265652135896328900e+02 0.000000000000000000e+00 0.000000000000000000e+00
6.910000000000000000e+02 3.268934477579526288e+02 0.000000000000000000e+00 0.000000000000000000e+00
6.920000000000000000e+02 3.294888603397709517e+02 0.000000000000000000e+00 0.000000000000000000e+00
6.930000000000000000e+02 3.282549618219514969e+02 2.000000000000000000e+00 0.000000000000000000e+00
6.940000000000000000e+02 3.286623567253031979e+02 0.000000000000000000e+00 0.000000000000000000e+00
6.950000000000000000e+02 3.276399308059903888e+02 2.000000000000000000e+00 0.000000000000000000e+00
6.960000000000000000e+02 3.286185751948075335e+02 0.000000000000000000e+00 0.000000000000000000e+00
6.970000000000000000e+02 3.306150079816679295e+02 0.000000000000000000e+00 0.000000000000000000e+00
6.980000000000000000e+02 3.305019814050856439e+02 1.000000000000000000e+00 0.000000000000000000e+00
6.990000000000000000e+02 3.302140596327928392e+02 0.000000000000000000e+00 0.000000000000000000e+00
7.000000000000000000e+02 3.301516554716521341e+02 1.000000000000000000e+00 0.000000000000000000e+00
7.010000000000000000e+02 3.332336365151575137e+02 0.000000000000000000e+00 0.000000000000000000e+00
7.020000000000000000e+02 3.324943855037949447e+02 0.000000000000000000e+00 0.000000000000000000e+00
7.030000000000000000e+02 3.335740066886761497e+02 0.000000000000000000e+00 0.000000000000000000e+00
7.040000000000000000e+02 3.341205579215372268e+02 0.000000000000000000e+00 0.000000000000000000e+00
7.050000000000000000e+02 3.353130488632266974e+02 1.000000000000000000e+00 0.000000000000000000e+00
7.060000000000000000e+02 3.358823848713473126e+02 0.000000000000000000e+00 0.000000000000000000e+00
7.070000000000000000e+02 3.370237455552436359e+02 0.000000000000000000e+00 0.000000000000000000e+00
7.080000000000000000e+02 3.387845368845902954e+02 0.000000000000000000e+00 0.000000000000000000e+00
7.090000000000000000e+02 3.374749561238137403e+02 2.000000000000000000e+00 0.000000000000000000e+00
7.100000000000000000e+02 3.369166888278763281e+02 2.000000000000000000e+00 0.000000000000000000e+00
7.110000000000000000e+02 3.364171181762645233e+02 0.000000000000000000e+00 0.000000000000000000e+00
7.120000000000000000e+02 3.373310494070266827e+02 1.000000000000000000e+00 0.000000000000000000e+00
7.130000000000000000e+02 3.356141209427039485e+02 2.000000000000000000e+00 0.000000000000000000e+00
7.140000000000000000e+02 3.371471402767414816e+02 0.000000000000000000e+00 0.000000000000000000e+00
7.150000000000000000e+02 3.381240950657622761e+02 0.000000000000000000e+00 0.000000000000000000e+00
7.160000000000000000e+02 3.386730638299924294e+02 0.000000000000000000e+00 0.000000000000000000e+00
7.170000000000000000e+02 3.375178549303241198e+02 2.000000000000000000e+00 0.000000000000000000e+00
7.180000000000000000e+02 3.389697309560644385e+02 0.000000000000000000e+00 0.000000000000000000e+00
7.190000000000000000e+02 3.384984697197352830e+02 1.000000000000000000e+00 0.000000000000000000e+00
7.200000000000000000e+02 3.402442151001420143e+02 0.000000000000000000e+00 0.000000000000000000e+00
7.210000000000000000e+02 3.413281008341891152e+02 0.000000000000000000e+00 0.000000000000000000e+00
7.220000000000000000e+02 3.423301635062189234e+02 0.000000000000000000e+00 0.000000000000000000e+00
7.230000000000000000e+02 3.432116393273744848e+02 0.000000000000000000e+00 0.000000000000000000e+00
7.240000000000000000e+02 3.443104958007162963e+02 0.000000000000000000e+00 0.000000000000000000e+00
7.250000000000000000e+02 3.453146392102643176e+02 0.000000000000000000e+00 0.000000000000000000e+00
7.260000000000000000e+02 3.451190272837685029e+02 0.000000000000000000e+00 0.000000000000000000e+00
7.270000000000000000e+02 3.466751435397706018e+02 0.000000000000000000e+00 0.000000000000000000e+00
7.280000000000000000e+02 3.477589405915785505e+02 0.000000000000000000e+00 0.000000000000000000e+00
7.290000000000000000e+02 3.493851768609541750e+02 0.000000000000000000e+00 0.000000000000000000e+00
7.300000000000000000e+02 3.496021902281730149e+02 0.000000000000000000e+00 0.000000000000000000e+00
7.310000000000000000e+02 3.494279351705089312e+02 2.000000000000000000e+00 0.000000000000000000e+00
7.320000000000000000e+02 3.497092114086047445e+02 0.000000000000000000e+00 0.000000000000000000e+00
7.330000000000000000e+02 3.504108496175632581e+02 0.000000000000000000e+00 0.000000000000000000e+00
7.340000000000000000e+02 3.503643324657311382e+02 1.000000000000000000e+00 0.000000000000000000e+00
7.350000000000000000e+02 3.524136654824010861e+02 0.000000000000000000e+00 0.000000000000000000e+00
7.360000000000000000e+02 3.497519533128021862e+02 2.000000000000000000e+00 0.000000000000000000e+00
7.370000000000000000e+02 3.517009254165010361e+02 0.000000000000000000e+00 0.000000000000000000e+00
7.380000000000000000e+02 3.516382997626972724e+02 2.000000000000000000e+00 0.000000000000000000e+00
7.390000000000000000e+02 3.515513915745229383e+02 0.000000000000000000e+00 0.000000000000000000e+00
7.400000000000000000e+02 3.528903342291342824e+02 0.000000000000000000e+00 0.000000000000000000e+00
7.410000000000000000e+02 3.533931248745880112e+02 1.000000000000000000e+00 0.000000000000000000e+00
7.420000000000000000e+02 3.526043565439640588e+02 2.000000000000000000e+00 0.000000000000000000e+00
7.430000000000000000e+02 3.512515361979818067e+02 2.000000000000000000e+00 0.000000000000000000e+00
7.440000000000000000e+02 3.516652936850268816e+02 0.000000000000000000e+00 0.000000000000000000e+00
7.450000000000000000e+02 3.528475034926502758e+02 0.000000000000000000e+00 0.000000000000000000e+00
7.460000000000000000e+02 3.546318059429858636e+02 0.000000000000000000e+00 0.000000000000000000e+00
7.470000000000000000e+02 3.538484344518871012e+02 1.000000000000000000e+00 0.000000000000000000e+00
7.480000000000000000e+02 3.554906079722625805e+02 0.000000000000000000e+00 0.000000000000000000e+00
7.490000000000000000e+02 3.559135737830879975e+02 0.000000000000000000e+00 0.000000000000000000e+00
7.500000000000000000e+02 3.576047539086484903e+02 0.000000000000000000e+00 0.000000000000000000e+00
7.510000000000000000e+02 3.578367381057578882e+02 0.000000000000000000e+00 0.000000000000000000e+00
7.520000000000000000e+02 3.578603646009206045e+02 1.000000000000000000e+00 0.000000000000000000e+00
7.530000000000000000e+02 3.586426123303821214e+02 0.000000000000000000e+00 0.000000000000000000e+00
7.540000000000000000e+02 3.596168805453466462e+02 0.000000000000000000e+00 0.000000000000000000e+00
7.550000000000000000e+02 3.607863195874051598e+02 1.000000000000000000e+00 0.000000000000000000e+00
7.560000000000000000e+02 3.604230645660124424e+02 0.000000000000000000e+00 0.000000000000000000e+00
7.570000000000000000e+02 3.609188678182211447e+02 1.000000000000000000e+00 0.000000000000000000e+00
7.580000000000000000e+02 3.619285901895424331e+02 0.000000000000000000e+00 0.000000000000000000e+00
7.590000000000000000e+02 3.614290986515048871e+02 1.000000000000000000e+00 0.000000000000000000e+00
7.600000000000000000e+02 3.639788731100080099e+02 0.000000000000000000e+00 0.000000000000000000e+00
7.610000000000000000e+02 3.639868644334832197e+02 0.000000000000000000e+00 0.000000000000000000e+00
7.620000000000000000e+02 3.643329507814823387e+02 1.000000000000000000e+00 0.000000000000000000e+00
7.630000000000000000e+02 3.654206683566101219e+02 0.000000000000000000e+00 0.000000000000000000e+00
7.640000000000000000e+02 3.657532330813287444e+02 0.000000000000000000e+00 0.000000000000000000e+00
7.650000000000000000e+02 3.655487669877859958e+02 2.000000000000000000e+00 0.000000000000000000e+00
7.660000000000000000e+02 3.635714522701875353e+02 2.000000000000000000e+00 0.000000000000000000e+00
7.670000000000000000e+02 3.639135615606050465e+02 0.000000000000000000e+00 0.000000000000000000e+00
7.680000000000000000e+02 3.663068860933520341e+02 0.000000000000000000e+00 0.000000000000000000e+00
7.690000000000000000e+02 3.667805417807215917e+02 0.000000000000000000e+00 0.000000000000000000e+00
7.700000000000000000e+02 3.659033302503963796e+02 2.000000000000000000e+00 0.000000000000000000e+00
7.710000000000000000e+02 3.647829924674989570e+02 2.000000000000000000e+00 0.000000000000000000e+00
7.720000000000000000e+02 3.658565367623361340e+02 0.000000000000000000e+00 0.000000000000000000e+00
7.730000000000000000e+02 3.658323219692113639e+02 1.000000000000000000e+00 0.000000000000000000e+00
7.740000000000000000e+02 3.660007051706473362e+02 1.000000000000000000e+00 0.000000000000000000e+00
7.750000000000000000e+02 3.659395827868277706e+02 1.000000000000000000e+00 0.000000000000000000e+00
7.760000000000000000e+02 3.666115012426994895e+02 0.000000000000000000e+00 0.000000000000000000e+00
7.770000000000000000e+02 3.674077534072048934e+02 1.000000000000000000e+00 0.000000000000000000e+00
7.780000000000000000e+02 3.677139937090515218e+02 0.000000000000000000e+00 0.000000000000000000e+00
7.790000000000000000e+02 3.685836960449257731e+02 0.000000000000000000e+00 0.000000000000000000e+00
7.800000000000000000e+02 3.705152125098283591e+02 0.000000000000000000e+00 0.000000000000000000e+00
7.810000000000000000e+02 3.701084232812592063e+02 2.000000000000000000e+00 0.000000000000000000e+00
7.820000000000000000e+02 3.703507578962674529e+02 0.000000000000000000e+00 0.000000000000000000e+00
7.830000000000000000e+02 3.720043510245032508e+02 0.000000000000000000e+00 0.000000000000000000e+00
7.840000000000000000e+02 3.704962333107180825e+02 2.000000000000000000e+00 0.000000000000000000e+00
7.850000000000000000e+02 3.687820266695948135e+02 2.000000000000000000e+00 0.000000000000000000e+00
7.860000000000000000e+02 3.701663530611894544e+02 0.000000000000000000e+00 0.000000000000000000e+00
7.870000000000000000e+02 3.712697499792886333e+02 0.000000000000000000e+00 0.000000000000000000e+00
7.880000000000000000e+02 3.713209206442906520e+02 0.000000000000000000e+00 0.000000000000000000e+00
7.890000000000000000e+02 3.722156084322149354e+02 1.000000000000000000e+00 0.000000000000000000e+00
7.900000000000000000e+02 3.725815625904583044e+02 0.000000000000000000e+00 0.000000000000000000e+00
7.910000000000000000e+02 3.741479641844451294e+02 0.000000000000000000e+00 0.000000000000000000e+00
7.920000000000000000e+02 3.744075255748373934e+02 0.000000000000000000e+00 0.000000000000000000e+00
7.930000000000000000e+02 3.752985830692312561e+02 0.000000000000000000e+00 0.000000000000000000e+00
7.940000000000000000e+02 3.763050814223972225e+02 0.000000000000000000e+00 0.000000000000000000e+00
7.950000000000000000e+02 3.774489954787247825e+02 1.000000000000000000e+00 0.000000000000000000e+00
7.960000000000000000e+02 3.777038546865924218e+02 0.000000000000000000e+00 0.000000000000000000e+00
7.970000000000000000e+02 3.786148867275004477e+02 0.000000000000000000e+00 0.000000000000000000e+00
7.980000000000000000e+02 3.789842603866840705e+02 1.000000000000000000e+00 0.000000000000000000e+00
7.990000000000000000e+02 3.794751729900863779e+02 0.000000000000000000e+00 0.000000000000000000e+00
8.000000000000000000e+02 3.797091388863384509e+02 1.000000000000000000e+00 0.000000000000000000e+00
