time	position	state	ATP_bound
1.000000000000000000e+00 9.223620319042163951e-01 0.000000000000000000e+00 0.000000000000000000e+00
2.000000000000000000e+00 1.069667778595614127e+00 1.000000000000000000e+00 0.000000000000000000e+00
3.000000000000000000e+00 2.628740287255084684e+00 0.000000000000000000e+00 0.000000000000000000e+00
4.000000000000000000e+00 1.372811560975594425e+00 2.000000000000000000e+00 0.000000000000000000e+00
5.000000000000000000e+00 1.275333278878012955e+00 1.000000000000000000e+00 0.000000000000000000e+00
6.000000000000000000e+00 7.620682541995219550e-01 2.000000000000000000e+00 0.000000000000000000e+00
7.000000000000000000e+00 5.276113641974237156e-01 0.000000000000000000e+00 0.000000000000000000e+00
8.000000000000000000e+00 1.839778624068953095e+00 0.000000000000000000e+00 0.000000000000000000e+00
9.000000000000000000e+00 2.656412121971735374e+00 0.000000000000000000e+00 0.000000000000000000e+00
1.000000000000000000e+01 4.697020583999331755e+00 0.000000000000000000e+00 0.000000000000000000e+00
1.100000000000000000e+01 3.927869661083368769e+00 2.000000000000000000e+00 0.000000000000000000e+00
1.200000000000000000e+01 3.291792500900541985e+00 1.000000000000000000e+00 0.000000000000000000e+00
1.300000000000000000e+01 4.548575718760486275e+00 0.000000000000000000e+00 0.000000000000000000e+00
1.400000000000000000e+01 5.189355804909277836e+00 0.000000000000000000e+00 0.000000000000000000e+00
1.500000000000000000e+01 5.365448019797514512e+00 1.000000000000000000e+00 0.000000000000000000e+00
1.600000000000000000e+01 5.867275349236960480e+00 0.000000000000000000e+00 0.000000000000000000e+00
1.700000000000000000e+01 6.082609014376787471e+00 1.000000000000000000e+00 0.000000000000000000e+00
1.800000000000000000e+01 7.146637889800635968e+00 0.000000000000000000e+00 0.000000000000000000e+00
1.900000000000000000e+01 7.338400995244185765e+00 1.000000000000000000e+00 0.000000000000000000e+00
2.000000000000000000e+01 7.446790593476928954e+00 0.000000000000000000e+00 0.000000000000000000e+00
2.100000000000000000e+01 7.528354213143286344e+00 1.000000000000000000e+00 0.000000000000000000e+00
2.200000000000000000e+01 9.038408057169480259e+00 0.000000000000000000e+00 0.000000000000000000e+00
2.300000000000000000e+01 8.840228484883267512e+00 2.000000000000000000e+00 0.000000000000000000e+00
2.400000000000000000e+01 9.177436056852503299e+00 0.000000000000000000e+00 0.000000000000000000e+00
2.500000000000000000e+01 8.737446017770002626e+00 2.000000000000000000e+00 0.000000000000000000e+00
2.600000000000000000e+01 9.641073068679959945e+00 0.000000000000000000e+00 0.000000000000000000e+00
2.700000000000000000e+01 8.351482678911343882e+00 2.000000000000000000e+00 0.000000000000000000e+00
2.800000000000000000e+01 9.254750722840514143e+00 0.000000000000000000e+00 0.000000000000000000e+00
2.900000000000000000e+01 9.935109868036722247e+00 0.000000000000000000e+00 0.000000000000000000e+00
3.000000000000000000e+01 1.075733279891643157e+01 0.000000000000000000e+00 0.000000000000000000e+00
3.100000000000000000e+01 9.663339068436140877e+00 2.000000000000000000e+00 0.000000000000000000e+00
3.200000000000000000e+01 1.058881309963705952e+01 1.000000000000000000e+00 0.000000000000000000e+00
3.300000000000000000e+01 1.167034350128689191e+01 0.000000000000000000e+00 0.000000000000000000e+00
3.400000000000000000e+01 1.266174643405256717e+01 0.000000000000000000e+00 0.000000000000000000e+00
3.500000000000000000e+01 1.304140120549683068e+01 0.000000000000000000e+00 0.000000000000000000e+00
3.600000000000000000e+01 1.377639815935118328e+01 0.000000000000000000e+00 0.000000000000000000e+00
3.700000000000000000e+01 1.413844698623276486e+01 0.000000000000000000e+00 0.000000000000000000e+00
3.800000000000000000e+01 1.588456972633883701e+01 0.000000000000000000e+00 0.000000000000000000e+00
3.900000000000000000e+01 1.512744462929462053e+01 1.000000000000000000e+00 0.000000000000000000e+00
4.000000000000000000e+01 1.704764284586194023e+01 1.000000000000000000e+00 0.000000000000000000e+00
4.100000000000000000e+01 1.687306471170251143e+01 1.000000000000000000e+00 0.000000000000000000e+00
4.200000000000000000e+01 1.386534717656174820e+01 2.000000000000000000e+00 0.000000000000000000e+00
4.300000000000000000e+01 1.372883913514192500e+01 2.000000000000000000e+00 0.000000000000000000e+00
4.400000000000000000e+01 1.402369978969261588e+01 0.000000000000000000e+00 0.000000000000000000e+00
4.500000000000000000e+01 1.624689904571426879e+01 0.000000000000000000e+00 0.000000000000000000e+00
4.600000000000000000e+01 1.636263426499961682e+01 0.000000000000000000e+00 0.000000000000000000e+00
4.700000000000000000e+01 1.605888665707612617e+01 2.000000000000000000e+00 0.000000000000000000e+00
4.800000000000000000e+01 1.600743418077323810e+01 0.000000000000000000e+00 0.000000000000000000e+00
4.900000000000000000e+01 1.856316355480942093e+01 0.000000000000000000e+00 0.000000000000000000e+00
5.000000000000000000e+01 1.930327071572983755e+01 0.000000000000000000e+00 0.000000000000000000e+00
5.100000000000000000e+01 1.964829382362934851e+01 0.000000000000000000e+00 0.000000000000000000e+00
5.200000000000000000e+01 1.964875274474027478e+01 1.000000000000000000e+00 0.000000000000000000e+00
5.300000000000000000e+01 2.117461731998987773e+01 0.000000000000000000e+00 0.000000000000000000e+00
5.400000000000000000e+01 2.178890038034102972e+01 0.000000000000000000e+00 0.000000000000000000e+00
5.500000000000000000e+01 2.269555645472573957e+01 1.000000000000000000e+00 0.000000000000000000e+00
5.600000000000000000e+01 2.292713936901162697e+01 0.000000000000000000e+00 0.000000000000000000e+00
5.700000000000000000e+01 2.391716181306956202e+01 0.000000000000000000e+00 0.000000000000000000e+00
5.800000000000000000e+01 2.507962147881324455e+01 0.000000000000000000e+00 0.000000000000000000e+00
5.900000000000000000e+01 2.554500305097217705e+01 0.000000000000000000e+00 0.000000000000000000e+00
6.000000000000000000e+01 2.719308091641471492e+01 0.000000000000000000e+00 0.000000000000000000e+00
6.100000000000000000e+01 2.828319325289557540e+01 0.000000000000000000e+00 0.000000000000000000e+00
6.200000000000000000e+01 2.821505756069471005e+01 0.000000000000000000e+00 0.000000000000000000e+00
6.300000000000000000e+01 2.974865597449442589e+01 0.000000000000000000e+00 0.000000000000000000e+00
6.400000000000000000e+01 3.111946671318320412e+01 0.000000000000000000e+00 0.000000000000000000e+00
6.500000000000000000e+01 3.196497603520531072e+01 0.000000000000000000e+00 0.000000000000000000e+00
6.600000000000000000e+01 3.266447818624949662e+01 0.000000000000000000e+00 0.000000000000000000e+00
6.700000000000000000e+01 3.144304983142331977e+01 2.000000000000000000e+00 0.000000000000000000e+00
6.800000000000000000e+01 3.287363626505458569e+01 0.000000000000000000e+00 0.000000000000000000e+00
6.900000000000000000e+01 3.397581434299880243e+01 0.000000000000000000e+00 0.000000000000000000e+00
7.000000000000000000e+01 3.469440171421914698e+01 0.000000000000000000e+00 0.000000000000000000e+00
7.100000000000000000e+01 3.512740437383715175e+01 0.000000000000000000e+00 0.000000000000000000e+00
7.200000000000000000e+01 3.656901266762645974e+01 1.000000000000000000e+00 0.000000000000000000e+00
7.300000000000000000e+01 3.549396540333522410e+01 2.000000000000000000e+00 0.000000000000000000e+00
7.400000000000000000e+01 3.538972346416646531e+01 0.000000000000000000e+00 0.000000000000000000e+00
7.500000000000000000e+01 3.588510621583813531e+01 0.000000000000000000e+00 0.000000000000000000e+00
7.600000000000000000e+01 3.727407248526178307e+01 0.000000000000000000e+00 0.000000000000000000e+00
7.700000000000000000e+01 3.806194813234888841e+01 1.000000000000000000e+00 0.000000000000000000e+00
7.800000000000000000e+01 3.885817929185488850e+01 1.000000000000000000e+00 0.000000000000000000e+00
7.900000000000000000e+01 3.910826326177983248e+01 0.000000000000000000e+00 0.000000000000000000e+00
8.000000000000000000e+01 3.974392275974482658e+01 1.000000000000000000e+00 0.000000000000000000e+00
8.100000000000000000e+01 3.779240955473010644e+01 2.000000000000000000e+00 0.000000000000000000e+00
8.200000000000000000e+01 3.829392588510874162e+01 0.000000000000000000e+00 0.000000000000000000e+00
8.300000000000000000e+01 3.948178004882574044e+01 0.000000000000000000e+00 0.000000000000000000e+00
8.400000000000000000e+01 3.835266047778106469e+01 2.000000000000000000e+00 0.000000000000000000e+00
8.500000000000000000e+01 3.979203379674967067e+01 0.000000000000000000e+00 0.000000000000000000e+00
8.600000000000000000e+01 4.088160352713115486e+01 1.000000000000000000e+00 0.000000000000000000e+00
8.700000000000000000e+01 3.855827984373612338e+01 2.000000000000000000e+00 0.000000000000000000e+00
8.800000000000000000e+01 4.012173733067702130e+01 0.000000000000000000e+00 0.000000000000000000e+00
8.900000000000000000e+01 4.033875696169432956e+01 1.000000000000000000e+00 0.000000000000000000e+00
9.000000000000000000e+01 3.996481175726421498e+01 0.000000000000000000e+00 0.000000000000000000e+00
9.100000000000000000e+01 4.017813601282301050e+01 2.000000000000000000e+00 0.000000000000000000e+00
9.200000000000000000e+01 4.055870522951059343e+01 1.000000000000000000e+00 0.000000000000000000e+00
9.300000000000000000e+01 4.075769816853456717e+01 0.000000000000000000e+00 0.000000000000000000e+00
9.400000000000000000e+01 4.036957447753538730e+01 2.000000000000000000e+00 0.000000000000000000e+00
9.500000000000000000e+01 4.135144445350673692e+01 0.000000000000000000e+00 0.000000000000000000e+00
9.600000000000000000e+01 4.134066881119879611e+01 0.000000000000000000e+00 0.000000000000000000e+00
9.700000000000000000e+01 4.038505984407752436e+01 2.000000000000000000e+00 0.000000000000000000e+00
9.800000000000000000e+01 4.095850910965062042e+01 1.000000000000000000e+00 0.000000000000000000e+00
9.900000000000000000e+01 4.114671228168443662e+01 1.000000000000000000e+00 0.000000000000000000e+00
1.000000000000000000e+02 4.038951455532172474e+01 2.000000000000000000e+00 0.000000000000000000e+00
1.010000000000000000e+02 4.060900140773677691e+01 0.000000000000000000e+00 0.000000000000000000e+00
1.020000000000000000e+02 4.155712245859367471e+01 0.000000000000000000e+00 0.000000000000000000e+00
1.030000000000000000e+02 4.371994332234436342e+01 0.000000000000000000e+00 0.000000000000000000e+00
1.040000000000000000e+02 4.421926162284942308e+01 0.000000000000000000e+00 0.000000000000000000e+00
1.050000000000000000e+02 4.562090694450510853e+01 0.000000000000000000e+00 0.000000000000000000e+00
1.060000000000000000e+02 4.626115455439453683e+01 0.000000000000000000e+00 0.000000000000000000e+00
1.070000000000000000e+02 4.758169597410459772e+01 0.000000000000000000e+00 0.000000000000000000e+00
1.080000000000000000e+02 4.753651453925917281e+01 0.000000000000000000e+00 0.000000000000000000e+00
1.090000000000000000e+02 4.822500460137842282e+01 0.000000000000000000e+00 0.000000000000000000e+00
1.100000000000000000e+02 5.008543419816461295e+01 0.000000000000000000e+00 0.000000000000000000e+00
1.110000000000000000e+02 5.162545778625205628e+01 0.000000000000000000e+00 0.000000000000000000e+00
1.120000000000000000e+02 4.952160433347542323e+01 2.000000000000000000e+00 0.000000000000000000e+00
1.130000000000000000e+02 5.031487616648870898e+01 1.000000000000000000e+00 0.000000000000000000e+00
1.140000000000000000e+02 5.034591430784035282e+01 0.000000000000000000e+00 0.000000000000000000e+00
1.150000000000000000e+02 4.909154358450183508e+01 2.000000000000000000e+00 0.000000000000000000e+00
1.160000000000000000e+02 5.072700787963911750e+01 0.000000000000000000e+00 0.000000000000000000e+00
1.170000000000000000e+02 4.947441931945540006e+01 2.000000000000000000e+00 0.000000000000000000e+00
1.180000000000000000e+02 4.858693531572643565e+01 2.000000000000000000e+00 0.000000000000000000e+00
1.190000000000000000e+02 5.014541911990215795e+01 0.000000000000000000e+00 0.000000000000000000e+00
1.200000000000000000e+02 4.827906145948194450e+01 2.000000000000000000e+00 0.000000000000000000e+00
1.210000000000000000e+02 5.021311314077352250e+01 0.000000000000000000e+00 0.000000000000000000e+00
1.220000000000000000e+02 5.182177026675637421e+01 0.000000000000000000e+00 0.000000000000000000e+00
1.230000000000000000e+02 5.177728251668330728e+01 0.000000000000000000e+00 0.000000000000000000e+00
1.240000000000000000e+02 5.379446630702539522e+01 0.000000000000000000e+00 0.000000000000000000e+00
1.250000000000000000e+02 5.410826205591622085e+01 0.000000000000000000e+00 0.000000000000000000e+00
1.260000000000000000e+02 5.326017632015376080e+01 2.000000000000000000e+00 0.000000000000000000e+00
1.270000000000000000e+02 5.354821892272975958e+01 0.000000000000000000e+00 0.000000000000000000e+00
1.280000000000000000e+02 5.403655026638829639e+01 2.000000000000000000e+00 0.000000000000000000e+00
1.290000000000000000e+02 5.424367446831684703e+01 0.000000000000000000e+00 0.000000000000000000e+00
1.300000000000000000e+02 5.488608429383650389e+01 0.000000000000000000e+00 0.000000000000000000e+00
1.310000000000000000e+02 5.648514881064478033e+01 0.000000000000000000e+00 0.000000000000000000e+00
1.320000000000000000e+02 5.547344858568993686e+01 1.000000000000000000e+00 0.000000000000000000e+00
1.330000000000000000e+02 5.544757558636140971e+01 0.000000000000000000e+00 0.000000000000000000e+00
1.340000000000000000e+02 5.770585988747094319e+01 0.000000000000000000e+00 0.000000000000000000e+00
1.350000000000000000e+02 5.829949816133639473e+01 1.000000000000000000e+00 0.000000000000000000e+00
1.360000000000000000e+02 5.937011511400818620e+01 0.000000000000000000e+00 0.000000000000000000e+00
1.370000000000000000e+02 5.849822326015888763e+01 1.000000000000000000e+00 0.000000000000000000e+00
1.380000000000000000e+02 5.981607488122070748e+01 0.000000000000000000e+00 0.000000000000000000e+00
1.390000000000000000e+02 5.890418659954799807e+01 2.000000000000000000e+00 0.000000000000000000e+00
1.400000000000000000e+02 5.879215625255356059e+01 0.000000000000000000e+00 0.000000000000000000e+00
1.410000000000000000e+02 5.934430872041193084e+01 2.000000000000000000e+00 0.000000000000000000e+00
1.420000000000000000e+02 5.873766608786890941e+01 2.000000000000000000e+00 0.000000000000000000e+00
1.430000000000000000e+02 5.946518292223716173e+01 0.000000000000000000e+00 0.000000000000000000e+00
1.440000000000000000e+02 5.825649314259083411e+01 1.000000000000000000e+00 0.000000000000000000e+00
1.450000000000000000e+02 5.988112414376429626e+01 0.000000000000000000e+00 0.000000000000000000e+00
1.460000000000000000e+02 5.949170628338798394e+01 0.000000000000000000e+00 0.000000000000000000e+00
1.470000000000000000e+02 6.185449065429389037e+01 0.000000000000000000e+00 0.000000000000000000e+00
1.480000000000000000e+02 6.250268671435272694e+01 2.000000000000000000e+00 0.000000000000000000e+00
1.490000000000000000e+02 6.123534734596837126e+01 0.000000000000000000e+00 0.000000000000000000e+00
1.500000000000000000e+02 6.216998398321496211e+01 1.000000000000000000e+00 0.000000000000000000e+00
1.510000000000000000e+02 6.075086552305898380e+01 1.000000000000000000e+00 0.000000000000000000e+00
1.520000000000000000e+02 6.320209854155496743e+01 0.000000000000000000e+00 0.000000000000000000e+00
1.530000000000000000e+02 6.434224092850311649e+01 0.000000000000000000e+00 0.000000000000000000e+00
1.540000000000000000e+02 6.455058483151971416e+01 0.000000000000000000e+00 0.000000000000000000e+00
1.550000000000000000e+02 6.543042410273919529e+01 1.000000000000000000e+00 0.000000000000000000e+00
1.560000000000000000e+02 6.653082234491564861e+01 0.000000000000000000e+00 0.000000000000000000e+00
1.570000000000000000e+02 6.697696003654407093e+01 0.000000000000000000e+00 0.000000000000000000e+00
1.580000000000000000e+02 6.788411194077802691e+01 0.000000000000000000e+00 0.000000000000000000e+00
1.590000000000000000e+02 6.824897426590651150e+01 0.000000000000000000e+00 0.000000000000000000e+00
1.600000000000000000e+02 6.867260588180893421e+01 1.000000000000000000e+00 0.000000000000000000e+00
1.610000000000000000e+02 6.952722668698095276e+01 0.000000000000000000e+00 0.000000000000000000e+00
1.620000000000000000e+02 7.082815888928082870e+01 0.000000000000000000e+00 0.000000000000000000e+00
1.630000000000000000e+02 6.994886578687926715e+01 2.000000000000000000e+00 0.000000000000000000e+00
1.640000000000000000e+02 6.933847137573350494e+01 2.000000000000000000e+00 0.000000000000000000e+00
1.650000000000000000e+02 6.822768680484848858e+01 2.000000000000000000e+00 0.000000000000000000e+00
1.660000000000000000e+02 6.898437626795700339e+01 0.000000000000000000e+00 0.000000000000000000e+00
1.670000000000000000e+02 7.062114536661026420e+01 0.000000000000000000e+00 0.000000000000000000e+00
1.680000000000000000e+02 6.993929957017201104e+01 1.000000000000000000e+00 0.000000000000000000e+00
1.690000000000000000e+02 7.141312239008004781e+01 0.000000000000000000e+00 0.000000000000000000e+00
1.700000000000000000e+02 7.208627387146914600e+01 0.000000000000000000e+00 0.000000000000000000e+00
1.710000000000000000e+02 7.086055610423468920e+01 1.000000000000000000e+00 0.000000000000000000e+00
1.720000000000000000e+02 7.107389691772809215e+01 2.000000000000000000e+00 0.000000000000000000e+00
1.730000000000000000e+02 7.091834236688323756e+01 0.000000000000000000e+00 0.000000000000000000e+00
1.740000000000000000e+02 7.370046976725049603e+01 0.000000000000000000e+00 0.000000000000000000e+00
1.750000000000000000e+02 7.370330512325394068e+01 0.000000000000000000e+00 0.000000000000000000e+00
1.760000000000000000e+02 7.579138049118925835e+01 0.000000000000000000e+00 0.000000000000000000e+00
1.770000000000000000e+02 7.575267074718951221e+01 0.000000000000000000e+00 0.000000000000000000e+00
1.780000000000000000e+02 7.695380007087027252e+01 0.000000000000000000e+00 0.000000000000000000e+00
1.790000000000000000e+02 7.805794439840398979e+01 0.000000000000000000e+00 0.000000000000000000e+00
1.800000000000000000e+02 7.865703110331608627e+01 0.000000000000000000e+00 0.000000000000000000e+00
1.810000000000000000e+02 7.827019186040978127e+01 2.000000000000000000e+00 0.000000000000000000e+00
1.820000000000000000e+02 7.800139920072938082e+01 1.000000000000000000e+00 0.000000000000000000e+00
1.830000000000000000e+02 7.952556684390813757e+01 0.000000000000000000e+00 0.000000000000000000e+00
1.840000000000000000e+02 7.863891831198691307e+01 1.000000000000000000e+00 0.000000000000000000e+00
1.850000000000000000e+02 7.927853644127890220e+01 0.000000000000000000e+00 0.000000000000000000e+00
1.860000000000000000e+02 8.145431706486826329e+01 0.000000000000000000e+00 0.000000000000000000e+00
1.870000000000000000e+02 8.228207806118597034e+01 0.000000000000000000e+00 0.000000000000000000e+00
1.880000000000000000e+02 8.199858306312461309e+01 1.000000000000000000e+00 0.000000000000000000e+00
1.890000000000000000e+02 8.242086489658288428e+01 0.000000000000000000e+00 0.000000000000000000e+00
1.900000000000000000e+02 8.353102272155562957e+01 0.000000000000000000e+00 0.000000000000000000e+00
1.910000000000000000e+02 8.503762023463870889e+01 0.000000000000000000e+00 0.000000000000000000e+00
1.920000000000000000e+02 8.612086161438230647e+01 0.000000000000000000e+00 0.000000000000000000e+00
1.930000000000000000e+02 8.770818764020320657e+01 0.000000000000000000e+00 0.000000000000000000e+00
1.940000000000000000e+02 8.748074282872930496e+01 0.000000000000000000e+00 0.000000000000000000e+00
1.950000000000000000e+02 8.698208128603806699e+01 2.000000000000000000e+00 0.000000000000000000e+00
1.960000000000000000e+02 8.786077591325981473e+01 0.000000000000000000e+00 0.000000000000000000e+00
1.970000000000000000e+02 8.870457438157230001e+01 0.000000000000000000e+00 0.000000000000000000e+00
1.980000000000000000e+02 8.876589735280326465e+01 1.000000000000000000e+00 0.000000000000000000e+00
1.990000000000000000e+02 8.956468517994434819e+01 1.000000000000000000e+00 0.000000000000000000e+00
2.000000000000000000e+02 8.794705882940563413e+01 2.000000000000000000e+00 0.000000000000000000e+00
2.010000000000000000e+02 8.845672078169806696e+01 1.000000000000000000e+00 0.000000000000000000e+00
2.020000000000000000e+02 8.838611566633659322e+01 0.000000000000000000e+00 0.000000000000000000e+00
2.030000000000000000e+02 8.968611890331651182e+01 0.000000000000000000e+00 0.000000000000000000e+00
2.040000000000000000e+02 8.848369005240927265e+01 2.000000000000000000e+00 0.000000000000000000e+00
2.050000000000000000e+02 8.930791572791444821e+01 0.000000000000000000e+00 0.000000000000000000e+00
2.060000000000000000e+02 9.046018873201830957e+01 0.000000000000000000e+00 0.000000000000000000e+00
2.070000000000000000e+02 9.212058691777900776e+01 0.000000000000000000e+00 0.000000000000000000e+00
2.080000000000000000e+02 9.245223879362275454e+01 0.000000000000000000e+00 0.000000000000000000e+00
2.090000000000000000e+02 9.430410698004899928e+01 0.000000000000000000e+00 0.000000000000000000e+00
2.100000000000000000e+02 9.459409038189885166e+01 0.000000000000000000e+00 0.000000000000000000e+00
2.110000000000000000e+02 9.663254035578941625e+01 0.000000000000000000e+00 0.000000000000000000e+00
2.120000000000000000e+02 9.680135649025353928e+01 0.000000000000000000e+00 0.000000000000000000e+00
2.130000000000000000e+02 9.651007310660295957e+01 1.000000000000000000e+00 0.000000000000000000e+00
2.140000000000000000e+02 9.788241175714371423e+01 0.000000000000000000e+00 0.000000000000000000e+00
2.150000000000000000e+02 9.936285482576057859e+01 0.000000000000000000e+00 0.000000000000000000e+00
2.160000000000000000e+02 9.971550076305899779e+01 0.000000000000000000e+00 0.000000000000000000e+00
2.170000000000000000e+02 9.870971076418190648e+01 2.000000000000000000e+00 0.000000000000000000e+00
2.180000000000000000e+02 9.947026692943735782e+01 1.000000000000000000e+00 0.000000000000000000e+00
2.190000000000000000e+02 1.002312270651711827e+02 0.000000000000000000e+00 0.000000000000000000e+00
2.200000000000000000e+02 9.863820337689982409e+01 2.000000000000000000e+00 0.000000000000000000e+00
2.210000000000000000e+02 1.000273757995477695e+02 0.000000000000000000e+00 0.000000000000000000e+00
2.220000000000000000e+02 9.914061843439210975e+01 2.000000000000000000e+00 0.000000000000000000e+00
2.230000000000000000e+02 9.802366057958393242e+01 1.000000000000000000e+00 0.000000000000000000e+00
2.240000000000000000e+02 1.000279501760258540e+02 0.000000000000000000e+00 0.000000000000000000e+00
2.250000000000000000e+02 1.012406862708249804e+02 0.000000000000000000e+00 0.000000000000000000e+00
2.260000000000000000e+02 1.023463032839748763e+02 0.000000000000000000e+00 0.000000000000000000e+00
2.270000000000000000e+02 1.027641888315480543e+02 0.000000000000000000e+00 0.000000000000000000e+00
2.280000000000000000e+02 1.044491022441418551e+02 0.000000000000000000e+00 0.000000000000000000e+00
2.290000000000000000e+02 1.048863180617687050e+02 0.000000000000000000e+00 0.000000000000000000e+00
2.300000000000000000e+02 1.037721566046768942e+02 2.000000000000000000e+00 0.000000000000000000e+00
2.310000000000000000e+02 1.037280060152352661e+02 1.000000000000000000e+00 0.000000000000000000e+00
2.320000000000000000e+02 1.039946602926416404e+02 1.000000000000000000e+00 0.000000000000000000e+00
2.330000000000000000e+02 1.043144973768857113e+02 0.000000000000000000e+00 0.000000000000000000e+00
2.340000000000000000e+02 1.057246031456590742e+02 0.000000000000000000e+00 0.000000000000000000e+00
2.350000000000000000e+02 1.064265347340775776e+02 1.000000000000000000e+00 0.000000000000000000e+00
2.360000000000000000e+02 1.065493454510731937e+02 0.000000000000000000e+00 0.000000000000000000e+00
2.370000000000000000e+02 1.075853030465262066e+02 0.000000000000000000e+00 0.000000000000000000e+00
2.380000000000000000e+02 1.092395999276435390e+02 0.000000000000000000e+00 0.000000000000000000e+00
2.390000000000000000e+02 1.102940386708984164e+02 0.000000000000000000e+00 0.000000000000000000e+00
2.400000000000000000e+02 1.095600484624752511e+02 1.000000000000000000e+00 0.000000000000000000e+00
2.410000000000000000e+02 1.110027733837543167e+02 0.000000000000000000e+00 0.000000000000000000e+00
2.420000000000000000e+02 1.129510878280828052e+02 0.000000000000000000e+00 0.000000000000000000e+00
2.430000000000000000e+02 1.113769291649806377e+02 1.000000000000000000e+00 0.000000000000000000e+00
2.440000000000000000e+02 1.139138580734395276e+02 0.000000000000000000e+00 0.000000000000000000e+00
2.450000000000000000e+02 1.144863928584727688e+02 0.000000000000000000e+00 0.000000000000000000e+00
2.460000000000000000e+02 1.141463157674905915e+02 0.000000000000000000e+00 0.000000000000000000e+00
2.470000000000000000e+02 1.153268513891885902e+02 0.000000000000000000e+00 0.000000000000000000e+00
2.480000000000000000e+02 1.148943580664909518e+02 2.000000000000000000e+00 0.000000000000000000e+00
2.490000000000000000e+02 1.170173365694509329e+02 0.000000000000000000e+00 0.000000000000000000e+00
2.500000000000000000e+02 1.171662113496200703e+02 0.000000000000000000e+00 0.000000000000000000e+00
2.510000000000000000e+02 1.165491545214594851e+02 1.000000000000000000e+00 0.000000000000000000e+00
2.520000000000000000e+02 1.155376467654799058e+02 2.000000000000000000e+00 0.000000000000000000e+00
2.530000000000000000e+02 1.171859447001643133e+02 0.000000000000000000e+00 0.000000000000000000e+00
2.540000000000000000e+02 1.179597774214132784e+02 0.000000000000000000e+00 0.000000000000000000e+00
2.550000000000000000e+02 1.188161486729948280e+02 0.000000000000000000e+00 0.000000000000000000e+00
2.560000000000000000e+02 1.175352271318066499e+02 2.000000000000000000e+00 0.000000000000000000e+00
2.570000000000000000e+02 1.182165936285049526e+02 1.000000000000000000e+00 0.000000000000000000e+00
2.580000000000000000e+02 1.181588601912673795e+02 2.000000000000000000e+00 0.000000000000000000e+00
2.590000000000000000e+02 1.182576133001841328e+02 0.000000000000000000e+00 0.000000000000000000e+00
2.600000000000000000e+02 1.164351083586869464e+02 2.000000000000000000e+00 0.000000000000000000e+00
2.610000000000000000e+02 1.171694870729889004e+02 0.000000000000000000e+00 0.000000000000000000e+00
2.620000000000000000e+02 1.184089865945232702e+02 0.000000000000000000e+00 0.000000000000000000e+00
2.630000000000000000e+02 1.181295116750092404e+02 2.000000000000000000e+00 0.000000000000000000e+00
2.640000000000000000e+02 1.191373115653203314e+02 0.000000000000000000e+00 0.000000000000000000e+00
2.650000000000000000e+02 1.181036721360420643e+02 1.000000000000000000e+00 0.000000000000000000e+00
2.660000000000000000e+02 1.202250390209453030e+02 0.000000000000000000e+00 0.000000000000000000e+00
2.670000000000000000e+02 1.213761073570880171e+02 0.000000000000000000e+00 0.000000000000000000e+00
2.680000000000000000e+02 1.206287901640361326e+02 1.000000000000000000e+00 0.000000000000000000e+00
2.690000000000000000e+02 1.219689160638872067e+02 0.000000000000000000e+00 0.000000000000000000e+00
2.700000000000000000e+02 1.240060879264848523e+02 0.000000000000000000e+00 0.000000000000000000e+00
2.710000000000000000e+02 1.238609133073255180e+02 0.000000000000000000e+00 0.000000000000000000e+00
2.720000000000000000e+02 1.257238043390205178e+02 0.000000000000000000e+00 0.000000000000000000e+00
2.730000000000000000e+02 1.258343288877925517e+02 0.000000000000000000e+00 0.000000000000000000e+00
2.740000000000000000e+02 1.253779425320778387e+02 2.000000000000000000e+00 0.000000000000000000e+00
2.750000000000000000e+02 1.259333213272336423e+02 0.000000000000000000e+00 0.000000000000000000e+00
2.760000000000000000e+02 1.251256497289084564e+02 2.000000000000000000e+00 0.000000000000000000e+00
2.770000000000000000e+02 1.232333346539163585e+02 2.000000000000000000e+00 0.000000000000000000e+00
2.780000000000000000e+02 1.241971324666181857e+02 1.000000000000000000e+00 0.000000000000000000e+00
2.790000000000000000e+02 1.226435736820786673e+02 2.000000000000000000e+00 0.000000000000000000e+00
2.800000000000000000e+02 1.210378847071522301e+02 2.000000000000000000e+00 0.000000000000000000e+00
2.810000000000000000e+02 1.234087368940771086e+02 0.000000000000000000e+00 0.000000000000000000e+00
2.820000000000000000e+02 1.235181526065302933e+02 0.000000000000000000e+00 0.000000000000000000e+00
2.830000000000000000e+02 1.250245535340871896e+02 0.000000000000000000e+00 0.000000000000000000e+00
2.840000000000000000e+02 1.259319650686911558e+02 0.000000000000000000e+00 0.000000000000000000e+00
2.850000000000000000e+02 1.274896278056458954e+02 0.000000000000000000e+00 0.000000000000000000e+00
2.860000000000000000e+02 1.280109396279958389e+02 0.000000000000000000e+00 0.000000000000000000e+00
2.870000000000000000e+02 1.288979355701383440e+02 0.000000000000000000e+00 0.000000000000000000e+00
2.880000000000000000e+02 1.304677059311485152e+02 0.000000000000000000e+00 0.000000000000000000e+00
2.890000000000000000e+02 1.312303710751557446e+02 0.000000000000000000e+00 0.000000000000000000e+00
2.900000000000000000e+02 1.320448757056984732e+02 0.000000000000000000e+00 0.000000000000000000e+00
2.910000000000000000e+02 1.338911690918467627e+02 0.000000000000000000e+00 0.000000000000000000e+00
2.920000000000000000e+02 1.325075608116237333e+02 1.000000000000000000e+00 0.000000000000000000e+00
2.930000000000000000e+02 1.325846379510261670e+02 1.000000000000000000e+00 0.000000000000000000e+00
2.940000000000000000e+02 1.340008520206096421e+02 0.000000000000000000e+00 0.000000000000000000e+00
2.950000000000000000e+02 1.343834147312505252e+02 0.000000000000000000e+00 0.000000000000000000e+00
2.960000000000000000e+02 1.349750876162524094e+02 1.000000000000000000e+00 0.000000000000000000e+00
2.970000000000000000e+02 1.345720006199900638e+02 1.000000000000000000e+00 0.000000000000000000e+00
2.980000000000000000e+02 1.339685546753837286e+02 2.000000000000000000e+00 0.000000000000000000e+00
2.990000000000000000e+02 1.347244451951828808e+02 0.000000000000000000e+00 0.000000000000000000e+00
3.000000000000000000e+02 1.354034068620669018e+02 0.000000000000000000e+00 0.000000000000000000e+00
3.010000000000000000e+02 1.369082229524910872e+02 0.000000000000000000e+00 0.000000000000000000e+00
3.020000000000000000e+02 1.381774867907053590e+02 0.000000000000000000e+00 0.000000000000000000e+00
3.030000000000000000e+02 1.388129972068112750e+02 0.000000000000000000e+00 0.000000000000000000e+00
3.040000000000000000e+02 1.400110230136902771e+02 0.000000000000000000e+00 0.000000000000000000e+00
3.050000000000000000e+02 1.412557389666331744e+02 0.000000000000000000e+00 0.000000000000000000e+00
3.060000000000000000e+02 1.423963346087474520e+02 0.000000000000000000e+00 0.000000000000000000e+00
3.070000000000000000e+02 1.431641423918602811e+02 0.000000000000000000e+00 0.000000000000000000e+00
3.080000000000000000e+02 1.436734849387798363e+02 1.000000000000000000e+00 0.000000000000000000e+00
3.090000000000000000e+02 1.434948286631254177e+02 0.000000000000000000e+00 0.000000000000000000e+00
3.100000000000000000e+02 1.446325451143984822e+02 0.000000000000000000e+00 0.000000000000000000e+00
3.110000000000000000e+02 1.449114704749099758e+02 1.000000000000000000e+00 0.000000000000000000e+00
3.120000000000000000e+02 1.455706079200591603e+02 0.000000000000000000e+00 0.000000000000000000e+00
3.130000000000000000e+02 1.465141394836660993e+02 1.000000000000000000e+00 0.000000000000000000e+00
3.140000000000000000e+02 1.471367573654289060e+02 0.000000000000000000e+00 0.000000000000000000e+00
3.150000000000000000e+02 1.456849804915825075e+02 2.000000000000000000e+00 0.000000000000000000e+00
3.160000000000000000e+02 1.460114708919666100e+02 2.000000000000000000e+00 0.000000000000000000e+00
3.170000000000000000e+02 1.452177330274806764e+02 2.000000000000000000e+00 0.000000000000000000e+00
3.180000000000000000e+02 1.452485888250854202e+02 0.000000000000000000e+00 0.000000000000000000e+00
3.190000000000000000e+02 1.464269542552010535e+02 0.000000000000000000e+00 0.000000000000000000e+00
3.200000000000000000e+02 1.455681123703315905e+02 2.000000000000000000e+00 0.000000000000000000e+00
3.210000000000000000e+02 1.439625470010243191e+02 2.000000000000000000e+00 0.000000000000000000e+00
3.220000000000000000e+02 1.431962427173299943e+02 1.000000000000000000e+00 0.000000000000000000e+00
3.230000000000000000e+02 1.447254306863869147e+02 0.000000000000000000e+00 0.000000000000000000e+00
3.240000000000000000e+02 1.462702019810338925e+02 0.000000000000000000e+00 0.000000000000000000e+00
3.250000000000000000e+02 1.454025866820728368e+02 2.000000000000000000e+00 0.000000000000000000e+00
3.260000000000000000e+02 1.465029198078435400e+02 0.000000000000000000e+00 0.000000000000000000e+00
3.270000000000000000e+02 1.463796658131444985e+02 0.000000000000000000e+00 0.000000000000000000e+00
3.280000000000000000e+02 1.476741502160748212e+02 0.000000000000000000e+00 0.000000000000000000e+00
3.290000000000000000e+02 1.475663455246679803e+02 0.000000000000000000e+00 0.000000000000000000e+00
3.300000000000000000e+02 1.508836334599118914e+02 0.000000000000000000e+00 0.000000000000000000e+00
3.310000000000000000e+02 1.497628774715746260e+02 1.000000000000000000e+00 0.000000000000000000e+00
3.320000000000000000e+02 1.509146259773739871e+02 0.000000000000000000e+00 0.000000000000000000e+00
3.330000000000000000e+02 1.523098064344098646e+02 0.000000000000000000e+00 0.000000000000000000e+00
3.340000000000000000e+02 1.506996225160471852e+02 2.000000000000000000e+00 0.000000000000000000e+00
3.350000000000000000e+02 1.512877498500270974e+02 0.000000000000000000e+00 0.000000000000000000e+00
3.360000000000000000e+02 1.518251190797741401e+02 1.000000000000000000e+00 0.000000000000000000e+00
3.370000000000000000e+02 1.513121151074994089e+02 2.000000000000000000e+00 0.000000000000000000e+00
3.380000000000000000e+02 1.526961839507455920e+02 0.000000000000000000e+00 0.000000000000000000e+00
3.390000000000000000e+02 1.499732359139789537e+02 2.000000000000000000e+00 0.000000000000000000e+00
3.400000000000000000e+02 1.509964397441488870e+02 1.000000000000000000e+00 0.000000000000000000e+00
3.410000000000000000e+02 1.519383893661340039e+02 0.000000000000000000e+00 0.000000000000000000e+00
3.420000000000000000e+02 1.533649402918816236e+02 0.000000000000000000e+00 0.000000000000000000e+00
3.430000000000000000e+02 1.514530482887374490e+02 2.000000000000000000e+00 0.000000000000000000e+00
3.440000000000000000e+02 1.524472728195912339e+02 0.000000000000000000e+00 0.000000000000000000e+00
3.450000000000000000e+02 1.535583587924054996e+02 0.000000000000000000e+00 0.000000000000000000e+00
3.460000000000000000e+02 1.559618122779540954e+02 0.000000000000000000e+00 0.000000000000000000e+00
3.470000000000000000e+02 1.560427728707310280e+02 0.000000000000000000e+00 0.000000000000000000e+00
3.480000000000000000e+02 1.564328225021392313e+02 0.000000000000000000e+00 0.000000000000000000e+00
3.490000000000000000e+02 1.579043078134923235e+02 0.000000000000000000e+00 0.000000000000000000e+00
3.500000000000000000e+02 1.570984337852825092e+02 2.000000000000000000e+00 0.000000000000000000e+00
3.510000000000000000e+02 1.551733224753959348e+02 2.000000000000000000e+00 0.000000000000000000e+00
3.520000000000000000e+02 1.550597236533390060e+02 2.000000000000000000e+00 0.000000000000000000e+00
3.530000000000000000e+02 1.541194206481324329e+02 2.000000000000000000e+00 0.000000000000000000e+00
3.540000000000000000e+02 1.555986058520808228e+02 0.000000000000000000e+00 0.000000000000000000e+00
3.550000000000000000e+02 1.557113213117148405e+02 0.000000000000000000e+00 0.000000000000000000e+00
3.560000000000000000e+02 1.569316014722742239e+02 0.000000000000000000e+00 0.000000000000000000e+00
3.570000000000000000e+02 1.576950335202513429e+02 0.000000000000000000e+00 0.000000000000000000e+00
3.580000000000000000e+02 1.589525292870889643e+02 0.000000000000000000e+00 0.000000000000000000e+00
3.590000000000000000e+02 1.600228769248544154e+02 0.000000000000000000e+00 0.000000000000000000e+00
3.600000000000000000e+02 1.615671597577149896e+02 0.000000000000000000e+00 0.000000000000000000e+00
3.610000000000000000e+02 1.610307887417307882e+02 1.000000000000000000e+00 0.000000000000000000e+00
3.620000000000000000e+02 1.628502989559060268e+02 0.000000000000000000e+00 0.000000000000000000e+00
3.630000000000000000e+02 1.629790510392192857e+02 0.000000000000000000e+00 0.000000000000000000e+00
3.640000000000000000e+02 1.628142782892211926e+02 2.000000000000000000e+00 0.000000000000000000e+00
3.650000000000000000e+02 1.631698493274097927e+02 0.000000000000000000e+00 0.000000000000000000e+00
3.660000000000000000e+02 1.629212680246162392e+02 1.000000000000000000e+00 0.000000000000000000e+00
3.670000000000000000e+02 1.638475842818657213e+02 0.000000000000000000e+00 0.000000000000000000e+00
3.680000000000000000e+02 1.634963184271654200e+02 2.000000000000000000e+00 0.000000000000000000e+00
3.690000000000000000e+02 1.614156786332487172e+02 2.000000000000000000e+00 0.000000000000000000e+00
3.700000000000000000e+02 1.625132075408498338e+02 1.000000000000000000e+00 0.000000000000000000e+00
3.710000000000000000e+02 1.614545081426533670e+02 2.000000000000000000e+00 0.000000000000000000e+00
3.720000000000000000e+02 1.614592738723595744e+02 0.000000000000000000e+00 0.000000000000000000e+00
3.730000000000000000e+02 1.616996750979845103e+02 1.000000000000000000e+00 0.000000000000000000e+00
3.740000000000000000e+02 1.606134564744351110e+02 2.000000000000000000e+00 0.000000000000000000e+00
3.750000000000000000e+02 1.600426462728885042e+02 2.000000000000000000e+00 0.000000000000000000e+00
3.760000000000000000e+02 1.608738861536202194e+02 0.000000000000000000e+00 0.000000000000000000e+00
3.770000000000000000e+02 1.615377509563529657e+02 0.000000000000000000e+00 0.000000000000000000e+00
3.780000000000000000e+02 1.608855212407069644e+02 1.000000000000000000e+00 0.000000000000000000e+00
3.790000000000000000e+02 1.634370673003873549e+02 0.000000000000000000e+00 0.000000000000000000e+00
3.800000000000000000e+02 1.633423025030834310e+02 0.000000000000000000e+00 0.000000000000000000e+00
3.810000000000000000e+02 1.647592842413367293e+02 0.000000000000000000e+00 0.000000000000000000e+00
3.820000000000000000e+02 1.654048328789248217e+02 1.000000000000000000e+00 0.000000000000000000e+00
3.830000000000000000e+02 1.660284873193091926e+02 0.000000000000000000e+00 0.000000000000000000e+00
3.840000000000000000e+02 1.668644100399828858e+02 0.000000000000000000e+00 0.000000000000000000e+00
3.850000000000000000e+02 1.689202960741382640e+02 0.000000000000000000e+00 0.000000000000000000e+00
3.860000000000000000e+02 1.675268165863657543e+02 2.000000000000000000e+00 0.000000000000000000e+00
3.870000000000000000e+02 1.675755958105000332e+02 0.000000000000000000e+00 0.000000000000000000e+00
3.880000000000000000e+02 1.696557395798465961e+02 0.000000000000000000e+00 0.000000000000000000e+00
3.890000000000000000e+02 1.678259860369815328e+02 2.000000000000000000e+00 0.000000000000000000e+00
3.900000000000000000e+02 1.684755893991255959e+02 0.000000000000000000e+00 0.000000000000000000e+00
3.910000000000000000e+02 1.704051128244269648e+02 0.000000000000000000e+00 0.000000000000000000e+00
3.920000000000000000e+02 1.703838805391033020e+02 1.000000000000000000e+00 0.000000000000000000e+00
3.930000000000000000e+02 1.715699144379767915e+02 0.000000000000000000e+00 0.000000000000000000e+00
3.940000000000000000e+02 1.713612244390091348e+02 1.000000000000000000e+00 0.000000000000000000e+00
3.950000000000000000e+02 1.711310215261086682e+02 0.000000000000000000e+00 0.000000000000000000e+00
3.960000000000000000e+02 1.723372485250011721e+02 0.000000000000000000e+00 0.000000000000000000e+00
3.970000000000000000e+02 1.739235786389157283e+02 0.000000000000000000e+00 0.000000000000000000e+00
3.980000000000000000e+02 1.752656120596751634e+02 0.000000000000000000e+00 0.000000000000000000e+00
3.990000000000000000e+02 1.760426078890665735e+02 0.000000000000000000e+00 0.000000000000000000e+00
4.000000000000000000e+02 1.750204071149772744e+02 2.000000000000000000e+00 0.000000000000000000e+00
4.010000000000000000e+02 1.752562233849510562e+02 1.000000000000000000e+00 0.000000000000000000e+00
4.020000000000000000e+02 1.760526071798751957e+02 0.000000000000000000e+00 0.000000000000000000e+00
4.030000000000000000e+02 1.765785478802852140e+02 0.000000000000000000e+00 0.000000000000000000e+00
4.040000000000000000e+02 1.761228629511358008e+02 1.000000000000000000e+00 0.000000000000000000e+00
4.050000000000000000e+02 1.761847276012380803e+02 1.000000000000000000e+00 0.000000000000000000e+00
4.060000000000000000e+02 1.774183628356638849e+02 0.000000000000000000e+00 0.000000000000000000e+00
4.070000000000000000e+02 1.767226292038826898e+02 2.000000000000000000e+00 0.000000000000000000e+00
4.080000000000000000e+02 1.780130723256810086e+02 0.000000000000000000e+00 0.000000000000000000e+00
4.090000000000000000e+02 1.793644209365208155e+02 0.000000000000000000e+00 0.000000000000000000e+00
4.100000000000000000e+02 1.784624240603710348e+02 1.000000000000000000e+00 0.000000000000000000e+00
4.110000000000000000e+02 1.790972713779231071e+02 1.000000000000000000e+00 0.000000000000000000e+00
4.120000000000000000e+02 1.780552639752591233e+02 1.000000000000000000e+00 0.000000000000000000e+00
4.130000000000000000e+02 1.777941825832164966e+02 2.000000000000000000e+00 0.000000000000000000e+00
4.140000000000000000e+02 1.771164015220430485e+02 2.000000000000000000e+00 0.000000000000000000e+00
4.150000000000000000e+02 1.759222611512037986e+02 2.000000000000000000e+00 0.000000000000000000e+00
4.160000000000000000e+02 1.767100250780219142e+02 0.000000000000000000e+00 0.000000000000000000e+00
4.170000000000000000e+02 1.774905125379036406e+02 0.000000000000000000e+00 0.000000000000000000e+00
4.180000000000000000e+02 1.792392538399143120e+02 0.000000000000000000e+00 0.000000000000000000e+00
4.190000000000000000e+02 1.793927987827127879e+02 1.000000000000000000e+00 0.000000000000000000e+00
4.200000000000000000e+02 1.796994071515811981e+02 0.000000000000000000e+00 0.000000000000000000e+00
4.210000000000000000e+02 1.810916600636715827e+02 0.000000000000000000e+00 0.000000000000000000e+00
4.220000000000000000e+02 1.815621384556839075e+02 0.000000000000000000e+00 0.000000000000000000e+00
4.230000000000000000e+02 1.811640506839271438e+02 2.000000000000000000e+00 0.000000000000000000e+00
4.240000000000000000e+02 1.812430723659446130e+02 1.000000000000000000e+00 0.000000000000000000e+00
4.250000000000000000e+02 1.801626078804450515e+02 1.000000000000000000e+00 0.000000000000000000e+00
4.260000000000000000e+02 1.821849356450279060e+02 0.000000000000000000e+00 0.000000000000000000e+00
4.270000000000000000e+02 1.831704538951299241e+02 0.000000000000000000e+00 0.000000000000000000e+00
4.280000000000000000e+02 1.842369373352576076e+02 0.000000000000000000e+00 0.000000000000000000e+00
4.290000000000000000e+02 1.851839058158389548e+02 0.000000000000000000e+00 0.000000000000000000e+00
4.300000000000000000e+02 1.857120973568910358e+02 0.000000000000000000e+00 0.000000000000000000e+00
4.310000000000000000e+02 1.860634244623589666e+02 1.000000000000000000e+00 0.000000000000000000e+00
4.320000000000000000e+02 1.864504580608791287e+02 1.000000000000000000e+00 0.000000000000000000e+00
4.330000000000000000e+02 1.872404507029465321e+02 0.000000000000000000e+00 0.000000000000000000e+00
4.340000000000000000e+02 1.879861094998562976e+02 0.000000000000000000e+00 0.000000000000000000e+00
4.350000000000000000e+02 1.877977156976872379e+02 2.000000000000000000e+00 0.000000000000000000e+00
4.360000000000000000e+02 1.890009334498869578e+02 0.000000000000000000e+00 0.000000000000000000e+00
4.370000000000000000e+02 1.886397624415687346e+02 0.000000000000000000e+00 0.000000000000000000e+00
4.380000000000000000e+02 1.882262958320728785e+02 2.000000000000000000e+00 0.000000000000000000e+00
4.390000000000000000e+02 1.891797249474044520e+02 0.000000000000000000e+00 0.000000000000000000e+00
4.400000000000000000e+02 1.881835578138769733e+02 1.000000000000000000e+00 0.000000000000000000e+00
4.410000000000000000e+02 1.903337143466956718e+02 0.000000000000000000e+00 0.000000000000000000e+00
4.420000000000000000e+02 1.883047091639041639e+02 2.000000000000000000e+00 0.000000000000000000e+00
4.430000000000000000e+02 1.885411599741209727e+02 2.000000000000000000e+00 0.000000000000000000e+00
4.440000000000000000e+02 1.890046876686111545e+02 0.000000000000000000e+00 0.000000000000000000e+00
4.450000000000000000e+02 1.886851999918410456e+02 1.000000000000000000e+00 0.000000000000000000e+00
4.460000000000000000e+02 1.872281049351889521e+02 2.000000000000000000e+00 0.000000000000000000e+00
4.470000000000000000e+02 1.868223586878042966e+02 2.000000000000000000e+00 0.000000000000000000e+00
4.480000000000000000e+02 1.875086943981631578e+02 0.000000000000000000e+00 0.000000000000000000e+00
4.490000000000000000e+02 1.882579258966243572e+02 0.000000000000000000e+00 0.000000000000000000e+00
4.500000000000000000e+02 1.895724569408782543e+02 0.000000000000000000e+00 0.000000000000000000e+00
4.510000000000000000e+02 1.894316084562560150e+02 2.000000000000000000e+00 0.000000000000000000e+00
4.520000000000000000e+02 1.900311860852286259e+02 0.000000000000000000e+00 0.000000000000000000e+00
4.530000000000000000e+02 1.910614131419457635e+02 0.000000000000000000e+00 0.000000000000000000e+00
4.540000000000000000e+02 1.917054325460057385e+02 0.000000000000000000e+00 0.000000000000000000e+00
4.550000000000000000e+02 1.910994995874803521e+02 1.000000000000000000e+00 0.000000000000000000e+00
4.560000000000000000e+02 1.901175398509619470e+02 2.000000000000000000e+00 0.000000000000000000e+00
4.570000000000000000e+02 1.897152445583814426e+02 2.000000000000000000e+00 0.000000000000000000e+00
4.580000000000000000e+02 1.914683681537443363e+02 0.000000000000000000e+00 0.000000000000000000e+00
4.590000000000000000e+02 1.913733621479200906e+02 0.000000000000000000e+00 0.000000000000000000e+00
4.600000000000000000e+02 1.910932048314458598e+02 2.000000000000000000e+00 0.000000000000000000e+00
4.610000000000000000e+02 1.922984371124547636e+02 0.000000000000000000e+00 0.000000000000000000e+00
4.620000000000000000e+02 1.917797108849013910e+02 1.000000000000000000e+00 0.000000000000000000e+00
4.630000000000000000e+02 1.915383631751654718e+02 1.000000000000000000e+00 0.000000000000000000e+00
4.640000000000000000e+02 1.929989717929862536e+02 0.000000000000000000e+00 0.000000000000000000e+00
4.650000000000000000e+02 1.922062592890785879e+02 1.000000000000000000e+00 0.000000000000000000e+00
4.660000000000000000e+02 1.925346002875442935e+02 2.000000000000000000e+00 0.000000000000000000e+00
4.670000000000000000e+02 1.931789715509121663e+02 0.000000000000000000e+00 0.000000000000000000e+00
4.680000000000000000e+02 1.941935058787676667e+02 0.000000000000000000e+00 0.000000000000000000e+00
4.690000000000000000e+02 1.947145494446024543e+02 0.000000000000000000e+00 0.000000000000000000e+00
4.700000000000000000e+02 1.968385985736836403e+02 0.000000000000000000e+00 0.000000000000000000e+00
4.710000000000000000e+02 1.966840737256559919e+02 0.000000000000000000e+00 0.000000000000000000e+00
4.720000000000000000e+02 1.980701702420479648e+02 0.000000000000000000e+00 0.000000000000000000e+00
4.730000000000000000e+02 1.992852723326987530e+02 0.000000000000000000e+00 0.000000000000000000e+00
4.740000000000000000e+02 1.982548682965077091e+02 1.000000000000000000e+00 0.000000000000000000e+00
4.750000000000000000e+02 1.993467865398162644e+02 1.000000000000000000e+00 0.000000000000000000e+00
4.760000000000000000e+02 1.998080766159023085e+02 0.000000000000000000e+00 0.000000000000000000e+00
4.770000000000000000e+02 1.981439901505169416e+02 1.000000000000000000e+00 0.000000000000000000e+00
4.780000000000000000e+02 2.005664478606636578e+02 0.000000000000000000e+00 0.000000000000000000e+00
4.790000000000000000e+02 2.011336703414807232e+02 0.000000000000000000e+00 0.000000000000000000e+00
4.800000000000000000e+02 2.035316943577957716e+02 0.000000000000000000e+00 0.000000000000000000e+00
4.810000000000000000e+02 2.043836320654101257e+02 0.000000000000000000e+00 0.000000000000000000e+00
4.820000000000000000e+02 2.047543136217318249e+02 0.000000000000000000e+00 0.000000000000000000e+00
4.830000000000000000e+02 2.066700932040038197e+02 0.000000000000000000e+00 0.000000000000000000e+00
4.840000000000000000e+02 2.065153880213757418e+02 0.000000000000000000e+00 0.000000000000000000e+00
4.850000000000000000e+02 2.077923881027361688e+02 1.000000000000000000e+00 0.000000000000000000e+00
4.860000000000000000e+02 2.068697939868192464e+02 1.000000000000000000e+00 0.000000000000000000e+00
4.870000000000000000e+02 2.078417720339883203e+02 0.000000000000000000e+00 0.000000000000000000e+00
4.880000000000000000e+02 2.088574479990088264e+02 0.000000000000000000e+00 0.000000000000000000e+00
4.890000000000000000e+02 2.080904444086994260e+02 2.000000000000000000e+00 0.000000000000000000e+00
4.900000000000000000e+02 2.089374349922534577e+02 0.000000000000000000e+00 0.000000000000000000e+00
4.910000000000000000e+02 2.091269351713884248e+02 0.000000000000000000e+00 0.000000000000000000e+00
4.920000000000000000e+02 2.110495408105996944e+02 0.000000000000000000e+00 0.000000000000000000e+00
4.930000000000000000e+02 2.122380425153062617e+02 0.000000000000000000e+00 0.000000000000000000e+00
4.940000000000000000e+02 2.125595064703455819e+02 1.000000000000000000e+00 0.000000000000000000e+00
4.950000000000000000e+02 2.125014287180377721e+02 0.000000000000000000e+00 0.000000000000000000e+00
4.960000000000000000e+02 2.142826596091353224e+02 0.000000000000000000e+00 0.000000000000000000e+00
4.970000000000000000e+02 2.144212135002326534e+02 0.000000000000000000e+00 0.000000000000000000e+00
4.980000000000000000e+02 2.151200796931332206e+02 1.000000000000000000e+00 0.000000000000000000e+00
4.990000000000000000e+02 2.167539124767470753e+02 0.000000000000000000e+00 0.000000000000000000e+00
5.000000000000000000e+02 2.157964262481261528e+02 1.000000000000000000e+00 0.000000000000000000e+00
5.010000000000000000e+02 2.179871052156003941e+02 0.000000000000000000e+00 0.000000000000000000e+00
5.020000000000000000e+02 2.175902122316840916e+02 0.000000000000000000e+00 0.000000000000000000e+00
5.030000000000000000e+02 2.170805326899705960e+02 2.000000000000000000e+00 0.000000000000000000e+00
5.040000000000000000e+02 2.184617527943063351e+02 0.000000000000000000e+00 0.000000000000000000e+00
5.050000000000000000e+02 2.190935769720570079e+02 0.000000000000000000e+00 0.000000000000000000e+00
5.060000000000000000e+02 2.199925713726594267e+02 0.000000000000000000e+00 0.000000000000000000e+00
5.070000000000000000e+02 2.206010713595283335e+02 0.000000000000000000e+00 0.000000000000000000e+00
5.080000000000000000e+02 2.211492863557705562e+02 0.000000000000000000e+00 0.000000000000000000e+00
5.090000000000000000e+02 2.228560425987405438e+02 0.000000000000000000e+00 0.000000000000000000e+00
5.100000000000000000e+02 2.221678782919961748e+02 1.000000000000000000e+00 0.000000000000000000e+00
5.110000000000000000e+02 2.227158117651118232e+02 1.000000000000000000e+00 0.000000000000000000e+00
5.120000000000000000e+02 2.221143688513664642e+02 2.000000000000000000e+00 0.000000000000000000e+00
5.130000000000000000e+02 2.217047190381903192e+02 2.000000000000000000e+00 0.000000000000000000e+00
5.140000000000000000e+02 2.220119183059555326e+02 0.000000000000000000e+00 0.000000000000000000e+00
5.150000000000000000e+02 2.233128177973888739e+02 0.000000000000000000e+00 0.000000000000000000e+00
5.160000000000000000e+02 2.240982358805606509e+02 0.000000000000000000e+00 0.000000000000000000e+00
5.170000000000000000e+02 2.245315896919734939e+02 0.000000000000000000e+00 0.000000000000000000e+00
5.180000000000000000e+02 2.263215463256233022e+02 0.000000000000000000e+00 0.000000000000000000e+00
5.190000000000000000e+02 2.259787758544786129e+02 1.000000000000000000e+00 0.000000000000000000e+00
5.200000000000000000e+02 2.269619082481847840e+02 0.000000000000000000e+00 0.000000000000000000e+00
5.210000000000000000e+02 2.283422529332848399e+02 0.000000000000000000e+00 0.000000000000000000e+00
5.220000000000000000e+02 2.279261179686125161e+02 1.000000000000000000e+00 0.000000000000000000e+00
5.230000000000000000e+02 2.285886265909512360e+02 0.000000000000000000e+00 0.000000000000000000e+00
5.240000000000000000e+02 2.306127746347424363e+02 0.000000000000000000e+00 0.000000000000000000e+00
5.250000000000000000e+02 2.295862606178500300e+02 1.000000000000000000e+00 0.000000000000000000e+00
5.260000000000000000e+02 2.313625455704180069e+02 0.000000000000000000e+00 0.000000000000000000e+00
5.270000000000000000e+02 2.317475426899227102e+02 1.000000000000000000e+00 0.000000000000000000e+00
5.280000000000000000e+02 2.322457927772755397e+02 0.000000000000000000e+00 0.000000000000000000e+00
5.290000000000000000e+02 2.313911551280337733e+02 2.000000000000000000e+00 0.000000000000000000e+00
5.300000000000000000e+02 2.323130086687610572e+02 0.000000000000000000e+00 0.000000000000000000e+00
5.310000000000000000e+02 2.329930318781794654e+02 0.000000000000000000e+00 0.000000000000000000e+00
5.320000000000000000e+02 2.324736480944948198e+02 2.000000000000000000e+00 0.000000000000000000e+00
5.330000000000000000e+02 2.300994979177240225e+02 2.000000000000000000e+00 0.000000000000000000e+00
5.340000000000000000e+02 2.327430436224073560e+02 0.000000000000000000e+00 0.000000000000000000e+00
5.350000000000000000e+02 2.328736892216084300e+02 0.000000000000000000e+00 0.000000000000000000e+00
5.360000000000000000e+02 2.336057449940414870e+02 0.000000000000000000e+00 0.000000000000000000e+00
5.370000000000000000e+02 2.325801394948969119e+02 2.000000000000000000e+00 0.000000000000000000e+00
5.380000000000000000e+02 2.343884368901439075e+02 0.000000000000000000e+00 0.000000000000000000e+00
5.390000000000000000e+02 2.349204688037800963e+02 0.000000000000000000e+00 0.000000000000000000e+00
5.400000000000000000e+02 2.368427209310948456e+02 0.000000000000000000e+00 0.000000000000000000e+00
5.410000000000000000e+02 2.371305765611494394e+02 0.000000000000000000e+00 0.000000000000000000e+00
5.420000000000000000e+02 2.367407975224271297e+02 1.000000000000000000e+00 0.000000000000000000e+00
5.430000000000000000e+02 2.380338526499704983e+02 0.000000000000000000e+00 0.000000000000000000e+00
5.440000000000000000e+02 2.388580958851179616e+02 0.000000000000000000e+00 0.000000000000000000e+00
5.450000000000000000e+02 2.407426825588875090e+02 0.000000000000000000e+00 0.000000000000000000e+00
5.460000000000000000e+02 2.409859623290168997e+02 0.000000000000000000e+00 0.000000000000000000e+00
5.470000000000000000e+02 2.418768282838037180e+02 0.000000000000000000e+00 0.000000000000000000e+00
5.480000000000000000e+02 2.412822819917349761e+02 1.000000000000000000e+00 0.000000000000000000e+00
5.490000000000000000e+02 2.431027254654304386e+02 0.000000000000000000e+00 0.000000000000000000e+00
5.500000000000000000e+02 2.434286563643147190e+02 0.000000000000000000e+00 0.000000000000000000e+00
5.510000000000000000e+02 2.427928957718688707e+02 1.000000000000000000e+00 0.000000000000000000e+00
5.520000000000000000e+02 2.443285769435255190e+02 0.000000000000000000e+00 0.000000000000000000e+00
5.530000000000000000e+02 2.457607938920296533e+02 0.000000000000000000e+00 0.000000000000000000e+00
5.540000000000000000e+02 2.461433080543384335e+02 1.000000000000000000e+00 0.000000000000000000e+00
5.550000000000000000e+02 2.451162146541204550e+02 2.000000000000000000e+00 0.000000000000000000e+00
5.560000000000000000e+02 2.458348737349129181e+02 0.000000000000000000e+00 0.000000000000000000e+00
5.570000000000000000e+02 2.438595512102830867e+02 2.000000000000000000e+00 0.000000000000000000e+00
5.580000000000000000e+02 2.457456770903859535e+02 0.000000000000000000e+00 0.000000000000000000e+00
5.590000000000000000e+02 2.471798886405949816e+02 0.000000000000000000e+00 0.000000000000000000e+00
5.600000000000000000e+02 2.473311319569825173e+02 1.000000000000000000e+00 0.000000000000000000e+00
5.610000000000000000e+02 2.476171414314838444e+02 0.000000000000000000e+00 0.000000000000000000e+00
5.620000000000000000e+02 2.480011088401849406e+02 0.000000000000000000e+00 0.000000000000000000e+00
5.630000000000000000e+02 2.483176652792418508e+02 2.000000000000000000e+00 0.000000000000000000e+00
5.640000000000000000e+02 2.470309778958427671e+02 2.000000000000000000e+00 0.000000000000000000e+00
5.650000000000000000e+02 2.475282226620751374e+02 0.000000000000000000e+00 0.000000000000000000e+00
5.660000000000000000e+02 2.480565567831885971e+02 2.000000000000000000e+00 0.000000000000000000e+00
5.670000000000000000e+02 2.481890000379357843e+02 0.000000000000000000e+00 0.000000000000000000e+00
5.680000000000000000e+02 2.474166607852796176e+02 2.000000000000000000e+00 0.000000000000000000e+00
5.690000000000000000e+02 2.482541808023947283e+02 0.000000000000000000e+00 0.000000000000000000e+00
5.700000000000000000e+02 2.464672191141995370e+02 2.000000000000000000e+00 0.000000000000000000e+00
5.710000000000000000e+02 2.472115228569634553e+02 0.000000000000000000e+00 0.000000000000000000e+00
5.720000000000000000e+02 2.489473139587132096e+02 0.000000000000000000e+00 0.000000000000000000e+00
5.730000000000000000e+02 2.487850584101477125e+02 0.000000000000000000e+00 0.000000000000000000e+00
5.740000000000000000e+02 2.506823066329083645e+02 0.000000000000000000e+00 0.000000000000000000e+00
5.750000000000000000e+02 2.520131384431984714e+02 0.000000000000000000e+00 0.000000000000000000e+00
5.760000000000000000e+02 2.523596527927159343e+02 0.000000000000000000e+00 0.000000000000000000e+00
5.770000000000000000e+02 2.537603670180256188e+02 0.000000000000000000e+00 0.000000000000000000e+00
5.780000000000000000e+02 2.541966959823703860e+02 0.000000000000000000e+00 0.000000000000000000e+00
5.790000000000000000e+02 2.540638874719513183e+02 2.000000000000000000e+00 0.000000000000000000e+00
5.800000000000000000e+02 2.546119213455600061e+02 0.000000000000000000e+00 0.000000000000000000e+00
5.810000000000000000e+02 2.562399539009440446e+02 0.000000000000000000e+00 0.000000000000000000e+00
5.820000000000000000e+02 2.569143871171113460e+02 0.000000000000000000e+00 0.000000000000000000e+00
5.830000000000000000e+02 2.584259291929117808e+02 0.000000000000000000e+00 0.000000000000000000e+00
5.840000000000000000e+02 2.591844536041060110e+02 0.000000000000000000e+00 0.000000000000000000e+00
5.850000000000000000e+02 2.596730187819507591e+02 0.000000000000000000e+00 0.000000000000000000e+00
5.860000000000000000e+02 2.605502862485068931e+02 1.000000000000000000e+00 0.000000000000000000e+00
5.870000000000000000e+02 2.605516935222458415e+02 1.000000000000000000e+00 0.000000000000000000e+00
5.880000000000000000e+02 2.604895989431042835e+02 1.000000000000000000e+00 0.000000000000000000e+00
5.890000000000000000e+02 2.600348424045309343e+02 1.000000000000000000e+00 0.000000000000000000e+00
5.900000000000000000e+02 2.602369940067983407e+02 1.000000000000000000e+00 0.000000000000000000e+00
5.910000000000000000e+02 2.586508765127650236e+02 2.000000000000000000e+00 0.000000000000000000e+00
5.920000000000000000e+02 2.601892306219246507e+02 0.000000000000000000e+00 0.000000000000000000e+00
5.930000000000000000e+02 2.610694845828265898e+02 0.000000000000000000e+00 0.000000000000000000e+00
5.940000000000000000e+02 2.622315991774981399e+02 0.000000000000000000e+00 0.000000000000000000e+00
5.950000000000000000e+02 2.632017948300755279e+02 0.000000000000000000e+00 0.000000000000000000e+00
5.960000000000000000e+02 2.638274118342429233e+02 0.000000000000000000e+00 0.000000000000000000e+00
5.970000000000000000e+02 2.654046105480622941e+02 0.000000000000000000e+00 0.000000000000000000e+00
5.980000000000000000e+02 2.665581105012140029e+02 0.000000000000000000e+00 0.000000000000000000e+00
5.990000000000000000e+02 2.648864787021428810e+02 2.000000000000000000e+00 0.000000000000000000e+00
6.000000000000000000e+02 2.636943431369890050e+02 2.000000000000000000e+00 0.000000000000000000e+00
6.010000000000000000e+02 2.651636044091962390e+02 0.000000000000000000e+00 0.000000000000000000e+00
6.020000000000000000e+02 2.663010329388537230e+02 0.000000000000000000e+00 0.000000000000000000e+00
6.030000000000000000e+02 2.666296384692098513e+02 0.000000000000000000e+00 0.000000000000000000e+00
6.040000000000000000e+02 2.656352960472661380e+02 2.000000000000000000e+00 0.000000000000000000e+00
6.050000000000000000e+02 2.659873092268308596e+02 2.000000000000000000e+00 0.000000000000000000e+00
6.060000000000000000e+02 2.660681206938932633e+02 0.000000000000000000e+00 0.000000000000000000e+00
6.070000000000000000e+02 2.660554410501274560e+02 1.000000000000000000e+00 0.000000000000000000e+00
6.080000000000000000e+02 2.649684518363084180e+02 2.000000000000000000e+00 0.000000000000000000e+00
6.090000000000000000e+02 2.651895436005740407e+02 0.000000000000000000e+00 0.000000000000000000e+00
6.100000000000000000e+02 2.660554955279352498e+02 1.000000000000000000e+00 0.000000000000000000e+00
6.110000000000000000e+02 2.664363374853947448e+02 0.000000000000000000e+00 0.000000000000000000e+00
6.120000000000000000e+02 2.674604385383333351e+02 1.000000000000000000e+00 0.000000000000000000e+00
6.130000000000000000e+02 2.669723659803258897e+02 1.000000000000000000e+00 0.000000000000000000e+00
6.140000000000000000e+02 2.665713953289064193e+02 2.000000000000000000e+00 0.000000000000000000e+00
6.150000000000000000e+02 2.674251073552042612e+02 0.000000000000000000e+00 0.000000000000000000e+00
6.160000000000000000e+02 2.669255983775054801e+02 1.000000000000000000e+00 0.000000000000000000e+00
6.170000000000000000e+02 2.657036666097602620e+02 2.000000000000000000e+00 0.000000000000000000e+00
6.180000000000000000e+02 2.668920000604330767e+02 0.000000000000000000e+00 0.000000000000000000e+00
6.190000000000000000e+02 2.665511748459747992e+02 2.000000000000000000e+00 0.000000000000000000e+00
6.200000000000000000e+02 2.667342897001712458e+02 0.000000000000000000e+00 0.000000000000000000e+00
6.210000000000000000e+02 2.663772314424992373e+02 2.000000000000000000e+00 0.000000000000000000e+00
6.220000000000000000e+02 2.667230356582943500e+02 1.000000000000000000e+00 0.000000000000000000e+00
6.230000000000000000e+02 2.669258771432321851e+02 0.000000000000000000e+00 0.000000000000000000e+00
6.240000000000000000e+02 2.668412208581660252e+02 2.000000000000000000e+00 0.000000000000000000e+00
6.250000000000000000e+02 2.661659284230695448e+02 0.000000000000000000e+00 0.000000000000000000e+00
6.260000000000000000e+02 2.683328598445667126e+02 0.000000000000000000e+00 0.000000000000000000e+00
6.270000000000000000e+02 2.683885265539085481e+02 0.000000000000000000e+00 0.000000000000000000e+00
6.280000000000000000e+02 2.699150805439612668e+02 1.000000000000000000e+00 0.000000000000000000e+00
6.290000000000000000e+02 2.706562080651128781e+02 0.000000000000000000e+00 0.000000000000000000e+00
6.300000000000000000e+02 2.711936465149377113e+02 0.000000000000000000e+00 0.000000000000000000e+00
6.310000000000000000e+02 2.714108329361915821e+02 0.000000000000000000e+00 0.000000000000000000e+00
6.320000000000000000e+02 2.728606557262426691e+02 0.000000000000000000e+00 0.000000000000000000e+00
6.330000000000000000e+02 2.721422751062753491e+02 1.000000000000000000e+00 0.000000000000000000e+00
6.340000000000000000e+02 2.731607546971479792e+02 0.000000000000000000e+00 0.000000000000000000e+00
6.350000000000000000e+02 2.743000467867641987e+02 1.000000000000000000e+00 0.000000000000000000e+00
6.360000000000000000e+02 2.743586146975482620e+02 0.000000000000000000e+00 0.000000000000000000e+00
6.370000000000000000e+02 2.761104797216896714e+02 0.000000000000000000e+00 0.000000000000000000e+00
6.380000000000000000e+02 2.773433816010801820e+02 0.000000000000000000e+00 0.000000000000000000e+00
6.390000000000000000e+02 2.775768186573814660e+02 0.000000000000000000e+00 0.000000000000000000e+00
6.400000000000000000e+02 2.793425560305821023e+02 0.000000000000000000e+00 0.000000000000000000e+00
6.410000000000000000e+02 2.789976061508547218e+02 0.000000000000000000e+00 0.000000000000000000e+00
6.420000000000000000e+02 2.797688949973461376e+02 1.000000000000000000e+00 0.000000000000000000e+00
6.430000000000000000e+02 2.798301123234170404e+02 1.000000000000000000e+00 0.000000000000000000e+00
6.440000000000000000e+02 2.803963894451652550e+02 1.000000000000000000e+00 0.000000000000000000e+00
6.450000000000000000e+02 2.797399436962779191e+02 1.000000000000000000e+00 0.000000000000000000e+00
6.460000000000000000e+02 2.818452696224809415e+02 0.000000000000000000e+00 0.000000000000000000e+00
6.470000000000000000e+02 2.819957448300539227e+02 0.000000000000000000e+00 0.000000000000000000e+00
6.480000000000000000e+02 2.818253446261459203e+02 1.000000000000000000e+00 0.000000000000000000e+00
6.490000000000000000e+02 2.825246055013595310e+02 0.000000000000000000e+00 0.000000000000000000e+00
6.500000000000000000e+02 2.829687680794523885e+02 1.000000000000000000e+00 0.000000000000000000e+00
6.510000000000000000e+02 2.841668139175405940e+02 0.000000000000000000e+00 0.000000000000000000e+00
6.520000000000000000e+02 2.833408227299955229e+02 1.000000000000000000e+00 0.000000000000000000e+00
6.530000000000000000e+02 2.845828862254385854e+02 0.000000000000000000e+00 0.000000000000000000e+00
6.540000000000000000e+02 2.842292276180296540e+02 2.000000000000000000e+00 0.000000000000000000e+00
6.550000000000000000e+02 2.833571755106981982e+02 2.000000000000000000e+00 0.000000000000000000e+00
6.560000000000000000e+02 2.823719867459715829e+02 2.000000000000000000e+00 0.000000000000000000e+00
6.570000000000000000e+02 2.806196481670564822e+02 2.000000000000000000e+00 0.000000000000000000e+00
6.580000000000000000e+02 2.820250560076219699e+02 0.000000000000000000e+00 0.000000000000000000e+00
6.590000000000000000e+02 2.831221696992233205e+02 0.000000000000000000e+00 0.000000000000000000e+00
6.600000000000000000e+02 2.843284729427270463e+02 0.000000000000000000e+00 0.000000000000000000e+00
6.610000000000000000e+02 2.852251820949686021e+02 0.000000000000000000e+00 0.000000000000000000e+00
6.620000000000000000e+02 2.868848439956211678e+02 0.000000000000000000e+00 0.000000000000000000e+00
6.630000000000000000e+02 2.857315109613306845e+02 1.000000000000000000e+00 0.000000000000000000e+00
6.640000000000000000e+02 2.856342502838052724e+02 2.000000000000000000e+00 0.000000000000000000e+00
6.650000000000000000e+02 2.863949805764264624e+02 0.000000000000000000e+00 0.000000000000000000e+00
6.660000000000000000e+02 2.856912501098034340e+02 2.000000000000000000e+00 0.000000000000000000e+00
6.670000000000000000e+02 2.839226878139951964e+02 1.000000000000000000e+00 0.000000000000000000e+00
6.680000000000000000e+02 2.848909427764264706e+02 1.000000000000000000e+00 0.000000000000000000e+00
6.690000000000000000e+02 2.829729155478604525e+02 2.000000000000000000e+00 0.000000000000000000e+00
6.700000000000000000e+02 2.862589034471614582e+02 0.000000000000000000e+00 0.000000000000000000e+00
6.710000000000000000e+02 2.863965762439274272e+02 0.000000000000000000e+00 0.000000000000000000e+00
6.720000000000000000e+02 2.877638216867380834e+02 0.000000000000000000e+00 0.000000000000000000e+00
6.730000000000000000e+02 2.883745822735505726e+02 0.000000000000000000e+00 0.000000000000000000e+00
6.740000000000000000e+02 2.870773251405278188e+02 2.000000000000000000e+00 0.000000000000000000e+00
6.750000000000000000e+02 2.865629379510789931e+02 2.000000000000000000e+00 0.000000000000000000e+00
6.760000000000000000e+02 2.873511098193470730e+02 0.000000000000000000e+00 0.000000000000000000e+00
6.770000000000000000e+02 2.874715752876555825e+02 0.000000000000000000e+00 0.000000000000000000e+00
6.780000000000000000e+02 2.890621439619428088e+02 0.000000000000000000e+00 0.000000000000000000e+00
6.790000000000000000e+02 2.911302894024056513e+02 0.000000000000000000e+00 0.000000000000000000e+00
6.800000000000000000e+02 2.908143900377503996e+02 0.000000000000000000e+00 0.000000000000000000e+00
6.810000000000000000e+02 2.899850407285177880e+02 1.000000000000000000e+00 0.000000000000000000e+00
6.820000000000000000e+02 2.925342842416925464e+02 0.000000000000000000e+00 0.000000000000000000e+00
6.830000000000000000e+02 2.921871315905490860e+02 0.000000000000000000e+00 0.000000000000000000e+00
6.840000000000000000e+02 2.946540101780490772e+02 0.000000000000000000e+00 0.000000000000000000e+00
6.850000000000000000e+02 2.938416313777779578e+02 2.000000000000000000e+00 0.000000000000000000e+00
6.860000000000000000e+02 2.933788901239846041e+02 1.000000000000000000e+00 0.000000000000000000e+00
6.870000000000000000e+02 2.943742687406266327e+02 0.000000000000000000e+00 0.000000000000000000e+00
6.880000000000000000e+02 2.925412136021023457e+02 2.000000000000000000e+00 0.000000000000000000e+00
6.890000000000000000e+02 2.918168406454116734e+02 2.000000000000000000e+00 0.000000000000000000e+00
6.900000000000000000e+02 2.924816260641483154e+02 0.000000000000000000e+00 0.000000000000000000e+00
6.910000000000000000e+02 2.921203088425622241e+02 2.000000000000000000e+00 0.000000000000000000e+00
6.920000000000000000e+02 2.925747483479899529e+02 0.000000000000000000e+00 0.000000000000000000e+00
6.930000000000000000e+02 2.929874946869546193e+02 1.000000000000000000e+00 0.000000000000000000e+00
6.940000000000000000e+02 2.938363241391524525e+02 0.000000000000000000e+00 0.000000000000000000e+00
6.950000000000000000e+02 2.939331401504323935e+02 0.000000000000000000e+00 0.000000000000000000e+00
6.960000000000000000e+02 2.946489331341940670e+02 1.000000000000000000e+00 0.000000000000000000e+00
6.970000000000000000e+02 2.969522833431555000e+02 0.000000000000000000e+00 0.000000000000000000e+00
6.980000000000000000e+02 2.966035385211604307e+02 0.000000000000000000e+00 0.000000000000000000e+00
6.990000000000000000e+02 2.978917075196985138e+02 1.000000000000000000e+00 0.000000000000000000e+00
7.000000000000000000e+02 2.963971971038809556e+02 2.000000000000000000e+00 0.000000000000000000e+00
7.010000000000000000e+02 2.960410719500682148e+02 0.000000000000000000e+00 0.000000000000000000e+00
7.020000000000000000e+02 2.978029682448758422e+02 0.000000000000000000e+00 0.000000000000000000e+00
7.030000000000000000e+02 2.996869435754668416e+02 0.000000000000000000e+00 0.000000000000000000e+00
7.040000000000000000e+02 2.978957441659355254e+02 2.000000000000000000e+00 0.000000000000000000e+00
7.050000000000000000e+02 2.982978846315323835e+02 0.000000000000000000e+00 0.000000000000000000e+00
7.060000000000000000e+02 2.999023308676001989e+02 0.000000000000000000e+00 0.000000000000000000e+00
7.070000000000000000e+02 2.997934681194064410e+02 1.000000000000000000e+00 0.000000000000000000e+00
7.080000000000000000e+02 2.989535409632025562e+02 2.000000000000000000e+00 0.000000000000000000e+00
7.090000000000000000e+02 2.993639176536378272e+02 0.000000000000000000e+00 0.000000000000000000e+00
7.100000000000000000e+02 3.011465234915386304e+02 0.000000000000000000e+00 0.000000000000000000e+00
7.110000000000000000e+02 3.028631903560265641e+02 0.000000000000000000e+00 0.000000000000000000e+00
7.120000000000000000e+02 3.025006859554949870e+02 1.000000000000000000e+00 0.000000000000000000e+00
7.130000000000000000e+02 3.022076950069114218e+02 1.000000000000000000e+00 0.000000000000000000e+00
7.140000000000000000e+02 3.008198800264893293e+02 2.000000000000000000e+00 0.000000000000000000e+00
7.150000000000000000e+02 3.001999352019185494e+02 2.000000000000000000e+00 0.000000000000000000e+00
7.160000000000000000e+02 3.014985214440297341e+02 0.000000000000000000e+00 0.000000000000000000e+00
7.170000000000000000e+02 3.022351610817580081e+02 0.000000000000000000e+00 0.000000000000000000e+00
7.180000000000000000e+02 3.017922825013541228e+02 1.000000000000000000e+00 0.000000000000000000e+00
7.190000000000000000e+02 3.019270476772886695e+02 1.000000000000000000e+00 0.000000000000000000e+00
7.200000000000000000e+02 3.021257552505613830e+02 1.000000000000000000e+00 0.000000000000000000e+00
7.210000000000000000e+02 3.024156600475780579e+02 0.000000000000000000e+00 0.000000000000000000e+00
7.220000000000000000e+02 3.046496778350289105e+02 0.000000000000000000e+00 0.000000000000000000e+00
7.230000000000000000e+02 3.051525198097863267e+02 0.000000000000000000e+00 0.000000000000000000e+00
7.240000000000000000e+02 3.057404731011496324e+02 0.000000000000000000e+00 0.000000000000000000e+00
7.250000000000000000e+02 3.070288907362196369e+02 0.000000000000000000e+00 0.000000000000000000e+00
7.260000000000000000e+02 3.068075624724453974e+02 2.000000000000000000e+00 0.000000000000000000e+00
7.270000000000000000e+02 3.066557133025181088e+02 0.000000000000000000e+00 0.000000000000000000e+00
7.280000000000000000e+02 3.067045881333368129e+02 2.000000000000000000e+00 0.000000000000000000e+00
7.290000000000000000e+02 3.072244251392713181e+02 1.000000000000000000e+00 0.000000000000000000e+00
7.300000000000000000e+02 3.064726930585848095e+02 0.000000000000000000e+00 0.000000000000000000e+00
7.310000000000000000e+02 3.054824103712012402e+02 2.000000000000000000e+00 0.000000000000000000e+00
7.320000000000000000e+02 3.053897171638432724e+02 2.000000000000000000e+00 0.000000000000000000e+00
7.330000000000000000e+02 3.066294343333419761e+02 0.000000000000000000e+00 0.000000000000000000e+00
7.340000000000000000e+02 3.060148358122164609e+02 2.000000000000000000e+00 0.000000000000000000e+00
7.350000000000000000e+02 3.067812433041264057e+02 0.000000000000000000e+00 0.000000000000000000e+00
7.360000000000000000e+02 3.074713410443533235e+02 0.000000000000000000e+00 0.000000000000000000e+00
7.370000000000000000e+02 3.083099233534688324e+02 0.000000000000000000e+00 0.000000000000000000e+00
7.380000000000000000e+02 3.087526905922354103e+02 0.000000000000000000e+00 0.000000000000000000e+00
7.390000000000000000e+02 3.100728343707572208e+02 0.000000000000000000e+00 0.000000000000000000e+00
7.400000000000000000e+02 3.113547996697880649e+02 0.000000000000000000e+00 0.000000000000000000e+00
7.410000000000000000e+02 3.131694084843321662e+02 0.000000000000000000e+00 0.000000000000000000e+00
7.420000000000000000e+02 3.130299284640369706e+02 0.000000000000000000e+00 0.000000000000000000e+00
7.430000000000000000e+02 3.122037899687537106e+02 2.000000000000000000e+00 0.000000000000000000e+00
7.440000000000000000e+02 3.133672014524202609e+02 0.000000000000000000e+00 0.000000000000000000e+00
7.450000000000000000e+02 3.140634756704070583e+02 0.000000000000000000e+00 0.000000000000000000e+00
7.460000000000000000e+02 3.144436929598365964e+02 1.000000000000000000e+00 0.000000000000000000e+00
7.470000000000000000e+02 3.135666976360419653e+02 2.000000000000000000e+00 0.000000000000000000e+00
7.480000000000000000e+02 3.139059903267940967e+02 0.000000000000000000e+00 0.000000000000000000e+00
7.490000000000000000e+02 3.149168415120211648e+02 0.000000000000000000e+00 0.000000000000000000e+00
7.500000000000000000e+02 3.158066274783742529e+02 0.000000000000000000e+00 0.000000000000000000e+00
7.510000000000000000e+02 3.157369489701223415e+02 2.000000000000000000e+00 0.000000000000000000e+00
7.520000000000000000e+02 3.139091962967814311e+02 2.000000000000000000e+00 0.000000000000000000e+00
7.530000000000000000e+02 3.143523887031553841e+02 1.000000000000000000e+00 0.000000000000000000e+00
7.540000000000000000e+02 3.148747604078024551e+02 0.000000000000000000e+00 0.000000000000000000e+00
7.550000000000000000e+02 3.158535785340512234e+02 0.000000000000000000e+00 0.000000000000000000e+00
7.560000000000000000e+02 3.155605502136299947e+02 1.000000000000000000e+00 0.000000000000000000e+00
7.570000000000000000e+02 3.162058397867252779e+02 1.000000000000000000e+00 0.000000000000000000e+00
7.580000000000000000e+02 3.153024462288487371e+02 2.000000000000000000e+00 0.000000000000000000e+00
7.590000000000000000e+02 3.166384073712738996e+02 0.000000000000000000e+00 0.000000000000000000e+00
7.600000000000000000e+02 3.164234126573443859e+02 0.000000000000000000e+00 0.000000000000000000e+00
7.610000000000000000e+02 3.162767720340148685e+02 1.000000000000000000e+00 0.000000000000000000e+00
7.620000000000000000e+02 3.162526265496375686e+02 2.000000000000000000e+00 0.000000000000000000e+00
7.630000000000000000e+02 3.172600360298217765e+02 0.000000000000000000e+00 0.000000000000000000e+00
7.640000000000000000e+02 3.174068215972403095e+02 0.000000000000000000e+00 0.000000000000000000e+00
7.650000000000000000e+02 3.175124608421879202e+02 2.000000000000000000e+00 0.000000000000000000e+00
7.660000000000000000e+02 3.178422062830111940e+02 0.000000000000000000e+00 0.000000000000000000e+00
7.670000000000000000e+02 3.171584386957833317e+02 2.000000000000000000e+00 0.000000000000000000e+00
7.680000000000000000e+02 3.178053255931916397e+02 1.000000000000000000e+00 0.000000000000000000e+00
7.690000000000000000e+02 3.187531878168251751e+02 0.000000000000000000e+00 0.000000000000000000e+00
7.700000000000000000e+02 3.178186173766768547e+02 1.000000000000000000e+00 0.000000000000000000e+00
7.710000000000000000e+02 3.198201468869483506e+02 0.000000000000000000e+00 0.000000000000000000e+00
7.720000000000000000e+02 3.192438465446911096e+02 0.000000000000000000e+00 0.000000000000000000e+00
7.730000000000000000e+02 3.209200356434157015e+02 0.000000000000000000e+00 0.000000000000000000e+00
7.740000000000000000e+02 3.227085515179825848e+02 0.000000000000000000e+00 0.000000000000000000e+00
7.750000000000000000e+02 3.233312980954214595e+02 0.000000000000000000e+00 0.000000000000000000e+00
7.760000000000000000e+02 3.226772379998915881e+02 1.000000000000000000e+00 0.000000000000000000e+00
7.770000000000000000e+02 3.244015000382838139e+02 0.000000000000000000e+00 0.000000000000000000e+00
7.780000000000000000e+02 3.232152852906706926e+02 2.000000000000000000e+00 0.000000000000000000e+00
7.790000000000000000e+02 3.238538190233980458e+02 0.000000000000000000e+00 0.000000000000000000e+00
7.800000000000000000e+02 3.244339008184842896e+02 1.000000000000000000e+00 0.000000000000000000e+00
7.810000000000000000e+02 3.226317609804783615e+02 2.000000000000000000e+00 0.000000000000000000e+00
7.820000000000000000e+02 3.236166829717659539e+02 1.000000000000000000e+00 0.000000000000000000e+00
7.830000000000000000e+02 3.244102740924117825e+02 0.000000000000000000e+00 0.000000000000000000e+00
7.840000000000000000e+02 3.250932255274728959e+02 0.000000000000000000e+00 0.000000000000000000e+00
7.850000000000000000e+02 3.258632500653217789e+02 0.000000000000000000e+00 0.000000000000000000e+00
7.860000000000000000e+02 3.272312797087025729e+02 0.000000000000000000e+00 0.000000000000000000e+00
7.870000000000000000e+02 3.288921838583910926e+02 0.000000000000000000e+00 0.000000000000000000e+00
7.880000000000000000e+02 3.295714572492038883e+02 0.000000000000000000e+00 0.000000000000000000e+00
7.890000000000000000e+02 3.300699245013089467e+02 0.000000000000000000e+00 0.000000000000000000e+00
7.900000000000000000e+02 3.312709442656457099e+02 0.000000000000000000e+00 0.000000000000000000e+00
7.910000000000000000e+02 3.293778923664694958e+02 2.000000000000000000e+00 0.000000000000000000e+00
7.920000000000000000e+02 3.312728330886794765e+02 0.000000000000000000e+00 0.000000000000000000e+00
7.930000000000000000e+02 3.320703177882007253e+02 0.000000000000000000e+00 0.000000000000000000e+00
7.940000000000000000e+02 3.329313745874933943e+02 0.000000000000000000e+00 0.000000000000000000e+00
7.950000000000000000e+02 3.348559816155255930e+02 0.000000000000000000e+00 0.000000000000000000e+00
7.960000000000000000e+02 3.350858299013273154e+02 0.000000000000000000e+00 0.000000000000000000e+00
7.970000000000000000e+02 3.361357280099485934e+02 0.000000000000000000e+00 0.000000000000000000e+00
7.980000000000000000e+02 3.356876698580186371e+02 0.000000000000000000e+00 0.000000000000000000e+00
7.990000000000000000e+02 3.383194121465584203e+02 0.000000000000000000e+00 0.000000000000000000e+00
8.000000000000000000e+02 3.369397668389893852e+02 2.000000000000000000e+00 0.000000000000000000e+00
