time	position	state	ATP_bound
1.000000000000000000e+00 0.000000000000000000e+00 2.000000000000000000e+00 0.000000000000000000e+00
2.000000000000000000e+00 0.000000000000000000e+00 1.000000000000000000e+00 0.000000000000000000e+00
3.000000000000000000e+00 7.465450063409251324e-01 0.000000000000000000e+00 0.000000000000000000e+00
4.000000000000000000e+00 1.696629995932721346e+00 0.000000000000000000e+00 0.000000000000000000e+00
5.000000000000000000e+00 3.367325055752760754e+00 0.000000000000000000e+00 0.000000000000000000e+00
6.000000000000000000e+00 3.943716012327262987e+00 0.000000000000000000e+00 0.000000000000000000e+00
7.000000000000000000e+00 5.131050290579203477e+00 0.000000000000000000e+00 0.000000000000000000e+00
8.000000000000000000e+00 5.951570911537698905e+00 0.000000000000000000e+00 0.000000000000000000e+00
9.000000000000000000e+00 4.322703327683671048e+00 2.000000000000000000e+00 0.000000000000000000e+00
1.000000000000000000e+01 6.359217099910011939e+00 0.000000000000000000e+00 0.000000000000000000e+00
1.100000000000000000e+01 5.637544284936129912e+00 2.000000000000000000e+00 0.000000000000000000e+00
1.200000000000000000e+01 5.921363700145889197e+00 1.000000000000000000e+00 0.000000000000000000e+00
1.300000000000000000e+01 5.534069552062985231e+00 0.000000000000000000e+00 0.000000000000000000e+00
1.400000000000000000e+01 6.818516054760690004e+00 0.000000000000000000e+00 0.000000000000000000e+00
1.500000000000000000e+01 6.761310820745069172e+00 1.000000000000000000e+00 0.000000000000000000e+00
1.600000000000000000e+01 8.718217205010351023e+00 0.000000000000000000e+00 0.000000000000000000e+00
1.700000000000000000e+01 7.761718324072392150e+00 1.000000000000000000e+00 0.000000000000000000e+00
1.800000000000000000e+01 7.096766534761561829e+00 1.000000000000000000e+00 0.000000000000000000e+00
1.900000000000000000e+01 9.705090735600345297e+00 0.000000000000000000e+00 0.000000000000000000e+00
2.000000000000000000e+01 1.032654403556282041e+01 0.000000000000000000e+00 0.000000000000000000e+00
2.100000000000000000e+01 1.110116346811151544e+01 0.000000000000000000e+00 0.000000000000000000e+00
2.200000000000000000e+01 1.154133723462537020e+01 0.000000000000000000e+00 0.000000000000000000e+00
2.300000000000000000e+01 1.245230107536721498e+01 0.000000000000000000e+00 0.000000000000000000e+00
2.400000000000000000e+01 1.319606783300708486e+01 1.000000000000000000e+00 0.000000000000000000e+00
2.500000000000000000e+01 1.335363660802014962e+01 1.000000000000000000e+00 0.000000000000000000e+00
2.600000000000000000e+01 1.190621741492291008e+01 2.000000000000000000e+00 0.000000000000000000e+00
2.700000000000000000e+01 1.266155790983225415e+01 0.000000000000000000e+00 0.000000000000000000e+00
2.800000000000000000e+01 1.259450224458586831e+01 2.000000000000000000e+00 0.000000000000000000e+00
2.900000000000000000e+01 1.296619304661335370e+01 0.000000000000000000e+00 0.000000000000000000e+00
3.000000000000000000e+01 1.421353974697189848e+01 0.000000000000000000e+00 0.000000000000000000e+00
3.100000000000000000e+01 1.489514642728273053e+01 0.000000000000000000e+00 0.000000000000000000e+00
3.200000000000000000e+01 1.729453250447777890e+01 0.000000000000000000e+00 0.000000000000000000e+00
3.300000000000000000e+01 1.559088837754177348e+01 2.000000000000000000e+00 0.000000000000000000e+00
3.400000000000000000e+01 1.646333437930183408e+01 0.000000000000000000e+00 0.000000000000000000e+00
3.500000000000000000e+01 1.705309591664646618e+01 0.000000000000000000e+00 0.000000000000000000e+00
3.600000000000000000e+01 1.733383962497724440e+01 0.000000000000000000e+00 0.000000000000000000e+00
3.700000000000000000e+01 1.913196069522392762e+01 0.000000000000000000e+00 0.000000000000000000e+00
3.800000000000000000e+01 2.008332446194951970e+01 0.000000000000000000e+00 0.000000000000000000e+00
3.900000000000000000e+01 2.144366327418894258e+01 0.000000000000000000e+00 0.000000000000000000e+00
4.000000000000000000e+01 2.164374253058988273e+01 0.000000000000000000e+00 0.000000000000000000e+00
4.100000000000000000e+01 2.162434309974337054e+01 1.000000000000000000e+00 0.000000000000000000e+00
4.200000000000000000e+01 2.293525627711447612e+01 1.000000000000000000e+00 0.000000000000000000e+00
4.300000000000000000e+01 2.218221158788796998e+01 0.000000000000000000e+00 0.000000000000000000e+00
4.400000000000000000e+01 2.175255975914781104e+01 2.000000000000000000e+00 0.000000000000000000e+00
4.500000000000000000e+01 2.101763882147257689e+01 2.000000000000000000e+00 0.000000000000000000e+00
4.600000000000000000e+01 2.066457582664564185e+01 0.000000000000000000e+00 0.000000000000000000e+00
4.700000000000000000e+01 2.240398964537096660e+01 2.000000000000000000e+00 0.000000000000000000e+00
4.800000000000000000e+01 2.136916091135984175e+01 0.000000000000000000e+00 0.000000000000000000e+00
4.900000000000000000e+01 2.098960364639270892e+01 2.000000000000000000e+00 0.000000000000000000e+00
5.000000000000000000e+01 2.006016009148163448e+01 2.000000000000000000e+00 0.000000000000000000e+00
5.100000000000000000e+01 2.041223348375704560e+01 1.000000000000000000e+00 0.000000000000000000e+00
5.200000000000000000e+01 1.930386726335950698e+01 2.000000000000000000e+00 0.000000000000000000e+00
5.300000000000000000e+01 1.953626072369399580e+01 0.000000000000000000e+00 0.000000000000000000e+00
5.400000000000000000e+01 2.078045221185358216e+01 0.000000000000000000e+00 0.000000000000000000e+00
5.500000000000000000e+01 2.141993746239076657e+01 1.000000000000000000e+00 0.000000000000000000e+00
5.600000000000000000e+01 2.267021752151449476e+01 0.000000000000000000e+00 0.000000000000000000e+00
5.700000000000000000e+01 2.160636111649462165e+01 1.000000000000000000e+00 0.000000000000000000e+00
5.800000000000000000e+01 2.254273289253926649e+01 0.000000000000000000e+00 0.000000000000000000e+00
5.900000000000000000e+01 2.439814077506012424e+01 0.000000000000000000e+00 0.000000000000000000e+00
6.000000000000000000e+01 2.460746724834095289e+01 0.000000000000000000e+00 0.000000000000000000e+00
6.100000000000000000e+01 2.497650000447710283e+01 0.000000000000000000e+00 0.000000000000000000e+00
6.200000000000000000e+01 2.622222360730045310e+01 1.000000000000000000e+00 0.000000000000000000e+00
6.300000000000000000e+01 2.823509294623742605e+01 0.000000000000000000e+00 0.000000000000000000e+00
6.400000000000000000e+01 2.772926481626573292e+01 0.000000000000000000e+00 0.000000000000000000e+00
6.500000000000000000e+01 2.892411072552594575e+01 0.000000000000000000e+00 0.000000000000000000e+00
6.600000000000000000e+01 2.691267793849595336e+01 2.000000000000000000e+00 0.000000000000000000e+00
6.700000000000000000e+01 2.886037484335018277e+01 0.000000000000000000e+00 0.000000000000000000e+00
6.800000000000000000e+01 2.836005821955668793e+01 2.000000000000000000e+00 0.000000000000000000e+00
6.900000000000000000e+01 2.675267991178429838e+01 1.000000000000000000e+00 0.000000000000000000e+00
7.000000000000000000e+01 2.923625526539448316e+01 0.000000000000000000e+00 0.000000000000000000e+00
7.100000000000000000e+01 2.999290093227919485e+01 0.000000000000000000e+00 0.000000000000000000e+00
7.200000000000000000e+01 3.149246344092303573e+01 0.000000000000000000e+00 0.000000000000000000e+00
7.300000000000000000e+01 3.192639498313975466e+01 0.000000000000000000e+00 0.000000000000000000e+00
7.400000000000000000e+01 3.267550715045210552e+01 1.000000000000000000e+00 0.000000000000000000e+00
7.500000000000000000e+01 3.315387630658570117e+01 0.000000000000000000e+00 0.000000000000000000e+00
7.600000000000000000e+01 3.382617221661140405e+01 0.000000000000000000e+00 0.000000000000000000e+00
7.700000000000000000e+01 3.398012015136556840e+01 0.000000000000000000e+00 0.000000000000000000e+00
7.800000000000000000e+01 3.627771532939351573e+01 0.000000000000000000e+00 0.000000000000000000e+00
7.900000000000000000e+01 3.493748244519075996e+01 2.000000000000000000e+00 0.000000000000000000e+00
8.000000000000000000e+01 3.426056546453124696e+01 2.000000000000000000e+00 0.000000000000000000e+00
8.100000000000000000e+01 3.334704055921478982e+01 2.000000000000000000e+00 0.000000000000000000e+00
8.200000000000000000e+01 3.434240951107446449e+01 0.000000000000000000e+00 0.000000000000000000e+00
8.300000000000000000e+01 3.317645456941733784e+01 2.000000000000000000e+00 0.000000000000000000e+00
8.400000000000000000e+01 3.300456782343353268e+01 1.000000000000000000e+00 0.000000000000000000e+00
8.500000000000000000e+01 3.475522442597308270e+01 0.000000000000000000e+00 0.000000000000000000e+00
8.600000000000000000e+01 3.504930203071852901e+01 0.000000000000000000e+00 0.000000000000000000e+00
8.700000000000000000e+01 3.574823375788591306e+01 1.000000000000000000e+00 0.000000000000000000e+00
8.800000000000000000e+01 3.387593868138478115e+01 1.000000000000000000e+00 0.000000000000000000e+00
8.900000000000000000e+01 3.440407061119127974e+01 2.000000000000000000e+00 0.000000000000000000e+00
9.000000000000000000e+01 3.423787473870550713e+01 0.000000000000000000e+00 0.000000000000000000e+00
9.100000000000000000e+01 3.384719244459294174e+01 2.000000000000000000e+00 0.000000000000000000e+00
9.200000000000000000e+01 3.407892250421491553e+01 0.000000000000000000e+00 0.000000000000000000e+00
9.300000000000000000e+01 3.392877884898991425e+01 1.000000000000000000e+00 0.000000000000000000e+00
9.400000000000000000e+01 3.603885142269489705e+01 0.000000000000000000e+00 0.000000000000000000e+00
9.500000000000000000e+01 3.775422373701027112e+01 0.000000000000000000e+00 0.000000000000000000e+00
9.600000000000000000e+01 3.838465937984089038e+01 0.000000000000000000e+00 0.000000000000000000e+00
9.700000000000000000e+01 3.872959936180212281e+01 1.000000000000000000e+00 0.000000000000000000e+00
9.800000000000000000e+01 3.849338951876257653e+01 0.000000000000000000e+00 0.000000000000000000e+00
9.900000000000000000e+01 4.048714421577226830e+01 0.000000000000000000e+00 0.000000000000000000e+00
1.000000000000000000e+02 4.141508761808861294e+01 0.000000000000000000e+00 0.000000000000000000e+00
1.010000000000000000e+02 4.056528494242214578e+01 1.000000000000000000e+00 0.000000000000000000e+00
1.020000000000000000e+02 3.994962141673456557e+01 2.000000000000000000e+00 0.000000000000000000e+00
1.030000000000000000e+02 4.112030919100685367e+01 1.000000000000000000e+00 0.000000000000000000e+00
1.040000000000000000e+02 4.121796187112467180e+01 0.000000000000000000e+00 0.000000000000000000e+00
1.050000000000000000e+02 4.143594952254121466e+01 0.000000000000000000e+00 0.000000000000000000e+00
1.060000000000000000e+02 4.191927101631570451e+01 1.000000000000000000e+00 0.000000000000000000e+00
1.070000000000000000e+02 4.355814848499134229e+01 0.000000000000000000e+00 0.000000000000000000e+00
1.080000000000000000e+02 4.459672826998438921e+01 0.000000000000000000e+00 0.000000000000000000e+00
1.090000000000000000e+02 4.464512517072258646e+01 0.000000000000000000e+00 0.000000000000000000e+00
1.100000000000000000e+02 4.565804026923260750e+01 0.000000000000000000e+00 0.000000000000000000e+00
1.110000000000000000e+02 4.555102625681284678e+01 2.000000000000000000e+00 0.000000000000000000e+00
1.120000000000000000e+02 4.557498578667129152e+01 0.000000000000000000e+00 0.000000000000000000e+00
1.130000000000000000e+02 4.712009021989874213e+01 0.000000000000000000e+00 0.000000000000000000e+00
1.140000000000000000e+02 4.803540677929319713e+01 0.000000000000000000e+00 0.000000000000000000e+00
1.150000000000000000e+02 4.928415968975197359e+01 0.000000000000000000e+00 0.000000000000000000e+00
1.160000000000000000e+02 5.053401327072056404e+01 0.000000000000000000e+00 0.000000000000000000e+00
1.170000000000000000e+02 5.155613946941195280e+01 0.000000000000000000e+00 0.000000000000000000e+00
1.180000000000000000e+02 5.134030643920631576e+01 0.000000000000000000e+00 0.000000000000000000e+00
1.190000000000000000e+02 5.266244871879486311e+01 0.000000000000000000e+00 0.000000000000000000e+00
1.200000000000000000e+02 5.433260471299411876e+01 0.000000000000000000e+00 0.000000000000000000e+00
1.210000000000000000e+02 5.517495523870481122e+01 0.000000000000000000e+00 0.000000000000000000e+00
1.220000000000000000e+02 5.615075921371175838e+01 0.000000000000000000e+00 0.000000000000000000e+00
1.230000000000000000e+02 5.710463903199553215e+01 0.000000000000000000e+00 0.000000000000000000e+00
1.240000000000000000e+02 5.803369847848426133e+01 0.000000000000000000e+00 0.000000000000000000e+00
1.250000000000000000e+02 5.674459374000014122e+01 2.000000000000000000e+00 0.000000000000000000e+00
1.260000000000000000e+02 5.801131209748918138e+01 0.000000000000000000e+00 0.000000000000000000e+00
1.270000000000000000e+02 5.976746989864857795e+01 0.000000000000000000e+00 0.000000000000000000e+00
1.280000000000000000e+02 6.069123331832089008e+01 0.000000000000000000e+00 0.000000000000000000e+00
1.290000000000000000e+02 6.019338874341315915e+01 0.000000000000000000e+00 0.000000000000000000e+00
1.300000000000000000e+02 6.184596529296865697e+01 0.000000000000000000e+00 0.000000000000000000e+00
1.310000000000000000e+02 6.317192696207735025e+01 0.000000000000000000e+00 0.000000000000000000e+00
1.320000000000000000e+02 6.433176035853965402e+01 0.000000000000000000e+00 0.000000000000000000e+00
1.330000000000000000e+02 6.483810939543282359e+01 0.000000000000000000e+00 0.000000000000000000e+00
1.340000000000000000e+02 6.305513678491787743e+01 2.000000000000000000e+00 0.000000000000000000e+00
1.350000000000000000e+02 6.292810978526616594e+01 2.000000000000000000e+00 0.000000000000000000e+00
1.360000000000000000e+02 6.400839806653983999e+01 0.000000000000000000e+00 0.000000000000000000e+00
1.370000000000000000e+02 6.295624844792312302e+01 2.000000000000000000e+00 0.000000000000000000e+00
1.380000000000000000e+02 6.186348830492685380e+01 2.000000000000000000e+00 0.000000000000000000e+00
1.390000000000000000e+02 6.366577004902181613e+01 0.000000000000000000e+00 0.000000000000000000e+00
1.400000000000000000e+02 6.263999452081655051e+01 2.000000000000000000e+00 0.000000000000000000e+00
1.410000000000000000e+02 6.369287539351183369e+01 0.000000000000000000e+00 0.000000000000000000e+00
1.420000000000000000e+02 6.192378997247474359e+01 2.000000000000000000e+00 0.000000000000000000e+00
1.430000000000000000e+02 6.227597289625740018e+01 0.000000000000000000e+00 0.000000000000000000e+00
1.440000000000000000e+02 6.219023101808540588e+01 2.000000000000000000e+00 0.000000000000000000e+00
1.450000000000000000e+02 6.385579072597481343e+01 0.000000000000000000e+00 0.000000000000000000e+00
1.460000000000000000e+02 6.413788827683131899e+01 0.000000000000000000e+00 0.000000000000000000e+00
1.470000000000000000e+02 6.487339776695142746e+01 0.000000000000000000e+00 0.000000000000000000e+00
1.480000000000000000e+02 6.298918836335053584e+01 2.000000000000000000e+00 0.000000000000000000e+00
1.490000000000000000e+02 6.418514587147183192e+01 1.000000000000000000e+00 0.000000000000000000e+00
1.500000000000000000e+02 6.229871847342245417e+01 2.000000000000000000e+00 0.000000000000000000e+00
1.510000000000000000e+02 6.323392427920244785e+01 1.000000000000000000e+00 0.000000000000000000e+00
1.520000000000000000e+02 6.340987260861690089e+01 1.000000000000000000e+00 0.000000000000000000e+00
1.530000000000000000e+02 6.354116246619118158e+01 0.000000000000000000e+00 0.000000000000000000e+00
1.540000000000000000e+02 6.460923293926424549e+01 0.000000000000000000e+00 0.000000000000000000e+00
1.550000000000000000e+02 6.377778129736108781e+01 2.000000000000000000e+00 0.000000000000000000e+00
1.560000000000000000e+02 6.479753261037809864e+01 1.000000000000000000e+00 0.000000000000000000e+00
1.570000000000000000e+02 6.511212571513569003e+01 0.000000000000000000e+00 0.000000000000000000e+00
1.580000000000000000e+02 6.368408137522340695e+01 2.000000000000000000e+00 0.000000000000000000e+00
1.590000000000000000e+02 6.422182824778003862e+01 0.000000000000000000e+00 0.000000000000000000e+00
1.600000000000000000e+02 6.559531068306964130e+01 0.000000000000000000e+00 0.000000000000000000e+00
1.610000000000000000e+02 6.789132844469548900e+01 0.000000000000000000e+00 0.000000000000000000e+00
1.620000000000000000e+02 6.880316031153896006e+01 0.000000000000000000e+00 0.000000000000000000e+00
1.630000000000000000e+02 6.780333824152877753e+01 1.000000000000000000e+00 0.000000000000000000e+00
1.640000000000000000e+02 6.937075935137707461e+01 0.000000000000000000e+00 0.000000000000000000e+00
1.650000000000000000e+02 6.816548645208931134e+01 2.000000000000000000e+00 0.000000000000000000e+00
1.660000000000000000e+02 6.911844472615317159e+01 0.000000000000000000e+00 0.000000000000000000e+00
1.670000000000000000e+02 6.795519736961583135e+01 2.000000000000000000e+00 0.000000000000000000e+00
1.680000000000000000e+02 6.729659341933954408e+01 2.000000000000000000e+00 0.000000000000000000e+00
1.690000000000000000e+02 6.685646400573757830e+01 1.000000000000000000e+00 0.000000000000000000e+00
1.700000000000000000e+02 6.700239778407383540e+01 1.000000000000000000e+00 0.000000000000000000e+00
1.710000000000000000e+02 6.800832603893812234e+01 0.000000000000000000e+00 0.000000000000000000e+00
1.720000000000000000e+02 6.925527169782411363e+01 0.000000000000000000e+00 0.000000000000000000e+00
1.730000000000000000e+02 7.072375508040079239e+01 0.000000000000000000e+00 0.000000000000000000e+00
1.740000000000000000e+02 7.121817839017101903e+01 0.000000000000000000e+00 0.000000000000000000e+00
1.750000000000000000e+02 7.229347266715669207e+01 0.000000000000000000e+00 0.000000000000000000e+00
1.760000000000000000e+02 7.062413204083905782e+01 2.000000000000000000e+00 0.000000000000000000e+00
1.770000000000000000e+02 7.269085402649758976e+01 0.000000000000000000e+00 0.000000000000000000e+00
1.780000000000000000e+02 7.230311701394849422e+01 1.000000000000000000e+00 0.000000000000000000e+00
1.790000000000000000e+02 7.347407150798842679e+01 0.000000000000000000e+00 0.000000000000000000e+00
1.800000000000000000e+02 7.221641422867672588e+01 2.000000000000000000e+00 0.000000000000000000e+00
1.810000000000000000e+02 7.287341001836760768e+01 0.000000000000000000e+00 0.000000000000000000e+00
1.820000000000000000e+02 7.405365734738201411e+01 0.000000000000000000e+00 0.000000000000000000e+00
1.830000000000000000e+02 7.476888717170567134e+01 0.000000000000000000e+00 0.000000000000000000e+00
1.840000000000000000e+02 7.642525870867922322e+01 0.000000000000000000e+00 0.000000000000000000e+00
1.850000000000000000e+02 7.663767364767687695e+01 0.000000000000000000e+00 0.000000000000000000e+00
1.860000000000000000e+02 7.528677943848948928e+01 2.000000000000000000e+00 0.000000000000000000e+00
1.870000000000000000e+02 7.554241405197852544e+01 1.000000000000000000e+00 0.000000000000000000e+00
1.880000000000000000e+02 7.640956977555593710e+01 0.000000000000000000e+00 0.000000000000000000e+00
1.890000000000000000e+02 7.828417138740488213e+01 0.000000000000000000e+00 0.000000000000000000e+00
1.900000000000000000e+02 7.722847187413515258e+01 2.000000000000000000e+00 0.000000000000000000e+00
1.910000000000000000e+02 7.713565070580928307e+01 0.000000000000000000e+00 0.000000000000000000e+00
1.920000000000000000e+02 7.886637166965000745e+01 0.000000000000000000e+00 0.000000000000000000e+00
1.930000000000000000e+02 7.926519124945038186e+01 1.000000000000000000e+00 0.000000000000000000e+00
1.940000000000000000e+02 7.966713340754199635e+01 0.000000000000000000e+00 0.000000000000000000e+00
1.950000000000000000e+02 8.089436647433818450e+01 0.000000000000000000e+00 0.000000000000000000e+00
1.960000000000000000e+02 8.167953496388228984e+01 0.000000000000000000e+00 0.000000000000000000e+00
1.970000000000000000e+02 8.189956562255821382e+01 2.000000000000000000e+00 0.000000000000000000e+00
1.980000000000000000e+02 7.957483220763141674e+01 1.000000000000000000e+00 0.000000000000000000e+00
1.990000000000000000e+02 8.299735472363953193e+01 0.000000000000000000e+00 0.000000000000000000e+00
2.000000000000000000e+02 8.216807178216342322e+01 0.000000000000000000e+00 0.000000000000000000e+00
2.010000000000000000e+02 8.446907481675823703e+01 0.000000000000000000e+00 0.000000000000000000e+00
2.020000000000000000e+02 8.563492691419061487e+01 0.000000000000000000e+00 0.000000000000000000e+00
2.030000000000000000e+02 8.599957974408449957e+01 0.000000000000000000e+00 0.000000000000000000e+00
2.040000000000000000e+02 8.554605639290628005e+01 1.000000000000000000e+00 0.000000000000000000e+00
2.050000000000000000e+02 8.523179960327315996e+01 2.000000000000000000e+00 0.000000000000000000e+00
2.060000000000000000e+02 8.685652869352415451e+01 0.000000000000000000e+00 0.000000000000000000e+00
2.070000000000000000e+02 8.627099825463102434e+01 0.000000000000000000e+00 0.000000000000000000e+00
2.080000000000000000e+02 8.863677953011635680e+01 0.000000000000000000e+00 0.000000000000000000e+00
2.090000000000000000e+02 8.646753867840273244e+01 2.000000000000000000e+00 0.000000000000000000e+00
2.100000000000000000e+02 8.800168489702022612e+01 0.000000000000000000e+00 0.000000000000000000e+00
2.110000000000000000e+02 8.928336396311468093e+01 0.000000000000000000e+00 0.000000000000000000e+00
2.120000000000000000e+02 8.787756533070160003e+01 2.000000000000000000e+00 0.000000000000000000e+00
2.130000000000000000e+02 8.857516837882219818e+01 0.000000000000000000e+00 0.000000000000000000e+00
2.140000000000000000e+02 8.963671281509786581e+01 0.000000000000000000e+00 0.000000000000000000e+00
2.150000000000000000e+02 9.038226969980271974e+01 0.000000000000000000e+00 0.000000000000000000e+00
2.160000000000000000e+02 9.179287364209743316e+01 0.000000000000000000e+00 0.000000000000000000e+00
2.170000000000000000e+02 9.338084556746200349e+01 0.000000000000000000e+00 0.000000000000000000e+00
2.180000000000000000e+02 9.372825267038263064e+01 0.000000000000000000e+00 0.000000000000000000e+00
2.190000000000000000e+02 9.339833701815481959e+01 2.000000000000000000e+00 0.000000000000000000e+00
2.200000000000000000e+02 9.310817670191157447e+01 1.000000000000000000e+00 0.000000000000000000e+00
2.210000000000000000e+02 9.325035134289906580e+01 2.000000000000000000e+00 0.000000000000000000e+00
2.220000000000000000e+02 9.188201181745245094e+01 0.000000000000000000e+00 0.000000000000000000e+00
2.230000000000000000e+02 9.341219414351451178e+01 0.000000000000000000e+00 0.000000000000000000e+00
2.240000000000000000e+02 9.468119756859681502e+01 0.000000000000000000e+00 0.000000000000000000e+00
2.250000000000000000e+02 9.541391863661320372e+01 1.000000000000000000e+00 0.000000000000000000e+00
2.260000000000000000e+02 9.507830738457710140e+01 1.000000000000000000e+00 0.000000000000000000e+00
2.270000000000000000e+02 9.665475646323616843e+01 0.000000000000000000e+00 0.000000000000000000e+00
2.280000000000000000e+02 9.681238828270583952e+01 0.000000000000000000e+00 0.000000000000000000e+00
2.290000000000000000e+02 9.606718763303614139e+01 2.000000000000000000e+00 0.000000000000000000e+00
2.300000000000000000e+02 9.587555532436418559e+01 2.000000000000000000e+00 0.000000000000000000e+00
2.310000000000000000e+02 9.456225449290458585e+01 1.000000000000000000e+00 0.000000000000000000e+00
2.320000000000000000e+02 9.667122707894090183e+01 0.000000000000000000e+00 0.000000000000000000e+00
2.330000000000000000e+02 9.753962790769378444e+01 0.000000000000000000e+00 0.000000000000000000e+00
2.340000000000000000e+02 9.831214476339629016e+01 0.000000000000000000e+00 0.000000000000000000e+00
2.350000000000000000e+02 9.838172538228482722e+01 1.000000000000000000e+00 0.000000000000000000e+00
2.360000000000000000e+02 9.884643622064412227e+01 0.000000000000000000e+00 0.000000000000000000e+00
2.370000000000000000e+02 9.934845433397136105e+01 1.000000000000000000e+00 0.000000000000000000e+00
2.380000000000000000e+02 9.892273048403315272e+01 1.000000000000000000e+00 0.000000000000000000e+00
2.390000000000000000e+02 9.948443923151167212e+01 0.000000000000000000e+00 0.000000000000000000e+00
2.400000000000000000e+02 9.916895257157125343e+01 2.000000000000000000e+00 0.000000000000000000e+00
2.410000000000000000e+02 1.004032532116284813e+02 0.000000000000000000e+00 0.000000000000000000e+00
2.420000000000000000e+02 1.005948556120848281e+02 0.000000000000000000e+00 0.000000000000000000e+00
2.430000000000000000e+02 1.020232277332170554e+02 0.000000000000000000e+00 0.000000000000000000e+00
2.440000000000000000e+02 1.032080780263711830e+02 1.000000000000000000e+00 0.000000000000000000e+00
2.450000000000000000e+02 1.019429160222374833e+02 1.000000000000000000e+00 0.000000000000000000e+00
2.460000000000000000e+02 1.028039104588560804e+02 0.000000000000000000e+00 0.000000000000000000e+00
2.470000000000000000e+02 1.048520656789407184e+02 0.000000000000000000e+00 0.000000000000000000e+00
2.480000000000000000e+02 1.035430613154031931e+02 1.000000000000000000e+00 0.000000000000000000e+00
2.490000000000000000e+02 1.048725889593525409e+02 0.000000000000000000e+00 0.000000000000000000e+00
2.500000000000000000e+02 1.060645699743094781e+02 1.000000000000000000e+00 0.000000000000000000e+00
2.510000000000000000e+02 1.040093148261274223e+02 2.000000000000000000e+00 0.000000000000000000e+00
2.520000000000000000e+02 1.050177532530102695e+02 0.000000000000000000e+00 0.000000000000000000e+00
2.530000000000000000e+02 1.049207111740897034e+02 1.000000000000000000e+00 0.000000000000000000e+00
2.540000000000000000e+02 1.040561977139917644e+02 2.000000000000000000e+00 0.000000000000000000e+00
2.550000000000000000e+02 1.027645437362631355e+02 2.000000000000000000e+00 0.000000000000000000e+00
2.560000000000000000e+02 1.044757659589835299e+02 0.000000000000000000e+00 0.000000000000000000e+00
2.570000000000000000e+02 1.028579730581778620e+02 2.000000000000000000e+00 0.000000000000000000e+00
2.580000000000000000e+02 1.038143959992968348e+02 0.000000000000000000e+00 0.000000000000000000e+00
2.590000000000000000e+02 1.058560218894510854e+02 0.000000000000000000e+00 0.000000000000000000e+00
2.600000000000000000e+02 1.051461037544014374e+02 1.000000000000000000e+00 0.000000000000000000e+00
2.610000000000000000e+02 1.056857431143741053e+02 1.000000000000000000e+00 0.000000000000000000e+00
2.620000000000000000e+02 1.054521765918631360e+02 1.000000000000000000e+00 0.000000000000000000e+00
2.630000000000000000e+02 1.061334299125832956e+02 0.000000000000000000e+00 0.000000000000000000e+00
2.640000000000000000e+02 1.066521164182453987e+02 1.000000000000000000e+00 0.000000000000000000e+00
2.650000000000000000e+02 1.070545934671565078e+02 0.000000000000000000e+00 0.000000000000000000e+00
2.660000000000000000e+02 1.075690155808481165e+02 0.000000000000000000e+00 0.000000000000000000e+00
2.670000000000000000e+02 1.091089189893231435e+02 0.000000000000000000e+00 0.000000000000000000e+00
2.680000000000000000e+02 1.074836900903149512e+02 2.000000000000000000e+00 0.000000000000000000e+00
2.690000000000000000e+02 1.088704969086474676e+02 0.000000000000000000e+00 0.000000000000000000e+00
2.700000000000000000e+02 1.087534625392224967e+02 2.000000000000000000e+00 0.000000000000000000e+00
2.710000000000000000e+02 1.085859564536857960e+02 0.000000000000000000e+00 0.000000000000000000e+00
2.720000000000000000e+02 1.097379285911734996e+02 0.000000000000000000e+00 0.000000000000000000e+00
2.730000000000000000e+02 1.111138562644606367e+02 0.000000000000000000e+00 0.000000000000000000e+00
2.740000000000000000e+02 1.095478046535030359e+02 2.000000000000000000e+00 0.000000000000000000e+00
2.750000000000000000e+02 1.098415961882166130e+02 1.000000000000000000e+00 0.000000000000000000e+00
2.760000000000000000e+02 1.085792843863997206e+02 2.000000000000000000e+00 0.000000000000000000e+00
2.770000000000000000e+02 1.097986591350457815e+02 0.000000000000000000e+00 0.000000000000000000e+00
2.780000000000000000e+02 1.106913852285826891e+02 0.000000000000000000e+00 0.000000000000000000e+00
2.790000000000000000e+02 1.125670309828690705e+02 0.000000000000000000e+00 0.000000000000000000e+00
2.800000000000000000e+02 1.112128413086720400e+02 2.000000000000000000e+00 0.000000000000000000e+00
2.810000000000000000e+02 1.113580824907471083e+02 0.000000000000000000e+00 0.000000000000000000e+00
2.820000000000000000e+02 1.124720305528756228e+02 0.000000000000000000e+00 0.000000000000000000e+00
2.830000000000000000e+02 1.133625994365421263e+02 1.000000000000000000e+00 0.000000000000000000e+00
2.840000000000000000e+02 1.120635656184462619e+02 2.000000000000000000e+00 0.000000000000000000e+00
2.850000000000000000e+02 1.136983303210559058e+02 0.000000000000000000e+00 0.000000000000000000e+00
2.860000000000000000e+02 1.139575555137044489e+02 1.000000000000000000e+00 0.000000000000000000e+00
2.870000000000000000e+02 1.140648977656810672e+02 0.000000000000000000e+00 0.000000000000000000e+00
2.880000000000000000e+02 1.146757200355763473e+02 0.000000000000000000e+00 0.000000000000000000e+00
2.890000000000000000e+02 1.141830838070487033e+02 2.000000000000000000e+00 0.000000000000000000e+00
2.900000000000000000e+02 1.158549347408602586e+02 0.000000000000000000e+00 0.000000000000000000e+00
2.910000000000000000e+02 1.160918246724608878e+02 0.000000000000000000e+00 0.000000000000000000e+00
2.920000000000000000e+02 1.184619093242917245e+02 0.000000000000000000e+00 0.000000000000000000e+00
2.930000000000000000e+02 1.177981869338027678e+02 0.000000000000000000e+00 0.000000000000000000e+00
2.940000000000000000e+02 1.196510516753935889e+02 0.000000000000000000e+00 0.000000000000000000e+00
2.950000000000000000e+02 1.203284923226697316e+02 0.000000000000000000e+00 0.000000000000000000e+00
2.960000000000000000e+02 1.211946976229153421e+02 0.000000000000000000e+00 0.000000000000000000e+00
2.970000000000000000e+02 1.221228098924444652e+02 0.000000000000000000e+00 0.000000000000000000e+00
2.980000000000000000e+02 1.209914590393448321e+02 2.000000000000000000e+00 0.000000000000000000e+00
2.990000000000000000e+02 1.214018544305135237e+02 0.000000000000000000e+00 0.000000000000000000e+00
3.000000000000000000e+02 1.229537726032081935e+02 0.000000000000000000e+00 0.000000000000000000e+00
3.010000000000000000e+02 1.235465366007742460e+02 0.000000000000000000e+00 0.000000000000000000e+00
3.020000000000000000e+02 1.254273153847878319e+02 0.000000000000000000e+00 0.000000000000000000e+00
3.030000000000000000e+02 1.249267452834793346e+02 0.000000000000000000e+00 0.000000000000000000e+00
3.040000000000000000e+02 1.274923880483538881e+02 0.000000000000000000e+00 0.000000000000000000e+00
3.050000000000000000e+02 1.279293584663797958e+02 0.000000000000000000e+00 0.000000000000000000e+00
3.060000000000000000e+02 1.287941492680881765e+02 0.000000000000000000e+00 0.000000000000000000e+00
3.070000000000000000e+02 1.303819951367841554e+02 0.000000000000000000e+00 0.000000000000000000e+00
3.080000000000000000e+02 1.308241888348561304e+02 0.000000000000000000e+00 0.000000000000000000e+00
3.090000000000000000e+02 1.305627057340759336e+02 1.000000000000000000e+00 0.000000000000000000e+00
3.100000000000000000e+02 1.324388543949361861e+02 0.000000000000000000e+00 0.000000000000000000e+00
3.110000000000000000e+02 1.302619692609316644e+02 2.000000000000000000e+00 0.000000000000000000e+00
3.120000000000000000e+02 1.310265075937871018e+02 0.000000000000000000e+00 0.000000000000000000e+00
3.130000000000000000e+02 1.313538810199293323e+02 1.000000000000000000e+00 0.000000000000000000e+00
3.140000000000000000e+02 1.324935273183515960e+02 1.000000000000000000e+00 0.000000000000000000e+00
3.150000000000000000e+02 1.313648517667964484e+02 2.000000000000000000e+00 0.000000000000000000e+00
3.160000000000000000e+02 1.315798427223621445e+02 0.000000000000000000e+00 0.000000000000000000e+00
3.170000000000000000e+02 1.316529974311781928e+02 1.000000000000000000e+00 0.000000000000000000e+00
3.180000000000000000e+02 1.311899117259791012e+02 2.000000000000000000e+00 0.000000000000000000e+00
3.190000000000000000e+02 1.310525928205489663e+02 0.000000000000000000e+00 0.000000000000000000e+00
3.200000000000000000e+02 1.316158991786470267e+02 2.000000000000000000e+00 0.000000000000000000e+00
3.210000000000000000e+02 1.306498249323401240e+02 2.000000000000000000e+00 0.000000000000000000e+00
3.220000000000000000e+02 1.308874997236137574e+02 0.000000000000000000e+00 0.000000000000000000e+00
3.230000000000000000e+02 1.300245711468915317e+02 2.000000000000000000e+00 0.000000000000000000e+00
3.240000000000000000e+02 1.318083918865896180e+02 0.000000000000000000e+00 0.000000000000000000e+00
3.250000000000000000e+02 1.329295525201847283e+02 0.000000000000000000e+00 0.000000000000000000e+00
3.260000000000000000e+02 1.310706882973378526e+02 2.000000000000000000e+00 0.000000000000000000e+00
3.270000000000000000e+02 1.326011555121773426e+02 0.000000000000000000e+00 0.000000000000000000e+00
3.280000000000000000e+02 1.307727715614448982e+02 2.000000000000000000e+00 0.000000000000000000e+00
3.290000000000000000e+02 1.296619316781124667e+02 2.000000000000000000e+00 0.000000000000000000e+00
3.300000000000000000e+02 1.316509084758531571e+02 0.000000000000000000e+00 0.000000000000000000e+00
3.310000000000000000e+02 1.310480468586850975e+02 1.000000000000000000e+00 0.000000000000000000e+00
3.320000000000000000e+02 1.318963686764630552e+02 0.000000000000000000e+00 0.000000000000000000e+00
3.330000000000000000e+02 1.333146990592060774e+02 0.000000000000000000e+00 0.000000000000000000e+00
3.340000000000000000e+02 1.324756716773789833e+02 2.000000000000000000e+00 0.000000000000000000e+00
3.350000000000000000e+02 1.315594074055109672e+02 1.000000000000000000e+00 0.000000000000000000e+00
3.360000000000000000e+02 1.314518406949623568e+02 2.000000000000000000e+00 0.000000000000000000e+00
3.370000000000000000e+02 1.326452162387526528e+02 0.000000000000000000e+00 0.000000000000000000e+00
3.380000000000000000e+02 1.313612920652566061e+02 1.000000000000000000e+00 0.000000000000000000e+00
3.390000000000000000e+02 1.332085597347169426e+02 0.000000000000000000e+00 0.000000000000000000e+00
3.400000000000000000e+02 1.336454446079396803e+02 0.000000000000000000e+00 0.000000000000000000e+00
3.410000000000000000e+02 1.351313504073953311e+02 0.000000000000000000e+00 0.000000000000000000e+00
3.420000000000000000e+02 1.352010602243109361e+02 0.000000000000000000e+00 0.000000000000000000e+00
3.430000000000000000e+02 1.372346844904661793e+02 0.000000000000000000e+00 0.000000000000000000e+00
3.440000000000000000e+02 1.383444731280020790e+02 0.000000000000000000e+00 0.000000000000000000e+00
3.450000000000000000e+02 1.385840030565230450e+02 0.000000000000000000e+00 0.000000000000000000e+00
3.460000000000000000e+02 1.406153563224503955e+02 0.000000000000000000e+00 0.000000000000000000e+00
3.470000000000000000e+02 1.402879629293170183e+02 0.000000000000000000e+00 0.000000000000000000e+00
3.480000000000000000e+02 1.415081689159728739e+02 0.000000000000000000e+00 0.000000000000000000e+00
3.490000000000000000e+02 1.429106688484562255e+02 0.000000000000000000e+00 0.000000000000000000e+00
3.500000000000000000e+02 1.445216945742386940e+02 0.000000000000000000e+00 0.000000000000000000e+00
3.510000000000000000e+02 1.444369597132853755e+02 0.000000000000000000e+00 0.000000000000000000e+00
3.520000000000000000e+02 1.453490676981101615e+02 0.000000000000000000e+00 0.000000000000000000e+00
3.530000000000000000e+02 1.473458397107623341e+02 0.000000000000000000e+00 0.000000000000000000e+00
3.540000000000000000e+02 1.467140579944891670e+02 1.000000000000000000e+00 0.000000000000000000e+00
3.550000000000000000e+02 1.479077603090391619e+02 0.000000000000000000e+00 0.000000000000000000e+00
3.560000000000000000e+02 1.472402343293027798e+02 2.000000000000000000e+00 0.000000000000000000e+00
3.570000000000000000e+02 1.474175738683979091e+02 0.000000000000000000e+00 0.000000000000000000e+00
3.580000000000000000e+02 1.470852368790243361e+02 1.000000000000000000e+00 0.000000000000000000e+00
3.590000000000000000e+02 1.490822245058740236e+02 0.000000000000000000e+00 0.000000000000000000e+00
3.600000000000000000e+02 1.468647271323847292e+02 2.000000000000000000e+00 0.000000000000000000e+00
3.610000000000000000e+02 1.491398719766954741e+02 0.000000000000000000e+00 0.000000000000000000e+00
3.620000000000000000e+02 1.497058805262865064e+02 0.000000000000000000e+00 0.000000000000000000e+00
3.630000000000000000e+02 1.499971497925608617e+02 1.000000000000000000e+00 0.000000000000000000e+00
3.640000000000000000e+02 1.511438076027225179e+02 0.000000000000000000e+00 0.000000000000000000e+00
3.650000000000000000e+02 1.518817375433971222e+02 0.000000000000000000e+00 0.000000000000000000e+00
3.660000000000000000e+02 1.534370314689679162e+02 0.000000000000000000e+00 0.000000000000000000e+00
3.670000000000000000e+02 1.533053421472312152e+02 1.000000000000000000e+00 0.000000000000000000e+00
3.680000000000000000e+02 1.551143765099718621e+02 0.000000000000000000e+00 0.000000000000000000e+00
3.690000000000000000e+02 1.557166868689668036e+02 0.000000000000000000e+00 0.000000000000000000e+00
3.700000000000000000e+02 1.531935226797453709e+02 2.000000000000000000e+00 0.000000000000000000e+00
3.710000000000000000e+02 1.531032646562355239e+02 2.000000000000000000e+00 0.000000000000000000e+00
3.720000000000000000e+02 1.515132012350935327e+02 2.000000000000000000e+00 0.000000000000000000e+00
3.730000000000000000e+02 1.530516786193546466e+02 0.000000000000000000e+00 0.000000000000000000e+00
3.740000000000000000e+02 1.545994601458851321e+02 0.000000000000000000e+00 0.000000000000000000e+00
3.750000000000000000e+02 1.542884479577545562e+02 1.000000000000000000e+00 0.000000000000000000e+00
3.760000000000000000e+02 1.548765463521496883e+02 0.000000000000000000e+00 0.000000000000000000e+00
3.770000000000000000e+02 1.552409456596429038e+02 0.000000000000000000e+00 0.000000000000000000e+00
3.780000000000000000e+02 1.575398140953764141e+02 0.000000000000000000e+00 0.000000000000000000e+00
3.790000000000000000e+02 1.587908334605567120e+02 0.000000000000000000e+00 0.000000000000000000e+00
3.800000000000000000e+02 1.588813996598439076e+02 0.000000000000000000e+00 0.000000000000000000e+00
3.810000000000000000e+02 1.577170726359381376e+02 2.000000000000000000e+00 0.000000000000000000e+00
3.820000000000000000e+02 1.591996351434324879e+02 0.000000000000000000e+00 0.000000000000000000e+00
3.830000000000000000e+02 1.584026468038125870e+02 1.000000000000000000e+00 0.000000000000000000e+00
3.840000000000000000e+02 1.580758546059686012e+02 2.000000000000000000e+00 0.000000000000000000e+00
3.850000000000000000e+02 1.594705995134098373e+02 0.000000000000000000e+00 0.000000000000000000e+00
3.860000000000000000e+02 1.593949508181973442e+02 0.000000000000000000e+00 0.000000000000000000e+00
3.870000000000000000e+02 1.613112679997734062e+02 0.000000000000000000e+00 0.000000000000000000e+00
3.880000000000000000e+02 1.611674768817252357e+02 0.000000000000000000e+00 0.000000000000000000e+00
3.890000000000000000e+02 1.612599248007063579e+02 2.000000000000000000e+00 0.000000000000000000e+00
3.900000000000000000e+02 1.604347773163318038e+02 1.000000000000000000e+00 0.000000000000000000e+00
3.910000000000000000e+02 1.616452031185687872e+02 0.000000000000000000e+00 0.000000000000000000e+00
3.920000000000000000e+02 1.631186124744713197e+02 0.000000000000000000e+00 0.000000000000000000e+00
3.930000000000000000e+02 1.632479550243286042e+02 1.000000000000000000e+00 0.000000000000000000e+00
3.940000000000000000e+02 1.633491519432748191e+02 1.000000000000000000e+00 0.000000000000000000e+00
3.950000000000000000e+02 1.636926631481520644e+02 0.000000000000000000e+00 0.000000000000000000e+00
3.960000000000000000e+02 1.647984442198435602e+02 0.000000000000000000e+00 0.000000000000000000e+00
3.970000000000000000e+02 1.661817832653757705e+02 0.000000000000000000e+00 0.000000000000000000e+00
3.980000000000000000e+02 1.649063841167048281e+02 2.000000000000000000e+00 0.000000000000000000e+00
3.990000000000000000e+02 1.655257439194675158e+02 0.000000000000000000e+00 0.000000000000000000e+00
4.000000000000000000e+02 1.653892755536857351e+02 2.000000000000000000e+00 0.000000000000000000e+00
4.010000000000000000e+02 1.649386965881955120e+02 1.000000000000000000e+00 0.000000000000000000e+00
4.020000000000000000e+02 1.661001665545036303e+02 0.000000000000000000e+00 0.000000000000000000e+00
4.030000000000000000e+02 1.643709050179674875e+02 2.000000000000000000e+00 0.000000000000000000e+00
4.040000000000000000e+02 1.671074122789321166e+02 0.000000000000000000e+00 0.000000000000000000e+00
4.050000000000000000e+02 1.675917113169419395e+02 0.000000000000000000e+00 0.000000000000000000e+00
4.060000000000000000e+02 1.686003048426013038e+02 0.000000000000000000e+00 0.000000000000000000e+00
4.070000000000000000e+02 1.676350833969995620e+02 2.000000000000000000e+00 0.000000000000000000e+00
4.080000000000000000e+02 1.676425802275228989e+02 0.000000000000000000e+00 0.000000000000000000e+00
4.090000000000000000e+02 1.682749341289051017e+02 0.000000000000000000e+00 0.000000000000000000e+00
4.100000000000000000e+02 1.695767050223136891e+02 0.000000000000000000e+00 0.000000000000000000e+00
4.110000000000000000e+02 1.684429480446783884e+02 2.000000000000000000e+00 0.000000000000000000e+00
4.120000000000000000e+02 1.706843965168479826e+02 0.000000000000000000e+00 0.000000000000000000e+00
4.130000000000000000e+02 1.695235997017358329e+02 1.000000000000000000e+00 0.000000000000000000e+00
4.140000000000000000e+02 1.688615931930166028e+02 2.000000000000000000e+00 0.000000000000000000e+00
4.150000000000000000e+02 1.705006834558387254e+02 0.000000000000000000e+00 0.000000000000000000e+00
4.160000000000000000e+02 1.690224566891337474e+02 2.000000000000000000e+00 0.000000000000000000e+00
4.170000000000000000e+02 1.675887053269420619e+02 2.000000000000000000e+00 0.000000000000000000e+00
4.180000000000000000e+02 1.680424522438050872e+02 0.000000000000000000e+00 0.000000000000000000e+00
4.190000000000000000e+02 1.710995012616794497e+02 0.000000000000000000e+00 0.000000000000000000e+00
4.200000000000000000e+02 1.685052979454326305e+02 2.000000000000000000e+00 0.000000000000000000e+00
4.210000000000000000e+02 1.693575654736913805e+02 0.000000000000000000e+00 0.000000000000000000e+00
4.220000000000000000e+02 1.690486456700587325e+02 2.000000000000000000e+00 0.000000000000000000e+00
4.230000000000000000e+02 1.700500567664712150e+02 0.000000000000000000e+00 0.000000000000000000e+00
4.240000000000000000e+02 1.693158846221397766e+02 1.000000000000000000e+00 0.000000000000000000e+00
4.250000000000000000e+02 1.717656582322145198e+02 0.000000000000000000e+00 0.000000000000000000e+00
4.260000000000000000e+02 1.705642052076695165e+02 2.000000000000000000e+00 0.000000000000000000e+00
4.270000000000000000e+02 1.696636304149166676e+02 2.000000000000000000e+00 0.000000000000000000e+00
4.280000000000000000e+02 1.702294587026271415e+02 0.000000000000000000e+00 0.000000000000000000e+00
4.290000000000000000e+02 1.716633431667790717e+02 0.000000000000000000e+00 0.000000000000000000e+00
4.300000000000000000e+02 1.703503481331131866e+02 1.000000000000000000e+00 0.000000000000000000e+00
4.310000000000000000e+02 1.707711937607087691e+02 1.000000000000000000e+00 0.000000000000000000e+00
4.320000000000000000e+02 1.699061445952745260e+02 2.000000000000000000e+00 0.000000000000000000e+00
4.330000000000000000e+02 1.701879735313133324e+02 1.000000000000000000e+00 0.000000000000000000e+00
4.340000000000000000e+02 1.707770913521081582e+02 0.000000000000000000e+00 0.000000000000000000e+00
4.350000000000000000e+02 1.727806449885256370e+02 0.000000000000000000e+00 0.000000000000000000e+00
4.360000000000000000e+02 1.724835863031744907e+02 1.000000000000000000e+00 0.000000000000000000e+00
4.370000000000000000e+02 1.735735489740298760e+02 0.000000000000000000e+00 0.000000000000000000e+00
4.380000000000000000e+02 1.720607212435508870e+02 2.000000000000000000e+00 0.000000000000000000e+00
4.390000000000000000e+02 1.721468400500625648e+02 1.000000000000000000e+00 0.000000000000000000e+00
4.400000000000000000e+02 1.718054838920110683e+02 0.000000000000000000e+00 0.000000000000000000e+00
4.410000000000000000e+02 1.749832508893174463e+02 0.000000000000000000e+00 0.000000000000000000e+00
4.420000000000000000e+02 1.732625254892168414e+02 2.000000000000000000e+00 0.000000000000000000e+00
4.430000000000000000e+02 1.737764942756343487e+02 0.000000000000000000e+00 0.000000000000000000e+00
4.440000000000000000e+02 1.749247247088019321e+02 0.000000000000000000e+00 0.000000000000000000e+00
4.450000000000000000e+02 1.764145232405320201e+02 0.000000000000000000e+00 0.000000000000000000e+00
4.460000000000000000e+02 1.758192054236528463e+02 1.000000000000000000e+00 0.000000000000000000e+00
4.470000000000000000e+02 1.768527047523176066e+02 0.000000000000000000e+00 0.000000000000000000e+00
4.480000000000000000e+02 1.780120154256333933e+02 0.000000000000000000e+00 0.000000000000000000e+00
4.490000000000000000e+02 1.789924975117124575e+02 0.000000000000000000e+00 0.000000000000000000e+00
4.500000000000000000e+02 1.788012070324321314e+02 1.000000000000000000e+00 0.000000000000000000e+00
4.510000000000000000e+02 1.801933935413643439e+02 0.000000000000000000e+00 0.000000000000000000e+00
4.520000000000000000e+02 1.793075515793343300e+02 1.000000000000000000e+00 0.000000000000000000e+00
4.530000000000000000e+02 1.803484725859719902e+02 1.000000000000000000e+00 0.000000000000000000e+00
4.540000000000000000e+02 1.808094931445518796e+02 0.000000000000000000e+00 0.000000000000000000e+00
4.550000000000000000e+02 1.814155576002001453e+02 0.000000000000000000e+00 0.000000000000000000e+00
4.560000000000000000e+02 1.836570218540903454e+02 0.000000000000000000e+00 0.000000000000000000e+00
4.570000000000000000e+02 1.819748052340233926e+02 2.000000000000000000e+00 0.000000000000000000e+00
4.580000000000000000e+02 1.820281934820240508e+02 1.000000000000000000e+00 0.000000000000000000e+00
4.590000000000000000e+02 1.830661185969616156e+02 0.000000000000000000e+00 0.000000000000000000e+00
4.600000000000000000e+02 1.838850311196906944e+02 0.000000000000000000e+00 0.000000000000000000e+00
4.610000000000000000e+02 1.835317691388817423e+02 1.000000000000000000e+00 0.000000000000000000e+00
4.620000000000000000e+02 1.847571693240062416e+02 0.000000000000000000e+00 0.000000000000000000e+00
4.630000000000000000e+02 1.845263366794334559e+02 2.000000000000000000e+00 0.000000000000000000e+00
4.640000000000000000e+02 1.860773566361685880e+02 0.000000000000000000e+00 0.000000000000000000e+00
4.650000000000000000e+02 1.857190717874143786e+02 0.000000000000000000e+00 0.000000000000000000e+00
4.660000000000000000e+02 1.865809424511086547e+02 0.000000000000000000e+00 0.000000000000000000e+00
4.670000000000000000e+02 1.881815904162690458e+02 0.000000000000000000e+00 0.000000000000000000e+00
4.680000000000000000e+02 1.895002507226633952e+02 0.000000000000000000e+00 0.000000000000000000e+00
4.690000000000000000e+02 1.890325585860636863e+02 0.000000000000000000e+00 0.000000000000000000e+00
4.700000000000000000e+02 1.878013778043709294e+02 2.000000000000000000e+00 0.000000000000000000e+00
4.710000000000000000e+02 1.898085498411520291e+02 0.000000000000000000e+00 0.000000000000000000e+00
4.720000000000000000e+02 1.905891955675656391e+02 0.000000000000000000e+00 0.000000000000000000e+00
4.730000000000000000e+02 1.920829124444985609e+02 0.000000000000000000e+00 0.000000000000000000e+00
4.740000000000000000e+02 1.913810895678054749e+02 1.000000000000000000e+00 0.000000000000000000e+00
4.750000000000000000e+02 1.926092451502748872e+02 0.000000000000000000e+00 0.000000000000000000e+00
4.760000000000000000e+02 1.931820267550477865e+02 1.000000000000000000e+00 0.000000000000000000e+00
4.770000000000000000e+02 1.945252516860104777e+02 0.000000000000000000e+00 0.000000000000000000e+00
4.780000000000000000e+02 1.937180240026927436e+02 2.000000000000000000e+00 0.000000000000000000e+00
4.790000000000000000e+02 1.942622425157319981e+02 0.000000000000000000e+00 0.000000000000000000e+00
4.800000000000000000e+02 1.956703084638338908e+02 0.000000000000000000e+00 0.000000000000000000e+00
4.810000000000000000e+02 1.959273490290774475e+02 0.000000000000000000e+00 0.000000000000000000e+00
4.820000000000000000e+02 1.944680105785196247e+02 2.000000000000000000e+00 0.000000000000000000e+00
4.830000000000000000e+02 1.934393118756196941e+02 2.000000000000000000e+00 0.000000000000000000e+00
4.840000000000000000e+02 1.956012530209871727e+02 0.000000000000000000e+00 0.000000000000000000e+00
4.850000000000000000e+02 1.964371186848395894e+02 0.000000000000000000e+00 0.000000000000000000e+00
4.860000000000000000e+02 1.943658721917643675e+02 2.000000000000000000e+00 0.000000000000000000e+00
4.870000000000000000e+02 1.956833656415615508e+02 0.000000000000000000e+00 0.000000000000000000e+00
4.880000000000000000e+02 1.962570266942570356e+02 0.000000000000000000e+00 0.000000000000000000e+00
4.890000000000000000e+02 1.974543734887867856e+02 1.000000000000000000e+00 0.000000000000000000e+00
4.900000000000000000e+02 1.970684583965455943e+02 0.000000000000000000e+00 0.000000000000000000e+00
4.910000000000000000e+02 1.993196002765128867e+02 0.000000000000000000e+00 0.000000000000000000e+00
4.920000000000000000e+02 1.985589905213714701e+02 2.000000000000000000e+00 0.000000000000000000e+00
4.930000000000000000e+02 1.983199080402968661e+02 0.000000000000000000e+00 0.000000000000000000e+00
4.940000000000000000e+02 2.003664426636470068e+02 0.000000000000000000e+00 0.000000000000000000e+00
4.950000000000000000e+02 1.994549472168929753e+02 2.000000000000000000e+00 0.000000000000000000e+00
4.960000000000000000e+02 2.004727058236935591e+02 0.000000000000000000e+00 0.000000000000000000e+00
4.970000000000000000e+02 2.007026357039027005e+02 0.000000000000000000e+00 0.000000000000000000e+00
4.980000000000000000e+02 2.021607042171179671e+02 0.000000000000000000e+00 0.000000000000000000e+00
4.990000000000000000e+02 2.016266392083684877e+02 1.000000000000000000e+00 0.000000000000000000e+00
5.000000000000000000e+02 2.036572119132787293e+02 0.000000000000000000e+00 0.000000000000000000e+00
5.010000000000000000e+02 2.015068549849709711e+02 1.000000000000000000e+00 0.000000000000000000e+00
5.020000000000000000e+02 2.050564169382719228e+02 0.000000000000000000e+00 0.000000000000000000e+00
5.030000000000000000e+02 2.048119461168590760e+02 0.000000000000000000e+00 0.000000000000000000e+00
5.040000000000000000e+02 2.042042745127229182e+02 2.000000000000000000e+00 0.000000000000000000e+00
5.050000000000000000e+02 2.032562969261762760e+02 2.000000000000000000e+00 0.000000000000000000e+00
5.060000000000000000e+02 2.024652347629857161e+02 2.000000000000000000e+00 0.000000000000000000e+00
5.070000000000000000e+02 2.027044710755433812e+02 0.000000000000000000e+00 0.000000000000000000e+00
5.080000000000000000e+02 2.043459174865959938e+02 0.000000000000000000e+00 0.000000000000000000e+00
5.090000000000000000e+02 2.035805172532636504e+02 1.000000000000000000e+00 0.000000000000000000e+00
5.100000000000000000e+02 2.031543424310157775e+02 1.000000000000000000e+00 0.000000000000000000e+00
5.110000000000000000e+02 2.053782935657105497e+02 0.000000000000000000e+00 0.000000000000000000e+00
5.120000000000000000e+02 2.059044124358988199e+02 0.000000000000000000e+00 0.000000000000000000e+00
5.130000000000000000e+02 2.070541860889638315e+02 0.000000000000000000e+00 0.000000000000000000e+00
5.140000000000000000e+02 2.078570062877062128e+02 0.000000000000000000e+00 0.000000000000000000e+00
5.150000000000000000e+02 2.091499390540508330e+02 0.000000000000000000e+00 0.000000000000000000e+00
5.160000000000000000e+02 2.096523040337185648e+02 0.000000000000000000e+00 0.000000000000000000e+00
5.170000000000000000e+02 2.113148874249935716e+02 0.000000000000000000e+00 0.000000000000000000e+00
5.180000000000000000e+02 2.129273196393362753e+02 0.000000000000000000e+00 0.000000000000000000e+00
5.190000000000000000e+02 2.128089146640369904e+02 0.000000000000000000e+00 0.000000000000000000e+00
5.200000000000000000e+02 2.114400406898741380e+02 2.000000000000000000e+00 0.000000000000000000e+00
5.210000000000000000e+02 2.131831434409554902e+02 0.000000000000000000e+00 0.000000000000000000e+00
5.220000000000000000e+02 2.136604944309734435e+02 0.000000000000000000e+00 0.000000000000000000e+00
5.230000000000000000e+02 2.127530326768382736e+02 2.000000000000000000e+00 0.000000000000000000e+00
5.240000000000000000e+02 2.127341085081885694e+02 1.000000000000000000e+00 0.000000000000000000e+00
5.250000000000000000e+02 2.147524665813622278e+02 0.000000000000000000e+00 0.000000000000000000e+00
5.260000000000000000e+02 2.155001122235865978e+02 0.000000000000000000e+00 0.000000000000000000e+00
5.270000000000000000e+02 2.146674471580698196e+02 1.000000000000000000e+00 0.000000000000000000e+00
5.280000000000000000e+02 2.135007761215796336e+02 2.000000000000000000e+00 0.000000000000000000e+00
5.290000000000000000e+02 2.144232362208247196e+02 0.000000000000000000e+00 0.000000000000000000e+00
5.300000000000000000e+02 2.139999284938312769e+02 2.000000000000000000e+00 0.000000000000000000e+00
5.310000000000000000e+02 2.147585582564338438e+02 1.000000000000000000e+00 0.000000000000000000e+00
5.320000000000000000e+02 2.143939965466103104e+02 1.000000000000000000e+00 0.000000000000000000e+00
5.330000000000000000e+02 2.142581671908165220e+02 0.000000000000000000e+00 0.000000000000000000e+00
5.340000000000000000e+02 2.151935969975270950e+02 0.000000000000000000e+00 0.000000000000000000e+00
5.350000000000000000e+02 2.167909116564547958e+02 0.000000000000000000e+00 0.000000000000000000e+00
5.360000000000000000e+02 2.163632078601670798e+02 2.000000000000000000e+00 0.000000000000000000e+00
5.370000000000000000e+02 2.176358101724850371e+02 0.000000000000000000e+00 0.000000000000000000e+00
5.380000000000000000e+02 2.173969760631582346e+02 0.000000000000000000e+00 0.000000000000000000e+00
5.390000000000000000e+02 2.185394458965423325e+02 0.000000000000000000e+00 0.000000000000000000e+00
5.400000000000000000e+02 2.177928059657843960e+02 2.000000000000000000e+00 0.000000000000000000e+00
5.410000000000000000e+02 2.188812214760357335e+02 0.000000000000000000e+00 0.000000000000000000e+00
5.420000000000000000e+02 2.188615407049215662e+02 0.000000000000000000e+00 0.000000000000000000e+00
5.430000000000000000e+02 2.201740508394730114e+02 1.000000000000000000e+00 0.000000000000000000e+00
5.440000000000000000e+02 2.202823915049168306e+02 0.000000000000000000e+00 0.000000000000000000e+00
5.450000000000000000e+02 2.214183858993334866e+02 0.000000000000000000e+00 0.000000000000000000e+00
5.460000000000000000e+02 2.221230023128977109e+02 1.000000000000000000e+00 0.000000000000000000e+00
5.470000000000000000e+02 2.224038998321873351e+02 0.000000000000000000e+00 0.000000000000000000e+00
5.480000000000000000e+02 2.216965472527988368e+02 2.000000000000000000e+00 0.000000000000000000e+00
5.490000000000000000e+02 2.221137419677389460e+02 1.000000000000000000e+00 0.000000000000000000e+00
5.500000000000000000e+02 2.220418384362271524e+02 1.000000000000000000e+00 0.000000000000000000e+00
5.510000000000000000e+02 2.237024001899609686e+02 0.000000000000000000e+00 0.000000000000000000e+00
5.520000000000000000e+02 2.240564067207143637e+02 0.000000000000000000e+00 0.000000000000000000e+00
5.530000000000000000e+02 2.256967192044546096e+02 0.000000000000000000e+00 0.000000000000000000e+00
5.540000000000000000e+02 2.241642759864446077e+02 2.000000000000000000e+00 0.000000000000000000e+00
5.550000000000000000e+02 2.250551335384616607e+02 0.000000000000000000e+00 0.000000000000000000e+00
5.560000000000000000e+02 2.260124885266212971e+02 0.000000000000000000e+00 0.000000000000000000e+00
5.570000000000000000e+02 2.261261825472683995e+02 1.000000000000000000e+00 0.000000000000000000e+00
5.580000000000000000e+02 2.256504275848752741e+02 1.000000000000000000e+00 0.000000000000000000e+00
5.590000000000000000e+02 2.265748130145249490e+02 0.000000000000000000e+00 0.000000000000000000e+00
5.600000000000000000e+02 2.272712313882827573e+02 0.000000000000000000e+00 0.000000000000000000e+00
5.610000000000000000e+02 2.279392691363659935e+02 0.000000000000000000e+00 0.000000000000000000e+00
5.620000000000000000e+02 2.303541996035696116e+02 0.000000000000000000e+00 0.000000000000000000e+00
5.630000000000000000e+02 2.289084261408339671e+02 2.000000000000000000e+00 0.000000000000000000e+00
5.640000000000000000e+02 2.298520369579540841e+02 0.000000000000000000e+00 0.000000000000000000e+00
5.650000000000000000e+02 2.308414946501038685e+02 0.000000000000000000e+00 0.000000000000000000e+00
5.660000000000000000e+02 2.302463187634424742e+02 2.000000000000000000e+00 0.000000000000000000e+00
5.670000000000000000e+02 2.313143390434721880e+02 0.000000000000000000e+00 0.000000000000000000e+00
5.680000000000000000e+02 2.313097140254971578e+02 0.000000000000000000e+00 0.000000000000000000e+00
5.690000000000000000e+02 2.315105072701782660e+02 2.000000000000000000e+00 0.000000000000000000e+00
5.700000000000000000e+02 2.319068326700827072e+02 0.000000000000000000e+00 0.000000000000000000e+00
5.710000000000000000e+02 2.326531789340744751e+02 1.000000000000000000e+00 0.000000000000000000e+00
5.720000000000000000e+02 2.307579083459462765e+02 2.000000000000000000e+00 0.000000000000000000e+00
5.730000000000000000e+02 2.318197167123687166e+02 0.000000000000000000e+00 0.000000000000000000e+00
5.740000000000000000e+02 2.321792147450796335e+02 0.000000000000000000e+00 0.000000000000000000e+00
5.750000000000000000e+02 2.334378944434389211e+02 0.000000000000000000e+00 0.000000000000000000e+00
5.760000000000000000e+02 2.335479287086180022e+02 1.000000000000000000e+00 0.000000000000000000e+00
5.770000000000000000e+02 2.339184531283003423e+02 2.000000000000000000e+00 0.000000000000000000e+00
5.780000000000000000e+02 2.349707847583826208e+02 0.000000000000000000e+00 0.000000000000000000e+00
5.790000000000000000e+02 2.350934247344835626e+02 0.000000000000000000e+00 0.000000000000000000e+00
5.800000000000000000e+02 2.366380580782800394e+02 0.000000000000000000e+00 0.000000000000000000e+00
5.810000000000000000e+02 2.352260368806758493e+02 1.000000000000000000e+00 0.000000000000000000e+00
5.820000000000000000e+02 2.366820860744296908e+02 0.000000000000000000e+00 0.000000000000000000e+00
5.830000000000000000e+02 2.363306002036408415e+02 1.000000000000000000e+00 0.000000000000000000e+00
5.840000000000000000e+02 2.384620737792930072e+02 0.000000000000000000e+00 0.000000000000000000e+00
5.850000000000000000e+02 2.392015533087859751e+02 0.000000000000000000e+00 0.000000000000000000e+00
5.860000000000000000e+02 2.399476902636517934e+02 0.000000000000000000e+00 0.000000000000000000e+00
5.870000000000000000e+02 2.410714067599087684e+02 0.000000000000000000e+00 0.000000000000000000e+00
5.880000000000000000e+02 2.414189451994895990e+02 1.000000000000000000e+00 0.000000000000000000e+00
5.890000000000000000e+02 2.402102096774002007e+02 2.000000000000000000e+00 0.000000000000000000e+00
5.900000000000000000e+02 2.412731377667265065e+02 0.000000000000000000e+00 0.000000000000000000e+00
5.910000000000000000e+02 2.423035671289676429e+02 0.000000000000000000e+00 0.000000000000000000e+00
5.920000000000000000e+02 2.416589741271396008e+02 2.000000000000000000e+00 0.000000000000000000e+00
5.930000000000000000e+02 2.408969266578142197e+02 1.000000000000000000e+00 0.000000000000000000e+00
5.940000000000000000e+02 2.409026208715101234e+02 1.000000000000000000e+00 0.000000000000000000e+00
5.950000000000000000e+02 2.402255505131416840e+02 2.000000000000000000e+00 0.000000000000000000e+00
5.960000000000000000e+02 2.411949112735085521e+02 0.000000000000000000e+00 0.000000000000000000e+00
5.970000000000000000e+02 2.419727478486441612e+02 0.000000000000000000e+00 0.000000000000000000e+00
5.980000000000000000e+02 2.436319446122734291e+02 0.000000000000000000e+00 0.000000000000000000e+00
5.990000000000000000e+02 2.444260306327766443e+02 0.000000000000000000e+00 0.000000000000000000e+00
6.000000000000000000e+02 2.451435508867139674e+02 0.000000000000000000e+00 0.000000000000000000e+00
6.010000000000000000e+02 2.437167233660512409e+02 2.000000000000000000e+00 0.000000000000000000e+00
6.020000000000000000e+02 2.439937055789052920e+02 1.000000000000000000e+00 0.000000000000000000e+00
6.030000000000000000e+02 2.453468748441317757e+02 0.000000000000000000e+00 0.000000000000000000e+00
6.040000000000000000e+02 2.459523701592248983e+02 0.000000000000000000e+00 0.000000000000000000e+00
6.050000000000000000e+02 2.454218148219404725e+02 2.000000000000000000e+00 0.000000000000000000e+00
6.060000000000000000e+02 2.463938064049921479e+02 0.000000000000000000e+00 0.000000000000000000e+00
6.070000000000000000e+02 2.456460576612843738e+02 2.000000000000000000e+00 0.000000000000000000e+00
6.080000000000000000e+02 2.437910242816730602e+02 2.000000000000000000e+00 0.000000000000000000e+00
6.090000000000000000e+02 2.443941115644827846e+02 0.000000000000000000e+00 0.000000000000000000e+00
6.100000000000000000e+02 2.459347681045076399e+02 0.000000000000000000e+00 0.000000000000000000e+00
6.110000000000000000e+02 2.473350883762221031e+02 0.000000000000000000e+00 0.000000000000000000e+00
6.120000000000000000e+02 2.483832389116292632e+02 0.000000000000000000e+00 0.000000000000000000e+00
6.130000000000000000e+02 2.494416300536751976e+02 0.000000000000000000e+00 0.000000000000000000e+00
6.140000000000000000e+02 2.499574192282265983e+02 0.000000000000000000e+00 0.000000000000000000e+00
6.150000000000000000e+02 2.511742152713595431e+02 0.000000000000000000e+00 0.000000000000000000e+00
6.160000000000000000e+02 2.515296909255490050e+02 0.000000000000000000e+00 0.000000000000000000e+00
6.170000000000000000e+02 2.531425557206009955e+02 0.000000000000000000e+00 0.000000000000000000e+00
6.180000000000000000e+02 2.533813715972885063e+02 0.000000000000000000e+00 0.000000000000000000e+00
6.190000000000000000e+02 2.532954728648067828e+02 2.000000000000000000e+00 0.000000000000000000e+00
6.200000000000000000e+02 2.544498684861275422e+02 0.000000000000000000e+00 0.000000000000000000e+00
6.210000000000000000e+02 2.546037062107537849e+02 0.000000000000000000e+00 0.000000000000000000e+00
6.220000000000000000e+02 2.553118194699328853e+02 0.000000000000000000e+00 0.000000000000000000e+00
6.230000000000000000e+02 2.569507783103136944e+02 0.000000000000000000e+00 0.000000000000000000e+00
6.240000000000000000e+02 2.578706769234601097e+02 1.000000000000000000e+00 0.000000000000000000e+00
6.250000000000000000e+02 2.577136576664804011e+02 0.000000000000000000e+00 0.000000000000000000e+00
6.260000000000000000e+02 2.583674251154374133e+02 1.000000000000000000e+00 0.000000000000000000e+00
6.270000000000000000e+02 2.577593368127061240e+02 1.000000000000000000e+00 0.000000000000000000e+00
6.280000000000000000e+02 2.572766517702928581e+02 1.000000000000000000e+00 0.000000000000000000e+00
6.290000000000000000e+02 2.600415070143500316e+02 0.000000000000000000e+00 0.000000000000000000e+00
6.300000000000000000e+02 2.572708239115393667e+02 2.000000000000000000e+00 0.000000000000000000e+00
6.310000000000000000e+02 2.582651298849043542e+02 1.000000000000000000e+00 0.000000000000000000e+00
6.320000000000000000e+02 2.578033081107868725e+02 1.000000000000000000e+00 0.000000000000000000e+00
6.330000000000000000e+02 2.586427546715256085e+02 0.000000000000000000e+00 0.000000000000000000e+00
6.340000000000000000e+02 2.606529245599411411e+02 0.000000000000000000e+00 0.000000000000000000e+00
6.350000000000000000e+02 2.611663209581463434e+02 0.000000000000000000e+00 0.000000000000000000e+00
6.360000000000000000e+02 2.617563004161021922e+02 0.000000000000000000e+00 0.000000000000000000e+00
6.370000000000000000e+02 2.627914400260524417e+02 0.000000000000000000e+00 0.000000000000000000e+00
6.380000000000000000e+02 2.633026546680081310e+02 0.000000000000000000e+00 0.000000000000000000e+00
6.390000000000000000e+02 2.648841210872614624e+02 0.000000000000000000e+00 0.000000000000000000e+00
6.400000000000000000e+02 2.657051997298191850e+02 1.000000000000000000e+00 0.000000000000000000e+00
6.410000000000000000e+02 2.643417801060046486e+02 2.000000000000000000e+00 0.000000000000000000e+00
6.420000000000000000e+02 2.648597591247221317e+02 0.000000000000000000e+00 0.000000000000000000e+00
6.430000000000000000e+02 2.666830235542298055e+02 0.000000000000000000e+00 0.000000000000000000e+00
6.440000000000000000e+02 2.668987122855353391e+02 0.000000000000000000e+00 0.000000000000000000e+00
6.450000000000000000e+02 2.681068252062801776e+02 0.000000000000000000e+00 0.000000000000000000e+00
6.460000000000000000e+02 2.672353624600425519e+02 2.000000000000000000e+00 0.000000000000000000e+00
6.470000000000000000e+02 2.685557562056332017e+02 0.000000000000000000e+00 0.000000000000000000e+00
6.480000000000000000e+02 2.692670927611985690e+02 0.000000000000000000e+00 0.000000000000000000e+00
6.490000000000000000e+02 2.675096034626594133e+02 2.000000000000000000e+00 0.000000000000000000e+00
6.500000000000000000e+02 2.687555520265815971e+02 1.000000000000000000e+00 0.000000000000000000e+00
6.510000000000000000e+02 2.689271368316346980e+02 0.000000000000000000e+00 0.000000000000000000e+00
6.520000000000000000e+02 2.698891292686227530e+02 0.000000000000000000e+00 0.000000000000000000e+00
6.530000000000000000e+02 2.707337787601936157e+02 0.000000000000000000e+00 0.000000000000000000e+00
6.540000000000000000e+02 2.717665332591893730e+02 0.000000000000000000e+00 0.000000000000000000e+00
6.550000000000000000e+02 2.710800413929495107e+02 1.000000000000000000e+00 0.000000000000000000e+00
6.560000000000000000e+02 2.728936698320402456e+02 0.000000000000000000e+00 0.000000000000000000e+00
6.570000000000000000e+02 2.720234872570839570e+02 2.000000000000000000e+00 0.000000000000000000e+00
6.580000000000000000e+02 2.731746925112672102e+02 0.000000000000000000e+00 0.000000000000000000e+00
6.590000000000000000e+02 2.739391627382003094e+02 0.000000000000000000e+00 0.000000000000000000e+00
6.600000000000000000e+02 2.745017422310199890e+02 0.000000000000000000e+00 0.000000000000000000e+00
6.610000000000000000e+02 2.735521795682070660e+02 2.000000000000000000e+00 0.000000000000000000e+00
6.620000000000000000e+02 2.732944794890913727e+02 2.000000000000000000e+00 0.000000000000000000e+00
6.630000000000000000e+02 2.747757589259622364e+02 0.000000000000000000e+00 0.000000000000000000e+00
6.640000000000000000e+02 2.746297855113882065e+02 0.000000000000000000e+00 0.000000000000000000e+00
6.650000000000000000e+02 2.744077197722514825e+02 1.000000000000000000e+00 0.000000000000000000e+00
6.660000000000000000e+02 2.766394225344638471e+02 0.000000000000000000e+00 0.000000000000000000e+00
6.670000000000000000e+02 2.772799626176340553e+02 0.000000000000000000e+00 0.000000000000000000e+00
6.680000000000000000e+02 2.780713473699978522e+02 0.000000000000000000e+00 0.000000000000000000e+00
6.690000000000000000e+02 2.793253455609154230e+02 0.000000000000000000e+00 0.000000000000000000e+00
6.700000000000000000e+02 2.800343995351474291e+02 0.000000000000000000e+00 0.000000000000000000e+00
6.710000000000000000e+02 2.816041816154873345e+02 0.000000000000000000e+00 0.000000000000000000e+00
6.720000000000000000e+02 2.820836215350517477e+02 0.000000000000000000e+00 0.000000000000000000e+00
6.730000000000000000e+02 2.814654773142225963e+02 1.000000000000000000e+00 0.000000000000000000e+00
6.740000000000000000e+02 2.829756112154987591e+02 0.000000000000000000e+00 0.000000000000000000e+00
6.750000000000000000e+02 2.838504592715979697e+02 0.000000000000000000e+00 0.000000000000000000e+00
6.760000000000000000e+02 2.856110779235594350e+02 0.000000000000000000e+00 0.000000000000000000e+00
6.770000000000000000e+02 2.851487047570594200e+02 0.000000000000000000e+00 0.000000000000000000e+00
6.780000000000000000e+02 2.844143998277626793e+02 2.000000000000000000e+00 0.000000000000000000e+00
6.790000000000000000e+02 2.861899763863651742e+02 0.000000000000000000e+00 0.000000000000000000e+00
6.800000000000000000e+02 2.878330169119896027e+02 0.000000000000000000e+00 0.000000000000000000e+00
6.810000000000000000e+02 2.864992440941725818e+02 1.000000000000000000e+00 0.000000000000000000e+00
6.820000000000000000e+02 2.863242830273161985e+02 2.000000000000000000e+00 0.000000000000000000e+00
6.830000000000000000e+02 2.873981863183358314e+02 0.000000000000000000e+00 0.000000000000000000e+00
6.840000000000000000e+02 2.861047611133802775e+02 2.000000000000000000e+00 0.000000000000000000e+00
6.850000000000000000e+02 2.869419391974681730e+02 0.000000000000000000e+00 0.000000000000000000e+00
6.860000000000000000e+02 2.878970164769071403e+02 0.000000000000000000e+00 0.000000000000000000e+00
6.870000000000000000e+02 2.882903956872370372e+02 1.000000000000000000e+00 0.000000000000000000e+00
6.880000000000000000e+02 2.894068415234635836e+02 0.000000000000000000e+00 0.000000000000000000e+00
6.890000000000000000e+02 2.903788379843426810e+02 0.000000000000000000e+00 0.000000000000000000e+00
6.900000000000000000e+02 2.909009718658330712e+02 0.000000000000000000e+00 0.000000000000000000e+00
6.910000000000000000e+02 2.908172274340404329e+02 1.000000000000000000e+00 0.000000000000000000e+00
6.920000000000000000e+02 2.892073618544591227e+02 2.000000000000000000e+00 0.000000000000000000e+00
6.930000000000000000e+02 2.901019430530641898e+02 1.000000000000000000e+00 0.000000000000000000e+00
6.940000000000000000e+02 2.893594347645209837e+02 2.000000000000000000e+00 0.000000000000000000e+00
6.950000000000000000e+02 2.901018428563571092e+02 0.000000000000000000e+00 0.000000000000000000e+00
6.960000000000000000e+02 2.914165375577528607e+02 0.000000000000000000e+00 0.000000000000000000e+00
6.970000000000000000e+02 2.910333119438989797e+02 1.000000000000000000e+00 0.000000000000000000e+00
6.980000000000000000e+02 2.913593994497390440e+02 1.000000000000000000e+00 0.000000000000000000e+00
6.990000000000000000e+02 2.928901587886533093e+02 0.000000000000000000e+00 0.000000000000000000e+00
7.000000000000000000e+02 2.911278083843985200e+02 2.000000000000000000e+00 0.000000000000000000e+00
7.010000000000000000e+02 2.928561445351690509e+02 0.000000000000000000e+00 0.000000000000000000e+00
7.020000000000000000e+02 2.904278206469678025e+02 2.000000000000000000e+00 0.000000000000000000e+00
7.030000000000000000e+02 2.919092456301040102e+02 0.000000000000000000e+00 0.000000000000000000e+00
7.040000000000000000e+02 2.933095505844207764e+02 0.000000000000000000e+00 0.000000000000000000e+00
7.050000000000000000e+02 2.931864399081410397e+02 0.000000000000000000e+00 0.000000000000000000e+00
7.060000000000000000e+02 2.951699972115828814e+02 0.000000000000000000e+00 0.000000000000000000e+00
7.070000000000000000e+02 2.936976423411225596e+02 2.000000000000000000e+00 0.000000000000000000e+00
7.080000000000000000e+02 2.955175706312322177e+02 0.000000000000000000e+00 0.000000000000000000e+00
7.090000000000000000e+02 2.958870753447292827e+02 0.000000000000000000e+00 0.000000000000000000e+00
7.100000000000000000e+02 2.971150162264197547e+02 0.000000000000000000e+00 0.000000000000000000e+00
7.110000000000000000e+02 2.985546755238901255e+02 0.000000000000000000e+00 0.000000000000000000e+00
7.120000000000000000e+02 2.987068953203047954e+02 0.000000000000000000e+00 0.000000000000000000e+00
7.130000000000000000e+02 2.996297727167388416e+02 0.000000000000000000e+00 0.000000000000000000e+00
7.140000000000000000e+02 2.983664563456659380e+02 2.000000000000000000e+00 0.000000000000000000e+00
7.150000000000000000e+02 2.972474706548443919e+02 2.000000000000000000e+00 0.000000000000000000e+00
7.160000000000000000e+02 2.990132765682517402e+02 0.000000000000000000e+00 0.000000000000000000e+00
7.170000000000000000e+02 3.000038624067212254e+02 0.000000000000000000e+00 0.000000000000000000e+00
7.180000000000000000e+02 2.993768690248957114e+02 1.000000000000000000e+00 0.000000000000000000e+00
7.190000000000000000e+02 2.993554262975512188e+02 1.000000000000000000e+00 0.000000000000000000e+00
7.200000000000000000e+02 3.011531099895952934e+02 0.000000000000000000e+00 0.000000000000000000e+00
7.210000000000000000e+02 3.002806556997115877e+02 2.000000000000000000e+00 0.000000000000000000e+00
7.220000000000000000e+02 3.000674771529027112e+02 1.000000000000000000e+00 0.000000000000000000e+00
7.230000000000000000e+02 3.018416122197983213e+02 0.000000000000000000e+00 0.000000000000000000e+00
7.240000000000000000e+02 3.010018677984921851e+02 1.000000000000000000e+00 0.000000000000000000e+00
7.250000000000000000e+02 3.020045388234863708e+02 0.000000000000000000e+00 0.000000000000000000e+00
7.260000000000000000e+02 3.037782549590566532e+02 0.000000000000000000e+00 0.000000000000000000e+00
7.270000000000000000e+02 3.034556222082747468e+02 0.000000000000000000e+00 0.000000000000000000e+00
7.280000000000000000e+02 3.030157185234484132e+02 2.000000000000000000e+00 0.000000000000000000e+00
7.290000000000000000e+02 3.034971529344701366e+02 0.000000000000000000e+00 0.000000000000000000e+00
7.300000000000000000e+02 3.054813278286557647e+02 0.000000000000000000e+00 0.000000000000000000e+00
7.310000000000000000e+02 3.033566994361763705e+02 2.000000000000000000e+00 0.000000000000000000e+00
7.320000000000000000e+02 3.045062308143094469e+02 0.000000000000000000e+00 0.000000000000000000e+00
7.330000000000000000e+02 3.047833337163474994e+02 1.000000000000000000e+00 0.000000000000000000e+00
7.340000000000000000e+02 3.056171088764387491e+02 0.000000000000000000e+00 0.000000000000000000e+00
7.350000000000000000e+02 3.074039626855890788e+02 0.000000000000000000e+00 0.000000000000000000e+00
7.360000000000000000e+02 3.079723727705463148e+02 0.000000000000000000e+00 0.000000000000000000e+00
7.370000000000000000e+02 3.086721127525058819e+02 0.000000000000000000e+00 0.000000000000000000e+00
7.380000000000000000e+02 3.099293813997590519e+02 0.000000000000000000e+00 0.000000000000000000e+00
7.390000000000000000e+02 3.095696734386252729e+02 0.000000000000000000e+00 0.000000000000000000e+00
7.400000000000000000e+02 3.115140160724516250e+02 0.000000000000000000e+00 0.000000000000000000e+00
7.410000000000000000e+02 3.124385646038540472e+02 0.000000000000000000e+00 0.000000000000000000e+00
7.420000000000000000e+02 3.150571982892209348e+02 0.000000000000000000e+00 0.000000000000000000e+00
7.430000000000000000e+02 3.143452387001950683e+02 0.000000000000000000e+00 0.000000000000000000e+00
7.440000000000000000e+02 3.138468861687427420e+02 2.000000000000000000e+00 0.000000000000000000e+00
7.450000000000000000e+02 3.131098047195210938e+02 2.000000000000000000e+00 0.000000000000000000e+00
7.460000000000000000e+02 3.138241333336308685e+02 0.000000000000000000e+00 0.000000000000000000e+00
7.470000000000000000e+02 3.129369483934789855e+02 2.000000000000000000e+00 0.000000000000000000e+00
7.480000000000000000e+02 3.141727893620164878e+02 0.000000000000000000e+00 0.000000000000000000e+00
7.490000000000000000e+02 3.137561861689714533e+02 1.000000000000000000e+00 0.000000000000000000e+00
7.500000000000000000e+02 3.144391597756155079e+02 1.000000000000000000e+00 0.000000000000000000e+00
7.510000000000000000e+02 3.131708938059853153e+02 2.000000000000000000e+00 0.000000000000000000e+00
7.520000000000000000e+02 3.127737995328790817e+02 1.000000000000000000e+00 0.000000000000000000e+00
7.530000000000000000e+02 3.131965412391793393e+02 1.000000000000000000e+00 0.000000000000000000e+00
7.540000000000000000e+02 3.146171446713319142e+02 0.000000000000000000e+00 0.000000000000000000e+00
7.550000000000000000e+02 3.139776388120411070e+02 1.000000000000000000e+00 0.000000000000000000e+00
7.560000000000000000e+02 3.130020042852103188e+02 2.000000000000000000e+00 0.000000000000000000e+00
7.570000000000000000e+02 3.142805659424244027e+02 0.000000000000000000e+00 0.000000000000000000e+00
7.580000000000000000e+02 3.162581374803273206e+02 0.000000000000000000e+00 0.000000000000000000e+00
7.590000000000000000e+02 3.162107594933140717e+02 0.000000000000000000e+00 0.000000000000000000e+00
7.600000000000000000e+02 3.179225483541653148e+02 0.000000000000000000e+00 0.000000000000000000e+00
7.610000000000000000e+02 3.171586744951726473e+02 1.000000000000000000e+00 0.000000000000000000e+00
7.620000000000000000e+02 3.190465088635998541e+02 0.000000000000000000e+00 0.000000000000000000e+00
7.630000000000000000e+02 3.182821879896147266e+02 0.000000000000000000e+00 0.000000000000000000e+00
7.640000000000000000e+02 3.207704036304210717e+02 0.000000000000000000e+00 0.000000000000000000e+00
7.650000000000000000e+02 3.191900696640768729e+02 1.000000000000000000e+00 0.000000000000000000e+00
7.660000000000000000e+02 3.184820800841702635e+02 2.000000000000000000e+00 0.000000000000000000e+00
7.670000000000000000e+02 3.201120161653316245e+02 0.000000000000000000e+00 0.000000000000000000e+00
7.680000000000000000e+02 3.209874332510651129e+02 0.000000000000000000e+00 0.000000000000000000e+00
7.690000000000000000e+02 3.226666142931160834e+02 0.000000000000000000e+00 0.000000000000000000e+00
7.700000000000000000e+02 3.220145262079961981e+02 0.000000000000000000e+00 0.000000000000000000e+00
7.710000000000000000e+02 3.229997220645928451e+02 0.000000000000000000e+00 0.000000000000000000e+00
7.720000000000000000e+02 3.254726795517329947e+02 0.000000000000000000e+00 0.000000000000000000e+00
7.730000000000000000e+02 3.263809396240062597e+02 0.000000000000000000e+00 0.000000000000000000e+00
7.740000000000000000e+02 3.265937971180057957e+02 0.000000000000000000e+00 0.000000000000000000e+00
7.750000000000000000e+02 3.266261949093361068e+02 1.000000000000000000e+00 0.000000000000000000e+00
7.760000000000000000e+02 3.278225998123457430e+02 0.000000000000000000e+00 0.000000000000000000e+00
7.770000000000000000e+02 3.291710324636379710e+02 0.000000000000000000e+00 0.000000000000000000e+00
7.780000000000000000e+02 3.298342151743267436e+02 0.000000000000000000e+00 0.000000000000000000e+00
7.790000000000000000e+02 3.306497742235653163e+02 1.000000000000000000e+00 0.000000000000000000e+00
7.800000000000000000e+02 3.286222851837094936e+02 2.000000000000000000e+00 0.000000000000000000e+00
7.810000000000000000e+02 3.294827582398311847e+02 0.000000000000000000e+00 0.000000000000000000e+00
7.820000000000000000e+02 3.305520128420664037e+02 0.000000000000000000e+00 0.000000000000000000e+00
7.830000000000000000e+02 3.304787878272564967e+02 1.000000000000000000e+00 0.000000000000000000e+00
7.840000000000000000e+02 3.296272910709769803e+02 2.000000000000000000e+00 0.000000000000000000e+00
7.850000000000000000e+02 3.311333926248179864e+02 0.000000000000000000e+00 0.000000000000000000e+00
7.860000000000000000e+02 3.319414270103882814e+02 0.000000000000000000e+00 0.000000000000000000e+00
7.870000000000000000e+02 3.308784072890738912e+02 2.000000000000000000e+00 0.000000000000000000e+00
7.880000000000000000e+02 3.323557001738979011e+02 0.000000000000000000e+00 0.000000000000000000e+00
7.890000000000000000e+02 3.324088500531676118e+02 0.000000000000000000e+00 0.000000000000000000e+00
7.900000000000000000e+02 3.311213193583136558e+02 2.000000000000000000e+00 0.000000000000000000e+00
7.910000000000000000e+02 3.327974980579181192e+02 0.000000000000000000e+00 0.000000000000000000e+00
7.920000000000000000e+02 3.347740014540604534e+02 0.000000000000000000e+00 0.000000000000000000e+00
7.930000000000000000e+02 3.348989984591571556e+02 0.000000000000000000e+00 0.000000000000000000e+00
7.940000000000000000e+02 3.352626306124161033e+02 1.000000000000000000e+00 0.000000000000000000e+00
7.950000000000000000e+02 3.365317541182436116e+02 0.000000000000000000e+00 0.000000000000000000e+00
7.960000000000000000e+02 3.344913089244691946e+02 2.000000000000000000e+00 0.000000000000000000e+00
7.970000000000000000e+02 3.355693503712037113e+02 0.000000000000000000e+00 0.000000000000000000e+00
7.980000000000000000e+02 3.374391404025916472e+02 0.000000000000000000e+00 0.000000000000000000e+00
7.990000000000000000e+02 3.365031638115265764e+02 2.000000000000000000e+00 0.000000000000000000e+00
8.000000000000000000e+02 3.376257351592109899e+02 0.000000000000000000e+00 0.000000000000000000e+00
