time	position	state	ATP_bound
1.000000000000000000e+00 7.309550495308920759e-01 0.000000000000000000e+00 0.000000000000000000e+00
2.000000000000000000e+00 1.879669248079484545e+00 0.000000000000000000e+00 0.000000000000000000e+00
3.000000000000000000e+00 2.419363056638867526e+00 1.000000000000000000e+00 0.000000000000000000e+00
4.000000000000000000e+00 1.107273528698947018e+00 2.000000000000000000e+00 0.000000000000000000e+00
5.000000000000000000e+00 2.178863416921302143e+00 0.000000000000000000e+00 0.000000000000000000e+00
6.000000000000000000e+00 1.749655157760360513e+00 2.000000000000000000e+00 0.000000000000000000e+00
7.000000000000000000e+00 8.030145995585449281e-01 2.000000000000000000e+00 0.000000000000000000e+00
8.000000000000000000e+00 4.058050805624574542e-01 0.000000000000000000e+00 0.000000000000000000e+00
9.000000000000000000e+00 2.113947099277400987e+00 0.000000000000000000e+00 0.000000000000000000e+00
1.000000000000000000e+01 1.645289035210601991e+00 1.000000000000000000e+00 0.000000000000000000e+00
1.100000000000000000e+01 1.801939585375764263e+00 2.000000000000000000e+00 0.000000000000000000e+00
1.200000000000000000e+01 2.567439745017724206e+00 0.000000000000000000e+00 0.000000000000000000e+00
1.300000000000000000e+01 3.049900264147541673e+00 0.000000000000000000e+00 0.000000000000000000e+00
1.400000000000000000e+01 2.152007995155882814e+00 2.000000000000000000e+00 0.000000000000000000e+00
1.500000000000000000e+01 9.007928360373389509e-01 2.000000000000000000e+00 0.000000000000000000e+00
1.600000000000000000e+01 2.410360543064519745e-01 2.000000000000000000e+00 0.000000000000000000e+00
1.700000000000000000e+01 3.952907666887029992e-01 0.000000000000000000e+00 0.000000000000000000e+00
1.800000000000000000e+01 1.465391815944556253e+00 0.000000000000000000e+00 0.000000000000000000e+00
1.900000000000000000e+01 1.571156879043925203e+00 2.000000000000000000e+00 0.000000000000000000e+00
2.000000000000000000e+01 2.064430765154588343e+00 0.000000000000000000e+00 0.000000000000000000e+00
2.100000000000000000e+01 3.268043593465798757e+00 0.000000000000000000e+00 0.000000000000000000e+00
2.200000000000000000e+01 3.014754312229154909e+00 1.000000000000000000e+00 0.000000000000000000e+00
2.300000000000000000e+01 3.369825008777694642e+00 0.000000000000000000e+00 0.000000000000000000e+00
2.400000000000000000e+01 3.328535587229329185e+00 1.000000000000000000e+00 0.000000000000000000e+00
2.500000000000000000e+01 4.573593325668627863e+00 0.000000000000000000e+00 0.000000000000000000e+00
2.600000000000000000e+01 5.524599708128149267e+00 1.000000000000000000e+00 0.000000000000000000e+00
2.700000000000000000e+01 5.853775688348800799e+00 1.000000000000000000e+00 0.000000000000000000e+00
2.800000000000000000e+01 5.044524870364189617e+00 1.000000000000000000e+00 0.000000000000000000e+00
2.900000000000000000e+01 3.983005190169451648e+00 2.000000000000000000e+00 0.000000000000000000e+00
3.000000000000000000e+01 4.556651208122762142e+00 0.000000000000000000e+00 0.000000000000000000e+00
3.100000000000000000e+01 5.734855324599472226e+00 0.000000000000000000e+00 0.000000000000000000e+00
3.200000000000000000e+01 7.341331008506033484e+00 0.000000000000000000e+00 0.000000000000000000e+00
3.300000000000000000e+01 7.883544290026260448e+00 0.000000000000000000e+00 0.000000000000000000e+00
3.400000000000000000e+01 6.304918828321927293e+00 2.000000000000000000e+00 0.000000000000000000e+00
3.500000000000000000e+01 8.523227092869660737e+00 0.000000000000000000e+00 0.000000000000000000e+00
3.600000000000000000e+01 8.442555940776459877e+00 1.000000000000000000e+00 0.000000000000000000e+00
3.700000000000000000e+01 7.910129697472241261e+00 1.000000000000000000e+00 0.000000000000000000e+00
3.800000000000000000e+01 6.927977691571057584e+00 2.000000000000000000e+00 0.000000000000000000e+00
3.900000000000000000e+01 7.659238871714874719e+00 0.000000000000000000e+00 0.000000000000000000e+00
4.000000000000000000e+01 8.026595744058253601e+00 0.000000000000000000e+00 0.000000000000000000e+00
4.100000000000000000e+01 7.947882281002314642e+00 2.000000000000000000e+00 0.000000000000000000e+00
4.200000000000000000e+01 9.754979324818373598e+00 0.000000000000000000e+00 0.000000000000000000e+00
4.300000000000000000e+01 8.462497084159920746e+00 2.000000000000000000e+00 0.000000000000000000e+00
4.400000000000000000e+01 7.706610449139993158e+00 1.000000000000000000e+00 0.000000000000000000e+00
4.500000000000000000e+01 7.959164217838996080e+00 1.000000000000000000e+00 0.000000000000000000e+00
4.600000000000000000e+01 8.556756855292269037e+00 0.000000000000000000e+00 0.000000000000000000e+00
4.700000000000000000e+01 9.947639441329847898e+00 0.000000000000000000e+00 0.000000000000000000e+00
4.800000000000000000e+01 1.031376786968793624e+01 0.000000000000000000e+00 0.000000000000000000e+00
4.900000000000000000e+01 1.173274722951358484e+01 0.000000000000000000e+00 0.000000000000000000e+00
5.000000000000000000e+01 1.067636531593233506e+01 2.000000000000000000e+00 0.000000000000000000e+00
5.100000000000000000e+01 1.229953468451412313e+01 0.000000000000000000e+00 0.000000000000000000e+00
5.200000000000000000e+01 1.048909813046762807e+01 2.000000000000000000e+00 0.000000000000000000e+00
5.300000000000000000e+01 1.192330572221070462e+01 0.000000000000000000e+00 0.000000000000000000e+00
5.400000000000000000e+01 1.401380412617305282e+01 0.000000000000000000e+00 0.000000000000000000e+00
5.500000000000000000e+01 1.287413196518822289e+01 2.000000000000000000e+00 0.000000000000000000e+00
5.600000000000000000e+01 1.302434205867967876e+01 0.000000000000000000e+00 0.000000000000000000e+00
5.700000000000000000e+01 1.487952399072587184e+01 0.000000000000000000e+00 0.000000000000000000e+00
5.800000000000000000e+01 1.629024479445718043e+01 0.000000000000000000e+00 0.000000000000000000e+00
5.900000000000000000e+01 1.373695430535267548e+01 2.000000000000000000e+00 0.000000000000000000e+00
6.000000000000000000e+01 1.346187636357422690e+01 1.000000000000000000e+00 0.000000000000000000e+00
6.100000000000000000e+01 1.295718597047008203e+01 2.000000000000000000e+00 0.000000000000000000e+00
6.200000000000000000e+01 1.204833404691372323e+01 1.000000000000000000e+00 0.000000000000000000e+00
6.300000000000000000e+01 1.441587249011769245e+01 0.000000000000000000e+00 0.000000000000000000e+00
6.400000000000000000e+01 1.559142904314929012e+01 0.000000000000000000e+00 0.000000000000000000e+00
6.500000000000000000e+01 1.507117431768785565e+01 0.000000000000000000e+00 0.000000000000000000e+00
6.600000000000000000e+01 1.484231160443039599e+01 2.000000000000000000e+00 0.000000000000000000e+00
6.700000000000000000e+01 1.587569575879393113e+01 0.000000000000000000e+00 0.000000000000000000e+00
6.800000000000000000e+01 1.550668375570103130e+01 1.000000000000000000e+00 0.000000000000000000e+00
6.900000000000000000e+01 1.687405352637303579e+01 0.000000000000000000e+00 0.000000000000000000e+00
7.000000000000000000e+01 1.771292503549608455e+01 1.000000000000000000e+00 0.000000000000000000e+00
7.100000000000000000e+01 1.753417243934725178e+01 0.000000000000000000e+00 0.000000000000000000e+00
7.200000000000000000e+01 1.924548082355120115e+01 0.000000000000000000e+00 0.000000000000000000e+00
7.300000000000000000e+01 1.855520942810802154e+01 1.000000000000000000e+00 0.000000000000000000e+00
7.400000000000000000e+01 1.989902995909910643e+01 0.000000000000000000e+00 0.000000000000000000e+00
7.500000000000000000e+01 2.131671494741648587e+01 0.000000000000000000e+00 0.000000000000000000e+00
7.600000000000000000e+01 2.021616725775194467e+01 2.000000000000000000e+00 0.000000000000000000e+00
7.700000000000000000e+01 2.053831234222348812e+01 0.000000000000000000e+00 0.000000000000000000e+00
7.800000000000000000e+01 2.074245326482264318e+01 1.000000000000000000e+00 0.000000000000000000e+00
7.900000000000000000e+01 2.231230688863250933e+01 0.000000000000000000e+00 0.000000000000000000e+00
8.000000000000000000e+01 2.320052928376730961e+01 0.000000000000000000e+00 0.000000000000000000e+00
8.100000000000000000e+01 2.427888661832778183e+01 0.000000000000000000e+00 0.000000000000000000e+00
8.200000000000000000e+01 2.375197669856273919e+01 1.000000000000000000e+00 0.000000000000000000e+00
8.300000000000000000e+01 2.474614533108790937e+01 0.000000000000000000e+00 0.000000000000000000e+00
8.400000000000000000e+01 2.483375323596270334e+01 1.000000000000000000e+00 0.000000000000000000e+00
8.500000000000000000e+01 2.667024316943963669e+01 0.000000000000000000e+00 0.000000000000000000e+00
8.600000000000000000e+01 2.727223082239247987e+01 0.000000000000000000e+00 0.000000000000000000e+00
8.700000000000000000e+01 2.753737684980244182e+01 0.000000000000000000e+00 0.000000000000000000e+00
8.800000000000000000e+01 2.883643958210746661e+01 1.000000000000000000e+00 0.000000000000000000e+00
8.900000000000000000e+01 2.707678425694004787e+01 2.000000000000000000e+00 0.000000000000000000e+00
9.000000000000000000e+01 2.834606580960803157e+01 0.000000000000000000e+00 0.000000000000000000e+00
9.100000000000000000e+01 2.616740305397163979e+01 2.000000000000000000e+00 0.000000000000000000e+00
9.200000000000000000e+01 2.815856449210786039e+01 0.000000000000000000e+00 0.000000000000000000e+00
9.300000000000000000e+01 2.803626641505112005e+01 1.000000000000000000e+00 0.000000000000000000e+00
9.400000000000000000e+01 2.896795882031045366e+01 0.000000000000000000e+00 0.000000000000000000e+00
9.500000000000000000e+01 2.944472055102581365e+01 0.000000000000000000e+00 0.000000000000000000e+00
9.600000000000000000e+01 3.092404752572127435e+01 0.000000000000000000e+00 0.000000000000000000e+00
9.700000000000000000e+01 3.086642504050722380e+01 0.000000000000000000e+00 0.000000000000000000e+00
9.800000000000000000e+01 3.134562904163870201e+01 1.000000000000000000e+00 0.000000000000000000e+00
9.900000000000000000e+01 3.300843555608273761e+01 0.000000000000000000e+00 0.000000000000000000e+00
1.000000000000000000e+02 3.335469347941242546e+01 1.000000000000000000e+00 0.000000000000000000e+00
1.010000000000000000e+02 3.408088807247889918e+01 0.000000000000000000e+00 0.000000000000000000e+00
1.020000000000000000e+02 3.453914906700266130e+01 0.000000000000000000e+00 0.000000000000000000e+00
1.030000000000000000e+02 3.491328501094746883e+01 1.000000000000000000e+00 0.000000000000000000e+00
1.040000000000000000e+02 3.499545910407745453e+01 0.000000000000000000e+00 0.000000000000000000e+00
1.050000000000000000e+02 3.625837998486089475e+01 1.000000000000000000e+00 0.000000000000000000e+00
1.060000000000000000e+02 3.656258367687738087e+01 0.000000000000000000e+00 0.000000000000000000e+00
1.070000000000000000e+02 3.662803372039328309e+01 2.000000000000000000e+00 0.000000000000000000e+00
1.080000000000000000e+02 3.691697078006743027e+01 0.000000000000000000e+00 0.000000000000000000e+00
1.090000000000000000e+02 3.791224433290171447e+01 0.000000000000000000e+00 0.000000000000000000e+00
1.100000000000000000e+02 3.715419385817676812e+01 2.000000000000000000e+00 0.000000000000000000e+00
1.110000000000000000e+02 3.524866780630715368e+01 2.000000000000000000e+00 0.000000000000000000e+00
1.120000000000000000e+02 3.796132292804276886e+01 0.000000000000000000e+00 0.000000000000000000e+00
1.130000000000000000e+02 3.800386294417842237e+01 0.000000000000000000e+00 0.000000000000000000e+00
1.140000000000000000e+02 3.951912121179309878e+01 0.000000000000000000e+00 0.000000000000000000e+00
1.150000000000000000e+02 3.836973989028308551e+01 2.000000000000000000e+00 0.000000000000000000e+00
1.160000000000000000e+02 3.885487583063710559e+01 0.000000000000000000e+00 0.000000000000000000e+00
1.170000000000000000e+02 3.964696604130757152e+01 0.000000000000000000e+00 0.000000000000000000e+00
1.180000000000000000e+02 4.102365495230120018e+01 0.000000000000000000e+00 0.000000000000000000e+00
1.190000000000000000e+02 4.093690275762565989e+01 1.000000000000000000e+00 0.000000000000000000e+00
1.200000000000000000e+02 4.177125546127696509e+01 0.000000000000000000e+00 0.000000000000000000e+00
1.210000000000000000e+02 4.224259624393189227e+01 0.000000000000000000e+00 0.000000000000000000e+00
1.220000000000000000e+02 4.395022838933473253e+01 0.000000000000000000e+00 0.000000000000000000e+00
1.230000000000000000e+02 4.372515016264394205e+01 1.000000000000000000e+00 0.000000000000000000e+00
1.240000000000000000e+02 4.534250709359703535e+01 0.000000000000000000e+00 0.000000000000000000e+00
1.250000000000000000e+02 4.487544743606289188e+01 1.000000000000000000e+00 0.000000000000000000e+00
1.260000000000000000e+02 4.607056996563486706e+01 0.000000000000000000e+00 0.000000000000000000e+00
1.270000000000000000e+02 4.566737865086306414e+01 1.000000000000000000e+00 0.000000000000000000e+00
1.280000000000000000e+02 4.703073162040671207e+01 0.000000000000000000e+00 0.000000000000000000e+00
1.290000000000000000e+02 4.838625493806935651e+01 0.000000000000000000e+00 0.000000000000000000e+00
1.300000000000000000e+02 4.666145270067760720e+01 2.000000000000000000e+00 0.000000000000000000e+00
1.310000000000000000e+02 4.736158197035668138e+01 1.000000000000000000e+00 0.000000000000000000e+00
1.320000000000000000e+02 4.758442206880325642e+01 0.000000000000000000e+00 0.000000000000000000e+00
1.330000000000000000e+02 4.938595838859109932e+01 0.000000000000000000e+00 0.000000000000000000e+00
1.340000000000000000e+02 5.021463483073350886e+01 0.000000000000000000e+00 0.000000000000000000e+00
1.350000000000000000e+02 4.920067369977854099e+01 2.000000000000000000e+00 0.000000000000000000e+00
1.360000000000000000e+02 4.768932301558224651e+01 1.000000000000000000e+00 0.000000000000000000e+00
1.370000000000000000e+02 4.995083664987959082e+01 0.000000000000000000e+00 0.000000000000000000e+00
1.380000000000000000e+02 5.097170977916525203e+01 0.000000000000000000e+00 0.000000000000000000e+00
1.390000000000000000e+02 5.213638651675812241e+01 0.000000000000000000e+00 0.000000000000000000e+00
1.400000000000000000e+02 5.094736102620953488e+01 2.000000000000000000e+00 0.000000000000000000e+00
1.410000000000000000e+02 5.101831758985497345e+01 1.000000000000000000e+00 0.000000000000000000e+00
1.420000000000000000e+02 5.041687554125704906e+01 2.000000000000000000e+00 0.000000000000000000e+00
1.430000000000000000e+02 5.054520516451417933e+01 0.000000000000000000e+00 0.000000000000000000e+00
1.440000000000000000e+02 4.925151768698923149e+01 2.000000000000000000e+00 0.000000000000000000e+00
1.450000000000000000e+02 5.169852404847228655e+01 0.000000000000000000e+00 0.000000000000000000e+00
1.460000000000000000e+02 5.259473972127538843e+01 0.000000000000000000e+00 0.000000000000000000e+00
1.470000000000000000e+02 5.185674103848594285e+01 1.000000000000000000e+00 0.000000000000000000e+00
1.480000000000000000e+02 5.201478273593133395e+01 2.000000000000000000e+00 0.000000000000000000e+00
1.490000000000000000e+02 5.215110848415783096e+01 0.000000000000000000e+00 0.000000000000000000e+00
1.500000000000000000e+02 5.103454087501905434e+01 2.000000000000000000e+00 0.000000000000000000e+00
1.510000000000000000e+02 5.082217747755296955e+01 1.000000000000000000e+00 0.000000000000000000e+00
1.520000000000000000e+02 5.229529442794706995e+01 0.000000000000000000e+00 0.000000000000000000e+00
1.530000000000000000e+02 5.303326544972193091e+01 0.000000000000000000e+00 0.000000000000000000e+00
1.540000000000000000e+02 5.199502009450811357e+01 2.000000000000000000e+00 0.000000000000000000e+00
1.550000000000000000e+02 5.148141865033681341e+01 2.000000000000000000e+00 0.000000000000000000e+00
1.560000000000000000e+02 5.220023697454531231e+01 0.000000000000000000e+00 0.000000000000000000e+00
1.570000000000000000e+02 4.927307576717899451e+01 2.000000000000000000e+00 0.000000000000000000e+00
1.580000000000000000e+02 5.177161431360346455e+01 0.000000000000000000e+00 0.000000000000000000e+00
1.590000000000000000e+02 5.205050388157049213e+01 1.000000000000000000e+00 0.000000000000000000e+00
1.600000000000000000e+02 5.231129507101212539e+01 1.000000000000000000e+00 0.000000000000000000e+00
1.610000000000000000e+02 5.162878508926799981e+01 2.000000000000000000e+00 0.000000000000000000e+00
1.620000000000000000e+02 5.254842973914146853e+01 0.000000000000000000e+00 0.000000000000000000e+00
1.630000000000000000e+02 5.280194451679687262e+01 0.000000000000000000e+00 0.000000000000000000e+00
1.640000000000000000e+02 5.367939997969239840e+01 0.000000000000000000e+00 0.000000000000000000e+00
1.650000000000000000e+02 5.283627299243595843e+01 2.000000000000000000e+00 0.000000000000000000e+00
1.660000000000000000e+02 5.437268650932261949e+01 0.000000000000000000e+00 0.000000000000000000e+00
1.670000000000000000e+02 5.503411867494961029e+01 0.000000000000000000e+00 0.000000000000000000e+00
1.680000000000000000e+02 5.395196823915203765e+01 2.000000000000000000e+00 0.000000000000000000e+00
1.690000000000000000e+02 5.477284723232263985e+01 0.000000000000000000e+00 0.000000000000000000e+00
1.700000000000000000e+02 5.636332212590269108e+01 0.000000000000000000e+00 0.000000000000000000e+00
1.710000000000000000e+02 5.617527953420277953e+01 0.000000000000000000e+00 0.000000000000000000e+00
1.720000000000000000e+02 5.769603124670921801e+01 0.000000000000000000e+00 0.000000000000000000e+00
1.730000000000000000e+02 5.748487963239369947e+01 2.000000000000000000e+00 0.000000000000000000e+00
1.740000000000000000e+02 5.735859067486968144e+01 0.000000000000000000e+00 0.000000000000000000e+00
1.750000000000000000e+02 5.922670163796458098e+01 0.000000000000000000e+00 0.000000000000000000e+00
1.760000000000000000e+02 6.052686968061077266e+01 0.000000000000000000e+00 0.000000000000000000e+00
1.770000000000000000e+02 6.001866243619593888e+01 0.000000000000000000e+00 0.000000000000000000e+00
1.780000000000000000e+02 6.152736639943923791e+01 0.000000000000000000e+00 0.000000000000000000e+00
1.790000000000000000e+02 6.070791828334937179e+01 2.000000000000000000e+00 0.000000000000000000e+00
1.800000000000000000e+02 6.093741055368329285e+01 1.000000000000000000e+00 0.000000000000000000e+00
1.810000000000000000e+02 6.108764231605563566e+01 1.000000000000000000e+00 0.000000000000000000e+00
1.820000000000000000e+02 6.060232584539630807e+01 2.000000000000000000e+00 0.000000000000000000e+00
1.830000000000000000e+02 5.954354075333932172e+01 2.000000000000000000e+00 0.000000000000000000e+00
1.840000000000000000e+02 6.025167082304642463e+01 0.000000000000000000e+00 0.000000000000000000e+00
1.850000000000000000e+02 6.123025304856754047e+01 0.000000000000000000e+00 0.000000000000000000e+00
1.860000000000000000e+02 6.216218263902865004e+01 0.000000000000000000e+00 0.000000000000000000e+00
1.870000000000000000e+02 6.216562682071734969e+01 0.000000000000000000e+00 0.000000000000000000e+00
1.880000000000000000e+02 6.299711994016730188e+01 2.000000000000000000e+00 0.000000000000000000e+00
1.890000000000000000e+02 6.258110460372545703e+01 0.000000000000000000e+00 0.000000000000000000e+00
1.900000000000000000e+02 6.242164188115386025e+01 0.000000000000000000e+00 0.000000000000000000e+00
1.910000000000000000e+02 6.492817472113156896e+01 0.000000000000000000e+00 0.000000000000000000e+00
1.920000000000000000e+02 6.437650789326654888e+01 0.000000000000000000e+00 0.000000000000000000e+00
1.930000000000000000e+02 6.673184991270834132e+01 0.000000000000000000e+00 0.000000000000000000e+00
1.940000000000000000e+02 6.832432628806722619e+01 0.000000000000000000e+00 0.000000000000000000e+00
1.950000000000000000e+02 6.669439548393916084e+01 2.000000000000000000e+00 0.000000000000000000e+00
1.960000000000000000e+02 6.574268473096677212e+01 2.000000000000000000e+00 0.000000000000000000e+00
1.970000000000000000e+02 6.450994829056172364e+01 2.000000000000000000e+00 0.000000000000000000e+00
1.980000000000000000e+02 6.645961758939458264e+01 0.000000000000000000e+00 0.000000000000000000e+00
1.990000000000000000e+02 6.729352861785685036e+01 0.000000000000000000e+00 0.000000000000000000e+00
2.000000000000000000e+02 6.622135607851758721e+01 2.000000000000000000e+00 0.000000000000000000e+00
2.010000000000000000e+02 6.765534017674166023e+01 0.000000000000000000e+00 0.000000000000000000e+00
2.020000000000000000e+02 6.832674778603355037e+01 0.000000000000000000e+00 0.000000000000000000e+00
2.030000000000000000e+02 6.847832948362214722e+01 1.000000000000000000e+00 0.000000000000000000e+00
2.040000000000000000e+02 6.688555423266787159e+01 2.000000000000000000e+00 0.000000000000000000e+00
2.050000000000000000e+02 6.765144574710532765e+01 0.000000000000000000e+00 0.000000000000000000e+00
2.060000000000000000e+02 6.899108161369960612e+01 0.000000000000000000e+00 0.000000000000000000e+00
2.070000000000000000e+02 6.856242531984045741e+01 1.000000000000000000e+00 0.000000000000000000e+00
2.080000000000000000e+02 6.965682274787593542e+01 0.000000000000000000e+00 0.000000000000000000e+00
2.090000000000000000e+02 6.967930543237670804e+01 1.000000000000000000e+00 0.000000000000000000e+00
2.100000000000000000e+02 7.060318669534667890e+01 0.000000000000000000e+00 0.000000000000000000e+00
2.110000000000000000e+02 7.069707450466718512e+01 1.000000000000000000e+00 0.000000000000000000e+00
2.120000000000000000e+02 7.185963757504120508e+01 0.000000000000000000e+00 0.000000000000000000e+00
2.130000000000000000e+02 7.293512619795561136e+01 0.000000000000000000e+00 0.000000000000000000e+00
2.140000000000000000e+02 7.314106502515964792e+01 2.000000000000000000e+00 0.000000000000000000e+00
2.150000000000000000e+02 7.188547328943678849e+01 2.000000000000000000e+00 0.000000000000000000e+00
2.160000000000000000e+02 7.182783943311530095e+01 0.000000000000000000e+00 0.000000000000000000e+00
2.170000000000000000e+02 7.125757253444267292e+01 1.000000000000000000e+00 0.000000000000000000e+00
2.180000000000000000e+02 7.010785916319169075e+01 2.000000000000000000e+00 0.000000000000000000e+00
2.190000000000000000e+02 7.113582871456006274e+01 1.000000000000000000e+00 0.000000000000000000e+00
2.200000000000000000e+02 7.216085497645106273e+01 0.000000000000000000e+00 0.000000000000000000e+00
2.210000000000000000e+02 7.294887846757647765e+01 1.000000000000000000e+00 0.000000000000000000e+00
2.220000000000000000e+02 7.203153720396190351e+01 1.000000000000000000e+00 0.000000000000000000e+00
2.230000000000000000e+02 7.268629643989305578e+01 0.000000000000000000e+00 0.000000000000000000e+00
2.240000000000000000e+02 7.307684902388423609e+01 1.000000000000000000e+00 0.000000000000000000e+00
2.250000000000000000e+02 7.411738956892685337e+01 0.000000000000000000e+00 0.000000000000000000e+00
2.260000000000000000e+02 7.318918505420326426e+01 2.000000000000000000e+00 0.000000000000000000e+00
2.270000000000000000e+02 7.276286318673024311e+01 0.000000000000000000e+00 0.000000000000000000e+00
2.280000000000000000e+02 7.224149202425437011e+01 2.000000000000000000e+00 0.000000000000000000e+00
2.290000000000000000e+02 7.454648224982184956e+01 0.000000000000000000e+00 0.000000000000000000e+00
2.300000000000000000e+02 7.534617599242359631e+01 0.000000000000000000e+00 0.000000000000000000e+00
2.310000000000000000e+02 7.680871090398987633e+01 0.000000000000000000e+00 0.000000000000000000e+00
2.320000000000000000e+02 7.656243649437691090e+01 0.000000000000000000e+00 0.000000000000000000e+00
2.330000000000000000e+02 7.774187340276134250e+01 0.000000000000000000e+00 0.000000000000000000e+00
2.340000000000000000e+02 7.846950143006799294e+01 0.000000000000000000e+00 0.000000000000000000e+00
2.350000000000000000e+02 7.904544211493978878e+01 1.000000000000000000e+00 0.000000000000000000e+00
2.360000000000000000e+02 8.005862202684801332e+01 0.000000000000000000e+00 0.000000000000000000e+00
2.370000000000000000e+02 7.958763718407537624e+01 1.000000000000000000e+00 0.000000000000000000e+00
2.380000000000000000e+02 7.874324613386887961e+01 2.000000000000000000e+00 0.000000000000000000e+00
2.390000000000000000e+02 8.041862974867581215e+01 0.000000000000000000e+00 0.000000000000000000e+00
2.400000000000000000e+02 8.004337052836316957e+01 0.000000000000000000e+00 0.000000000000000000e+00
2.410000000000000000e+02 8.045481752011049537e+01 2.000000000000000000e+00 0.000000000000000000e+00
2.420000000000000000e+02 7.960107999092613795e+01 1.000000000000000000e+00 0.000000000000000000e+00
2.430000000000000000e+02 8.033838280951381705e+01 0.000000000000000000e+00 0.000000000000000000e+00
2.440000000000000000e+02 8.192498867032016108e+01 0.000000000000000000e+00 0.000000000000000000e+00
2.450000000000000000e+02 8.300605983272521371e+01 0.000000000000000000e+00 0.000000000000000000e+00
2.460000000000000000e+02 8.397386427345853122e+01 0.000000000000000000e+00 0.000000000000000000e+00
2.470000000000000000e+02 8.520786194564270488e+01 0.000000000000000000e+00 0.000000000000000000e+00
2.480000000000000000e+02 8.522322461960291662e+01 0.000000000000000000e+00 0.000000000000000000e+00
2.490000000000000000e+02 8.728068250178357346e+01 0.000000000000000000e+00 0.000000000000000000e+00
2.500000000000000000e+02 8.821509195482471455e+01 0.000000000000000000e+00 0.000000000000000000e+00
2.510000000000000000e+02 8.939686821320678689e+01 0.000000000000000000e+00 0.000000000000000000e+00
2.520000000000000000e+02 8.762560959903481717e+01 2.000000000000000000e+00 0.000000000000000000e+00
2.530000000000000000e+02 8.783672741721045440e+01 0.000000000000000000e+00 0.000000000000000000e+00
2.540000000000000000e+02 8.935940728521421761e+01 0.000000000000000000e+00 0.000000000000000000e+00
2.550000000000000000e+02 9.078999552211497814e+01 0.000000000000000000e+00 0.000000000000000000e+00
2.560000000000000000e+02 9.158925904232799553e+01 0.000000000000000000e+00 0.000000000000000000e+00
2.570000000000000000e+02 9.145498759883551543e+01 2.000000000000000000e+00 0.000000000000000000e+00
2.580000000000000000e+02 9.219167722633818585e+01 0.000000000000000000e+00 0.000000000000000000e+00
2.590000000000000000e+02 9.241213186491305009e+01 1.000000000000000000e+00 0.000000000000000000e+00
2.600000000000000000e+02 9.112670898605360037e+01 2.000000000000000000e+00 0.000000000000000000e+00
2.610000000000000000e+02 9.079752433606589079e+01 2.000000000000000000e+00 0.000000000000000000e+00
2.620000000000000000e+02 8.917731171071331175e+01 1.000000000000000000e+00 0.000000000000000000e+00
2.630000000000000000e+02 8.865425822752052909e+01 2.000000000000000000e+00 0.000000000000000000e+00
2.640000000000000000e+02 8.968203072143462862e+01 0.000000000000000000e+00 0.000000000000000000e+00
2.650000000000000000e+02 9.142691173979775954e+01 0.000000000000000000e+00 0.000000000000000000e+00
2.660000000000000000e+02 9.166574914453160261e+01 1.000000000000000000e+00 0.000000000000000000e+00
2.670000000000000000e+02 8.922688730499476151e+01 2.000000000000000000e+00 0.000000000000000000e+00
2.680000000000000000e+02 9.101551527840331346e+01 0.000000000000000000e+00 0.000000000000000000e+00
2.690000000000000000e+02 9.234420968267730245e+01 0.000000000000000000e+00 0.000000000000000000e+00
2.700000000000000000e+02 9.282062269342546301e+01 0.000000000000000000e+00 0.000000000000000000e+00
2.710000000000000000e+02 9.380864931339360169e+01 0.000000000000000000e+00 0.000000000000000000e+00
2.720000000000000000e+02 9.455085001585777604e+01 0.000000000000000000e+00 0.000000000000000000e+00
2.730000000000000000e+02 9.500842263562206824e+01 1.000000000000000000e+00 0.000000000000000000e+00
2.740000000000000000e+02 9.586799545745117257e+01 0.000000000000000000e+00 0.000000000000000000e+00
2.750000000000000000e+02 9.661487070314620951e+01 0.000000000000000000e+00 0.000000000000000000e+00
2.760000000000000000e+02 9.698009995614809498e+01 1.000000000000000000e+00 0.000000000000000000e+00
2.770000000000000000e+02 9.689620883250974259e+01 1.000000000000000000e+00 0.000000000000000000e+00
2.780000000000000000e+02 9.735937996355676205e+01 0.000000000000000000e+00 0.000000000000000000e+00
2.790000000000000000e+02 9.877818914385109395e+01 0.000000000000000000e+00 0.000000000000000000e+00
2.800000000000000000e+02 1.002473358582344360e+02 0.000000000000000000e+00 0.000000000000000000e+00
2.810000000000000000e+02 9.869393404516733881e+01 2.000000000000000000e+00 0.000000000000000000e+00
2.820000000000000000e+02 9.871800996577412945e+01 1.000000000000000000e+00 0.000000000000000000e+00
2.830000000000000000e+02 9.729701675967251617e+01 2.000000000000000000e+00 0.000000000000000000e+00
2.840000000000000000e+02 9.877328784412507900e+01 1.000000000000000000e+00 0.000000000000000000e+00
2.850000000000000000e+02 9.903737652442814010e+01 0.000000000000000000e+00 0.000000000000000000e+00
2.860000000000000000e+02 9.994138016635569954e+01 0.000000000000000000e+00 0.000000000000000000e+00
2.870000000000000000e+02 1.005596105248004051e+02 0.000000000000000000e+00 0.000000000000000000e+00
2.880000000000000000e+02 1.013884384370540488e+02 1.000000000000000000e+00 0.000000000000000000e+00
2.890000000000000000e+02 9.928162757907496427e+01 2.000000000000000000e+00 0.000000000000000000e+00
2.900000000000000000e+02 1.002523088722344795e+02 1.000000000000000000e+00 0.000000000000000000e+00
2.910000000000000000e+02 1.015061640067541333e+02 0.000000000000000000e+00 0.000000000000000000e+00
2.920000000000000000e+02 1.000122814829359044e+02 2.000000000000000000e+00 0.000000000000000000e+00
2.930000000000000000e+02 1.007965111331157431e+02 0.000000000000000000e+00 0.000000000000000000e+00
2.940000000000000000e+02 1.015176106500013304e+02 0.000000000000000000e+00 0.000000000000000000e+00
2.950000000000000000e+02 1.014550003180949886e+02 1.000000000000000000e+00 0.000000000000000000e+00
2.960000000000000000e+02 1.027619660329283278e+02 0.000000000000000000e+00 0.000000000000000000e+00
2.970000000000000000e+02 1.020692323321721915e+02 2.000000000000000000e+00 0.000000000000000000e+00
2.980000000000000000e+02 1.028706578376285563e+02 0.000000000000000000e+00 0.000000000000000000e+00
2.990000000000000000e+02 1.033670765125203985e+02 1.000000000000000000e+00 0.000000000000000000e+00
3.000000000000000000e+02 1.034708505993092444e+02 1.000000000000000000e+00 0.000000000000000000e+00
3.010000000000000000e+02 1.033672810261121953e+02 0.000000000000000000e+00 0.000000000000000000e+00
3.020000000000000000e+02 1.045851922674907968e+02 0.000000000000000000e+00 0.000000000000000000e+00
3.030000000000000000e+02 1.065409109649619523e+02 0.000000000000000000e+00 0.000000000000000000e+00
3.040000000000000000e+02 1.065036931573520178e+02 0.000000000000000000e+00 0.000000000000000000e+00
3.050000000000000000e+02 1.081553990360462052e+02 0.000000000000000000e+00 0.000000000000000000e+00
3.060000000000000000e+02 1.067008702800404620e+02 2.000000000000000000e+00 0.000000000000000000e+00
3.070000000000000000e+02 1.077874915720425832e+02 0.000000000000000000e+00 0.000000000000000000e+00
3.080000000000000000e+02 1.069845511439874315e+02 2.000000000000000000e+00 0.000000000000000000e+00
3.090000000000000000e+02 1.064865983923891548e+02 1.000000000000000000e+00 0.000000000000000000e+00
3.100000000000000000e+02 1.079660993534182722e+02 0.000000000000000000e+00 0.000000000000000000e+00
3.110000000000000000e+02 1.077821116379832915e+02 1.000000000000000000e+00 0.000000000000000000e+00
3.120000000000000000e+02 1.083760736424085280e+02 2.000000000000000000e+00 0.000000000000000000e+00
3.130000000000000000e+02 1.082506413765787840e+02 0.000000000000000000e+00 0.000000000000000000e+00
3.140000000000000000e+02 1.077121916715005199e+02 1.000000000000000000e+00 0.000000000000000000e+00
3.150000000000000000e+02 1.095162904957310985e+02 0.000000000000000000e+00 0.000000000000000000e+00
3.160000000000000000e+02 1.095147516446992029e+02 0.000000000000000000e+00 0.000000000000000000e+00
3.170000000000000000e+02 1.109223223879275650e+02 0.000000000000000000e+00 0.000000000000000000e+00
3.180000000000000000e+02 1.106612682044446387e+02 2.000000000000000000e+00 0.000000000000000000e+00
3.190000000000000000e+02 1.108453692666595458e+02 1.000000000000000000e+00 0.000000000000000000e+00
3.200000000000000000e+02 1.104705191754054283e+02 0.000000000000000000e+00 0.000000000000000000e+00
3.210000000000000000e+02 1.108917019653647316e+02 1.000000000000000000e+00 0.000000000000000000e+00
3.220000000000000000e+02 1.120952364581442282e+02 0.000000000000000000e+00 0.000000000000000000e+00
3.230000000000000000e+02 1.133589533906320668e+02 0.000000000000000000e+00 0.000000000000000000e+00
3.240000000000000000e+02 1.145409723403862330e+02 0.000000000000000000e+00 0.000000000000000000e+00
3.250000000000000000e+02 1.145721477515698297e+02 0.000000000000000000e+00 0.000000000000000000e+00
3.260000000000000000e+02 1.139831459494268699e+02 2.000000000000000000e+00 0.000000000000000000e+00
3.270000000000000000e+02 1.160301050455587131e+02 0.000000000000000000e+00 0.000000000000000000e+00
3.280000000000000000e+02 1.146322495806268194e+02 1.000000000000000000e+00 0.000000000000000000e+00
3.290000000000000000e+02 1.140221853429906389e+02 2.000000000000000000e+00 0.000000000000000000e+00
3.300000000000000000e+02 1.148531165797439968e+02 0.000000000000000000e+00 0.000000000000000000e+00
3.310000000000000000e+02 1.156554820843395390e+02 0.000000000000000000e+00 0.000000000000000000e+00
3.320000000000000000e+02 1.176182508727753060e+02 0.000000000000000000e+00 0.000000000000000000e+00
3.330000000000000000e+02 1.179913047822263792e+02 0.000000000000000000e+00 0.000000000000000000e+00
3.340000000000000000e+02 1.198125633607864984e+02 0.000000000000000000e+00 0.000000000000000000e+00
3.350000000000000000e+02 1.200301979261891177e+02 0.000000000000000000e+00 0.000000000000000000e+00
3.360000000000000000e+02 1.203264682632526501e+02 0.000000000000000000e+00 0.000000000000000000e+00
3.370000000000000000e+02 1.224184428896073058e+02 0.000000000000000000e+00 0.000000000000000000e+00
3.380000000000000000e+02 1.233441155765492852e+02 0.000000000000000000e+00 0.000000000000000000e+00
3.390000000000000000e+02 1.235129309536253857e+02 0.000000000000000000e+00 0.000000000000000000e+00
3.400000000000000000e+02 1.232781461992321113e+02 2.000000000000000000e+00 0.000000000000000000e+00
3.410000000000000000e+02 1.231379023568703985e+02 0.000000000000000000e+00 0.000000000000000000e+00
3.420000000000000000e+02 1.251285190032102719e+02 0.000000000000000000e+00 0.000000000000000000e+00
3.430000000000000000e+02 1.233928220944791008e+02 2.000000000000000000e+00 0.000000000000000000e+00
3.440000000000000000e+02 1.237039382239465937e+02 0.000000000000000000e+00 0.000000000000000000e+00
3.450000000000000000e+02 1.265212761349499857e+02 0.000000000000000000e+00 0.000000000000000000e+00
3.460000000000000000e+02 1.275729247742143428e+02 0.000000000000000000e+00 0.000000000000000000e+00
3.470000000000000000e+02 1.278527370696016447e+02 0.000000000000000000e+00 0.000000000000000000e+00
3.480000000000000000e+02 1.290058374911071439e+02 0.000000000000000000e+00 0.000000000000000000e+00
3.490000000000000000e+02 1.296987547633931968e+02 0.000000000000000000e+00 0.000000000000000000e+00
3.500000000000000000e+02 1.311537732544161088e+02 0.000000000000000000e+00 0.000000000000000000e+00
3.510000000000000000e+02 1.310372533610605785e+02 1.000000000000000000e+00 0.000000000000000000e+00
3.520000000000000000e+02 1.312475809792525467e+02 0.000000000000000000e+00 0.000000000000000000e+00
3.530000000000000000e+02 1.340177959680718232e+02 0.000000000000000000e+00 0.000000000000000000e+00
3.540000000000000000e+02 1.317810826450491675e+02 1.000000000000000000e+00 0.000000000000000000e+00
3.550000000000000000e+02 1.335669531116197390e+02 0.000000000000000000e+00 0.000000000000000000e+00
3.560000000000000000e+02 1.343015702219078662e+02 0.000000000000000000e+00 0.000000000000000000e+00
3.570000000000000000e+02 1.356363066767644341e+02 0.000000000000000000e+00 0.000000000000000000e+00
3.580000000000000000e+02 1.364971483918851334e+02 0.000000000000000000e+00 0.000000000000000000e+00
3.590000000000000000e+02 1.366827242672623299e+02 2.000000000000000000e+00 0.000000000000000000e+00
3.600000000000000000e+02 1.374815029060199834e+02 0.000000000000000000e+00 0.000000000000000000e+00
3.610000000000000000e+02 1.359232269298134668e+02 2.000000000000000000e+00 0.000000000000000000e+00
3.620000000000000000e+02 1.348020658519965593e+02 1.000000000000000000e+00 0.000000000000000000e+00
3.630000000000000000e+02 1.343796505783176656e+02 2.000000000000000000e+00 0.000000000000000000e+00
3.640000000000000000e+02 1.352251898982996465e+02 0.000000000000000000e+00 0.000000000000000000e+00
3.650000000000000000e+02 1.373971874027679689e+02 0.000000000000000000e+00 0.000000000000000000e+00
3.660000000000000000e+02 1.377177376721332678e+02 0.000000000000000000e+00 0.000000000000000000e+00
3.670000000000000000e+02 1.395460899053862533e+02 0.000000000000000000e+00 0.000000000000000000e+00
3.680000000000000000e+02 1.383048328103246831e+02 2.000000000000000000e+00 0.000000000000000000e+00
3.690000000000000000e+02 1.366292809940174777e+02 2.000000000000000000e+00 0.000000000000000000e+00
3.700000000000000000e+02 1.384350765364456493e+02 0.000000000000000000e+00 0.000000000000000000e+00
3.710000000000000000e+02 1.403368602481646121e+02 0.000000000000000000e+00 0.000000000000000000e+00
3.720000000000000000e+02 1.396583395715733502e+02 0.000000000000000000e+00 0.000000000000000000e+00
3.730000000000000000e+02 1.381208594413427875e+02 2.000000000000000000e+00 0.000000000000000000e+00
3.740000000000000000e+02 1.401716029028467574e+02 0.000000000000000000e+00 0.000000000000000000e+00
3.750000000000000000e+02 1.417965152241943088e+02 0.000000000000000000e+00 0.000000000000000000e+00
3.760000000000000000e+02 1.422448847378530274e+02 0.000000000000000000e+00 0.000000000000000000e+00
3.770000000000000000e+02 1.418664494162738947e+02 1.000000000000000000e+00 0.000000000000000000e+00
3.780000000000000000e+02 1.433230505202255927e+02 0.000000000000000000e+00 0.000000000000000000e+00
3.790000000000000000e+02 1.419728116736544337e+02 2.000000000000000000e+00 0.000000000000000000e+00
3.800000000000000000e+02 1.433146903778520311e+02 0.000000000000000000e+00 0.000000000000000000e+00
3.810000000000000000e+02 1.451555558909497279e+02 0.000000000000000000e+00 0.000000000000000000e+00
3.820000000000000000e+02 1.445064085564445975e+02 1.000000000000000000e+00 0.000000000000000000e+00
3.830000000000000000e+02 1.450380406882788407e+02 0.000000000000000000e+00 0.000000000000000000e+00
3.840000000000000000e+02 1.441410354314910194e+02 2.000000000000000000e+00 0.000000000000000000e+00
3.850000000000000000e+02 1.425157334175430890e+02 2.000000000000000000e+00 0.000000000000000000e+00
3.860000000000000000e+02 1.440947439497506934e+02 0.000000000000000000e+00 0.000000000000000000e+00
3.870000000000000000e+02 1.453696398696085907e+02 0.000000000000000000e+00 0.000000000000000000e+00
3.880000000000000000e+02 1.450630165416017689e+02 0.000000000000000000e+00 0.000000000000000000e+00
3.890000000000000000e+02 1.475849604716077010e+02 0.000000000000000000e+00 0.000000000000000000e+00
3.900000000000000000e+02 1.462226794996023216e+02 1.000000000000000000e+00 0.000000000000000000e+00
3.910000000000000000e+02 1.460696362141633529e+02 2.000000000000000000e+00 0.000000000000000000e+00
3.920000000000000000e+02 1.442758971046947067e+02 2.000000000000000000e+00 0.000000000000000000e+00
3.930000000000000000e+02 1.453175785168730840e+02 0.000000000000000000e+00 0.000000000000000000e+00
3.940000000000000000e+02 1.447578348748888004e+02 2.000000000000000000e+00 0.000000000000000000e+00
3.950000000000000000e+02 1.462789153162885611e+02 0.000000000000000000e+00 0.000000000000000000e+00
3.960000000000000000e+02 1.463929965604767460e+02 0.000000000000000000e+00 0.000000000000000000e+00
3.970000000000000000e+02 1.468463511704013627e+02 1.000000000000000000e+00 0.000000000000000000e+00
3.980000000000000000e+02 1.469878353624516762e+02 1.000000000000000000e+00 0.000000000000000000e+00
3.990000000000000000e+02 1.465400753008415506e+02 1.000000000000000000e+00 0.000000000000000000e+00
4.000000000000000000e+02 1.479196651520880721e+02 0.000000000000000000e+00 0.000000000000000000e+00
4.010000000000000000e+02 1.495834216215734216e+02 0.000000000000000000e+00 0.000000000000000000e+00
4.020000000000000000e+02 1.500834796683015782e+02 0.000000000000000000e+00 0.000000000000000000e+00
4.030000000000000000e+02 1.503676148705713445e+02 0.000000000000000000e+00 0.000000000000000000e+00
4.040000000000000000e+02 1.527725594778772802e+02 0.000000000000000000e+00 0.000000000000000000e+00
4.050000000000000000e+02 1.534696711560038125e+02 0.000000000000000000e+00 0.000000000000000000e+00
4.060000000000000000e+02 1.540690866608035492e+02 0.000000000000000000e+00 0.000000000000000000e+00
4.070000000000000000e+02 1.546319763759378247e+02 0.000000000000000000e+00 0.000000000000000000e+00
4.080000000000000000e+02 1.563190314389845241e+02 0.000000000000000000e+00 0.000000000000000000e+00
4.090000000000000000e+02 1.564473938150155732e+02 0.000000000000000000e+00 0.000000000000000000e+00
4.100000000000000000e+02 1.578244066842539723e+02 0.000000000000000000e+00 0.000000000000000000e+00
4.110000000000000000e+02 1.595633701676023861e+02 0.000000000000000000e+00 0.000000000000000000e+00
4.120000000000000000e+02 1.602306312813574607e+02 0.000000000000000000e+00 0.000000000000000000e+00
4.130000000000000000e+02 1.605166434380127214e+02 0.000000000000000000e+00 0.000000000000000000e+00
4.140000000000000000e+02 1.626914044530362560e+02 0.000000000000000000e+00 0.000000000000000000e+00
4.150000000000000000e+02 1.607737835872552239e+02 2.000000000000000000e+00 0.000000000000000000e+00
4.160000000000000000e+02 1.602468573505277618e+02 2.000000000000000000e+00 0.000000000000000000e+00
4.170000000000000000e+02 1.597416156259047284e+02 2.000000000000000000e+00 0.000000000000000000e+00
4.180000000000000000e+02 1.598801314854932514e+02 0.000000000000000000e+00 0.000000000000000000e+00
4.190000000000000000e+02 1.608104548497663018e+02 1.000000000000000000e+00 0.000000000000000000e+00
4.200000000000000000e+02 1.606449569151069170e+02 0.000000000000000000e+00 0.000000000000000000e+00
4.210000000000000000e+02 1.618005862302426294e+02 0.000000000000000000e+00 0.000000000000000000e+00
4.220000000000000000e+02 1.633282221025685885e+02 0.000000000000000000e+00 0.000000000000000000e+00
4.230000000000000000e+02 1.632630416404461187e+02 1.000000000000000000e+00 0.000000000000000000e+00
4.240000000000000000e+02 1.625375896356189003e+02 2.000000000000000000e+00 0.000000000000000000e+00
4.250000000000000000e+02 1.613561257789405659e+02 2.000000000000000000e+00 0.000000000000000000e+00
4.260000000000000000e+02 1.607922698138006865e+02 0.000000000000000000e+00 0.000000000000000000e+00
4.270000000000000000e+02 1.631320942606492963e+02 0.000000000000000000e+00 0.000000000000000000e+00
4.280000000000000000e+02 1.642589188670320937e+02 0.000000000000000000e+00 0.000000000000000000e+00
4.290000000000000000e+02 1.656546604277201880e+02 0.000000000000000000e+00 0.000000000000000000e+00
4.300000000000000000e+02 1.634675737846976347e+02 2.000000000000000000e+00 0.000000000000000000e+00
4.310000000000000000e+02 1.630121643712397201e+02 2.000000000000000000e+00 0.000000000000000000e+00
4.320000000000000000e+02 1.633948716519486482e+02 0.000000000000000000e+00 0.000000000000000000e+00
4.330000000000000000e+02 1.647757096587948524e+02 0.000000000000000000e+00 0.000000000000000000e+00
4.340000000000000000e+02 1.661319510629613490e+02 0.000000000000000000e+00 0.000000000000000000e+00
4.350000000000000000e+02 1.654100769912583928e+02 2.000000000000000000e+00 0.000000000000000000e+00
4.360000000000000000e+02 1.649588834391438468e+02 1.000000000000000000e+00 0.000000000000000000e+00
4.370000000000000000e+02 1.650257706178615535e+02 1.000000000000000000e+00 0.000000000000000000e+00
4.380000000000000000e+02 1.659053157381099766e+02 0.000000000000000000e+00 0.000000000000000000e+00
4.390000000000000000e+02 1.671617392580640740e+02 0.000000000000000000e+00 0.000000000000000000e+00
4.400000000000000000e+02 1.664966849629947774e+02 2.000000000000000000e+00 0.000000000000000000e+00
4.410000000000000000e+02 1.664392136630185917e+02 0.000000000000000000e+00 0.000000000000000000e+00
4.420000000000000000e+02 1.658544564950735491e+02 2.000000000000000000e+00 0.000000000000000000e+00
4.430000000000000000e+02 1.664807357443319518e+02 0.000000000000000000e+00 0.000000000000000000e+00
4.440000000000000000e+02 1.675229924373224151e+02 0.000000000000000000e+00 0.000000000000000000e+00
4.450000000000000000e+02 1.684534578022597771e+02 0.000000000000000000e+00 0.000000000000000000e+00
4.460000000000000000e+02 1.689260291323360264e+02 0.000000000000000000e+00 0.000000000000000000e+00
4.470000000000000000e+02 1.692669380777464028e+02 1.000000000000000000e+00 0.000000000000000000e+00
4.480000000000000000e+02 1.722198416290046623e+02 0.000000000000000000e+00 0.000000000000000000e+00
4.490000000000000000e+02 1.711581660841752068e+02 0.000000000000000000e+00 0.000000000000000000e+00
4.500000000000000000e+02 1.735186107796553756e+02 0.000000000000000000e+00 0.000000000000000000e+00
4.510000000000000000e+02 1.737217874720451221e+02 0.000000000000000000e+00 0.000000000000000000e+00
4.520000000000000000e+02 1.752772006371318696e+02 0.000000000000000000e+00 0.000000000000000000e+00
4.530000000000000000e+02 1.761557383526553906e+02 0.000000000000000000e+00 0.000000000000000000e+00
4.540000000000000000e+02 1.764381781409786356e+02 1.000000000000000000e+00 0.000000000000000000e+00
4.550000000000000000e+02 1.742293707919610881e+02 2.000000000000000000e+00 0.000000000000000000e+00
4.560000000000000000e+02 1.748301739180359675e+02 1.000000000000000000e+00 0.000000000000000000e+00
4.570000000000000000e+02 1.753265372759715888e+02 1.000000000000000000e+00 0.000000000000000000e+00
4.580000000000000000e+02 1.759142469161791666e+02 0.000000000000000000e+00 0.000000000000000000e+00
4.590000000000000000e+02 1.757904850587492831e+02 1.000000000000000000e+00 0.000000000000000000e+00
4.600000000000000000e+02 1.754436553157960361e+02 2.000000000000000000e+00 0.000000000000000000e+00
4.610000000000000000e+02 1.764539016845843946e+02 0.000000000000000000e+00 0.000000000000000000e+00
4.620000000000000000e+02 1.767887836227073990e+02 0.000000000000000000e+00 0.000000000000000000e+00
4.630000000000000000e+02 1.788694836800241603e+02 0.000000000000000000e+00 0.000000000000000000e+00
4.640000000000000000e+02 1.801715502443869923e+02 0.000000000000000000e+00 0.000000000000000000e+00
4.650000000000000000e+02 1.798474607261464939e+02 0.000000000000000000e+00 0.000000000000000000e+00
4.660000000000000000e+02 1.817506687639240965e+02 0.000000000000000000e+00 0.000000000000000000e+00
4.670000000000000000e+02 1.817997020806338071e+02 0.000000000000000000e+00 0.000000000000000000e+00
4.680000000000000000e+02 1.821015118255181449e+02 1.000000000000000000e+00 0.000000000000000000e+00
4.690000000000000000e+02 1.819919298549421001e+02 1.000000000000000000e+00 0.000000000000000000e+00
4.700000000000000000e+02 1.831475195129441715e+02 0.000000000000000000e+00 0.000000000000000000e+00
4.710000000000000000e+02 1.830454308765386884e+02 1.000000000000000000e+00 0.000000000000000000e+00
4.720000000000000000e+02 1.849042226950133170e+02 0.000000000000000000e+00 0.000000000000000000e+00
4.730000000000000000e+02 1.839675870836965998e+02 1.000000000000000000e+00 0.000000000000000000e+00
4.740000000000000000e+02 1.856640530819481967e+02 0.000000000000000000e+00 0.000000000000000000e+00
4.750000000000000000e+02 1.865154354589816990e+02 0.000000000000000000e+00 0.000000000000000000e+00
4.760000000000000000e+02 1.853283491786164916e+02 1.000000000000000000e+00 0.000000000000000000e+00
4.770000000000000000e+02 1.840560527414320688e+02 2.000000000000000000e+00 0.000000000000000000e+00
4.780000000000000000e+02 1.859613038878292457e+02 0.000000000000000000e+00 0.000000000000000000e+00
4.790000000000000000e+02 1.873092908581392066e+02 0.000000000000000000e+00 0.000000000000000000e+00
4.800000000000000000e+02 1.877646277136938977e+02 0.000000000000000000e+00 0.000000000000000000e+00
4.810000000000000000e+02 1.871331860651909835e+02 1.000000000000000000e+00 0.000000000000000000e+00
4.820000000000000000e+02 1.874958388364242126e+02 2.000000000000000000e+00 0.000000000000000000e+00
4.830000000000000000e+02 1.868611834356612462e+02 1.000000000000000000e+00 0.000000000000000000e+00
4.840000000000000000e+02 1.864170669637418882e+02 2.000000000000000000e+00 0.000000000000000000e+00
4.850000000000000000e+02 1.871328408782167685e+02 0.000000000000000000e+00 0.000000000000000000e+00
4.860000000000000000e+02 1.870581769377637613e+02 1.000000000000000000e+00 0.000000000000000000e+00
4.870000000000000000e+02 1.885225056831471022e+02 0.000000000000000000e+00 0.000000000000000000e+00
4.880000000000000000e+02 1.900595062450659611e+02 0.000000000000000000e+00 0.000000000000000000e+00
4.890000000000000000e+02 1.906155687348567369e+02 0.000000000000000000e+00 0.000000000000000000e+00
4.900000000000000000e+02 1.914772238005057829e+02 0.000000000000000000e+00 0.000000000000000000e+00
4.910000000000000000e+02 1.918056488074817310e+02 0.000000000000000000e+00 0.000000000000000000e+00
4.920000000000000000e+02 1.920053652361400509e+02 1.000000000000000000e+00 0.000000000000000000e+00
4.930000000000000000e+02 1.923474962240466084e+02 0.000000000000000000e+00 0.000000000000000000e+00
4.940000000000000000e+02 1.931111671842532189e+02 1.000000000000000000e+00 0.000000000000000000e+00
4.950000000000000000e+02 1.945159744207622907e+02 0.000000000000000000e+00 0.000000000000000000e+00
4.960000000000000000e+02 1.945507066980746913e+02 0.000000000000000000e+00 0.000000000000000000e+00
4.970000000000000000e+02 1.961959590426543230e+02 0.000000000000000000e+00 0.000000000000000000e+00
4.980000000000000000e+02 1.970666640971503512e+02 0.000000000000000000e+00 0.000000000000000000e+00
4.990000000000000000e+02 1.962864430040535524e+02 2.000000000000000000e+00 0.000000000000000000e+00
5.000000000000000000e+02 1.967943549069967730e+02 0.000000000000000000e+00 0.000000000000000000e+00
5.010000000000000000e+02 1.959367637819040908e+02 2.000000000000000000e+00 0.000000000000000000e+00
5.020000000000000000e+02 1.967918797125432206e+02 0.000000000000000000e+00 0.000000000000000000e+00
5.030000000000000000e+02 1.977220346419051964e+02 0.000000000000000000e+00 0.000000000000000000e+00
5.040000000000000000e+02 1.977381595694514544e+02 1.000000000000000000e+00 0.000000000000000000e+00
5.050000000000000000e+02 1.990720373436428190e+02 1.000000000000000000e+00 0.000000000000000000e+00
5.060000000000000000e+02 1.997685882530581694e+02 0.000000000000000000e+00 0.000000000000000000e+00
5.070000000000000000e+02 1.989178066501260105e+02 1.000000000000000000e+00 0.000000000000000000e+00
5.080000000000000000e+02 1.989496014709913823e+02 2.000000000000000000e+00 0.000000000000000000e+00
5.090000000000000000e+02 1.982376893419358908e+02 0.000000000000000000e+00 0.000000000000000000e+00
5.100000000000000000e+02 1.989846302995923963e+02 0.000000000000000000e+00 0.000000000000000000e+00
5.110000000000000000e+02 1.992100729656407339e+02 2.000000000000000000e+00 0.000000000000000000e+00
5.120000000000000000e+02 1.988883178163071364e+02 1.000000000000000000e+00 0.000000000000000000e+00
5.130000000000000000e+02 1.997106578910323833e+02 0.000000000000000000e+00 0.000000000000000000e+00
5.140000000000000000e+02 1.986380553038565324e+02 2.000000000000000000e+00 0.000000000000000000e+00
5.150000000000000000e+02 1.989202233144956722e+02 1.000000000000000000e+00 0.000000000000000000e+00
5.160000000000000000e+02 1.993251307128014957e+02 0.000000000000000000e+00 0.000000000000000000e+00
5.170000000000000000e+02 2.015228958015559613e+02 0.000000000000000000e+00 0.000000000000000000e+00
5.180000000000000000e+02 1.993173210228762287e+02 2.000000000000000000e+00 0.000000000000000000e+00
5.190000000000000000e+02 2.013301787892632717e+02 0.000000000000000000e+00 0.000000000000000000e+00
5.200000000000000000e+02 2.016977829417397459e+02 1.000000000000000000e+00 0.000000000000000000e+00
5.210000000000000000e+02 2.009798205703802125e+02 1.000000000000000000e+00 0.000000000000000000e+00
5.220000000000000000e+02 2.009524048497098931e+02 0.000000000000000000e+00 0.000000000000000000e+00
5.230000000000000000e+02 2.020428128414576463e+02 1.000000000000000000e+00 0.000000000000000000e+00
5.240000000000000000e+02 2.025691905164602815e+02 0.000000000000000000e+00 0.000000000000000000e+00
5.250000000000000000e+02 2.042378864237079199e+02 0.000000000000000000e+00 0.000000000000000000e+00
5.260000000000000000e+02 2.058171545229895401e+02 0.000000000000000000e+00 0.000000000000000000e+00
5.270000000000000000e+02 2.056003679472040062e+02 0.000000000000000000e+00 0.000000000000000000e+00
5.280000000000000000e+02 2.048243124108651614e+02 2.000000000000000000e+00 0.000000000000000000e+00
5.290000000000000000e+02 2.044377134072317688e+02 1.000000000000000000e+00 0.000000000000000000e+00
5.300000000000000000e+02 2.064506487441780394e+02 0.000000000000000000e+00 0.000000000000000000e+00
5.310000000000000000e+02 2.070174018770565567e+02 0.000000000000000000e+00 0.000000000000000000e+00
5.320000000000000000e+02 2.072121376052224377e+02 1.000000000000000000e+00 0.000000000000000000e+00
5.330000000000000000e+02 2.075463141073198869e+02 0.000000000000000000e+00 0.000000000000000000e+00
5.340000000000000000e+02 2.097225658386236375e+02 0.000000000000000000e+00 0.000000000000000000e+00
5.350000000000000000e+02 2.116274007717647976e+02 0.000000000000000000e+00 0.000000000000000000e+00
5.360000000000000000e+02 2.111967141469564524e+02 0.000000000000000000e+00 0.000000000000000000e+00
5.370000000000000000e+02 2.107690691703814139e+02 1.000000000000000000e+00 0.000000000000000000e+00
5.380000000000000000e+02 2.116945951606550125e+02 0.000000000000000000e+00 0.000000000000000000e+00
5.390000000000000000e+02 2.137024264981937165e+02 0.000000000000000000e+00 0.000000000000000000e+00
5.400000000000000000e+02 2.135811425688218037e+02 0.000000000000000000e+00 0.000000000000000000e+00
5.410000000000000000e+02 2.131100590500462317e+02 2.000000000000000000e+00 0.000000000000000000e+00
5.420000000000000000e+02 2.133073625072108257e+02 0.000000000000000000e+00 0.000000000000000000e+00
5.430000000000000000e+02 2.142927894874852655e+02 0.000000000000000000e+00 0.000000000000000000e+00
5.440000000000000000e+02 2.157688536862166870e+02 0.000000000000000000e+00 0.000000000000000000e+00
5.450000000000000000e+02 2.170456966466761628e+02 0.000000000000000000e+00 0.000000000000000000e+00
5.460000000000000000e+02 2.194473123584662630e+02 0.000000000000000000e+00 0.000000000000000000e+00
5.470000000000000000e+02 2.187283907845132944e+02 0.000000000000000000e+00 0.000000000000000000e+00
5.480000000000000000e+02 2.212266276906180167e+02 0.000000000000000000e+00 0.000000000000000000e+00
5.490000000000000000e+02 2.207521409753669843e+02 0.000000000000000000e+00 0.000000000000000000e+00
5.500000000000000000e+02 2.213622889892075705e+02 1.000000000000000000e+00 0.000000000000000000e+00
5.510000000000000000e+02 2.221537907005862280e+02 1.000000000000000000e+00 0.000000000000000000e+00
5.520000000000000000e+02 2.217431518073154280e+02 0.000000000000000000e+00 0.000000000000000000e+00
5.530000000000000000e+02 2.230479308809180168e+02 0.000000000000000000e+00 0.000000000000000000e+00
5.540000000000000000e+02 2.223416908644012153e+02 2.000000000000000000e+00 0.000000000000000000e+00
5.550000000000000000e+02 2.236150392054820486e+02 0.000000000000000000e+00 0.000000000000000000e+00
5.560000000000000000e+02 2.229152114874217432e+02 1.000000000000000000e+00 0.000000000000000000e+00
5.570000000000000000e+02 2.221655229247274121e+02 2.000000000000000000e+00 0.000000000000000000e+00
5.580000000000000000e+02 2.213121027797507736e+02 2.000000000000000000e+00 0.000000000000000000e+00
5.590000000000000000e+02 2.214205760285348674e+02 0.000000000000000000e+00 0.000000000000000000e+00
5.600000000000000000e+02 2.231712107889819379e+02 0.000000000000000000e+00 0.000000000000000000e+00
5.610000000000000000e+02 2.230582375273937430e+02 1.000000000000000000e+00 0.000000000000000000e+00
5.620000000000000000e+02 2.241853509473102122e+02 0.000000000000000000e+00 0.000000000000000000e+00
5.630000000000000000e+02 2.249663585974246018e+02 0.000000000000000000e+00 0.000000000000000000e+00
5.640000000000000000e+02 2.260655259556034764e+02 0.000000000000000000e+00 0.000000000000000000e+00
5.650000000000000000e+02 2.278799383211262466e+02 0.000000000000000000e+00 0.000000000000000000e+00
5.660000000000000000e+02 2.279170936453151626e+02 0.000000000000000000e+00 0.000000000000000000e+00
5.670000000000000000e+02 2.283897763177220099e+02 0.000000000000000000e+00 0.000000000000000000e+00
5.680000000000000000e+02 2.272271086787069692e+02 1.000000000000000000e+00 0.000000000000000000e+00
5.690000000000000000e+02 2.300245149783685008e+02 0.000000000000000000e+00 0.000000000000000000e+00
5.700000000000000000e+02 2.306400835771447646e+02 0.000000000000000000e+00 0.000000000000000000e+00
5.710000000000000000e+02 2.310875344856094955e+02 0.000000000000000000e+00 0.000000000000000000e+00
5.720000000000000000e+02 2.327866376730861759e+02 0.000000000000000000e+00 0.000000000000000000e+00
5.730000000000000000e+02 2.327098746658870994e+02 2.000000000000000000e+00 0.000000000000000000e+00
5.740000000000000000e+02 2.328086054317998048e+02 0.000000000000000000e+00 0.000000000000000000e+00
5.750000000000000000e+02 2.334077575825697863e+02 0.000000000000000000e+00 0.000000000000000000e+00
5.760000000000000000e+02 2.356102303105124918e+02 0.000000000000000000e+00 0.000000000000000000e+00
5.770000000000000000e+02 2.355606728818670490e+02 0.000000000000000000e+00 0.000000000000000000e+00
5.780000000000000000e+02 2.369108992780055587e+02 0.000000000000000000e+00 0.000000000000000000e+00
5.790000000000000000e+02 2.376554590962369389e+02 0.000000000000000000e+00 0.000000000000000000e+00
5.800000000000000000e+02 2.373398058966155872e+02 1.000000000000000000e+00 0.000000000000000000e+00
5.810000000000000000e+02 2.364847036887389038e+02 2.000000000000000000e+00 0.000000000000000000e+00
5.820000000000000000e+02 2.376566805283152064e+02 0.000000000000000000e+00 0.000000000000000000e+00
5.830000000000000000e+02 2.379415339447949123e+02 1.000000000000000000e+00 0.000000000000000000e+00
5.840000000000000000e+02 2.388415050565715489e+02 0.000000000000000000e+00 0.000000000000000000e+00
5.850000000000000000e+02 2.404298446469029784e+02 0.000000000000000000e+00 0.000000000000000000e+00
5.860000000000000000e+02 2.408930116334281024e+02 1.000000000000000000e+00 0.000000000000000000e+00
5.870000000000000000e+02 2.401787401103780155e+02 1.000000000000000000e+00 0.000000000000000000e+00
5.880000000000000000e+02 2.403755838348392047e+02 1.000000000000000000e+00 0.000000000000000000e+00
5.890000000000000000e+02 2.383385022246435483e+02 2.000000000000000000e+00 0.000000000000000000e+00
5.900000000000000000e+02 2.385267711076459705e+02 1.000000000000000000e+00 0.000000000000000000e+00
5.910000000000000000e+02 2.397978405597059464e+02 0.000000000000000000e+00 0.000000000000000000e+00
5.920000000000000000e+02 2.409094044784797291e+02 0.000000000000000000e+00 0.000000000000000000e+00
5.930000000000000000e+02 2.416937449142600087e+02 1.000000000000000000e+00 0.000000000000000000e+00
5.940000000000000000e+02 2.419393369893143415e+02 0.000000000000000000e+00 0.000000000000000000e+00
5.950000000000000000e+02 2.434735637367861898e+02 0.000000000000000000e+00 0.000000000000000000e+00
5.960000000000000000e+02 2.435688026792300036e+02 0.000000000000000000e+00 0.000000000000000000e+00
5.970000000000000000e+02 2.459422087738613243e+02 0.000000000000000000e+00 0.000000000000000000e+00
5.980000000000000000e+02 2.446445321412429905e+02 1.000000000000000000e+00 0.000000000000000000e+00
5.990000000000000000e+02 2.432767699970692377e+02 2.000000000000000000e+00 0.000000000000000000e+00
6.000000000000000000e+02 2.440512445890695403e+02 1.000000000000000000e+00 0.000000000000000000e+00
6.010000000000000000e+02 2.447877986030050295e+02 0.000000000000000000e+00 0.000000000000000000e+00
6.020000000000000000e+02 2.468087832354574118e+02 0.000000000000000000e+00 0.000000000000000000e+00
6.030000000000000000e+02 2.463043048699043425e+02 0.000000000000000000e+00 0.000000000000000000e+00
6.040000000000000000e+02 2.484578560784571550e+02 0.000000000000000000e+00 0.000000000000000000e+00
6.050000000000000000e+02 2.492234762319817492e+02 0.000000000000000000e+00 0.000000000000000000e+00
6.060000000000000000e+02 2.491676250130527706e+02 0.000000000000000000e+00 0.000000000000000000e+00
6.070000000000000000e+02 2.482157560408137158e+02 2.000000000000000000e+00 0.000000000000000000e+00
6.080000000000000000e+02 2.498381598703843167e+02 0.000000000000000000e+00 0.000000000000000000e+00
6.090000000000000000e+02 2.513466689614878931e+02 0.000000000000000000e+00 0.000000000000000000e+00
6.100000000000000000e+02 2.525971235129518959e+02 0.000000000000000000e+00 0.000000000000000000e+00
6.110000000000000000e+02 2.492692887755349886e+02 2.000000000000000000e+00 0.000000000000000000e+00
6.120000000000000000e+02 2.517273338129299702e+02 0.000000000000000000e+00 0.000000000000000000e+00
6.130000000000000000e+02 2.529764793824872697e+02 0.000000000000000000e+00 0.000000000000000000e+00
6.140000000000000000e+02 2.540596494440262347e+02 0.000000000000000000e+00 0.000000000000000000e+00
6.150000000000000000e+02 2.537413272746508994e+02 2.000000000000000000e+00 0.000000000000000000e+00
6.160000000000000000e+02 2.527456542563681694e+02 2.000000000000000000e+00 0.000000000000000000e+00
6.170000000000000000e+02 2.530911974485053122e+02 0.000000000000000000e+00 0.000000000000000000e+00
6.180000000000000000e+02 2.529683551989620582e+02 1.000000000000000000e+00 0.000000000000000000e+00
6.190000000000000000e+02 2.531314907555708089e+02 1.000000000000000000e+00 0.000000000000000000e+00
6.200000000000000000e+02 2.518082541737472582e+02 2.000000000000000000e+00 0.000000000000000000e+00
6.210000000000000000e+02 2.537928146109236707e+02 0.000000000000000000e+00 0.000000000000000000e+00
6.220000000000000000e+02 2.537536884436832167e+02 1.000000000000000000e+00 0.000000000000000000e+00
6.230000000000000000e+02 2.542601509196962581e+02 0.000000000000000000e+00 0.000000000000000000e+00
6.240000000000000000e+02 2.536005070356212059e+02 1.000000000000000000e+00 0.000000000000000000e+00
6.250000000000000000e+02 2.546451135937583672e+02 0.000000000000000000e+00 0.000000000000000000e+00
6.260000000000000000e+02 2.560822168384353859e+02 0.000000000000000000e+00 0.000000000000000000e+00
6.270000000000000000e+02 2.567636340118770022e+02 0.000000000000000000e+00 0.000000000000000000e+00
6.280000000000000000e+02 2.552684481120776354e+02 2.000000000000000000e+00 0.000000000000000000e+00
6.290000000000000000e+02 2.568834307840626821e+02 0.000000000000000000e+00 0.000000000000000000e+00
6.300000000000000000e+02 2.579483766148904351e+02 0.000000000000000000e+00 0.000000000000000000e+00
6.310000000000000000e+02 2.577608222045107595e+02 1.000000000000000000e+00 0.000000000000000000e+00
6.320000000000000000e+02 2.571632206718625753e+02 2.000000000000000000e+00 0.000000000000000000e+00
6.330000000000000000e+02 2.562264311831733039e+02 2.000000000000000000e+00 0.000000000000000000e+00
6.340000000000000000e+02 2.550488551133758790e+02 2.000000000000000000e+00 0.000000000000000000e+00
6.350000000000000000e+02 2.560696989801710401e+02 0.000000000000000000e+00 0.000000000000000000e+00
6.360000000000000000e+02 2.553243539453985420e+02 2.000000000000000000e+00 0.000000000000000000e+00
6.370000000000000000e+02 2.542846721633613924e+02 2.000000000000000000e+00 0.000000000000000000e+00
6.380000000000000000e+02 2.533582389341457031e+02 2.000000000000000000e+00 0.000000000000000000e+00
6.390000000000000000e+02 2.522392267686682885e+02 2.000000000000000000e+00 0.000000000000000000e+00
6.400000000000000000e+02 2.523388451140347399e+02 1.000000000000000000e+00 0.000000000000000000e+00
6.410000000000000000e+02 2.531933910878652796e+02 0.000000000000000000e+00 0.000000000000000000e+00
6.420000000000000000e+02 2.541714572731317787e+02 0.000000000000000000e+00 0.000000000000000000e+00
6.430000000000000000e+02 2.550654027340308971e+02 0.000000000000000000e+00 0.000000000000000000e+00
6.440000000000000000e+02 2.551071655886757128e+02 0.000000000000000000e+00 0.000000000000000000e+00
6.450000000000000000e+02 2.555051150689963322e+02 1.000000000000000000e+00 0.000000000000000000e+00
6.460000000000000000e+02 2.571551601458668870e+02 0.000000000000000000e+00 0.000000000000000000e+00
6.470000000000000000e+02 2.588423426969688990e+02 0.000000000000000000e+00 0.000000000000000000e+00
6.480000000000000000e+02 2.566990714785140995e+02 2.000000000000000000e+00 0.000000000000000000e+00
6.490000000000000000e+02 2.558542509101251312e+02 2.000000000000000000e+00 0.000000000000000000e+00
6.500000000000000000e+02 2.556711670807918892e+02 1.000000000000000000e+00 0.000000000000000000e+00
6.510000000000000000e+02 2.563348216804772051e+02 0.000000000000000000e+00 0.000000000000000000e+00
6.520000000000000000e+02 2.569919514482454019e+02 1.000000000000000000e+00 0.000000000000000000e+00
6.530000000000000000e+02 2.580097969690660307e+02 0.000000000000000000e+00 0.000000000000000000e+00
6.540000000000000000e+02 2.577101065987034758e+02 0.000000000000000000e+00 0.000000000000000000e+00
6.550000000000000000e+02 2.602739989927337660e+02 0.000000000000000000e+00 0.000000000000000000e+00
6.560000000000000000e+02 2.600898535064367252e+02 0.000000000000000000e+00 0.000000000000000000e+00
6.570000000000000000e+02 2.602376100753058950e+02 2.000000000000000000e+00 0.000000000000000000e+00
6.580000000000000000e+02 2.601540964092891954e+02 0.000000000000000000e+00 0.000000000000000000e+00
6.590000000000000000e+02 2.620445440525361391e+02 0.000000000000000000e+00 0.000000000000000000e+00
6.600000000000000000e+02 2.622705499480975959e+02 1.000000000000000000e+00 0.000000000000000000e+00
6.610000000000000000e+02 2.621832787685391963e+02 0.000000000000000000e+00 0.000000000000000000e+00
6.620000000000000000e+02 2.639035566846282563e+02 0.000000000000000000e+00 0.000000000000000000e+00
6.630000000000000000e+02 2.635306679574541704e+02 1.000000000000000000e+00 0.000000000000000000e+00
6.640000000000000000e+02 2.648872839078858306e+02 0.000000000000000000e+00 0.000000000000000000e+00
6.650000000000000000e+02 2.670435714070691233e+02 0.000000000000000000e+00 0.000000000000000000e+00
6.660000000000000000e+02 2.676653386391002982e+02 0.000000000000000000e+00 0.000000000000000000e+00
6.670000000000000000e+02 2.675417426665160860e+02 1.000000000000000000e+00 0.000000000000000000e+00
6.680000000000000000e+02 2.680758495979891336e+02 0.000000000000000000e+00 0.000000000000000000e+00
6.690000000000000000e+02 2.679341995578090518e+02 1.000000000000000000e+00 0.000000000000000000e+00
6.700000000000000000e+02 2.687573903124317667e+02 0.000000000000000000e+00 0.000000000000000000e+00
6.710000000000000000e+02 2.702262939787201503e+02 0.000000000000000000e+00 0.000000000000000000e+00
6.720000000000000000e+02 2.701478689177972115e+02 0.000000000000000000e+00 0.000000000000000000e+00
6.730000000000000000e+02 2.730056527212132096e+02 0.000000000000000000e+00 0.000000000000000000e+00
6.740000000000000000e+02 2.706746709883571498e+02 2.000000000000000000e+00 0.000000000000000000e+00
6.750000000000000000e+02 2.726293580866170601e+02 0.000000000000000000e+00 0.000000000000000000e+00
6.760000000000000000e+02 2.728676550629555777e+02 0.000000000000000000e+00 0.000000000000000000e+00
6.770000000000000000e+02 2.735447055011787256e+02 0.000000000000000000e+00 0.000000000000000000e+00
6.780000000000000000e+02 2.751174702210971645e+02 0.000000000000000000e+00 0.000000000000000000e+00
6.790000000000000000e+02 2.767769090865085104e+02 0.000000000000000000e+00 0.000000000000000000e+00
6.800000000000000000e+02 2.768253701804135858e+02 1.000000000000000000e+00 0.000000000000000000e+00
6.810000000000000000e+02 2.751190346820513923e+02 2.000000000000000000e+00 0.000000000000000000e+00
6.820000000000000000e+02 2.732866736711164322e+02 2.000000000000000000e+00 0.000000000000000000e+00
6.830000000000000000e+02 2.739027578636307112e+02 1.000000000000000000e+00 0.000000000000000000e+00
6.840000000000000000e+02 2.742024789605354158e+02 0.000000000000000000e+00 0.000000000000000000e+00
6.850000000000000000e+02 2.754263508825727058e+02 0.000000000000000000e+00 0.000000000000000000e+00
6.860000000000000000e+02 2.755282140864284202e+02 2.000000000000000000e+00 0.000000000000000000e+00
6.870000000000000000e+02 2.748264936647747163e+02 1.000000000000000000e+00 0.000000000000000000e+00
6.880000000000000000e+02 2.752307979433224432e+02 0.000000000000000000e+00 0.000000000000000000e+00
6.890000000000000000e+02 2.765651131829115457e+02 0.000000000000000000e+00 0.000000000000000000e+00
6.900000000000000000e+02 2.779328468399713756e+02 0.000000000000000000e+00 0.000000000000000000e+00
6.910000000000000000e+02 2.793409425936494017e+02 0.000000000000000000e+00 0.000000000000000000e+00
6.920000000000000000e+02 2.802517130194345327e+02 0.000000000000000000e+00 0.000000000000000000e+00
6.930000000000000000e+02 2.801826238347226194e+02 0.000000000000000000e+00 0.000000000000000000e+00
6.940000000000000000e+02 2.822576226409331639e+02 0.000000000000000000e+00 0.000000000000000000e+00
6.950000000000000000e+02 2.818113892809049617e+02 1.000000000000000000e+00 0.000000000000000000e+00
6.960000000000000000e+02 2.820766355266447931e+02 1.000000000000000000e+00 0.000000000000000000e+00
6.970000000000000000e+02 2.832879144951411945e+02 0.000000000000000000e+00 0.000000000000000000e+00
6.980000000000000000e+02 2.844204299872488946e+02 0.000000000000000000e+00 0.000000000000000000e+00
6.990000000000000000e+02 2.843753191778016571e+02 0.000000000000000000e+00 0.000000000000000000e+00
7.000000000000000000e+02 2.832260325230846547e+02 2.000000000000000000e+00 0.000000000000000000e+00
7.010000000000000000e+02 2.847533274855597369e+02 0.000000000000000000e+00 0.000000000000000000e+00
7.020000000000000000e+02 2.866913935117435130e+02 0.000000000000000000e+00 0.000000000000000000e+00
7.030000000000000000e+02 2.858049815064715062e+02 1.000000000000000000e+00 0.000000000000000000e+00
7.040000000000000000e+02 2.863324425353182505e+02 1.000000000000000000e+00 0.000000000000000000e+00
7.050000000000000000e+02 2.874424034056072514e+02 0.000000000000000000e+00 0.000000000000000000e+00
7.060000000000000000e+02 2.864856039249642095e+02 0.000000000000000000e+00 0.000000000000000000e+00
7.070000000000000000e+02 2.870181243379892635e+02 2.000000000000000000e+00 0.000000000000000000e+00
7.080000000000000000e+02 2.868309644855873444e+02 1.000000000000000000e+00 0.000000000000000000e+00
7.090000000000000000e+02 2.877926982160498710e+02 0.000000000000000000e+00 0.000000000000000000e+00
7.100000000000000000e+02 2.894586570338180991e+02 0.000000000000000000e+00 0.000000000000000000e+00
7.110000000000000000e+02 2.908684776603357136e+02 0.000000000000000000e+00 0.000000000000000000e+00
7.120000000000000000e+02 2.913219883311253966e+02 0.000000000000000000e+00 0.000000000000000000e+00
7.130000000000000000e+02 2.926399982685974237e+02 0.000000000000000000e+00 0.000000000000000000e+00
7.140000000000000000e+02 2.932349255468258775e+02 0.000000000000000000e+00 0.000000000000000000e+00
7.150000000000000000e+02 2.947004374621428155e+02 0.000000000000000000e+00 0.000000000000000000e+00
7.160000000000000000e+02 2.944762452911380706e+02 0.000000000000000000e+00 0.000000000000000000e+00
7.170000000000000000e+02 2.962064026537836412e+02 0.000000000000000000e+00 0.000000000000000000e+00
7.180000000000000000e+02 2.969444689946716380e+02 0.000000000000000000e+00 0.000000000000000000e+00
7.190000000000000000e+02 2.956875286772093432e+02 2.000000000000000000e+00 0.000000000000000000e+00
7.200000000000000000e+02 2.973962939482335059e+02 0.000000000000000000e+00 0.000000000000000000e+00
7.210000000000000000e+02 2.973143844809047209e+02 1.000000000000000000e+00 0.000000000000000000e+00
7.220000000000000000e+02 2.961992661053899383e+02 2.000000000000000000e+00 0.000000000000000000e+00
7.230000000000000000e+02 2.960144858456804400e+02 0.000000000000000000e+00 0.000000000000000000e+00
7.240000000000000000e+02 2.967919555364448456e+02 1.000000000000000000e+00 0.000000000000000000e+00
7.250000000000000000e+02 2.951175927518448816e+02 2.000000000000000000e+00 0.000000000000000000e+00
7.260000000000000000e+02 2.958664790558050299e+02 1.000000000000000000e+00 0.000000000000000000e+00
7.270000000000000000e+02 2.968566183635207949e+02 0.000000000000000000e+00 0.000000000000000000e+00
7.280000000000000000e+02 2.978680246759930696e+02 0.000000000000000000e+00 0.000000000000000000e+00
7.290000000000000000e+02 2.985649707143091973e+02 0.000000000000000000e+00 0.000000000000000000e+00
7.300000000000000000e+02 2.993343103628476456e+02 1.000000000000000000e+00 0.000000000000000000e+00
7.310000000000000000e+02 2.998529061058995921e+02 0.000000000000000000e+00 0.000000000000000000e+00
7.320000000000000000e+02 3.004553867573770845e+02 0.000000000000000000e+00 0.000000000000000000e+00
7.330000000000000000e+02 3.004075073578042065e+02 2.000000000000000000e+00 0.000000000000000000e+00
7.340000000000000000e+02 2.993266827573951900e+02 2.000000000000000000e+00 0.000000000000000000e+00
7.350000000000000000e+02 2.998364758295013530e+02 0.000000000000000000e+00 0.000000000000000000e+00
7.360000000000000000e+02 3.009465819051955009e+02 0.000000000000000000e+00 0.000000000000000000e+00
7.370000000000000000e+02 3.014186910664528796e+02 1.000000000000000000e+00 0.000000000000000000e+00
7.380000000000000000e+02 3.025212984121256454e+02 0.000000000000000000e+00 0.000000000000000000e+00
7.390000000000000000e+02 3.036665889055973935e+02 0.000000000000000000e+00 0.000000000000000000e+00
7.400000000000000000e+02 3.044722297273991103e+02 0.000000000000000000e+00 0.000000000000000000e+00
7.410000000000000000e+02 3.020433245793519177e+02 2.000000000000000000e+00 0.000000000000000000e+00
7.420000000000000000e+02 3.037760672694415689e+02 0.000000000000000000e+00 0.000000000000000000e+00
7.430000000000000000e+02 3.035479315651018624e+02 1.000000000000000000e+00 0.000000000000000000e+00
7.440000000000000000e+02 3.028989578281687614e+02 2.000000000000000000e+00 0.000000000000000000e+00
7.450000000000000000e+02 3.037847077562423124e+02 0.000000000000000000e+00 0.000000000000000000e+00
7.460000000000000000e+02 3.034623410769243037e+02 2.000000000000000000e+00 0.000000000000000000e+00
7.470000000000000000e+02 3.033977483985489130e+02 0.000000000000000000e+00 0.000000000000000000e+00
7.480000000000000000e+02 3.042268345768864606e+02 1.000000000000000000e+00 0.000000000000000000e+00
7.490000000000000000e+02 3.045095692297230130e+02 1.000000000000000000e+00 0.000000000000000000e+00
7.500000000000000000e+02 3.052287515168816867e+02 0.000000000000000000e+00 0.000000000000000000e+00
7.510000000000000000e+02 3.061900646442123843e+02 0.000000000000000000e+00 0.000000000000000000e+00
7.520000000000000000e+02 3.075099871477981424e+02 0.000000000000000000e+00 0.000000000000000000e+00
7.530000000000000000e+02 3.067857793270759430e+02 1.000000000000000000e+00 0.000000000000000000e+00
7.540000000000000000e+02 3.079326561078550526e+02 0.000000000000000000e+00 0.000000000000000000e+00
7.550000000000000000e+02 3.085176171677092043e+02 1.000000000000000000e+00 0.000000000000000000e+00
7.560000000000000000e+02 3.095368439598499890e+02 0.000000000000000000e+00 0.000000000000000000e+00
7.570000000000000000e+02 3.087658768255753330e+02 1.000000000000000000e+00 0.000000000000000000e+00
7.580000000000000000e+02 3.095367494747418391e+02 1.000000000000000000e+00 0.000000000000000000e+00
7.590000000000000000e+02 3.096210821165154812e+02 0.000000000000000000e+00 0.000000000000000000e+00
7.600000000000000000e+02 3.082376085937612515e+02 2.000000000000000000e+00 0.000000000000000000e+00
7.610000000000000000e+02 3.107939678601783839e+02 0.000000000000000000e+00 0.000000000000000000e+00
7.620000000000000000e+02 3.103362875430141798e+02 0.000000000000000000e+00 0.000000000000000000e+00
7.630000000000000000e+02 3.116369547322710218e+02 0.000000000000000000e+00 0.000000000000000000e+00
7.640000000000000000e+02 3.117429806455531889e+02 0.000000000000000000e+00 0.000000000000000000e+00
7.650000000000000000e+02 3.132450057899822013e+02 1.000000000000000000e+00 0.000000000000000000e+00
7.660000000000000000e+02 3.133253971300308081e+02 0.000000000000000000e+00 0.000000000000000000e+00
7.670000000000000000e+02 3.140493528450566032e+02 0.000000000000000000e+00 0.000000000000000000e+00
7.680000000000000000e+02 3.160398532532586842e+02 0.000000000000000000e+00 0.000000000000000000e+00
7.690000000000000000e+02 3.175543160343316345e+02 0.000000000000000000e+00 0.000000000000000000e+00
7.700000000000000000e+02 3.187711254899507480e+02 0.000000000000000000e+00 0.000000000000000000e+00
7.710000000000000000e+02 3.185113359068297996e+02 0.000000000000000000e+00 0.000000000000000000e+00
7.720000000000000000e+02 3.193643373787702444e+02 1.000000000000000000e+00 0.000000000000000000e+00
7.730000000000000000e+02 3.198739861576057137e+02 0.000000000000000000e+00 0.000000000000000000e+00
7.740000000000000000e+02 3.206383450784979914e+02 0.000000000000000000e+00 0.000000000000000000e+00
7.750000000000000000e+02 3.227664788402337308e+02 0.000000000000000000e+00 0.000000000000000000e+00
7.760000000000000000e+02 3.201751012094372868e+02 2.000000000000000000e+00 0.000000000000000000e+00
7.770000000000000000e+02 3.211173664146271562e+02 1.000000000000000000e+00 0.000000000000000000e+00
7.780000000000000000e+02 3.198785359895953775e+02 2.000000000000000000e+00 0.000000000000000000e+00
7.790000000000000000e+02 3.214672841580507452e+02 0.000000000000000000e+00 0.000000000000000000e+00
7.800000000000000000e+02 3.212971824676434380e+02 1.000000000000000000e+00 0.000000000000000000e+00
7.810000000000000000e+02 3.222753370170002540e+02 0.000000000000000000e+00 0.000000000000000000e+00
7.820000000000000000e+02 3.231597414157816957e+02 0.000000000000000000e+00 0.000000000000000000e+00
7.830000000000000000e+02 3.221874400451745828e+02 1.000000000000000000e+00 0.000000000000000000e+00
7.840000000000000000e+02 3.243861238655732109e+02 0.000000000000000000e+00 0.000000000000000000e+00
7.850000000000000000e+02 3.239207700909935852e+02 0.000000000000000000e+00 0.000000000000000000e+00
7.860000000000000000e+02 3.236536375752482968e+02 2.000000000000000000e+00 0.000000000000000000e+00
7.870000000000000000e+02 3.228137189474957154e+02 2.000000000000000000e+00 0.000000000000000000e+00
7.880000000000000000e+02 3.236806699745422975e+02 0.000000000000000000e+00 0.000000000000000000e+00
7.890000000000000000e+02 3.238593215741449285e+02 1.000000000000000000e+00 0.000000000000000000e+00
7.900000000000000000e+02 3.247992760992142962e+02 0.000000000000000000e+00 0.000000000000000000e+00
7.910000000000000000e+02 3.262787086227610871e+02 0.000000000000000000e+00 0.000000000000000000e+00
7.920000000000000000e+02 3.268895410218889879e+02 0.000000000000000000e+00 0.000000000000000000e+00
7.930000000000000000e+02 3.271972643559361131e+02 1.000000000000000000e+00 0.000000000000000000e+00
7.940000000000000000e+02 3.263744045517597669e+02 1.000000000000000000e+00 0.000000000000000000e+00
7.950000000000000000e+02 3.266304615099459738e+02 1.000000000000000000e+00 0.000000000000000000e+00
7.960000000000000000e+02 3.265497102621328622e+02 2.000000000000000000e+00 0.000000000000000000e+00
7.970000000000000000e+02 3.273302688353040821e+02 0.000000000000000000e+00 0.000000000000000000e+00
7.980000000000000000e+02 3.279697238262467067e+02 0.000000000000000000e+00 0.000000000000000000e+00
7.990000000000000000e+02 3.262190190865874797e+02 2.000000000000000000e+00 0.000000000000000000e+00
8.000000000000000000e+02 3.272507826450938069e+02 0.000000000000000000e+00 0.000000000000000000e+00
