time	position	state	ATP_bound
1.000000000000000000e+00 1.529980016164567136e+00 0.000000000000000000e+00 0.000000000000000000e+00
2.000000000000000000e+00 1.600184866125879068e+00 0.000000000000000000e+00 0.000000000000000000e+00
3.000000000000000000e+00 3.350381853094235751e+00 0.000000000000000000e+00 0.000000000000000000e+00
4.000000000000000000e+00 4.034699093227683164e+00 0.000000000000000000e+00 0.000000000000000000e+00
5.000000000000000000e+00 2.573077471076914424e+00 2.000000000000000000e+00 0.000000000000000000e+00
6.000000000000000000e+00 2.704534071117065341e+00 2.000000000000000000e+00 0.000000000000000000e+00
7.000000000000000000e+00 3.586251837634962136e+00 0.000000000000000000e+00 0.000000000000000000e+00
8.000000000000000000e+00 3.315722992680545822e+00 0.000000000000000000e+00 0.000000000000000000e+00
9.000000000000000000e+00 3.721655923039204783e+00 1.000000000000000000e+00 0.000000000000000000e+00
1.000000000000000000e+01 2.686698331448039934e+00 2.000000000000000000e+00 0.000000000000000000e+00
1.100000000000000000e+01 3.685389751723908258e+00 0.000000000000000000e+00 0.000000000000000000e+00
1.200000000000000000e+01 4.515006071192143366e+00 0.000000000000000000e+00 0.000000000000000000e+00
1.300000000000000000e+01 6.217007127946506451e+00 0.000000000000000000e+00 0.000000000000000000e+00
1.400000000000000000e+01 6.535138928696680338e+00 0.000000000000000000e+00 0.000000000000000000e+00
1.500000000000000000e+01 8.188159590228769602e+00 0.000000000000000000e+00 0.000000000000000000e+00
1.600000000000000000e+01 6.552021742809186478e+00 2.000000000000000000e+00 0.000000000000000000e+00
1.700000000000000000e+01 8.704299412679212367e+00 0.000000000000000000e+00 0.000000000000000000e+00
1.800000000000000000e+01 7.153215434043721288e+00 2.000000000000000000e+00 0.000000000000000000e+00
1.900000000000000000e+01 6.790380797659778978e+00 1.000000000000000000e+00 0.000000000000000000e+00
2.000000000000000000e+01 6.665912625721894358e+00 1.000000000000000000e+00 0.000000000000000000e+00
2.100000000000000000e+01 8.605230286793773331e+00 0.000000000000000000e+00 0.000000000000000000e+00
2.200000000000000000e+01 8.445936625629345329e+00 0.000000000000000000e+00 0.000000000000000000e+00
2.300000000000000000e+01 1.018345160800801885e+01 0.000000000000000000e+00 0.000000000000000000e+00
2.400000000000000000e+01 9.009006084979299445e+00 2.000000000000000000e+00 0.000000000000000000e+00
2.500000000000000000e+01 1.049390340029243340e+01 0.000000000000000000e+00 0.000000000000000000e+00
2.600000000000000000e+01 1.027919502955201736e+01 1.000000000000000000e+00 0.000000000000000000e+00
2.700000000000000000e+01 1.024355032134715593e+01 0.000000000000000000e+00 0.000000000000000000e+00
2.800000000000000000e+01 1.050448539259322267e+01 2.000000000000000000e+00 0.000000000000000000e+00
2.900000000000000000e+01 1.201192641315003229e+01 0.000000000000000000e+00 0.000000000000000000e+00
3.000000000000000000e+01 1.190631748429027503e+01 0.000000000000000000e+00 0.000000000000000000e+00
3.100000000000000000e+01 1.326847350270082870e+01 0.000000000000000000e+00 0.000000000000000000e+00
3.200000000000000000e+01 1.353112590053399167e+01 0.000000000000000000e+00 0.000000000000000000e+00
3.300000000000000000e+01 1.475749492537766727e+01 0.000000000000000000e+00 0.000000000000000000e+00
3.400000000000000000e+01 1.633635807676007090e+01 0.000000000000000000e+00 0.000000000000000000e+00
3.500000000000000000e+01 1.796728852939807197e+01 0.000000000000000000e+00 0.000000000000000000e+00
3.600000000000000000e+01 1.729641926445792777e+01 0.000000000000000000e+00 0.000000000000000000e+00
3.700000000000000000e+01 1.688461350037297848e+01 2.000000000000000000e+00 0.000000000000000000e+00
3.800000000000000000e+01 1.745231793976706669e+01 0.000000000000000000e+00 0.000000000000000000e+00
3.900000000000000000e+01 1.852417520061653278e+01 0.000000000000000000e+00 0.000000000000000000e+00
4.000000000000000000e+01 1.849054955595133620e+01 2.000000000000000000e+00 0.000000000000000000e+00
4.100000000000000000e+01 1.761829867684253514e+01 1.000000000000000000e+00 0.000000000000000000e+00
4.200000000000000000e+01 1.830353080712693981e+01 1.000000000000000000e+00 0.000000000000000000e+00
4.300000000000000000e+01 1.697101782455122532e+01 2.000000000000000000e+00 0.000000000000000000e+00
4.400000000000000000e+01 1.702928864687766364e+01 1.000000000000000000e+00 0.000000000000000000e+00
4.500000000000000000e+01 1.735039463337881571e+01 0.000000000000000000e+00 0.000000000000000000e+00
4.600000000000000000e+01 1.943047314317176699e+01 0.000000000000000000e+00 0.000000000000000000e+00
4.700000000000000000e+01 2.062475206280755557e+01 0.000000000000000000e+00 0.000000000000000000e+00
4.800000000000000000e+01 2.025602989350099037e+01 0.000000000000000000e+00 0.000000000000000000e+00
4.900000000000000000e+01 2.234394508675470448e+01 0.000000000000000000e+00 0.000000000000000000e+00
5.000000000000000000e+01 2.290819429422493059e+01 0.000000000000000000e+00 0.000000000000000000e+00
5.100000000000000000e+01 2.142181962477582502e+01 2.000000000000000000e+00 0.000000000000000000e+00
5.200000000000000000e+01 2.159452540511027152e+01 1.000000000000000000e+00 0.000000000000000000e+00
5.300000000000000000e+01 2.259748831615301512e+01 0.000000000000000000e+00 0.000000000000000000e+00
5.400000000000000000e+01 2.422413923465765251e+01 0.000000000000000000e+00 0.000000000000000000e+00
5.500000000000000000e+01 2.578862219179053739e+01 0.000000000000000000e+00 0.000000000000000000e+00
5.600000000000000000e+01 2.472636002385652532e+01 1.000000000000000000e+00 0.000000000000000000e+00
5.700000000000000000e+01 2.549843910153328252e+01 0.000000000000000000e+00 0.000000000000000000e+00
5.800000000000000000e+01 2.758003404613506859e+01 0.000000000000000000e+00 0.000000000000000000e+00
5.900000000000000000e+01 2.805289410167985764e+01 0.000000000000000000e+00 0.000000000000000000e+00
6.000000000000000000e+01 2.885952132369531853e+01 0.000000000000000000e+00 0.000000000000000000e+00
6.100000000000000000e+01 3.031242284450392432e+01 0.000000000000000000e+00 0.000000000000000000e+00
6.200000000000000000e+01 3.068899793713852731e+01 0.000000000000000000e+00 0.000000000000000000e+00
6.300000000000000000e+01 2.985138532129794697e+01 2.000000000000000000e+00 0.000000000000000000e+00
6.400000000000000000e+01 3.091182435482936341e+01 0.000000000000000000e+00 0.000000000000000000e+00
6.500000000000000000e+01 3.242495806272582826e+01 0.000000000000000000e+00 0.000000000000000000e+00
6.600000000000000000e+01 3.275642228778757215e+01 0.000000000000000000e+00 0.000000000000000000e+00
6.700000000000000000e+01 3.324966189269060379e+01 1.000000000000000000e+00 0.000000000000000000e+00
6.800000000000000000e+01 3.073593094637943679e+01 2.000000000000000000e+00 0.000000000000000000e+00
6.900000000000000000e+01 3.275980686066294822e+01 0.000000000000000000e+00 0.000000000000000000e+00
7.000000000000000000e+01 3.304070784302659547e+01 1.000000000000000000e+00 0.000000000000000000e+00
7.100000000000000000e+01 3.069403744356747055e+01 2.000000000000000000e+00 0.000000000000000000e+00
7.200000000000000000e+01 3.326369639423442237e+01 0.000000000000000000e+00 0.000000000000000000e+00
7.300000000000000000e+01 3.150701294035111744e+01 2.000000000000000000e+00 0.000000000000000000e+00
7.400000000000000000e+01 3.356606596774360440e+01 0.000000000000000000e+00 0.000000000000000000e+00
7.500000000000000000e+01 3.153783725811713978e+01 2.000000000000000000e+00 0.000000000000000000e+00
7.600000000000000000e+01 3.223183045477644981e+01 0.000000000000000000e+00 0.000000000000000000e+00
7.700000000000000000e+01 3.411908422173269173e+01 0.000000000000000000e+00 0.000000000000000000e+00
7.800000000000000000e+01 3.464786715528566674e+01 0.000000000000000000e+00 0.000000000000000000e+00
7.900000000000000000e+01 3.516551171202290504e+01 1.000000000000000000e+00 0.000000000000000000e+00
8.000000000000000000e+01 3.364791075011907395e+01 2.000000000000000000e+00 0.000000000000000000e+00
8.100000000000000000e+01 3.423278468508905803e+01 0.000000000000000000e+00 0.000000000000000000e+00
8.200000000000000000e+01 3.547758928030548020e+01 0.000000000000000000e+00 0.000000000000000000e+00
8.300000000000000000e+01 3.470782460546652715e+01 2.000000000000000000e+00 0.000000000000000000e+00
8.400000000000000000e+01 3.366347989631639592e+01 2.000000000000000000e+00 0.000000000000000000e+00
8.500000000000000000e+01 3.318992069785896604e+01 2.000000000000000000e+00 0.000000000000000000e+00
8.600000000000000000e+01 3.303712082665076366e+01 1.000000000000000000e+00 0.000000000000000000e+00
8.700000000000000000e+01 3.411937195374552090e+01 0.000000000000000000e+00 0.000000000000000000e+00
8.800000000000000000e+01 3.479388183248433819e+01 0.000000000000000000e+00 0.000000000000000000e+00
8.900000000000000000e+01 3.612537409185120652e+01 0.000000000000000000e+00 0.000000000000000000e+00
9.000000000000000000e+01 3.735533769615182109e+01 0.000000000000000000e+00 0.000000000000000000e+00
9.100000000000000000e+01 3.557687386947100805e+01 2.000000000000000000e+00 0.000000000000000000e+00
9.200000000000000000e+01 3.530667272215732311e+01 2.000000000000000000e+00 0.000000000000000000e+00
9.300000000000000000e+01 3.452051229698654566e+01 1.000000000000000000e+00 0.000000000000000000e+00
9.400000000000000000e+01 3.619791541381405864e+01 0.000000000000000000e+00 0.000000000000000000e+00
9.500000000000000000e+01 3.561023998648371958e+01 1.000000000000000000e+00 0.000000000000000000e+00
9.600000000000000000e+01 3.716065660710440000e+01 0.000000000000000000e+00 0.000000000000000000e+00
9.700000000000000000e+01 3.568662922020004657e+01 2.000000000000000000e+00 0.000000000000000000e+00
9.800000000000000000e+01 3.695773055474117541e+01 0.000000000000000000e+00 0.000000000000000000e+00
9.900000000000000000e+01 3.683660647515795006e+01 1.000000000000000000e+00 0.000000000000000000e+00
1.000000000000000000e+02 3.659417373528052053e+01 2.000000000000000000e+00 0.000000000000000000e+00
1.010000000000000000e+02 3.741708643861809946e+01 0.000000000000000000e+00 0.000000000000000000e+00
1.020000000000000000e+02 3.661430654741069191e+01 1.000000000000000000e+00 0.000000000000000000e+00
1.030000000000000000e+02 3.636089372961213684e+01 2.000000000000000000e+00 0.000000000000000000e+00
1.040000000000000000e+02 3.695364734307418786e+01 0.000000000000000000e+00 0.000000000000000000e+00
1.050000000000000000e+02 3.688945234792804229e+01 1.000000000000000000e+00 0.000000000000000000e+00
1.060000000000000000e+02 3.631687000949612099e+01 2.000000000000000000e+00 0.000000000000000000e+00
1.070000000000000000e+02 3.709945722739055185e+01 0.000000000000000000e+00 0.000000000000000000e+00
1.080000000000000000e+02 3.800690913447268571e+01 0.000000000000000000e+00 0.000000000000000000e+00
1.090000000000000000e+02 3.821711374331106015e+01 0.000000000000000000e+00 0.000000000000000000e+00
1.100000000000000000e+02 3.943823059677701082e+01 0.000000000000000000e+00 0.000000000000000000e+00
1.110000000000000000e+02 4.086943431286583461e+01 0.000000000000000000e+00 0.000000000000000000e+00
1.120000000000000000e+02 4.170608940587823099e+01 0.000000000000000000e+00 0.000000000000000000e+00
1.130000000000000000e+02 4.231370011599542380e+01 0.000000000000000000e+00 0.000000000000000000e+00
1.140000000000000000e+02 4.414880090234397869e+01 0.000000000000000000e+00 0.000000000000000000e+00
1.150000000000000000e+02 4.471884862218755785e+01 1.000000000000000000e+00 0.000000000000000000e+00
1.160000000000000000e+02 4.555064309399267586e+01 0.000000000000000000e+00 0.000000000000000000e+00
1.170000000000000000e+02 4.547009463135054119e+01 0.000000000000000000e+00 0.000000000000000000e+00
1.180000000000000000e+02 4.693815820940057648e+01 0.000000000000000000e+00 0.000000000000000000e+00
1.190000000000000000e+02 4.793854416515944905e+01 0.000000000000000000e+00 0.000000000000000000e+00
1.200000000000000000e+02 4.943005087830711375e+01 0.000000000000000000e+00 0.000000000000000000e+00
1.210000000000000000e+02 4.822804883729455128e+01 1.000000000000000000e+00 0.000000000000000000e+00
1.220000000000000000e+02 5.049405451801103339e+01 0.000000000000000000e+00 0.000000000000000000e+00
1.230000000000000000e+02 5.002560287501165703e+01 0.000000000000000000e+00 0.000000000000000000e+00
1.240000000000000000e+02 5.151038208040313293e+01 0.000000000000000000e+00 0.000000000000000000e+00
1.250000000000000000e+02 5.391454781213280967e+01 0.000000000000000000e+00 0.000000000000000000e+00
1.260000000000000000e+02 5.302088539044827087e+01 1.000000000000000000e+00 0.000000000000000000e+00
1.270000000000000000e+02 5.456864875529611680e+01 0.000000000000000000e+00 0.000000000000000000e+00
1.280000000000000000e+02 5.435190113954975288e+01 0.000000000000000000e+00 0.000000000000000000e+00
1.290000000000000000e+02 5.537804263783740311e+01 0.000000000000000000e+00 0.000000000000000000e+00
1.300000000000000000e+02 5.706748516469021126e+01 0.000000000000000000e+00 0.000000000000000000e+00
1.310000000000000000e+02 5.641265446673910589e+01 1.000000000000000000e+00 0.000000000000000000e+00
1.320000000000000000e+02 5.573904101456484028e+01 2.000000000000000000e+00 0.000000000000000000e+00
1.330000000000000000e+02 5.704953548216882808e+01 0.000000000000000000e+00 0.000000000000000000e+00
1.340000000000000000e+02 5.790849254166393223e+01 0.000000000000000000e+00 0.000000000000000000e+00
1.350000000000000000e+02 5.799834008344397063e+01 1.000000000000000000e+00 0.000000000000000000e+00
1.360000000000000000e+02 5.838285733994492688e+01 1.000000000000000000e+00 0.000000000000000000e+00
1.370000000000000000e+02 5.910475376197562980e+01 0.000000000000000000e+00 0.000000000000000000e+00
1.380000000000000000e+02 5.960241596960114663e+01 0.000000000000000000e+00 0.000000000000000000e+00
1.390000000000000000e+02 5.895133724824162158e+01 2.000000000000000000e+00 0.000000000000000000e+00
1.400000000000000000e+02 6.095527705038330168e+01 0.000000000000000000e+00 0.000000000000000000e+00
1.410000000000000000e+02 5.977323819168032060e+01 1.000000000000000000e+00 0.000000000000000000e+00
1.420000000000000000e+02 5.910552150628415546e+01 2.000000000000000000e+00 0.000000000000000000e+00
1.430000000000000000e+02 5.985418761594048220e+01 0.000000000000000000e+00 0.000000000000000000e+00
1.440000000000000000e+02 6.093103881512808329e+01 0.000000000000000000e+00 0.000000000000000000e+00
1.450000000000000000e+02 6.192086887543234752e+01 0.000000000000000000e+00 0.000000000000000000e+00
1.460000000000000000e+02 6.270524119318021405e+01 0.000000000000000000e+00 0.000000000000000000e+00
1.470000000000000000e+02 6.420816740802565903e+01 0.000000000000000000e+00 0.000000000000000000e+00
1.480000000000000000e+02 6.438525629901336345e+01 1.000000000000000000e+00 0.000000000000000000e+00
1.490000000000000000e+02 6.291112686622277295e+01 2.000000000000000000e+00 0.000000000000000000e+00
1.500000000000000000e+02 6.228010772217520952e+01 2.000000000000000000e+00 0.000000000000000000e+00
1.510000000000000000e+02 6.151172108958177631e+01 1.000000000000000000e+00 0.000000000000000000e+00
1.520000000000000000e+02 6.245213182303371724e+01 0.000000000000000000e+00 0.000000000000000000e+00
1.530000000000000000e+02 6.093105127618053274e+01 2.000000000000000000e+00 0.000000000000000000e+00
1.540000000000000000e+02 6.307889484200411800e+01 0.000000000000000000e+00 0.000000000000000000e+00
1.550000000000000000e+02 6.380500613357230577e+01 0.000000000000000000e+00 0.000000000000000000e+00
1.560000000000000000e+02 6.488375930868114949e+01 0.000000000000000000e+00 0.000000000000000000e+00
1.570000000000000000e+02 6.317762353396008734e+01 2.000000000000000000e+00 0.000000000000000000e+00
1.580000000000000000e+02 6.638044217209503017e+01 0.000000000000000000e+00 0.000000000000000000e+00
1.590000000000000000e+02 6.447391265405411787e+01 2.000000000000000000e+00 0.000000000000000000e+00
1.600000000000000000e+02 6.435481940909744480e+01 0.000000000000000000e+00 0.000000000000000000e+00
1.610000000000000000e+02 6.396319982215451461e+01 0.000000000000000000e+00 0.000000000000000000e+00
1.620000000000000000e+02 6.745623366310719859e+01 0.000000000000000000e+00 0.000000000000000000e+00
1.630000000000000000e+02 6.669665572576909085e+01 2.000000000000000000e+00 0.000000000000000000e+00
1.640000000000000000e+02 6.689295842544375148e+01 0.000000000000000000e+00 0.000000000000000000e+00
1.650000000000000000e+02 6.715386750979483566e+01 1.000000000000000000e+00 0.000000000000000000e+00
1.660000000000000000e+02 6.763510702990751611e+01 1.000000000000000000e+00 0.000000000000000000e+00
1.670000000000000000e+02 6.780685598712534556e+01 0.000000000000000000e+00 0.000000000000000000e+00
1.680000000000000000e+02 6.912510501699604504e+01 0.000000000000000000e+00 0.000000000000000000e+00
1.690000000000000000e+02 6.832476922268361363e+01 2.000000000000000000e+00 0.000000000000000000e+00
1.700000000000000000e+02 6.864910449854606611e+01 0.000000000000000000e+00 0.000000000000000000e+00
1.710000000000000000e+02 6.990984971879466059e+01 0.000000000000000000e+00 0.000000000000000000e+00
1.720000000000000000e+02 7.068546540342636320e+01 0.000000000000000000e+00 0.000000000000000000e+00
1.730000000000000000e+02 7.183336950918021557e+01 0.000000000000000000e+00 0.000000000000000000e+00
1.740000000000000000e+02 7.357866736197898661e+01 0.000000000000000000e+00 0.000000000000000000e+00
1.750000000000000000e+02 7.463233543187496366e+01 0.000000000000000000e+00 0.000000000000000000e+00
1.760000000000000000e+02 7.505968271808220038e+01 0.000000000000000000e+00 0.000000000000000000e+00
1.770000000000000000e+02 7.488621954101293454e+01 1.000000000000000000e+00 0.000000000000000000e+00
1.780000000000000000e+02 7.506199949695879070e+01 1.000000000000000000e+00 0.000000000000000000e+00
1.790000000000000000e+02 7.708446013307091960e+01 0.000000000000000000e+00 0.000000000000000000e+00
1.800000000000000000e+02 7.755074607990530922e+01 0.000000000000000000e+00 0.000000000000000000e+00
1.810000000000000000e+02 7.777746575007554952e+01 0.000000000000000000e+00 0.000000000000000000e+00
1.820000000000000000e+02 7.715229402095179978e+01 2.000000000000000000e+00 0.000000000000000000e+00
1.830000000000000000e+02 7.838947921922019191e+01 0.000000000000000000e+00 0.000000000000000000e+00
1.840000000000000000e+02 7.958589667649387422e+01 0.000000000000000000e+00 0.000000000000000000e+00
1.850000000000000000e+02 7.837788500332707997e+01 1.000000000000000000e+00 0.000000000000000000e+00
1.860000000000000000e+02 7.852012555677525540e+01 1.000000000000000000e+00 0.000000000000000000e+00
1.870000000000000000e+02 7.932415997545304265e+01 0.000000000000000000e+00 0.000000000000000000e+00
1.880000000000000000e+02 7.853109299973566237e+01 2.000000000000000000e+00 0.000000000000000000e+00
1.890000000000000000e+02 7.861906397297882165e+01 2.000000000000000000e+00 0.000000000000000000e+00
1.900000000000000000e+02 7.972619136426528996e+01 0.000000000000000000e+00 0.000000000000000000e+00
1.910000000000000000e+02 7.737569753918326398e+01 2.000000000000000000e+00 0.000000000000000000e+00
1.920000000000000000e+02 7.732007794938914458e+01 2.000000000000000000e+00 0.000000000000000000e+00
1.930000000000000000e+02 7.637967458580060054e+01 1.000000000000000000e+00 0.000000000000000000e+00
1.940000000000000000e+02 7.746024443183486596e+01 0.000000000000000000e+00 0.000000000000000000e+00
1.950000000000000000e+02 7.663280715137221932e+01 2.000000000000000000e+00 0.000000000000000000e+00
1.960000000000000000e+02 7.777729635474605629e+01 0.000000000000000000e+00 0.000000000000000000e+00
1.970000000000000000e+02 7.931222441444440108e+01 0.000000000000000000e+00 0.000000000000000000e+00
1.980000000000000000e+02 7.955564009947175919e+01 0.000000000000000000e+00 0.000000000000000000e+00
1.990000000000000000e+02 8.125306940502264297e+01 0.000000000000000000e+00 0.000000000000000000e+00
2.000000000000000000e+02 8.191149062258236313e+01 0.000000000000000000e+00 0.000000000000000000e+00
2.010000000000000000e+02 8.280855339835046891e+01 0.000000000000000000e+00 0.000000000000000000e+00
2.020000000000000000e+02 8.401901632656579011e+01 0.000000000000000000e+00 0.000000000000000000e+00
2.030000000000000000e+02 8.569493671987616779e+01 0.000000000000000000e+00 0.000000000000000000e+00
2.040000000000000000e+02 8.489690689280517688e+01 1.000000000000000000e+00 0.000000000000000000e+00
2.050000000000000000e+02 8.414610056645864233e+01 2.000000000000000000e+00 0.000000000000000000e+00
2.060000000000000000e+02 8.386365938583503521e+01 1.000000000000000000e+00 0.000000000000000000e+00
2.070000000000000000e+02 8.410318938524660837e+01 1.000000000000000000e+00 0.000000000000000000e+00
2.080000000000000000e+02 8.347318656615006205e+01 2.000000000000000000e+00 0.000000000000000000e+00
2.090000000000000000e+02 8.281669497939117264e+01 0.000000000000000000e+00 0.000000000000000000e+00
2.100000000000000000e+02 8.521879768800566524e+01 0.000000000000000000e+00 0.000000000000000000e+00
2.110000000000000000e+02 8.563956953513128667e+01 0.000000000000000000e+00 0.000000000000000000e+00
2.120000000000000000e+02 8.748689521648550738e+01 0.000000000000000000e+00 0.000000000000000000e+00
2.130000000000000000e+02 8.787592267570458660e+01 0.000000000000000000e+00 0.000000000000000000e+00
2.140000000000000000e+02 8.892390613026269364e+01 0.000000000000000000e+00 0.000000000000000000e+00
2.150000000000000000e+02 8.958335818419539009e+01 0.000000000000000000e+00 0.000000000000000000e+00
2.160000000000000000e+02 8.920882875279039581e+01 1.000000000000000000e+00 0.000000000000000000e+00
2.170000000000000000e+02 9.083274425896736659e+01 0.000000000000000000e+00 0.000000000000000000e+00
2.180000000000000000e+02 9.096519830878129653e+01 1.000000000000000000e+00 0.000000000000000000e+00
2.190000000000000000e+02 9.116962404029882805e+01 1.000000000000000000e+00 0.000000000000000000e+00
2.200000000000000000e+02 9.112745216648090718e+01 1.000000000000000000e+00 0.000000000000000000e+00
2.210000000000000000e+02 9.152632639979091778e+01 0.000000000000000000e+00 0.000000000000000000e+00
2.220000000000000000e+02 9.238312211905278559e+01 1.000000000000000000e+00 0.000000000000000000e+00
2.230000000000000000e+02 9.310837402354117387e+01 0.000000000000000000e+00 0.000000000000000000e+00
2.240000000000000000e+02 9.282716053275888157e+01 1.000000000000000000e+00 0.000000000000000000e+00
2.250000000000000000e+02 9.421171788612895170e+01 0.000000000000000000e+00 0.000000000000000000e+00
2.260000000000000000e+02 9.498005170542418796e+01 0.000000000000000000e+00 0.000000000000000000e+00
2.270000000000000000e+02 9.460674463457679906e+01 1.000000000000000000e+00 0.000000000000000000e+00
2.280000000000000000e+02 9.550943639323843115e+01 0.000000000000000000e+00 0.000000000000000000e+00
2.290000000000000000e+02 9.697325622681179880e+01 0.000000000000000000e+00 0.000000000000000000e+00
2.300000000000000000e+02 9.814767269463047228e+01 0.000000000000000000e+00 0.000000000000000000e+00
2.310000000000000000e+02 9.830271593092373905e+01 1.000000000000000000e+00 0.000000000000000000e+00
2.320000000000000000e+02 9.845898233902167362e+01 0.000000000000000000e+00 0.000000000000000000e+00
2.330000000000000000e+02 9.811774876068628259e+01 2.000000000000000000e+00 0.000000000000000000e+00
2.340000000000000000e+02 9.864673292159521623e+01 0.000000000000000000e+00 0.000000000000000000e+00
2.350000000000000000e+02 9.936553692928912085e+01 0.000000000000000000e+00 0.000000000000000000e+00
2.360000000000000000e+02 1.008797115790827092e+02 0.000000000000000000e+00 0.000000000000000000e+00
2.370000000000000000e+02 1.022009281846823399e+02 0.000000000000000000e+00 0.000000000000000000e+00
2.380000000000000000e+02 1.018356184523409240e+02 0.000000000000000000e+00 0.000000000000000000e+00
2.390000000000000000e+02 1.022170554412166723e+02 1.000000000000000000e+00 0.000000000000000000e+00
2.400000000000000000e+02 1.021697199486702772e+02 2.000000000000000000e+00 0.000000000000000000e+00
2.410000000000000000e+02 1.010008664515580676e+02 2.000000000000000000e+00 0.000000000000000000e+00
2.420000000000000000e+02 9.954935502166061667e+01 2.000000000000000000e+00 0.000000000000000000e+00
2.430000000000000000e+02 1.012094130024105993e+02 0.000000000000000000e+00 0.000000000000000000e+00
2.440000000000000000e+02 1.015820107837302402e+02 1.000000000000000000e+00 0.000000000000000000e+00
2.450000000000000000e+02 1.024014648217132759e+02 0.000000000000000000e+00 0.000000000000000000e+00
2.460000000000000000e+02 1.032834952347641604e+02 0.000000000000000000e+00 0.000000000000000000e+00
2.470000000000000000e+02 1.047541865969230912e+02 0.000000000000000000e+00 0.000000000000000000e+00
2.480000000000000000e+02 1.044635410265387208e+02 0.000000000000000000e+00 0.000000000000000000e+00
2.490000000000000000e+02 1.063433860910504194e+02 0.000000000000000000e+00 0.000000000000000000e+00
2.500000000000000000e+02 1.066954128305553411e+02 1.000000000000000000e+00 0.000000000000000000e+00
2.510000000000000000e+02 1.073720789412123082e+02 0.000000000000000000e+00 0.000000000000000000e+00
2.520000000000000000e+02 1.082136663200419378e+02 0.000000000000000000e+00 0.000000000000000000e+00
2.530000000000000000e+02 1.092759048987062016e+02 0.000000000000000000e+00 0.000000000000000000e+00
2.540000000000000000e+02 1.095229251933543821e+02 0.000000000000000000e+00 0.000000000000000000e+00
2.550000000000000000e+02 1.110974690710082342e+02 0.000000000000000000e+00 0.000000000000000000e+00
2.560000000000000000e+02 1.132040167131114003e+02 0.000000000000000000e+00 0.000000000000000000e+00
2.570000000000000000e+02 1.127531793293304219e+02 0.000000000000000000e+00 0.000000000000000000e+00
2.580000000000000000e+02 1.120375110200251498e+02 2.000000000000000000e+00 0.000000000000000000e+00
2.590000000000000000e+02 1.131762370972775642e+02 0.000000000000000000e+00 0.000000000000000000e+00
2.600000000000000000e+02 1.148707851118831798e+02 0.000000000000000000e+00 0.000000000000000000e+00
2.610000000000000000e+02 1.141359365162068258e+02 1.000000000000000000e+00 0.000000000000000000e+00
2.620000000000000000e+02 1.124629930462273535e+02 2.000000000000000000e+00 0.000000000000000000e+00
2.630000000000000000e+02 1.138709683069488960e+02 0.000000000000000000e+00 0.000000000000000000e+00
2.640000000000000000e+02 1.153959482217943133e+02 0.000000000000000000e+00 0.000000000000000000e+00
2.650000000000000000e+02 1.153375407474216843e+02 0.000000000000000000e+00 0.000000000000000000e+00
2.660000000000000000e+02 1.151198969968725265e+02 1.000000000000000000e+00 0.000000000000000000e+00
2.670000000000000000e+02 1.164362390273561658e+02 0.000000000000000000e+00 0.000000000000000000e+00
2.680000000000000000e+02 1.160949497530533563e+02 2.000000000000000000e+00 0.000000000000000000e+00
2.690000000000000000e+02 1.171802535339970461e+02 0.000000000000000000e+00 0.000000000000000000e+00
2.700000000000000000e+02 1.177760035053230183e+02 0.000000000000000000e+00 0.000000000000000000e+00
2.710000000000000000e+02 1.187460024265003966e+02 0.000000000000000000e+00 0.000000000000000000e+00
2.720000000000000000e+02 1.174126427888398752e+02 2.000000000000000000e+00 0.000000000000000000e+00
2.730000000000000000e+02 1.175363310586604655e+02 1.000000000000000000e+00 0.000000000000000000e+00
2.740000000000000000e+02 1.163402100861061541e+02 2.000000000000000000e+00 0.000000000000000000e+00
2.750000000000000000e+02 1.176101038575336304e+02 0.000000000000000000e+00 0.000000000000000000e+00
2.760000000000000000e+02 1.169756723099250451e+02 1.000000000000000000e+00 0.000000000000000000e+00
2.770000000000000000e+02 1.179744678314405633e+02 0.000000000000000000e+00 0.000000000000000000e+00
2.780000000000000000e+02 1.196056436469995674e+02 0.000000000000000000e+00 0.000000000000000000e+00
2.790000000000000000e+02 1.200313494562077068e+02 1.000000000000000000e+00 0.000000000000000000e+00
2.800000000000000000e+02 1.197451031967017059e+02 0.000000000000000000e+00 0.000000000000000000e+00
2.810000000000000000e+02 1.206318831138163290e+02 2.000000000000000000e+00 0.000000000000000000e+00
2.820000000000000000e+02 1.188127692273859708e+02 2.000000000000000000e+00 0.000000000000000000e+00
2.830000000000000000e+02 1.177242870677094402e+02 2.000000000000000000e+00 0.000000000000000000e+00
2.840000000000000000e+02 1.195697642379794559e+02 0.000000000000000000e+00 0.000000000000000000e+00
2.850000000000000000e+02 1.202898146404825042e+02 0.000000000000000000e+00 0.000000000000000000e+00
2.860000000000000000e+02 1.205226024045313551e+02 1.000000000000000000e+00 0.000000000000000000e+00
2.870000000000000000e+02 1.179669986779755391e+02 2.000000000000000000e+00 0.000000000000000000e+00
2.880000000000000000e+02 1.195908173322448675e+02 0.000000000000000000e+00 0.000000000000000000e+00
2.890000000000000000e+02 1.191738395018235082e+02 2.000000000000000000e+00 0.000000000000000000e+00
2.900000000000000000e+02 1.193921576179422601e+02 1.000000000000000000e+00 0.000000000000000000e+00
2.910000000000000000e+02 1.198080713861592699e+02 0.000000000000000000e+00 0.000000000000000000e+00
2.920000000000000000e+02 1.185109407498730434e+02 2.000000000000000000e+00 0.000000000000000000e+00
2.930000000000000000e+02 1.209274525892546279e+02 0.000000000000000000e+00 0.000000000000000000e+00
2.940000000000000000e+02 1.210455584954689954e+02 0.000000000000000000e+00 0.000000000000000000e+00
2.950000000000000000e+02 1.210337997927684484e+02 1.000000000000000000e+00 0.000000000000000000e+00
2.960000000000000000e+02 1.223093792255455128e+02 0.000000000000000000e+00 0.000000000000000000e+00
2.970000000000000000e+02 1.240205662544911576e+02 0.000000000000000000e+00 0.000000000000000000e+00
2.980000000000000000e+02 1.241584588082821625e+02 0.000000000000000000e+00 0.000000000000000000e+00
2.990000000000000000e+02 1.232064140132173549e+02 2.000000000000000000e+00 0.000000000000000000e+00
3.000000000000000000e+02 1.232483051733692605e+02 0.000000000000000000e+00 0.000000000000000000e+00
3.010000000000000000e+02 1.252234029768470265e+02 0.000000000000000000e+00 0.000000000000000000e+00
3.020000000000000000e+02 1.258701170774620692e+02 0.000000000000000000e+00 0.000000000000000000e+00
3.030000000000000000e+02 1.263923051878650483e+02 1.000000000000000000e+00 0.000000000000000000e+00
3.040000000000000000e+02 1.251852620814128727e+02 2.000000000000000000e+00 0.000000000000000000e+00
3.050000000000000000e+02 1.258374620255030862e+02 0.000000000000000000e+00 0.000000000000000000e+00
3.060000000000000000e+02 1.270185844417733279e+02 0.000000000000000000e+00 0.000000000000000000e+00
3.070000000000000000e+02 1.285138689007103778e+02 0.000000000000000000e+00 0.000000000000000000e+00
3.080000000000000000e+02 1.288043472085460905e+02 0.000000000000000000e+00 0.000000000000000000e+00
3.090000000000000000e+02 1.280761454225912246e+02 2.000000000000000000e+00 0.000000000000000000e+00
3.100000000000000000e+02 1.279976545774281220e+02 1.000000000000000000e+00 0.000000000000000000e+00
3.110000000000000000e+02 1.288140674970586588e+02 0.000000000000000000e+00 0.000000000000000000e+00
3.120000000000000000e+02 1.302930158331103883e+02 0.000000000000000000e+00 0.000000000000000000e+00
3.130000000000000000e+02 1.285588857590648502e+02 2.000000000000000000e+00 0.000000000000000000e+00
3.140000000000000000e+02 1.285353503272922069e+02 2.000000000000000000e+00 0.000000000000000000e+00
3.150000000000000000e+02 1.286026346545089041e+02 0.000000000000000000e+00 0.000000000000000000e+00
3.160000000000000000e+02 1.297771988309160349e+02 0.000000000000000000e+00 0.000000000000000000e+00
3.170000000000000000e+02 1.314149967239014529e+02 0.000000000000000000e+00 0.000000000000000000e+00
3.180000000000000000e+02 1.319652795508838210e+02 0.000000000000000000e+00 0.000000000000000000e+00
3.190000000000000000e+02 1.322996210228884877e+02 1.000000000000000000e+00 0.000000000000000000e+00
3.200000000000000000e+02 1.320810085100534934e+02 1.000000000000000000e+00 0.000000000000000000e+00
3.210000000000000000e+02 1.328185457230785005e+02 0.000000000000000000e+00 0.000000000000000000e+00
3.220000000000000000e+02 1.344639330699906168e+02 0.000000000000000000e+00 0.000000000000000000e+00
3.230000000000000000e+02 1.345845711316238180e+02 0.000000000000000000e+00 0.000000000000000000e+00
3.240000000000000000e+02 1.367390292989988438e+02 0.000000000000000000e+00 0.000000000000000000e+00
3.250000000000000000e+02 1.374084528922203958e+02 0.000000000000000000e+00 0.000000000000000000e+00
3.260000000000000000e+02 1.355341847363726515e+02 2.000000000000000000e+00 0.000000000000000000e+00
3.270000000000000000e+02 1.364018028925464137e+02 0.000000000000000000e+00 0.000000000000000000e+00
3.280000000000000000e+02 1.360888339410543324e+02 2.000000000000000000e+00 0.000000000000000000e+00
3.290000000000000000e+02 1.374340565630831748e+02 0.000000000000000000e+00 0.000000000000000000e+00
3.300000000000000000e+02 1.390907874039776289e+02 0.000000000000000000e+00 0.000000000000000000e+00
3.310000000000000000e+02 1.388220953036230583e+02 0.000000000000000000e+00 0.000000000000000000e+00
3.320000000000000000e+02 1.396092083627989666e+02 0.000000000000000000e+00 0.000000000000000000e+00
3.330000000000000000e+02 1.399684230422369069e+02 1.000000000000000000e+00 0.000000000000000000e+00
3.340000000000000000e+02 1.415632093661226349e+02 0.000000000000000000e+00 0.000000000000000000e+00
3.350000000000000000e+02 1.401812568373239856e+02 2.000000000000000000e+00 0.000000000000000000e+00
3.360000000000000000e+02 1.413308568444231241e+02 0.000000000000000000e+00 0.000000000000000000e+00
3.370000000000000000e+02 1.425316497058661582e+02 0.000000000000000000e+00 0.000000000000000000e+00
3.380000000000000000e+02 1.415862071464909491e+02 2.000000000000000000e+00 0.000000000000000000e+00
3.390000000000000000e+02 1.416820069334708876e+02 0.000000000000000000e+00 0.000000000000000000e+00
3.400000000000000000e+02 1.415881533441349234e+02 1.000000000000000000e+00 0.000000000000000000e+00
3.410000000000000000e+02 1.414089960627299831e+02 1.000000000000000000e+00 0.000000000000000000e+00
3.420000000000000000e+02 1.430603465762935400e+02 0.000000000000000000e+00 0.000000000000000000e+00
3.430000000000000000e+02 1.434621947435176139e+02 0.000000000000000000e+00 0.000000000000000000e+00
3.440000000000000000e+02 1.439566484165536338e+02 0.000000000000000000e+00 0.000000000000000000e+00
3.450000000000000000e+02 1.463867640471542586e+02 0.000000000000000000e+00 0.000000000000000000e+00
3.460000000000000000e+02 1.450954002312180080e+02 2.000000000000000000e+00 0.000000000000000000e+00
3.470000000000000000e+02 1.447016225732895975e+02 2.000000000000000000e+00 0.000000000000000000e+00
3.480000000000000000e+02 1.445551916035859108e+02 0.000000000000000000e+00 0.000000000000000000e+00
3.490000000000000000e+02 1.440790934060524933e+02 2.000000000000000000e+00 0.000000000000000000e+00
3.500000000000000000e+02 1.449253153114442512e+02 0.000000000000000000e+00 0.000000000000000000e+00
3.510000000000000000e+02 1.432892509370500704e+02 2.000000000000000000e+00 0.000000000000000000e+00
3.520000000000000000e+02 1.449368673682145356e+02 0.000000000000000000e+00 0.000000000000000000e+00
3.530000000000000000e+02 1.440919366436812368e+02 2.000000000000000000e+00 0.000000000000000000e+00
3.540000000000000000e+02 1.436989621938471373e+02 1.000000000000000000e+00 0.000000000000000000e+00
3.550000000000000000e+02 1.438543095300277628e+02 1.000000000000000000e+00 0.000000000000000000e+00
3.560000000000000000e+02 1.449139217553885715e+02 0.000000000000000000e+00 0.000000000000000000e+00
3.570000000000000000e+02 1.441277158702133647e+02 2.000000000000000000e+00 0.000000000000000000e+00
3.580000000000000000e+02 1.423675564935547584e+02 2.000000000000000000e+00 0.000000000000000000e+00
3.590000000000000000e+02 1.427188418032547190e+02 1.000000000000000000e+00 0.000000000000000000e+00
3.600000000000000000e+02 1.444871892606432766e+02 0.000000000000000000e+00 0.000000000000000000e+00
3.610000000000000000e+02 1.417842365125693220e+02 2.000000000000000000e+00 0.000000000000000000e+00
3.620000000000000000e+02 1.415968488285020044e+02 2.000000000000000000e+00 0.000000000000000000e+00
3.630000000000000000e+02 1.410222694654389386e+02 2.000000000000000000e+00 0.000000000000000000e+00
3.640000000000000000e+02 1.429245844705568231e+02 0.000000000000000000e+00 0.000000000000000000e+00
3.650000000000000000e+02 1.429579680811588105e+02 0.000000000000000000e+00 0.000000000000000000e+00
3.660000000000000000e+02 1.443468164189561378e+02 0.000000000000000000e+00 0.000000000000000000e+00
3.670000000000000000e+02 1.448318992349141752e+02 0.000000000000000000e+00 0.000000000000000000e+00
3.680000000000000000e+02 1.454691744699986486e+02 0.000000000000000000e+00 0.000000000000000000e+00
3.690000000000000000e+02 1.447830049924960747e+02 2.000000000000000000e+00 0.000000000000000000e+00
3.700000000000000000e+02 1.454277449289739081e+02 0.000000000000000000e+00 0.000000000000000000e+00
3.710000000000000000e+02 1.457051966076673750e+02 1.000000000000000000e+00 0.000000000000000000e+00
3.720000000000000000e+02 1.469536805420392227e+02 0.000000000000000000e+00 0.000000000000000000e+00
3.730000000000000000e+02 1.477150538578717374e+02 0.000000000000000000e+00 0.000000000000000000e+00
3.740000000000000000e+02 1.496293286207254596e+02 0.000000000000000000e+00 0.000000000000000000e+00
3.750000000000000000e+02 1.477554483692310896e+02 2.000000000000000000e+00 0.000000000000000000e+00
3.760000000000000000e+02 1.475246334914480997e+02 1.000000000000000000e+00 0.000000000000000000e+00
3.770000000000000000e+02 1.483000326314210326e+02 1.000000000000000000e+00 0.000000000000000000e+00
3.780000000000000000e+02 1.480200182271647691e+02 1.000000000000000000e+00 0.000000000000000000e+00
3.790000000000000000e+02 1.487331461917372337e+02 0.000000000000000000e+00 0.000000000000000000e+00
3.800000000000000000e+02 1.496710132009792176e+02 0.000000000000000000e+00 0.000000000000000000e+00
3.810000000000000000e+02 1.501714564933257918e+02 0.000000000000000000e+00 0.000000000000000000e+00
3.820000000000000000e+02 1.495132208889214382e+02 2.000000000000000000e+00 0.000000000000000000e+00
3.830000000000000000e+02 1.511573276229961209e+02 0.000000000000000000e+00 0.000000000000000000e+00
3.840000000000000000e+02 1.518553832761550382e+02 0.000000000000000000e+00 0.000000000000000000e+00
3.850000000000000000e+02 1.525642293300936672e+02 0.000000000000000000e+00 0.000000000000000000e+00
3.860000000000000000e+02 1.541883558125751961e+02 0.000000000000000000e+00 0.000000000000000000e+00
3.870000000000000000e+02 1.557188630554234976e+02 0.000000000000000000e+00 0.000000000000000000e+00
3.880000000000000000e+02 1.563040693803806960e+02 0.000000000000000000e+00 0.000000000000000000e+00
3.890000000000000000e+02 1.575713411448518855e+02 0.000000000000000000e+00 0.000000000000000000e+00
3.900000000000000000e+02 1.580259272875807710e+02 0.000000000000000000e+00 0.000000000000000000e+00
3.910000000000000000e+02 1.591319521169841948e+02 0.000000000000000000e+00 0.000000000000000000e+00
3.920000000000000000e+02 1.611205378521109708e+02 0.000000000000000000e+00 0.000000000000000000e+00
3.930000000000000000e+02 1.591990503225313205e+02 1.000000000000000000e+00 0.000000000000000000e+00
3.940000000000000000e+02 1.611098674693328974e+02 0.000000000000000000e+00 0.000000000000000000e+00
3.950000000000000000e+02 1.619819683149991931e+02 0.000000000000000000e+00 0.000000000000000000e+00
3.960000000000000000e+02 1.632674380072893143e+02 0.000000000000000000e+00 0.000000000000000000e+00
3.970000000000000000e+02 1.638489790812334093e+02 0.000000000000000000e+00 0.000000000000000000e+00
3.980000000000000000e+02 1.644141098100197667e+02 1.000000000000000000e+00 0.000000000000000000e+00
3.990000000000000000e+02 1.647967064064347369e+02 0.000000000000000000e+00 0.000000000000000000e+00
4.000000000000000000e+02 1.661507171324218746e+02 0.000000000000000000e+00 0.000000000000000000e+00
4.010000000000000000e+02 1.671979529074217794e+02 0.000000000000000000e+00 0.000000000000000000e+00
4.020000000000000000e+02 1.668137246026863636e+02 0.000000000000000000e+00 0.000000000000000000e+00
4.030000000000000000e+02 1.683326947984349431e+02 0.000000000000000000e+00 0.000000000000000000e+00
4.040000000000000000e+02 1.678856994267808034e+02 1.000000000000000000e+00 0.000000000000000000e+00
4.050000000000000000e+02 1.692447031848843153e+02 1.000000000000000000e+00 0.000000000000000000e+00
4.060000000000000000e+02 1.702948904595587010e+02 0.000000000000000000e+00 0.000000000000000000e+00
4.070000000000000000e+02 1.692766881535514472e+02 1.000000000000000000e+00 0.000000000000000000e+00
4.080000000000000000e+02 1.697515185764501950e+02 1.000000000000000000e+00 0.000000000000000000e+00
4.090000000000000000e+02 1.710338040401483113e+02 0.000000000000000000e+00 0.000000000000000000e+00
4.100000000000000000e+02 1.709297325974303590e+02 1.000000000000000000e+00 0.000000000000000000e+00
4.110000000000000000e+02 1.720767957384651368e+02 0.000000000000000000e+00 0.000000000000000000e+00
4.120000000000000000e+02 1.734051647287979847e+02 0.000000000000000000e+00 0.000000000000000000e+00
4.130000000000000000e+02 1.739811201559695633e+02 0.000000000000000000e+00 0.000000000000000000e+00
4.140000000000000000e+02 1.740444213415002253e+02 1.000000000000000000e+00 0.000000000000000000e+00
4.150000000000000000e+02 1.741837807633746138e+02 0.000000000000000000e+00 0.000000000000000000e+00
4.160000000000000000e+02 1.765815309437541885e+02 0.000000000000000000e+00 0.000000000000000000e+00
4.170000000000000000e+02 1.742721463984067327e+02 2.000000000000000000e+00 0.000000000000000000e+00
4.180000000000000000e+02 1.771136677727181734e+02 0.000000000000000000e+00 0.000000000000000000e+00
4.190000000000000000e+02 1.757830852185471144e+02 1.000000000000000000e+00 0.000000000000000000e+00
4.200000000000000000e+02 1.757087086094598760e+02 2.000000000000000000e+00 0.000000000000000000e+00
4.210000000000000000e+02 1.760268293802286621e+02 0.000000000000000000e+00 0.000000000000000000e+00
4.220000000000000000e+02 1.765884080458586141e+02 0.000000000000000000e+00 0.000000000000000000e+00
4.230000000000000000e+02 1.759139862539835519e+02 2.000000000000000000e+00 0.000000000000000000e+00
4.240000000000000000e+02 1.769910264357368135e+02 0.000000000000000000e+00 0.000000000000000000e+00
4.250000000000000000e+02 1.772384990235120767e+02 1.000000000000000000e+00 0.000000000000000000e+00
4.260000000000000000e+02 1.762319330999205818e+02 2.000000000000000000e+00 0.000000000000000000e+00
4.270000000000000000e+02 1.757734955718365200e+02 0.000000000000000000e+00 0.000000000000000000e+00
4.280000000000000000e+02 1.764658562766681484e+02 2.000000000000000000e+00 0.000000000000000000e+00
4.290000000000000000e+02 1.760357773032456237e+02 0.000000000000000000e+00 0.000000000000000000e+00
4.300000000000000000e+02 1.768574313534416831e+02 1.000000000000000000e+00 0.000000000000000000e+00
4.310000000000000000e+02 1.763421483468893314e+02 2.000000000000000000e+00 0.000000000000000000e+00
4.320000000000000000e+02 1.771562698945321301e+02 1.000000000000000000e+00 0.000000000000000000e+00
4.330000000000000000e+02 1.745130221396678110e+02 2.000000000000000000e+00 0.000000000000000000e+00
4.340000000000000000e+02 1.759820642221887681e+02 0.000000000000000000e+00 0.000000000000000000e+00
4.350000000000000000e+02 1.771098950683429791e+02 0.000000000000000000e+00 0.000000000000000000e+00
4.360000000000000000e+02 1.754426976363458550e+02 2.000000000000000000e+00 0.000000000000000000e+00
4.370000000000000000e+02 1.764623936532719881e+02 0.000000000000000000e+00 0.000000000000000000e+00
4.380000000000000000e+02 1.786391932021454636e+02 0.000000000000000000e+00 0.000000000000000000e+00
4.390000000000000000e+02 1.795086864832798312e+02 0.000000000000000000e+00 0.000000000000000000e+00
4.400000000000000000e+02 1.807799500017162586e+02 0.000000000000000000e+00 0.000000000000000000e+00
4.410000000000000000e+02 1.797074292067334795e+02 1.000000000000000000e+00 0.000000000000000000e+00
4.420000000000000000e+02 1.798845320716675360e+02 1.000000000000000000e+00 0.000000000000000000e+00
4.430000000000000000e+02 1.809902198219724312e+02 0.000000000000000000e+00 0.000000000000000000e+00
4.440000000000000000e+02 1.814770037662061668e+02 1.000000000000000000e+00 0.000000000000000000e+00
4.450000000000000000e+02 1.818684011779221521e+02 0.000000000000000000e+00 0.000000000000000000e+00
4.460000000000000000e+02 1.816950546042561996e+02 1.000000000000000000e+00 0.000000000000000000e+00
4.470000000000000000e+02 1.830191602838916936e+02 0.000000000000000000e+00 0.000000000000000000e+00
4.480000000000000000e+02 1.817955426690488423e+02 2.000000000000000000e+00 0.000000000000000000e+00
4.490000000000000000e+02 1.828235937433781260e+02 0.000000000000000000e+00 0.000000000000000000e+00
4.500000000000000000e+02 1.818723520524146977e+02 2.000000000000000000e+00 0.000000000000000000e+00
4.510000000000000000e+02 1.808596676766324265e+02 2.000000000000000000e+00 0.000000000000000000e+00
4.520000000000000000e+02 1.809951332591994912e+02 1.000000000000000000e+00 0.000000000000000000e+00
4.530000000000000000e+02 1.797290035180287759e+02 2.000000000000000000e+00 0.000000000000000000e+00
4.540000000000000000e+02 1.822141481387764657e+02 0.000000000000000000e+00 0.000000000000000000e+00
4.550000000000000000e+02 1.809018093067273583e+02 1.000000000000000000e+00 0.000000000000000000e+00
4.560000000000000000e+02 1.825702277442871946e+02 0.000000000000000000e+00 0.000000000000000000e+00
4.570000000000000000e+02 1.833339221080811683e+02 0.000000000000000000e+00 0.000000000000000000e+00
4.580000000000000000e+02 1.837488873677808101e+02 0.000000000000000000e+00 0.000000000000000000e+00
4.590000000000000000e+02 1.845289336748714391e+02 0.000000000000000000e+00 0.000000000000000000e+00
4.600000000000000000e+02 1.858185860948489960e+02 1.000000000000000000e+00 0.000000000000000000e+00
4.610000000000000000e+02 1.859759707195691476e+02 0.000000000000000000e+00 0.000000000000000000e+00
4.620000000000000000e+02 1.861792318829695887e+02 1.000000000000000000e+00 0.000000000000000000e+00
4.630000000000000000e+02 1.868336594191124505e+02 0.000000000000000000e+00 0.000000000000000000e+00
4.640000000000000000e+02 1.886595891547113411e+02 0.000000000000000000e+00 0.000000000000000000e+00
4.650000000000000000e+02 1.891599915692319769e+02 0.000000000000000000e+00 0.000000000000000000e+00
4.660000000000000000e+02 1.888344828864814247e+02 1.000000000000000000e+00 0.000000000000000000e+00
4.670000000000000000e+02 1.899862326724232275e+02 0.000000000000000000e+00 0.000000000000000000e+00
4.680000000000000000e+02 1.905585242219402176e+02 0.000000000000000000e+00 0.000000000000000000e+00
4.690000000000000000e+02 1.920498336419602197e+02 0.000000000000000000e+00 0.000000000000000000e+00
4.700000000000000000e+02 1.929093730268347997e+02 0.000000000000000000e+00 0.000000000000000000e+00
4.710000000000000000e+02 1.936633444949135026e+02 0.000000000000000000e+00 0.000000000000000000e+00
4.720000000000000000e+02 1.954416718484173714e+02 0.000000000000000000e+00 0.000000000000000000e+00
4.730000000000000000e+02 1.953790448518636822e+02 0.000000000000000000e+00 0.000000000000000000e+00
4.740000000000000000e+02 1.952294493843440932e+02 2.000000000000000000e+00 0.000000000000000000e+00
4.750000000000000000e+02 1.964578593195997485e+02 0.000000000000000000e+00 0.000000000000000000e+00
4.760000000000000000e+02 1.973231023940286946e+02 0.000000000000000000e+00 0.000000000000000000e+00
4.770000000000000000e+02 1.956224550672230578e+02 2.000000000000000000e+00 0.000000000000000000e+00
4.780000000000000000e+02 1.971319057173693068e+02 0.000000000000000000e+00 0.000000000000000000e+00
4.790000000000000000e+02 1.955927705621970745e+02 2.000000000000000000e+00 0.000000000000000000e+00
4.800000000000000000e+02 1.951665657357110035e+02 2.000000000000000000e+00 0.000000000000000000e+00
4.810000000000000000e+02 1.938948281181218363e+02 2.000000000000000000e+00 0.000000000000000000e+00
4.820000000000000000e+02 1.945148926251892760e+02 0.000000000000000000e+00 0.000000000000000000e+00
4.830000000000000000e+02 1.959010265460113374e+02 0.000000000000000000e+00 0.000000000000000000e+00
4.840000000000000000e+02 1.966535255818342876e+02 0.000000000000000000e+00 0.000000000000000000e+00
4.850000000000000000e+02 1.988452573371116046e+02 0.000000000000000000e+00 0.000000000000000000e+00
4.860000000000000000e+02 1.991163181428555902e+02 0.000000000000000000e+00 0.000000000000000000e+00
4.870000000000000000e+02 1.990974742692177131e+02 1.000000000000000000e+00 0.000000000000000000e+00
4.880000000000000000e+02 2.001780161894221237e+02 0.000000000000000000e+00 0.000000000000000000e+00
4.890000000000000000e+02 1.995110409396411910e+02 2.000000000000000000e+00 0.000000000000000000e+00
4.900000000000000000e+02 2.000948783268456737e+02 0.000000000000000000e+00 0.000000000000000000e+00
4.910000000000000000e+02 2.003642467187711418e+02 0.000000000000000000e+00 0.000000000000000000e+00
4.920000000000000000e+02 2.019033124126617338e+02 0.000000000000000000e+00 0.000000000000000000e+00
4.930000000000000000e+02 2.027268413420576110e+02 1.000000000000000000e+00 0.000000000000000000e+00
4.940000000000000000e+02 2.033676998755219643e+02 0.000000000000000000e+00 0.000000000000000000e+00
4.950000000000000000e+02 2.019825169644300331e+02 2.000000000000000000e+00 0.000000000000000000e+00
4.960000000000000000e+02 2.027058620967056299e+02 1.000000000000000000e+00 0.000000000000000000e+00
4.970000000000000000e+02 2.028602449003772392e+02 0.000000000000000000e+00 0.000000000000000000e+00
4.980000000000000000e+02 2.040416976317798685e+02 0.000000000000000000e+00 0.000000000000000000e+00
4.990000000000000000e+02 2.046635668226675477e+02 0.000000000000000000e+00 0.000000000000000000e+00
5.000000000000000000e+02 2.057028008959364627e+02 0.000000000000000000e+00 0.000000000000000000e+00
5.010000000000000000e+02 2.061183965254889188e+02 1.000000000000000000e+00 0.000000000000000000e+00
5.020000000000000000e+02 2.067886431252065336e+02 0.000000000000000000e+00 0.000000000000000000e+00
5.030000000000000000e+02 2.055189490237117980e+02 2.000000000000000000e+00 0.000000000000000000e+00
5.040000000000000000e+02 2.059475477044100558e+02 1.000000000000000000e+00 0.000000000000000000e+00
5.050000000000000000e+02 2.055224034398294464e+02 2.000000000000000000e+00 0.000000000000000000e+00
5.060000000000000000e+02 2.050294016839635560e+02 0.000000000000000000e+00 0.000000000000000000e+00
5.070000000000000000e+02 2.057089238849367803e+02 2.000000000000000000e+00 0.000000000000000000e+00
5.080000000000000000e+02 2.055168371337162512e+02 0.000000000000000000e+00 0.000000000000000000e+00
5.090000000000000000e+02 2.076721579950092291e+02 0.000000000000000000e+00 0.000000000000000000e+00
5.100000000000000000e+02 2.069299361553513847e+02 0.000000000000000000e+00 0.000000000000000000e+00
5.110000000000000000e+02 2.080130670467229947e+02 1.000000000000000000e+00 0.000000000000000000e+00
5.120000000000000000e+02 2.084732207043024346e+02 0.000000000000000000e+00 0.000000000000000000e+00
5.130000000000000000e+02 2.103420788360925258e+02 0.000000000000000000e+00 0.000000000000000000e+00
5.140000000000000000e+02 2.114698764673542826e+02 0.000000000000000000e+00 0.000000000000000000e+00
5.150000000000000000e+02 2.108500121873698276e+02 0.000000000000000000e+00 0.000000000000000000e+00
5.160000000000000000e+02 2.112260137846199086e+02 2.000000000000000000e+00 0.000000000000000000e+00
5.170000000000000000e+02 2.115249006263312879e+02 0.000000000000000000e+00 0.000000000000000000e+00
5.180000000000000000e+02 2.123846794892363334e+02 1.000000000000000000e+00 0.000000000000000000e+00
5.190000000000000000e+02 2.112369734824978593e+02 2.000000000000000000e+00 0.000000000000000000e+00
5.200000000000000000e+02 2.102920644177186489e+02 2.000000000000000000e+00 0.000000000000000000e+00
5.210000000000000000e+02 2.105194549930660628e+02 1.000000000000000000e+00 0.000000000000000000e+00
5.220000000000000000e+02 2.115991283109109986e+02 0.000000000000000000e+00 0.000000000000000000e+00
5.230000000000000000e+02 2.106968101729002285e+02 1.000000000000000000e+00 0.000000000000000000e+00
5.240000000000000000e+02 2.116377862133835208e+02 0.000000000000000000e+00 0.000000000000000000e+00
5.250000000000000000e+02 2.115658010380733458e+02 1.000000000000000000e+00 0.000000000000000000e+00
5.260000000000000000e+02 2.111683228573037638e+02 2.000000000000000000e+00 0.000000000000000000e+00
5.270000000000000000e+02 2.116445159971580665e+02 0.000000000000000000e+00 0.000000000000000000e+00
5.280000000000000000e+02 2.131709987048079995e+02 0.000000000000000000e+00 0.000000000000000000e+00
5.290000000000000000e+02 2.148933693802202640e+02 0.000000000000000000e+00 0.000000000000000000e+00
5.300000000000000000e+02 2.148912307324468145e+02 0.000000000000000000e+00 0.000000000000000000e+00
5.310000000000000000e+02 2.142274427595621091e+02 2.000000000000000000e+00 0.000000000000000000e+00
5.320000000000000000e+02 2.144213450459020294e+02 1.000000000000000000e+00 0.000000000000000000e+00
5.330000000000000000e+02 2.137447643660478604e+02 0.000000000000000000e+00 0.000000000000000000e+00
5.340000000000000000e+02 2.161676067632023432e+02 0.000000000000000000e+00 0.000000000000000000e+00
5.350000000000000000e+02 2.159867155357047750e+02 1.000000000000000000e+00 0.000000000000000000e+00
5.360000000000000000e+02 2.168001592826858825e+02 0.000000000000000000e+00 0.000000000000000000e+00
5.370000000000000000e+02 2.172658949260816996e+02 1.000000000000000000e+00 0.000000000000000000e+00
5.380000000000000000e+02 2.180803375000435551e+02 0.000000000000000000e+00 0.000000000000000000e+00
5.390000000000000000e+02 2.184121352417905655e+02 0.000000000000000000e+00 0.000000000000000000e+00
5.400000000000000000e+02 2.184019479625044653e+02 1.000000000000000000e+00 0.000000000000000000e+00
5.410000000000000000e+02 2.205495107652978106e+02 0.000000000000000000e+00 0.000000000000000000e+00
5.420000000000000000e+02 2.206298218057655731e+02 0.000000000000000000e+00 0.000000000000000000e+00
5.430000000000000000e+02 2.182082649276550512e+02 2.000000000000000000e+00 0.000000000000000000e+00
5.440000000000000000e+02 2.208499194802412831e+02 0.000000000000000000e+00 0.000000000000000000e+00
5.450000000000000000e+02 2.217568334442580920e+02 0.000000000000000000e+00 0.000000000000000000e+00
5.460000000000000000e+02 2.229267438201549680e+02 0.000000000000000000e+00 0.000000000000000000e+00
5.470000000000000000e+02 2.233748462332422093e+02 0.000000000000000000e+00 0.000000000000000000e+00
5.480000000000000000e+02 2.231825975179137913e+02 1.000000000000000000e+00 0.000000000000000000e+00
5.490000000000000000e+02 2.250835108776206823e+02 0.000000000000000000e+00 0.000000000000000000e+00
5.500000000000000000e+02 2.258306164215606771e+02 0.000000000000000000e+00 0.000000000000000000e+00
5.510000000000000000e+02 2.257069153300620599e+02 2.000000000000000000e+00 0.000000000000000000e+00
5.520000000000000000e+02 2.255659241334818716e+02 0.000000000000000000e+00 0.000000000000000000e+00
5.530000000000000000e+02 2.242228772788336641e+02 2.000000000000000000e+00 0.000000000000000000e+00
5.540000000000000000e+02 2.252225324813079226e+02 0.000000000000000000e+00 0.000000000000000000e+00
5.550000000000000000e+02 2.269623396569871545e+02 1.000000000000000000e+00 0.000000000000000000e+00
5.560000000000000000e+02 2.248680295309830512e+02 2.000000000000000000e+00 0.000000000000000000e+00
5.570000000000000000e+02 2.255913201028069750e+02 0.000000000000000000e+00 0.000000000000000000e+00
5.580000000000000000e+02 2.277059440704554163e+02 0.000000000000000000e+00 0.000000000000000000e+00
5.590000000000000000e+02 2.266250916288086046e+02 2.000000000000000000e+00 0.000000000000000000e+00
5.600000000000000000e+02 2.270210898101049679e+02 0.000000000000000000e+00 0.000000000000000000e+00
5.610000000000000000e+02 2.264197278666662783e+02 2.000000000000000000e+00 0.000000000000000000e+00
5.620000000000000000e+02 2.272189234551194374e+02 0.000000000000000000e+00 0.000000000000000000e+00
5.630000000000000000e+02 2.279372622042023693e+02 0.000000000000000000e+00 0.000000000000000000e+00
5.640000000000000000e+02 2.267979554815001393e+02 2.000000000000000000e+00 0.000000000000000000e+00
5.650000000000000000e+02 2.254379216297145376e+02 2.000000000000000000e+00 0.000000000000000000e+00
5.660000000000000000e+02 2.269124476881612225e+02 0.000000000000000000e+00 0.000000000000000000e+00
5.670000000000000000e+02 2.271559149066393957e+02 0.000000000000000000e+00 0.000000000000000000e+00
5.680000000000000000e+02 2.282714417988939601e+02 1.000000000000000000e+00 0.000000000000000000e+00
5.690000000000000000e+02 2.288331469502262223e+02 0.000000000000000000e+00 0.000000000000000000e+00
5.700000000000000000e+02 2.302077361401322833e+02 0.000000000000000000e+00 0.000000000000000000e+00
5.710000000000000000e+02 2.314032836005185914e+02 0.000000000000000000e+00 0.000000000000000000e+00
5.720000000000000000e+02 2.319419170285216865e+02 1.000000000000000000e+00 0.000000000000000000e+00
5.730000000000000000e+02 2.318508407224503856e+02 0.000000000000000000e+00 0.000000000000000000e+00
5.740000000000000000e+02 2.331151157765266078e+02 0.000000000000000000e+00 0.000000000000000000e+00
5.750000000000000000e+02 2.331352257872213727e+02 0.000000000000000000e+00 0.000000000000000000e+00
5.760000000000000000e+02 2.337597935697585854e+02 2.000000000000000000e+00 0.000000000000000000e+00
5.770000000000000000e+02 2.338041919111705340e+02 0.000000000000000000e+00 0.000000000000000000e+00
5.780000000000000000e+02 2.350498226591598439e+02 0.000000000000000000e+00 0.000000000000000000e+00
5.790000000000000000e+02 2.363536996208624430e+02 0.000000000000000000e+00 0.000000000000000000e+00
5.800000000000000000e+02 2.361517097462655670e+02 1.000000000000000000e+00 0.000000000000000000e+00
5.810000000000000000e+02 2.368185643888567427e+02 0.000000000000000000e+00 0.000000000000000000e+00
5.820000000000000000e+02 2.366921567448901271e+02 2.000000000000000000e+00 0.000000000000000000e+00
5.830000000000000000e+02 2.357543985717133239e+02 0.000000000000000000e+00 0.000000000000000000e+00
5.840000000000000000e+02 2.384736829526014787e+02 0.000000000000000000e+00 0.000000000000000000e+00
5.850000000000000000e+02 2.379631245726404813e+02 1.000000000000000000e+00 0.000000000000000000e+00
5.860000000000000000e+02 2.392514024353368995e+02 0.000000000000000000e+00 0.000000000000000000e+00
5.870000000000000000e+02 2.389975131228929968e+02 1.000000000000000000e+00 0.000000000000000000e+00
5.880000000000000000e+02 2.406652018852372237e+02 0.000000000000000000e+00 0.000000000000000000e+00
5.890000000000000000e+02 2.408237488784245102e+02 0.000000000000000000e+00 0.000000000000000000e+00
5.900000000000000000e+02 2.407270030799983829e+02 1.000000000000000000e+00 0.000000000000000000e+00
5.910000000000000000e+02 2.422053586576904252e+02 0.000000000000000000e+00 0.000000000000000000e+00
5.920000000000000000e+02 2.431029921700088892e+02 1.000000000000000000e+00 0.000000000000000000e+00
5.930000000000000000e+02 2.429635251150575357e+02 0.000000000000000000e+00 0.000000000000000000e+00
5.940000000000000000e+02 2.424449370112995155e+02 1.000000000000000000e+00 0.000000000000000000e+00
5.950000000000000000e+02 2.436766375075277153e+02 0.000000000000000000e+00 0.000000000000000000e+00
5.960000000000000000e+02 2.439601780847017949e+02 1.000000000000000000e+00 0.000000000000000000e+00
5.970000000000000000e+02 2.450310971041411960e+02 0.000000000000000000e+00 0.000000000000000000e+00
5.980000000000000000e+02 2.448852200578245686e+02 2.000000000000000000e+00 0.000000000000000000e+00
5.990000000000000000e+02 2.439419472566800096e+02 1.000000000000000000e+00 0.000000000000000000e+00
6.000000000000000000e+02 2.442072695599494523e+02 1.000000000000000000e+00 0.000000000000000000e+00
6.010000000000000000e+02 2.446075544892036362e+02 0.000000000000000000e+00 0.000000000000000000e+00
6.020000000000000000e+02 2.439503834610948729e+02 2.000000000000000000e+00 0.000000000000000000e+00
6.030000000000000000e+02 2.447354189996946161e+02 1.000000000000000000e+00 0.000000000000000000e+00
6.040000000000000000e+02 2.436997962015169037e+02 1.000000000000000000e+00 0.000000000000000000e+00
6.050000000000000000e+02 2.452284942360979585e+02 0.000000000000000000e+00 0.000000000000000000e+00
6.060000000000000000e+02 2.462178730372513655e+02 0.000000000000000000e+00 0.000000000000000000e+00
6.070000000000000000e+02 2.470354318087473757e+02 0.000000000000000000e+00 0.000000000000000000e+00
6.080000000000000000e+02 2.473617631320789485e+02 1.000000000000000000e+00 0.000000000000000000e+00
6.090000000000000000e+02 2.462985665307402599e+02 2.000000000000000000e+00 0.000000000000000000e+00
6.100000000000000000e+02 2.449842382206531965e+02 2.000000000000000000e+00 0.000000000000000000e+00
6.110000000000000000e+02 2.463449678539734293e+02 0.000000000000000000e+00 0.000000000000000000e+00
6.120000000000000000e+02 2.472528289563833823e+02 0.000000000000000000e+00 0.000000000000000000e+00
6.130000000000000000e+02 2.482526354802482729e+02 0.000000000000000000e+00 0.000000000000000000e+00
6.140000000000000000e+02 2.483529337995989295e+02 1.000000000000000000e+00 0.000000000000000000e+00
6.150000000000000000e+02 2.461773991043708634e+02 2.000000000000000000e+00 0.000000000000000000e+00
6.160000000000000000e+02 2.465432201158875216e+02 2.000000000000000000e+00 0.000000000000000000e+00
6.170000000000000000e+02 2.460685293329453316e+02 0.000000000000000000e+00 0.000000000000000000e+00
6.180000000000000000e+02 2.465999201481086800e+02 1.000000000000000000e+00 0.000000000000000000e+00
6.190000000000000000e+02 2.460532641758101988e+02 2.000000000000000000e+00 0.000000000000000000e+00
6.200000000000000000e+02 2.478579864409799995e+02 0.000000000000000000e+00 0.000000000000000000e+00
6.210000000000000000e+02 2.473188172797456446e+02 0.000000000000000000e+00 0.000000000000000000e+00
6.220000000000000000e+02 2.484035398681616016e+02 1.000000000000000000e+00 0.000000000000000000e+00
6.230000000000000000e+02 2.489451612061727701e+02 0.000000000000000000e+00 0.000000000000000000e+00
6.240000000000000000e+02 2.472607860853734394e+02 2.000000000000000000e+00 0.000000000000000000e+00
6.250000000000000000e+02 2.464659878831770072e+02 2.000000000000000000e+00 0.000000000000000000e+00
6.260000000000000000e+02 2.463147699262857770e+02 2.000000000000000000e+00 0.000000000000000000e+00
6.270000000000000000e+02 2.453558452452931249e+02 2.000000000000000000e+00 0.000000000000000000e+00
6.280000000000000000e+02 2.433377828803109253e+02 2.000000000000000000e+00 0.000000000000000000e+00
6.290000000000000000e+02 2.448780993148637606e+02 0.000000000000000000e+00 0.000000000000000000e+00
6.300000000000000000e+02 2.465713082745326972e+02 0.000000000000000000e+00 0.000000000000000000e+00
6.310000000000000000e+02 2.451070592263765207e+02 2.000000000000000000e+00 0.000000000000000000e+00
6.320000000000000000e+02 2.458401654184147844e+02 0.000000000000000000e+00 0.000000000000000000e+00
6.330000000000000000e+02 2.445757168644794319e+02 2.000000000000000000e+00 0.000000000000000000e+00
6.340000000000000000e+02 2.465943368930891779e+02 0.000000000000000000e+00 0.000000000000000000e+00
6.350000000000000000e+02 2.474595391125721733e+02 0.000000000000000000e+00 0.000000000000000000e+00
6.360000000000000000e+02 2.483554169996389760e+02 0.000000000000000000e+00 0.000000000000000000e+00
6.370000000000000000e+02 2.476700830570624987e+02 1.000000000000000000e+00 0.000000000000000000e+00
6.380000000000000000e+02 2.490114785038172442e+02 0.000000000000000000e+00 0.000000000000000000e+00
6.390000000000000000e+02 2.505078498950044832e+02 0.000000000000000000e+00 0.000000000000000000e+00
6.400000000000000000e+02 2.509587956250871912e+02 0.000000000000000000e+00 0.000000000000000000e+00
6.410000000000000000e+02 2.514528901907155785e+02 0.000000000000000000e+00 0.000000000000000000e+00
6.420000000000000000e+02 2.527925880322317482e+02 0.000000000000000000e+00 0.000000000000000000e+00
6.430000000000000000e+02 2.522006336015808188e+02 1.000000000000000000e+00 0.000000000000000000e+00
6.440000000000000000e+02 2.521575387482548649e+02 2.000000000000000000e+00 0.000000000000000000e+00
6.450000000000000000e+02 2.532725487439414280e+02 0.000000000000000000e+00 0.000000000000000000e+00
6.460000000000000000e+02 2.543857394444391673e+02 0.000000000000000000e+00 0.000000000000000000e+00
6.470000000000000000e+02 2.549197618273905732e+02 0.000000000000000000e+00 0.000000000000000000e+00
6.480000000000000000e+02 2.540803697008477968e+02 2.000000000000000000e+00 0.000000000000000000e+00
6.490000000000000000e+02 2.526092297447312944e+02 2.000000000000000000e+00 0.000000000000000000e+00
6.500000000000000000e+02 2.535318338321388580e+02 0.000000000000000000e+00 0.000000000000000000e+00
6.510000000000000000e+02 2.523758384525200995e+02 2.000000000000000000e+00 0.000000000000000000e+00
6.520000000000000000e+02 2.526303005691485737e+02 1.000000000000000000e+00 0.000000000000000000e+00
6.530000000000000000e+02 2.537136159693412480e+02 0.000000000000000000e+00 0.000000000000000000e+00
6.540000000000000000e+02 2.543282762836992106e+02 0.000000000000000000e+00 0.000000000000000000e+00
6.550000000000000000e+02 2.552226010267317804e+02 1.000000000000000000e+00 0.000000000000000000e+00
6.560000000000000000e+02 2.554126987546529790e+02 1.000000000000000000e+00 0.000000000000000000e+00
6.570000000000000000e+02 2.569561096472226609e+02 0.000000000000000000e+00 0.000000000000000000e+00
6.580000000000000000e+02 2.564051496351185051e+02 1.000000000000000000e+00 0.000000000000000000e+00
6.590000000000000000e+02 2.570457085201006180e+02 0.000000000000000000e+00 0.000000000000000000e+00
6.600000000000000000e+02 2.573037012976766960e+02 1.000000000000000000e+00 0.000000000000000000e+00
6.610000000000000000e+02 2.570198149356511408e+02 0.000000000000000000e+00 0.000000000000000000e+00
6.620000000000000000e+02 2.580135699425983944e+02 1.000000000000000000e+00 0.000000000000000000e+00
6.630000000000000000e+02 2.590123994777806615e+02 0.000000000000000000e+00 0.000000000000000000e+00
6.640000000000000000e+02 2.600355182186023626e+02 0.000000000000000000e+00 0.000000000000000000e+00
6.650000000000000000e+02 2.604935837492326982e+02 0.000000000000000000e+00 0.000000000000000000e+00
6.660000000000000000e+02 2.625939103304039008e+02 0.000000000000000000e+00 0.000000000000000000e+00
6.670000000000000000e+02 2.632097359236606167e+02 0.000000000000000000e+00 0.000000000000000000e+00
6.680000000000000000e+02 2.647302946094325762e+02 0.000000000000000000e+00 0.000000000000000000e+00
6.690000000000000000e+02 2.645190435559655953e+02 1.000000000000000000e+00 0.000000000000000000e+00
6.700000000000000000e+02 2.647902647092403754e+02 0.000000000000000000e+00 0.000000000000000000e+00
6.710000000000000000e+02 2.651089821506440103e+02 0.000000000000000000e+00 0.000000000000000000e+00
6.720000000000000000e+02 2.683409142810311323e+02 0.000000000000000000e+00 0.000000000000000000e+00
6.730000000000000000e+02 2.654887076241736281e+02 2.000000000000000000e+00 0.000000000000000000e+00
6.740000000000000000e+02 2.644661179768527290e+02 2.000000000000000000e+00 0.000000000000000000e+00
6.750000000000000000e+02 2.654766327828350541e+02 0.000000000000000000e+00 0.000000000000000000e+00
6.760000000000000000e+02 2.659407126921751114e+02 1.000000000000000000e+00 0.000000000000000000e+00
6.770000000000000000e+02 2.665969581337815271e+02 1.000000000000000000e+00 0.000000000000000000e+00
6.780000000000000000e+02 2.668115487440906577e+02 0.000000000000000000e+00 0.000000000000000000e+00
6.790000000000000000e+02 2.672540926630165359e+02 0.000000000000000000e+00 0.000000000000000000e+00
6.800000000000000000e+02 2.664506341188173337e+02 2.000000000000000000e+00 0.000000000000000000e+00
6.810000000000000000e+02 2.679339097682817510e+02 0.000000000000000000e+00 0.000000000000000000e+00
6.820000000000000000e+02 2.674872946245156413e+02 1.000000000000000000e+00 0.000000000000000000e+00
6.830000000000000000e+02 2.665395260936378463e+02 2.000000000000000000e+00 0.000000000000000000e+00
6.840000000000000000e+02 2.682162936849371135e+02 0.000000000000000000e+00 0.000000000000000000e+00
6.850000000000000000e+02 2.694653122769252604e+02 0.000000000000000000e+00 0.000000000000000000e+00
6.860000000000000000e+02 2.701517742946885505e+02 0.000000000000000000e+00 0.000000000000000000e+00
6.870000000000000000e+02 2.695231421642500891e+02 1.000000000000000000e+00 0.000000000000000000e+00
6.880000000000000000e+02 2.712909304780653770e+02 0.000000000000000000e+00 0.000000000000000000e+00
6.890000000000000000e+02 2.723091403244372941e+02 0.000000000000000000e+00 0.000000000000000000e+00
6.900000000000000000e+02 2.714940128506705719e+02 2.000000000000000000e+00 0.000000000000000000e+00
6.910000000000000000e+02 2.719757319255125481e+02 0.000000000000000000e+00 0.000000000000000000e+00
6.920000000000000000e+02 2.712220903756701205e+02 2.000000000000000000e+00 0.000000000000000000e+00
6.930000000000000000e+02 2.716409994487370341e+02 1.000000000000000000e+00 0.000000000000000000e+00
6.940000000000000000e+02 2.717322234625042370e+02 0.000000000000000000e+00 0.000000000000000000e+00
6.950000000000000000e+02 2.733753364016193359e+02 0.000000000000000000e+00 0.000000000000000000e+00
6.960000000000000000e+02 2.737488422602868923e+02 0.000000000000000000e+00 0.000000000000000000e+00
6.970000000000000000e+02 2.750566462253674445e+02 0.000000000000000000e+00 0.000000000000000000e+00
6.980000000000000000e+02 2.733960110408965534e+02 2.000000000000000000e+00 0.000000000000000000e+00
6.990000000000000000e+02 2.732347284996105827e+02 2.000000000000000000e+00 0.000000000000000000e+00
7.000000000000000000e+02 2.737690572603685268e+02 0.000000000000000000e+00 0.000000000000000000e+00
7.010000000000000000e+02 2.755679772353742010e+02 0.000000000000000000e+00 0.000000000000000000e+00
7.020000000000000000e+02 2.759370204117331582e+02 0.000000000000000000e+00 0.000000000000000000e+00
7.030000000000000000e+02 2.753958538419911974e+02 2.000000000000000000e+00 0.000000000000000000e+00
7.040000000000000000e+02 2.763352903077068277e+02 1.000000000000000000e+00 0.000000000000000000e+00
7.050000000000000000e+02 2.743281919005396503e+02 2.000000000000000000e+00 0.000000000000000000e+00
7.060000000000000000e+02 2.748875751270024352e+02 0.000000000000000000e+00 0.000000000000000000e+00
7.070000000000000000e+02 2.735765963996637993e+02 2.000000000000000000e+00 0.000000000000000000e+00
7.080000000000000000e+02 2.745313921946938649e+02 0.000000000000000000e+00 0.000000000000000000e+00
7.090000000000000000e+02 2.760987830016121052e+02 0.000000000000000000e+00 0.000000000000000000e+00
7.100000000000000000e+02 2.766770933267655437e+02 0.000000000000000000e+00 0.000000000000000000e+00
7.110000000000000000e+02 2.784090538023638715e+02 0.000000000000000000e+00 0.000000000000000000e+00
7.120000000000000000e+02 2.793661972494434167e+02 0.000000000000000000e+00 0.000000000000000000e+00
7.130000000000000000e+02 2.775282693865520969e+02 2.000000000000000000e+00 0.000000000000000000e+00
7.140000000000000000e+02 2.792555672416639254e+02 0.000000000000000000e+00 0.000000000000000000e+00
7.150000000000000000e+02 2.809948411787127611e+02 0.000000000000000000e+00 0.000000000000000000e+00
7.160000000000000000e+02 2.808208302441236697e+02 0.000000000000000000e+00 0.000000000000000000e+00
7.170000000000000000e+02 2.820647252603338302e+02 0.000000000000000000e+00 0.000000000000000000e+00
7.180000000000000000e+02 2.829075200417176461e+02 0.000000000000000000e+00 0.000000000000000000e+00
7.190000000000000000e+02 2.832865737857269437e+02 1.000000000000000000e+00 0.000000000000000000e+00
7.200000000000000000e+02 2.848989766932954808e+02 0.000000000000000000e+00 0.000000000000000000e+00
7.210000000000000000e+02 2.843101201008612406e+02 0.000000000000000000e+00 0.000000000000000000e+00
7.220000000000000000e+02 2.844226544878911795e+02 1.000000000000000000e+00 0.000000000000000000e+00
7.230000000000000000e+02 2.852478027774968155e+02 0.000000000000000000e+00 0.000000000000000000e+00
7.240000000000000000e+02 2.862086782778530960e+02 1.000000000000000000e+00 0.000000000000000000e+00
7.250000000000000000e+02 2.875245150303576906e+02 0.000000000000000000e+00 0.000000000000000000e+00
7.260000000000000000e+02 2.883620748422349607e+02 0.000000000000000000e+00 0.000000000000000000e+00
7.270000000000000000e+02 2.867560304161292493e+02 2.000000000000000000e+00 0.000000000000000000e+00
7.280000000000000000e+02 2.884541200769800184e+02 0.000000000000000000e+00 0.000000000000000000e+00
7.290000000000000000e+02 2.879795680546707217e+02 1.000000000000000000e+00 0.000000000000000000e+00
7.300000000000000000e+02 2.880010924541748523e+02 1.000000000000000000e+00 0.000000000000000000e+00
7.310000000000000000e+02 2.888767505951011003e+02 0.000000000000000000e+00 0.000000000000000000e+00
7.320000000000000000e+02 2.888946876621521938e+02 1.000000000000000000e+00 0.000000000000000000e+00
7.330000000000000000e+02 2.875610835971020833e+02 2.000000000000000000e+00 0.000000000000000000e+00
7.340000000000000000e+02 2.886197778484819878e+02 0.000000000000000000e+00 0.000000000000000000e+00
7.350000000000000000e+02 2.899203176641956929e+02 0.000000000000000000e+00 0.000000000000000000e+00
7.360000000000000000e+02 2.896650318189613245e+02 1.000000000000000000e+00 0.000000000000000000e+00
7.370000000000000000e+02 2.913551480965911082e+02 0.000000000000000000e+00 0.000000000000000000e+00
7.380000000000000000e+02 2.913640366781359603e+02 0.000000000000000000e+00 0.000000000000000000e+00
7.390000000000000000e+02 2.933189138440932311e+02 0.000000000000000000e+00 0.000000000000000000e+00
7.400000000000000000e+02 2.931138101824389537e+02 0.000000000000000000e+00 0.000000000000000000e+00
7.410000000000000000e+02 2.931150841442971000e+02 2.000000000000000000e+00 0.000000000000000000e+00
7.420000000000000000e+02 2.924334106656876315e+02 2.000000000000000000e+00 0.000000000000000000e+00
7.430000000000000000e+02 2.914235066391950113e+02 1.000000000000000000e+00 0.000000000000000000e+00
7.440000000000000000e+02 2.928869687232376577e+02 0.000000000000000000e+00 0.000000000000000000e+00
7.450000000000000000e+02 2.927261867762475163e+02 0.000000000000000000e+00 0.000000000000000000e+00
7.460000000000000000e+02 2.950038306828955683e+02 0.000000000000000000e+00 0.000000000000000000e+00
7.470000000000000000e+02 2.958674630089372499e+02 0.000000000000000000e+00 0.000000000000000000e+00
7.480000000000000000e+02 2.963865096018333816e+02 0.000000000000000000e+00 0.000000000000000000e+00
7.490000000000000000e+02 2.974110623321260505e+02 0.000000000000000000e+00 0.000000000000000000e+00
7.500000000000000000e+02 2.989793744762818619e+02 0.000000000000000000e+00 0.000000000000000000e+00
7.510000000000000000e+02 2.981538968496465714e+02 2.000000000000000000e+00 0.000000000000000000e+00
7.520000000000000000e+02 2.972136460824125379e+02 2.000000000000000000e+00 0.000000000000000000e+00
7.530000000000000000e+02 2.967133071503412793e+02 0.000000000000000000e+00 0.000000000000000000e+00
7.540000000000000000e+02 2.980738950475335969e+02 1.000000000000000000e+00 0.000000000000000000e+00
7.550000000000000000e+02 2.974862743245760726e+02 0.000000000000000000e+00 0.000000000000000000e+00
7.560000000000000000e+02 3.005297059572291118e+02 0.000000000000000000e+00 0.000000000000000000e+00
7.570000000000000000e+02 2.992545606966262994e+02 2.000000000000000000e+00 0.000000000000000000e+00
7.580000000000000000e+02 3.005164362266069702e+02 0.000000000000000000e+00 0.000000000000000000e+00
7.590000000000000000e+02 3.000252432437452512e+02 1.000000000000000000e+00 0.000000000000000000e+00
7.600000000000000000e+02 2.987666529460519200e+02 2.000000000000000000e+00 0.000000000000000000e+00
7.610000000000000000e+02 2.991158540191109410e+02 1.000000000000000000e+00 0.000000000000000000e+00
7.620000000000000000e+02 2.983901232626795945e+02 2.000000000000000000e+00 0.000000000000000000e+00
7.630000000000000000e+02 2.985829179651136656e+02 0.000000000000000000e+00 0.000000000000000000e+00
7.640000000000000000e+02 2.994661642898126388e+02 1.000000000000000000e+00 0.000000000000000000e+00
7.650000000000000000e+02 2.999840753337436468e+02 0.000000000000000000e+00 0.000000000000000000e+00
7.660000000000000000e+02 3.015069498384488043e+02 0.000000000000000000e+00 0.000000000000000000e+00
7.670000000000000000e+02 3.021023266513109320e+02 0.000000000000000000e+00 0.000000000000000000e+00
7.680000000000000000e+02 3.029909204421617233e+02 0.000000000000000000e+00 0.000000000000000000e+00
7.690000000000000000e+02 3.015545622799091348e+02 2.000000000000000000e+00 0.000000000000000000e+00
7.700000000000000000e+02 3.031841085635463742e+02 0.000000000000000000e+00 0.000000000000000000e+00
7.710000000000000000e+02 3.046178005337706054e+02 0.000000000000000000e+00 0.000000000000000000e+00
7.720000000000000000e+02 3.051763348494520756e+02 0.000000000000000000e+00 0.000000000000000000e+00
7.730000000000000000e+02 3.041877129211275701e+02 2.000000000000000000e+00 0.000000000000000000e+00
7.740000000000000000e+02 3.039191994279133269e+02 1.000000000000000000e+00 0.000000000000000000e+00
7.750000000000000000e+02 3.025816958107185997e+02 2.000000000000000000e+00 0.000000000000000000e+00
7.760000000000000000e+02 3.021563350449333711e+02 2.000000000000000000e+00 0.000000000000000000e+00
7.770000000000000000e+02 3.026294060406306698e+02 0.000000000000000000e+00 0.000000000000000000e+00
7.780000000000000000e+02 3.018667158127933021e+02 2.000000000000000000e+00 0.000000000000000000e+00
7.790000000000000000e+02 3.028122236859546774e+02 1.000000000000000000e+00 0.000000000000000000e+00
7.800000000000000000e+02 3.029681140767183365e+02 0.000000000000000000e+00 0.000000000000000000e+00
7.810000000000000000e+02 3.031394924715357888e+02 1.000000000000000000e+00 0.000000000000000000e+00
7.820000000000000000e+02 3.042658366164202448e+02 0.000000000000000000e+00 0.000000000000000000e+00
7.830000000000000000e+02 3.048776253728367465e+02 0.000000000000000000e+00 0.000000000000000000e+00
7.840000000000000000e+02 3.038825960799862287e+02 2.000000000000000000e+00 0.000000000000000000e+00
7.850000000000000000e+02 3.030999553064997940e+02 1.000000000000000000e+00 0.000000000000000000e+00
7.860000000000000000e+02 3.043356306160019358e+02 0.000000000000000000e+00 0.000000000000000000e+00
7.870000000000000000e+02 3.050104836365097185e+02 1.000000000000000000e+00 0.000000000000000000e+00
7.880000000000000000e+02 3.060674316833216153e+02 0.000000000000000000e+00 0.000000000000000000e+00
7.890000000000000000e+02 3.072925874144276577e+02 0.000000000000000000e+00 0.000000000000000000e+00
7.900000000000000000e+02 3.050851520633472092e+02 2.000000000000000000e+00 0.000000000000000000e+00
7.910000000000000000e+02 3.060916572254395760e+02 0.000000000000000000e+00 0.000000000000000000e+00
7.920000000000000000e+02 3.074029232152971076e+02 0.000000000000000000e+00 0.000000000000000000e+00
7.930000000000000000e+02 3.077679970652737893e+02 1.000000000000000000e+00 0.000000000000000000e+00
7.940000000000000000e+02 3.079733301191490682e+02 1.000000000000000000e+00 0.000000000000000000e+00
7.950000000000000000e+02 3.086615921570592036e+02 0.000000000000000000e+00 0.000000000000000000e+00
7.960000000000000000e+02 3.098870057850433000e+02 0.000000000000000000e+00 0.000000000000000000e+00
7.970000000000000000e+02 3.111986355807394489e+02 0.000000000000000000e+00 0.000000000000000000e+00
7.980000000000000000e+02 3.122630006365380382e+02 0.000000000000000000e+00 0.000000000000000000e+00
7.990000000000000000e+02 3.115398428144111449e+02 2.000000000000000000e+00 0.000000000000000000e+00
8.000000000000000000e+02 3.107961138563412646e+02 1.000000000000000000e+00 0.000000000000000000e+00
